Test case: 
Description: 
	10 senders: persistent queues
	10 receivers: client acknowledge every 50 messages
Timestamp: 2011.11.1 21:19:58
Version: 
Setting up JMS benchmark connections... 

Start processing messages.
Thu Dec 01 21:19:58 EST 2011

  Seconds   Send   Send/Sec   Recv   Recv/Sec   RCV0   RCV1   RCV2   RCV3   RCV4   RCV5   RCV6   RCV7   RCV8   RCV9  SND10  SND11  SND12  SND13  SND14  SND15  SND16  SND17  SND18  SND19
  ------- -------- -------- -------- -------- ------ ------ ------ ------ ------ ------ ------ ------ ------ ------ ------ ------ ------ ------ ------ ------ ------ ------ ------ ------
    1.273        0     0.00        0     0.00      0      0      0      0      0      0      0      0      0      0      0      0      0      0      0      0      0      0      0      0
    6.273     1221   265.43     1201   261.09    118    118    118    122    121    120    120    121    122    121    124    122    121    120    122    123    121    122    124    122
   11.273     2946   286.35     2872   286.88    286    289    289    277    294    294    293    294    278    278    297    296    295    293    290    295    296    294    296    294
   16.273     4550   310.00     4545   306.37    458    459    460    456    450    450    450    450    457    455    456    454    452    449    462    454    452    454    465    452
   21.273     6399   321.00     6302   321.51    625    625    625    627    637    639    639    638    623    624    655    638    650    638    629    651    631    635    632    640
   26.273    12422   497.89    12248   494.23   1215   1215   1215   1213   1243   1250   1251   1242   1192   1212   1199   1245   1280   1240   1235   1280   1236   1238   1227   1242
   31.273    21046   704.97    20887   699.83   2080   2080   2079   2077   2104   2113   2116   2105   2056   2077   2061   2106   2143   2100   2100   2145   2093   2098   2095   2105
   36.273    29772   948.89    29632   947.92   2952   2952   2951   2952   2978   2990   2994   2981   2930   2952   2935   2974   3021   2968   2975   3020   2969   2964   2968   2978
   41.273    38787  1196.61    38836  1197.75   3873   3873   3872   3874   3899   3907   3913   3901   3850   3874   3853   3890   3847   3889   3896   3845   3890   3884   3893   3900
   46.273    47429  1433.50    47465  1431.93   4736   4736   4735   4735   4758   4773   4780   4763   4712   4737   4720   4753   4709   4759   4763   4710   4751   4747   4755   4762
   51.274    55514  1640.54    55544  1642.08   5545   5545   5545   5543   5565   5577   5583   5570   5524   5547   5530   5558   5524   5564   5573   5526   5556   5555   5563   5565
   56.273    62986  1681.11    63024  1690.64   6293   6293   6293   6290   6312   6326   6329   6318   6274   6296   6273   6306   6270   6312   6319   6271   6306   6304   6311   6314
   61.273    70665  1646.68    70686  1657.55   7059   7059   7059   7058   7078   7092   7097   7083   7040   7061   7046   7070   7043   7076   7089   7041   7076   7071   7076   7077
   66.273    78243  1608.71    78124  1617.20   7817   7819   7818   7819   7837   7774   7778   7842   7799   7821   7800   7829   7796   7834   7850   7801   7835   7830   7834   7834
   71.274    85745  1559.97    85701  1554.60   8571   8575   8573   8577   8594   8539   8540   8600   8554   8578   8553   8592   8554   8513   8608   8560   8593   8590   8591   8591
   76.273    93334  1527.52    93369  1519.87   9338   9341   9340   9344   9360   9308   9305   9368   9320   9345   9320   9360   9322   9282   9372   9328   9356   9356   9356   9282
   81.273   101135  1517.84   101119  1511.33  10120  10123  10124  10127  10142  10089  10087  10073  10104  10130  10097  10142  10099  10060  10152  10110  10136  10138  10142  10059
   86.273   108924  1523.52   108760  1521.81  10900  10903  10903  10830  10843  10869  10866  10851  10885  10910  10879  10921  10879  10836  10929  10890  10915  10917  10921  10837
   91.273   116342  1519.88   116406  1521.39  11662  11668  11668  11593  11606  11635  11631  11617  11651  11675  11643  11605  11642  11605  11696  11657  11600  11604  11687  11603
   96.273   123820  1521.81   124045  1527.79  12426  12432  12434  12359  12369  12398  12394  12379  12416  12438  12411  12366  12405  12369  12380  12420  12361  12368  12373  12367
  101.273   131542  1527.97   131611  1531.80  13202  13208  13210  13128  13140  13173  13166  13150  13107  13127  13185  13134  13181  13142  13149  13196  13132  13138  13145  13140
  106.273   139420  1538.32   139307  1536.04  13985  13909  13914  13915  13928  13955  13949  13937  13899  13916  13967  13920  13965  13929  13941  13978  13921  13931  13935  13933
  111.274   147009  1531.46   146829  1531.43  14667  14670  14675  14673  14687  14715  14708  14698  14659  14677  14725  14678  14725  14689  14701  14736  14682  14689  14693  14691
  116.273   154622  1525.64   154434  1527.58  15427  15432  15436  15433  15448  15477  15468  15455  15420  15438  15484  15439  15486  15453  15463  15495  15441  15453  15457  15451
  121.273   162094  1530.20   162056  1526.68  16190  16194  16198  16194  16210  16240  16231  16218  16181  16200  16171  16205  16176  16219  16225  16253  16199  16213  16219  16214
  126.273   169865  1539.73   169899  1533.22  16971  16974  16981  16979  16997  17027  17020  17002  16965  16983  16949  16991  16960  17003  17009  16960  16988  16997  17005  17003
  131.273   177642  1541.78   177660  1540.03  17750  17752  17758  17753  17772  17800  17794  17778  17742  17761  17725  17767  17741  17777  17789  17743  17765  17775  17783  17777
  136.273   185270  1533.49   185290  1535.40  18512  18516  18522  18517  18536  18562  18555  18541  18505  18524  18487  18532  18503  18542  18552  18504  18530  18536  18547  18537
  141.273   192910  1535.19   192841  1536.43  19274  19279  19286  19279  19299  19249  19319  19302  19268  19286  19254  19293  19264  19308  19316  19268  19298  19301  19309  19299
  146.273   200691  1530.70   200639  1540.20  20052  20059  20065  20058  20078  20030  20099  20085  20048  20065  20031  20069  20044  20085  20094  20048  20075  20080  20087  20078
  151.273   208462  1537.50   208330  1539.61  20830  20837  20843  20835  20854  20805  20797  20860  20826  20843  20805  20851  20819  20856  20872  20823  20856  20859  20866  20855
  156.273   216072  1535.17   216016  1532.18  21599  21604  21609  21603  21624  21573  21569  21632  21593  21610  21574  21620  21587  21549  21642  21591  21627  21622  21635  21625
  161.273   223646  1530.07   223677  1525.13  22364  22372  22375  22371  22389  22336  22333  22397  22363  22377  22338  22386  22351  22313  22413  22349  22394  22390  22406  22306
  166.273   231451  1536.17   231413  1528.93  23146  23153  23155  23153  23171  23118  23115  23100  23143  23159  23121  23167  23130  23095  23195  23129  23173  23171  23185  23085
  171.273   239297  1542.65   239249  1537.89  23929  23940  23940  23935  23954  23899  23899  23882  23927  23944  23904  23953  23915  23879  23977  23913  23955  23961  23970  23870
  176.273   246946  1531.51   246816  1534.06  24694  24702  24703  24698  24641  24665  24665  24650  24691  24707  24674  24713  24682  24642  24740  24677  24720  24723  24733  24642
  181.273   254427  1527.05   254464  1532.79  25471  25478  25479  25385  25406  25436  25437  25416  25470  25486  25449  25399  25457  25411  25428  25453  25407  25498  25513  25412
  186.273   262311  1544.01   262322  1546.16  26268  26275  26277  26194  26215  26240  26239  26222  26189  26203  26252  26211  26258  26217  26237  26256  26216  26217  26230  26217
  191.273   270370  1560.23   270305  1559.46  27074  27083  27006  27000  27021  27045  27044  27028  26995  27009  27057  27016  27064  27024  27041  27066  27022  27021  27037  27022
  196.273   278373  1566.74   278239  1566.11  27876  27805  27807  27800  27823  27849  27845  27828  27793  27813  27857  27818  27865  27822  27840  27867  27825  27820  27840  27819
  201.273   286317  1565.37   286176  1565.23  28675  28597  28598  28589  28617  28648  28642  28620  28584  28606  28658  28610  28667  28620  28632  28663  28619  28610  28628  28610
  206.273   293978  1570.47   293843  1573.09  29363  29375  29378  29367  29393  29415  29412  29395  29362  29383  29425  29390  29354  29390  29411  29430  29398  29390  29407  29383
  211.273   301916  1588.49   301881  1586.17  30167  30180  30182  30173  30197  30220  30214  30198  30165  30185  30145  30195  30154  30189  30212  30233  30202  30191  30212  30183
  216.273   309874  1591.14   309904  1591.68  30969  30983  30984  30976  30998  31023  31016  31001  30966  30988  30949  31000  30955  30993  31012  30960  31008  30996  31017  30984
  221.273   317901  1589.80   317939  1590.60  31772  31785  31787  31779  31801  31829  31822  31804  31769  31791  31751  31803  31756  31796  31816  31762  31815  31803  31819  31780
  226.273   325602  1578.81   325640  1578.64  32537  32552  32553  32548  32573  32605  32598  32577  32539  32558  32513  32572  32526  32576  32587  32527  32589  32572  32589  32551
  231.273   333541  1577.05   333496  1577.79  33335  33349  33350  33343  33364  33315  33387  33368  33333  33352  33313  33364  33328  33364  33383  33324  33381  33365  33381  33338
  236.273   341493  1583.99   341443  1589.53  34137  34151  34152  34148  34168  34117  34109  34171  34136  34154  34115  34167  34127  34082  34188  34129  34187  34170  34183  34145
  241.274   349564  1583.68   349518  1580.66  34944  34960  34960  34954  34974  34923  34917  34981  34943  34962  34921  34972  34933  34888  34997  34938  34997  34976  34987  34955
  246.273   357575  1582.28   357538  1576.98  35744  35763  35762  35755  35781  35717  35713  35788  35748  35767  35722  35773  35731  35680  35802  35739  35804  35776  35788  35760
  251.273   365216  1574.66   365267  1569.80  36518  36537  36535  36527  36549  36497  36493  36552  36519  36540  36498  36541  36504  36461  36573  36513  36570  36546  36562  36448
  256.273   373309  1587.87   373282  1583.14  37328  37347  37344  37336  37357  37306  37300  37285  37329  37350  37304  37350  37317  37267  37387  37324  37378  37353  37368  37261
  261.273   381243  1585.34   381232  1586.34  38130  38150  38149  38137  38083  38110  38104  38087  38131  38151  38106  38153  38118  38067  38187  38121  38104  38154  38170  38063
  266.273   389294  1584.46   389290  1588.86  38935  38958  38954  38945  38884  38916  38910  38889  38939  38960  38913  38964  38924  38873  38989  38925  38904  38961  38976  38865
  271.273   396813  1571.07   396631  1575.20  39704  39642  39728  39629  39648  39685  39674  39652  39624  39645  39687  39648  39693  39639  39759  39694  39669  39646  39753  39625
  276.273   404685  1570.70   404528  1571.78  40497  40441  40439  40429  40450  40481  40470  40452  40424  40445  40480  40446  40488  40442  40467  40482  40470  40444  40541  40425
  281.273   412690  1585.20   412596  1582.99  41304  41248  41246  41236  41253  41290  41278  41257  41231  41253  41288  41251  41295  41250  41272  41298  41276  41250  41275  41235
  286.273   420740  1583.98   420647  1581.66  42111  42052  42050  42041  42057  42097  42084  42062  42036  42057  42096  42058  42099  42050  42076  42100  42080  42055  42082  42044
  291.273   428526  1573.99   428422  1574.19  42898  42827  42823  42817  42833  42878  42862  42839  42812  42833  42884  42828  42886  42829  42853  42886  42854  42828  42853  42825
  296.273   436266  1571.04   436248  1570.70  43602  43622  43617  43610  43625  43661  43649  43632  43604  43626  43669  43622  43590  43618  43645  43589  43645  43625  43648  43615
  301.273   444265  1587.28   444313  1595.00  44409  44429  44426  44415  44432  44467  44455  44438  44410  44432  44395  44430  44399  44423  44454  44397  44454  44436  44457  44420
  306.273   451942  1580.89   451984  1587.37  45177  45196  45194  45182  45198  45237  45222  45203  45177  45198  45165  45196  45167  45192  45223  45166  45221  45201  45225  45186
  311.273   459739  1573.56   459720  1578.76  45958  45979  45974  45963  45980  45939  46001  45986  45958  45982  45946  45975  45950  45971  46004  45943  46002  45978  46002  45968
  316.273   467588  1566.91   467559  1569.06  46744  46763  46756  46746  46763  46725  46789  46769  46741  46763  46735  46754  46738  46759  46788  46728  46781  46759  46790  46756
  321.273   475189  1555.54   475149  1557.79  47501  47522  47515  47505  47521  47486  47548  47530  47499  47522  47494  47515  47499  47517  47550  47487  47544  47522  47547  47514
  326.273   483185  1561.61   483072  1553.46  48301  48322  48317  48305  48320  48285  48270  48329  48300  48323  48293  48314  48299  48317  48346  48289  48344  48319  48348  48316
  331.274   490785  1548.11   490751  1540.09  49068  49092  49084  49075  49089  49050  49038  49096  49068  49091  49058  49078  49067  49003  49116  49056  49114  49090  49119  49084
  336.273   498488  1544.77   498463  1539.70  49840  49864  49855  49848  49864  49816  49801  49869  49843  49863  49828  49850  49837  49763  49888  49828  49889  49860  49887  49858
  341.273   506464  1552.72   506520  1552.65  50648  50667  50660  50651  50668  50628  50616  50670  50646  50666  50632  50655  50647  50578  50690  50638  50695  50663  50689  50577
  346.273   514094  1542.74   514166  1543.27  51411  51432  51424  51416  51432  51393  51381  51435  51411  51431  51392  51417  51409  51340  51454  51402  51459  51425  51456  51340
  351.274   521925  1547.52   521986  1551.01  52194  52214  52206  52198  52214  52175  52162  52217  52193  52213  52177  52200  52192  52122  52240  52185  52237  52211  52238  52123
  356.273   529635  1543.12   529776  1548.76  52980  53000  52994  52985  53000  52962  52949  52927  52980  52999  52964  52988  52978  52912  53026  52978  52943  52918  53019  52909
  361.273   537144  1544.95   537033  1545.15  53748  53685  53760  53670  53685  53727  53715  53693  53664  53686  53726  53681  53745  53680  53709  53746  53711  53686  53787  53673
  366.273   545186  1556.73   545008  1556.76  54550  54491  54485  54475  54491  54534  54522  54500  54469  54491  54530  54487  54544  54484  54516  54550  54517  54493  54589  54476
  371.273   552772  1546.07   552667  1543.29  55319  55257  55250  55240  55257  55300  55288  55265  55234  55257  55295  55251  55312  55248  55285  55318  55282  55258  55279  55244
  376.273   560357  1549.30   560433  1543.49  56102  56033  56021  56015  56030  56081  56067  56042  56008  56034  56084  56027  56004  56020  56058  56011  56053  56029  56051  56020
  381.273   568323  1554.31   568308  1549.31  56808  56831  56820  56812  56829  56869  56858  56839  56810  56832  56874  56824  56803  56813  56856  56812  56850  56828  56848  56815
  386.273   575874  1549.18   575950  1544.38  57573  57595  57585  57576  57593  57635  57621  57602  57574  57596  57556  57586  57568  57574  57619  57577  57612  57592  57614  57576
  391.273   583946  1568.02   584030  1571.85  58380  58401  58392  58384  58400  58445  58430  58412  58383  58403  58365  58390  58373  58385  58423  58384  58421  58400  58420  58385
  396.273   591995  1565.67   592004  1574.43  59185  59206  59198  59188  59203  59172  59237  59218  59188  59209  59170  59196  59179  59189  59227  59187  59227  59208  59224  59188
  401.273   599943  1576.97   599956  1580.86  59977  60001  59994  59984  60000  59961  60037  60017  59982  60003  59961  59990  59970  59988  60023  59980  60025  60003  60020  59983
  406.273   607637  1578.87   607651  1579.24  60750  60770  60764  60752  60769  60737  60801  60785  60751  60772  60739  60760  60739  60752  60787  60750  60793  60772  60794  60751
  411.273   615735  1580.50   615658  1575.81  61557  61580  61574  61560  61579  61542  61530  61593  61563  61580  61549  61567  61551  61561  61598  61559  61603  61583  61604  61560
  416.273   623824  1593.68   623732  1585.39  62364  62386  62383  62367  62387  62349  62339  62399  62371  62387  62357  62374  62360  62368  62409  62367  62411  62396  62410  62372
  421.273   631781  1591.61   631763  1582.85  63167  63190  63186  63170  63190  63150  63141  63202  63177  63190  63156  63177  63165  63094  63214  63172  63215  63199  63215  63174
  426.273   639512  1576.73   639487  1572.64  63938  63965  63959  63944  63964  63917  63903  63980  63954  63963  63927  63954  63935  63861  63985  63945  63988  63975  63991  63951
  431.274   647402  1577.21   647372  1575.97  64737  64758  64754  64738  64757  64719  64709  64696  64748  64756  64728  64751  64729  64665  64778  64740  64782  64769  64790  64670
  436.273   655508  1591.24   655410  1590.07  65548  65569  65567  65550  65569  65530  65520  65506  65482  65569  65542  65561  65541  65474  65588  65550  65594  65579  65595  65484
  441.273   663479  1584.62   663460  1588.91  66352  66375  66371  66353  66377  66335  66325  66311  66287  66374  66349  66366  66349  66280  66390  66357  66396  66308  66398  66286
  446.273   671342  1573.11   671037  1578.24  67139  67073  67160  67144  67075  67116  67103  67090  67064  67073  67136  67155  67134  67058  67180  67154  67187  67087  67186  67065
  451.273   679103  1572.55   678836  1574.50  67919  67866  67862  67923  67868  67904  67892  67882  67855  67865  67919  67936  67918  67846  67960  67935  67885  67883  67965  67856
  456.274   687088  1583.59   686799  1582.58  68723  68670  68665  68649  68672  68710  68696  68686  68659  68669  68727  68663  68726  68649  68770  68740  68692  68693  68769  68659
  461.273   694894  1588.68   694835  1587.70  69527  69473  69469  69454  69477  69514  69498  69489  69462  69472  69532  69469  69526  69451  69499  69465  69496  69495  69497  69464
  466.273   702952  1586.83   702888  1587.97  70331  70279  70274  70259  70282  70320  70303  70293  70269  70278  70338  70276  70334  70261  70307  70269  70295  70299  70303  70270
  471.273   710641  1576.52   710575  1572.20  71106  71044  71040  71024  71049  71097  71076  71059  71036  71044  71116  71044  71106  71029  71076  71033  71059  71069  71068  71041
  476.273   718571  1579.73   718569  1587.28  71900  71846  71843  71826  71850  71890  71872  71859  71836  71847  71833  71846  71900  71822  71883  71840  71859  71870  71878  71840
  481.273   726545  1589.53   726548  1595.87  72627  72650  72650  72633  72656  72697  72677  72664  72642  72652  72640  72651  72625  72626  72686  72645  72661  72678  72688  72645
  486.273   734540  1589.89   734450  1593.98  73423  73449  73449  73429  73454  73418  73476  73463  73439  73450  73441  73452  73425  73428  73482  73449  73459  73478  73482  73444
  491.273   742327  1585.49   742236  1581.36  74197  74227  74227  74206  74233  74193  74259  74245  74221  74228  74219  74232  74205  74211  74258  74220  74239  74257  74257  74229
  496.273   750229  1581.31   750136  1577.75  74991  75016  75017  74998  75021  74989  75045  75035  75006  75018  75011  75019  75003  74996  75045  75014  75030  75050  75045  75016
  501.273   758279  1588.32   758123  1585.27  75797  75822  75823  75804  75828  75795  75776  75841  75812  75825  75815  75822  75808  75799  75850  75817  75837  75860  75852  75819
  506.273   766309  1589.01   766141  1578.51  76598  76626  76626  76607  76629  76597  76577  76641  76614  76626  76613  76625  76611  76602  76653  76622  76641  76665  76657  76620
  511.273   774156  1585.34   774073  1573.19  77385  77421  77419  77405  77425  77387  77361  77437  77411  77422  77401  77424  77400  77309  77443  77417  77436  77462  77449  77415
  516.273   781921  1571.97   781828  1571.93  78165  78195  78193  78179  78198  78165  78147  78207  78183  78196  78177  78198  78173  78095  78221  78198  78207  78242  78224  78186
  521.273   789906  1581.21   789895  1581.28  78971  79001  79000  78985  79005  78972  78952  79014  78993  79002  78980  79007  78979  78903  79027  79002  79007  79050  79032  78919
  526.273   797937  1585.62   797778  1586.19  79774  79804  79803  79788  79808  79779  79757  79740  79719  79806  79783  79812  79782  79705  79833  79806  79809  79850  79837  79720
  531.273   805927  1579.77   805762  1582.45  80575  80603  80602  80587  80608  80579  80555  80533  80513  80607  80582  80613  80581  80501  80632  80606  80607  80650  80636  80519
  536.273   813418  1564.62   813258  1570.09  81337  81371  81371  81357  81293  81343  81315  81299  81280  81292  81348  81301  81345  81259  81396  81372  81376  81332  81406  81283
  541.273   821379  1572.08   821052  1571.38  82139  82093  82093  82079  82098  82144  82121  82102  82085  82098  82155  82113  82148  82065  82194  82172  82094  82138  82209  82091
  546.273   829458  1582.47   829127  1582.10  82945  82900  82900  82888  82904  82950  82931  82910  82893  82906  82964  82922  82958  82873  83001  82978  82902  82947  83019  82894
  551.273   837312  1585.74   837197  1582.28  83752  83706  83705  83696  83711  83757  83738  83717  83701  83714  83769  83735  83768  83681  83732  83708  83708  83754  83750  83707
  556.273   845118  1577.13   845025  1576.40  84540  84484  84483  84479  84489  84547  84525  84500  84482  84496  84556  84520  84558  84463  84513  84481  84484  84534  84524  84485
  561.273   852855  1572.25   852821  1571.68  85315  85267  85266  85260  85270  85321  85300  85280  85264  85278  85334  85303  85255  85246  85297  85264  85266  85314  85309  85267
  566.273   860957  1592.68   860920  1591.74  86125  86078  86078  86069  86080  86133  86110  86087  86073  86087  86148  86116  86062  86054  86108  86073  86076  86125  86118  86077
  571.273   868982  1594.95   868952  1602.30  86936  86890  86890  86879  86891  86865  86923  86898  86883  86897  86883  86927  86876  86862  86918  86883  86886  86936  86929  86882
  576.273   876972  1591.31   876966  1599.09  87744  87687  87689  87681  87689  87659  87731  87700  87686  87700  87674  87729  87674  87667  87717  87683  87681  87738  87726  87683
  581.273   884686  1584.38   884590  1585.05  88431  88459  88460  88450  88460  88436  88498  88470  88457  88469  88452  88496  88448  88438  88489  88461  88451  88502  88496  88453
  586.273   892725  1589.89   892623  1587.07  89234  89263  89264  89253  89264  89241  89297  89274  89260  89273  89252  89301  89252  89239  89294  89262  89256  89308  89306  89255
  591.273   900843  1600.00   900670  1595.34  90045  90077  90077  90066  90075  90053  90033  90086  90073  90085  90058  90116  90063  90050  90108  90069  90068  90123  90119  90069
  596.273   908888  1597.82   908717  1587.79  90850  90882  90882  90872  90880  90856  90838  90890  90877  90890  90860  90923  90868  90858  90910  90873  90869  90928  90925  90874
  601.273   916662  1581.98   916460  1573.36  91620  91655  91657  91649  91654  91628  91605  91668  91654  91670  91631  91701  91645  91640  91687  91650  91645  91708  91702  91653
  606.273   924524  1577.62   924398  1573.69  92419  92450  92450  92440  92449  92427  92407  92456  92442  92458  92431  92486  92440  92352  92485  92445  92442  92502  92498  92443
  611.273   932089  1572.99   931900  1572.48  93178  93206  93205  93198  93205  93184  93164  93213  93130  93217  93186  93247  93195  93110  93238  93203  93195  93260  93255  93200
  616.273   939870  1559.15   939669  1561.50  93953  93985  93984  93978  93983  93960  93939  93991  93902  93994  93964  94024  93971  93883  94017  93985  93974  94037  94035  93980
  621.273   947271  1545.03   947147  1549.33  94717  94746  94745  94664  94744  94722  94704  94752  94670  94683  94732  94709  94733  94652  94780  94745  94737  94720  94796  94667
  626.273   954906  1531.64   954711  1533.36  95481  95507  95507  95430  95507  95486  95469  95443  95434  95447  95496  95470  95496  95413  95543  95510  95500  95485  95556  95437
  631.273   962518  1523.61   962322  1526.29  96243  96270  96268  96191  96269  96246  96233  96202  96195  96205  96257  96230  96254  96173  96306  96272  96263  96242  96323  96198
  636.273   969951  1516.71   969744  1516.58  97007  96959  96958  96956  96957  97013  96997  96967  96960  96970  97023  96999  97018  96941  97073  96962  96952  97004  97013  96966
  641.273   977594  1519.26   977385  1518.79  97769  97724  97723  97721  97722  97777  97758  97732  97723  97736  97785  97764  97783  97710  97838  97724  97716  97770  97776  97728
  646.273   985307  1519.51   985186  1519.35  98550  98503  98504  98501  98501  98556  98541  98510  98502  98518  98566  98540  98564  98489  98543  98502  98495  98546  98555  98507
  651.273   992847  1524.36   992733  1522.15  99304  99258  99259  99256  99257  99308  99295  99265  99259  99272  99317  99299  99319  99239  99295  99256  99250  99300  99310  99262
  656.273  1000561  1526.51  1000524  1529.16 100084 100037 100038 100035 100036 100088 100076 100044 100037 100049 100099 100078 100020 100018 100075 100033 100029 100079 100087 100043
  661.273  1008445  1535.91  1008333  1536.17 100872 100825 100826 100824 100825 100801 100864 100833 100826 100837 100887 100861 100813 100813 100864 100821 100818 100865 100875 100828
  666.273  1016027  1543.74  1015909  1541.60 101560 101589 101591 101589 101591 101569 101629 101598 101590 101603 101580 101624 101576 101579 101631 101588 101585 101632 101639 101593
  671.273  1023619  1539.50  1023417  1537.21 102320 102347 102349 102347 102349 102329 102311 102358 102347 102360 102338 102382 102337 102341 102391 102348 102342 102388 102398 102354
  676.273  1031241  1531.34  1031042  1528.69 103083 103110 103111 103109 103111 103092 103073 103120 103110 103123 103103 103144 103101 103106 103153 103109 103104 103150 103157 103114
  681.273  1038884  1534.58  1038692  1531.90 103846 103874 103876 103875 103876 103856 103837 103887 103876 103889 103866 103907 103865 103871 103917 103874 103868 103916 103922 103878
  686.273  1046588  1531.81  1046457  1523.62 104622 104651 104653 104651 104652 104636 104612 104661 104654 104665 104646 104684 104645 104574 104699 104652 104640 104692 104701 104655
  691.273  1054465  1528.66  1054330  1525.54 105410 105439 105442 105436 105439 105423 105401 105450 105438 105452 105433 105472 105427 105363 105487 105440 105427 105484 105489 105443
  696.273  1062081  1527.52  1061865  1526.85 106171 106200 106202 106197 106200 106184 106162 106210 106126 106213 106192 106236 106190 106121 106250 106201 106191 106248 106250 106202
  701.274  1069716  1526.41  1069508  1531.24 106934 106964 106967 106964 106964 106949 106927 106974 106886 106979 106953 107001 106955 106886 107013 106962 106953 107012 107011 106970
  706.273  1077431  1532.06  1077132  1533.88 107710 107742 107745 107666 107741 107727 107704 107750 107666 107681 107728 107704 107735 107667 107795 107740 107731 107791 107791 107749
  711.273  1085111  1538.61  1084958  1539.88 108494 108526 108527 108448 108522 108508 108488 108533 108450 108462 108515 108484 108524 108449 108575 108517 108511 108495 108579 108462
  716.273  1092734  1535.57  1092517  1535.20 109257 109290 109292 109211 109287 109270 109251 109219 109214 109226 109281 109245 109284 109214 109334 109277 109272 109263 109340 109224
  721.273  1100208  1524.68  1099996  1527.27 110020 109976 109977 109973 110049 110035 110014 109984 109979 109989 110045 110006 110046 109977 110097 110042 109958 110029 110023 109985
  726.273  1107909  1525.69  1107605  1525.96 110794 110741 110740 110739 110738 110809 110790 110748 110748 110758 110817 110771 110823 110748 110875 110821 110718 110794 110790 110752
  731.274  1115677  1533.11  1115484  1533.57 111582 111528 111527 111528 111526 111597 111576 111534 111537 111549 111604 111556 111612 111537 111568 111601 111502 111580 111575 111542
  736.273  1123243  1532.21  1123205  1538.39 112350 112306 112304 112301 112302 112360 112344 112309 112308 112321 112366 112330 112298 112313 112347 112289 112277 112356 112351 112316
  741.273  1130885  1531.01  1130773  1532.38 113114 113070 113069 113065 113066 113050 113107 113073 113073 113086 113128 113099 113060 113078 113110 113051 113042 113121 113114 113082
  746.273  1138564  1532.87  1138430  1533.17 113880 113835 113836 113831 113832 113816 113872 113839 113839 113850 113898 113866 113826 113846 113879 113819 113809 113889 113884 113848
  751.273  1146284  1543.66  1146234  1543.99 114659 114613 114615 114613 114611 114598 114653 114618 114622 114632 114607 114648 114605 114624 114658 114595 114586 114668 114665 114628
  756.273  1154117  1548.02  1153995  1549.09 115367 115397 115400 115396 115395 115382 115438 115402 115404 115414 115391 115431 115390 115406 115443 115378 115367 115449 115450 115412
  761.273  1161725  1542.74  1161524  1537.47 116130 116156 116159 116157 116154 116143 116125 116162 116163 116175 116158 116191 116149 116167 116202 116136 116126 116212 116214 116170
  766.273  1169412  1538.59  1169210  1535.84 116898 116924 116930 116927 116922 116910 116891 116933 116930 116945 116928 116960 116916 116933 116968 116905 116897 116981 116984 116940
  771.273  1177166  1545.54  1177041  1539.93 117680 117709 117712 117709 117703 117694 117675 117716 117714 117729 117711 117740 117701 117641 117750 117691 117678 117767 117765 117722
  776.273  1184966  1544.01  1184853  1542.43 118460 118490 118494 118489 118483 118474 118457 118499 118495 118512 118486 118520 118481 118420 118533 118473 118458 118544 118545 118506
  781.274  1192551  1539.90  1192368  1535.44 119220 119248 119252 119249 119241 119236 119217 119258 119177 119270 119243 119279 119244 119179 119293 119233 119213 119299 119305 119263
  786.273  1200154  1527.11  1199906  1527.99 119981 120009 120014 120011 120002 119997 119980 120019 119936 119957 120002 120039 120007 119937 120054 119994 119972 120060 120066 120023
  791.273  1208008  1532.53  1207694  1536.39 120768 120795 120801 120721 120788 120783 120765 120807 120722 120744 120788 120824 120796 120720 120838 120779 120759 120847 120849 120808
  796.273  1215810  1536.42  1215417  1540.25 121548 121576 121581 121500 121568 121563 121545 121510 121501 121525 121570 121604 121574 121498 121619 121556 121538 121628 121632 121591
  801.273  1223218  1532.79  1223059  1534.06 122312 122340 122344 122265 122333 122327 122307 122275 122267 122289 122335 122290 122339 122266 122386 122319 122296 122316 122395 122276
  806.273  1230743  1523.29  1230587  1521.91 123073 123100 123027 123023 123095 123089 123068 123034 123029 123049 123097 123047 123100 123028 123143 123079 122979 123078 123159 123033
  811.273  1238596  1532.50  1238359  1533.21 123857 123809 123811 123808 123881 123875 123852 123818 123814 123834 123885 123832 123883 123815 123930 123864 123765 123863 123942 123817
  816.273  1246257  1539.25  1246024  1542.30 124640 124591 124592 124589 124586 124581 124635 124600 124595 124615 124667 124613 124668 124593 124631 124647 124547 124645 124647 124599
  821.273  1253784  1531.01  1253625  1536.11 125400 125352 125353 125347 125345 125341 125397 125359 125356 125375 125428 125374 125353 125350 125396 125407 125303 125405 125407 125361
  826.273  1261763  1536.93  1261676  1547.23 126203 126159 126159 126151 126150 126148 126201 126164 126161 126180 126229 126180 126158 126161 126200 126137 126108 126213 126213 126164
  831.273  1269636  1551.61  1269578  1554.87 127001 126948 126948 126940 126935 126933 126999 126952 126952 126970 127027 126968 126939 126954 126985 126919 126897 127001 126994 126952
  836.273  1277336  1560.97  1277320  1558.22 127766 127725 127725 127718 127712 127711 127764 127729 127725 127745 127720 127746 127722 127730 127763 127702 127672 127777 127774 127730
  841.273  1285414  1568.58  1285247  1568.44 128500 128533 128534 128525 128519 128519 128497 128537 128532 128551 128528 128553 128526 128540 128571 128513 128481 128584 128583 128535
  846.273  1293438  1580.70  1293271  1580.37 129300 129337 129338 129325 129322 129322 129299 129339 129334 129355 129328 129355 129332 129347 129374 129316 129280 129386 129385 129335
  851.273  1301433  1592.82  1301284  1587.08 130095 130140 130141 130131 130122 130121 130097 130143 130137 130157 130123 130155 130125 130154 130169 130113 130082 130186 130186 130140
  856.273  1317489  1845.81  1317135  1812.68 131610 131736 131736 131735 131686 131694 131628 131746 131770 131794 131694 131765 131695 131819 131770 131700 131684 131797 131781 131784
  861.273  1330767  2041.28  1330236  2020.24 132996 133036 133031 133024 133015 133017 132999 133036 133032 133050 133068 133073 133039 133082 133117 133053 133035 133110 133122 133068
  866.273  1338685  2048.49  1338221  2028.22 133794 133835 133831 133822 133812 133817 133796 133834 133831 133849 133869 133874 133840 133804 133915 133854 133838 133907 133919 133865
  871.274  1346570  2035.34  1345944  2022.92 134583 134622 134618 134611 134600 134604 134584 134622 134541 134559 134660 134660 134629 134588 134706 134645 134624 134691 134709 134658
  876.273  1354178  2020.77  1353551  2007.72 135343 135382 135378 135370 135362 135365 135344 135379 135305 135323 135422 135417 135389 135351 135467 135405 135385 135457 135467 135418
  881.273  1362078  2015.30  1361450  2004.03 136134 136171 136167 136161 136153 136154 136135 136169 136094 136112 136212 136206 136180 136144 136257 136196 136174 136245 136257 136207
  886.273  1369782  1734.50  1369095  1730.87 136905 136942 136939 136858 136926 136927 136907 136940 136867 136884 136976 136976 136954 136917 137029 136965 136945 137016 137029 136975
  891.273  1377204  1540.47  1376378  1540.81 137656 137617 137614 137611 137676 137680 137658 137615 137618 137633 137727 137725 137705 137663 137777 137713 137695 137692 137782 137725
  896.274  1384575  1524.77  1383904  1522.92 138411 138369 138366 138363 138429 138433 138413 138366 138369 138385 138480 138402 138455 138415 138529 138467 138449 138442 138534 138402
  901.273  1391936  1512.37  1391433  1516.46 139164 139123 139119 139115 139181 139185 139167 139119 139122 139138 139234 139152 139204 139164 139278 139219 139125 139196 139211 139153
  906.273  1399495  1510.55  1398838  1514.68 139920 139880 139873 139871 139861 139863 139924 139874 139878 139894 139989 139908 139960 139921 140033 139975 139879 139951 139969 139910
  911.273  1406897  1498.89  1406393  1503.05 140675 140636 140629 140626 140617 140619 140679 140629 140634 140649 140747 140664 140638 140678 140711 140730 140631 140707 140724 140667
  916.273  1414600  1501.48  1414166  1507.48 141452 141412 141405 141403 141397 141397 141455 141406 141412 141427 141524 141438 141419 141459 141489 141431 141413 141481 141501 141445
  921.273  1422129  1502.52  1421700  1513.36 142206 142165 142158 142156 142151 142151 142209 142159 142165 142180 142275 142193 142171 142212 142244 142184 142166 142232 142254 142198
  926.273  1429856  1514.28  1429357  1517.43 142980 142939 142931 142932 142922 142922 142906 142931 142939 142955 143052 142966 142942 142985 143015 142955 142937 143002 143027 142975
  931.273  1437496  1526.34  1437003  1524.03 143675 143710 143703 143703 143696 143697 143678 143703 143711 143727 143749 143734 143714 143755 143787 143730 143711 143774 143795 143747
  936.273  1445039  1525.74  1444540  1525.94 144428 144464 144457 144456 144449 144451 144431 144458 144466 144480 144503 144489 144469 144509 144537 144487 144464 144529 144552 144500
  941.273  1452904  1540.82  1452411  1532.30 145207 145253 145246 145245 145237 145238 145210 145247 145258 145270 145284 145274 145255 145303 145319 145270 145255 145316 145337 145291
  946.273  1460504  1531.29  1459983  1524.38 145978 146007 146005 145994 146000 146003 145980 146005 145999 146012 146056 146028 146023 146042 146081 146038 146015 146080 146096 146045
  951.273  1467867  1521.91  1467382  1517.75 146718 146754 146752 146750 146741 146745 146720 146752 146682 146768 146797 146778 146761 146724 146818 146777 146754 146831 146836 146791
  956.273  1475732  1526.44  1475249  1522.08 147504 147542 147540 147536 147527 147531 147504 147540 147471 147554 147582 147566 147546 147504 147605 147566 147538 147621 147623 147581
  961.273  1483305  1519.33  1482745  1519.77 148261 148300 148298 148291 148284 148288 148261 148298 148228 148236 148342 148323 148304 148262 148360 148324 148292 148378 148381 148339
  966.274  1491053  1523.99  1490423  1527.05 149039 149074 149074 148990 149058 149064 149039 149074 149003 149008 149120 149102 149074 149034 149136 149098 149067 149150 149155 149117
  971.273  1498758  1520.84  1498203  1523.99 149815 149853 149852 149768 149838 149844 149815 149851 149779 149788 149895 149803 149849 149815 149919 149877 149848 149926 149933 149893
  976.273  1506260  1520.10  1505550  1524.03 150573 150534 150536 150526 150595 150600 150573 150534 150535 150544 150655 150562 150611 150571 150679 150634 150606 150680 150686 150576
  981.273  1513949  1531.44  1513246  1531.64 151349 151312 151314 151303 151368 151304 151349 151313 151313 151321 151432 151336 151386 151349 151456 151410 151381 151382 151466 151351
  986.273  1521640  1527.89  1521019  1528.22 152128 152088 152091 152079 152148 152082 152128 152089 152088 152098 152209 152108 152165 152128 152231 152191 152157 152158 152168 152125
  991.273  1529108  1526.69  1528486  1529.71 152882 152843 152845 152832 152828 152836 152882 152843 152842 152853 152962 152862 152920 152886 152986 152947 152834 152911 152919 152881
  996.273  1536928  1534.28  1536457  1539.68 153677 153641 153642 153630 153625 153633 153678 153641 153639 153651 153757 153661 153640 153681 153708 153746 153629 153706 153719 153681
 1001.273  1544800  1542.48  1544410  1545.47 154473 154435 154438 154424 154419 154428 154474 154436 154434 154449 154551 154458 154435 154477 154500 154462 154425 154502 154515 154475
 1006.273  1552462  1544.33  1552090  1552.52 155248 155201 155204 155190 155184 155191 155248 155200 155205 155219 155324 155221 155199 155248 155265 155224 155190 155267 155281 155243
 1011.273  1560365  1552.64  1559965  1557.60 156029 155992 155993 155980 155976 155981 156029 155991 155990 156004 156103 156012 155992 156034 156060 156018 155981 156059 156074 156032
 1016.273  1568238  1561.21  1567748  1563.05 156747 156785 156786 156773 156772 156775 156747 156783 156782 156798 156826 156809 156787 156825 156856 156814 156775 156852 156871 156823
 1021.273  1576180  1577.08  1575716  1577.15 157544 157581 157582 157571 157569 157572 157544 157580 157578 157595 157620 157602 157583 157619 157652 157608 157567 157644 157669 157616
 1026.273  1583949  1574.85  1583488  1563.27 158316 158357 158360 158350 158348 158350 158316 158357 158358 158376 158395 158382 158357 158406 158426 158377 158345 158423 158449 158389
 1031.273  1591643  1566.81  1591186  1554.36 159092 159128 159128 159118 159117 159121 159092 159124 159124 159142 159171 159152 159125 159171 159193 159148 159113 159193 159219 159158
 1036.273  1599582  1568.49  1599130  1560.64 159886 159921 159923 159913 159911 159915 159886 159919 159918 159938 159962 159945 159919 159967 159986 159943 159906 159989 160016 159949
 1041.273  1607467  1570.64  1607084  1561.14 160683 160717 160719 160709 160706 160710 160683 160712 160712 160733 160757 160740 160717 160688 160785 160743 160700 160784 160810 160743
 1046.273  1615396  1565.76  1614848  1564.28 161474 161508 161510 161502 161499 161503 161476 161501 161427 161448 161548 161531 161512 161476 161581 161535 161497 161575 161607 161534
 1051.273  1622984  1551.76  1622454  1551.89 162231 162272 162274 162267 162260 162268 162231 162266 162182 162203 162306 162292 162269 162235 162341 162289 162250 162335 162372 162295
 1056.273  1630897  1558.19  1630299  1558.59 163028 163061 163060 162979 163050 163057 163027 163057 162980 163000 163100 163080 163060 163031 163135 163081 163042 163125 163161 163082
 1061.273  1638800  1564.73  1638041  1564.66 163816 163777 163775 163766 163841 163847 163815 163847 163768 163789 163886 163872 163847 163822 163921 163873 163835 163918 163954 163872
 1066.273  1646539  1557.75  1645787  1560.50 164608 164568 164562 164554 164632 164561 164604 164561 164558 164579 164677 164586 164636 164605 164713 164660 164626 164708 164669 164659
 1071.273  1654131  1547.90  1653422  1546.19 165376 165330 165321 165317 165403 165320 165371 165320 165322 165342 165447 165346 165409 165370 165483 165429 165398 165391 165429 165429
 1076.274  1661878  1547.25  1661201  1550.44 166156 166117 166111 166105 166103 166109 166153 166110 166109 166128 166230 166132 166187 166157 166263 166208 166176 166180 166216 166129
 1081.273  1669664  1558.86  1669131  1561.24 166949 166909 166902 166898 166896 166903 166948 166903 166903 166920 167023 166927 166903 166947 167058 167003 166894 166976 167009 166924
 1086.273  1677618  1560.27  1677088  1565.00 167746 167705 167698 167691 167692 167700 167745 167699 167698 167714 167822 167721 167695 167741 167849 167800 167687 167778 167805 167720
 1091.273  1685374  1553.66  1684924  1567.15 168537 168487 168479 168474 168469 168483 168534 168483 168481 168497 168620 168503 168473 168527 168553 168591 168467 168559 168586 168495
 1096.273  1692900  1553.22  1692581  1565.17 169295 169255 169249 169241 169240 169250 169292 169250 169247 169262 169306 169273 169244 169291 169325 169272 169238 169328 169355 169268
 1101.273  1700885  1566.41  1700474  1573.89 170016 170051 170046 170038 170036 170048 170089 170048 170044 170058 170107 170073 170042 170086 170127 170074 170033 170125 170151 170067
 1106.273  1708822  1572.84  1708332  1576.66 170809 170846 170839 170832 170829 170841 170806 170842 170837 170851 170903 170869 170835 170879 170921 170871 170825 170913 170947 170859
 1111.274  1716711  1576.24  1716225  1572.28 171599 171636 171628 171621 171618 171630 171598 171630 171625 171640 171693 171660 171625 171668 171708 171656 171613 171703 171737 171648
 1116.273  1724318  1558.32  1723838  1557.28 172356 172399 172389 172385 172380 172392 172354 172391 172388 172404 172449 172426 172386 172434 172468 172412 172375 172463 172501 172404
 1121.273  1732086  1562.43  1731697  1551.66 173148 173183 173173 173168 173165 173175 173148 173175 173173 173189 173237 173211 173170 173137 173254 173196 173158 173251 173284 173188
 1126.273  1740006  1575.77  1739609  1560.67 173941 173974 173964 173960 173955 173966 173939 173966 173964 173980 174029 174002 173962 173931 174047 173986 173951 174045 174074 173979
 1131.273  1747969  1570.19  1747575  1560.66 174737 174772 174761 174757 174752 174761 174734 174761 174761 174779 174825 174798 174758 174727 174846 174779 174750 174843 174869 174774
 1136.273  1755773  1560.37  1755228  1555.44 175514 175558 175545 175543 175534 175545 175509 175546 175458 175476 175601 175580 175539 175504 175626 175556 175536 175621 175654 175556
 1141.274  1763378  1550.96  1762844  1552.00 176286 176250 176310 176309 176301 176311 176281 176311 176233 176252 176368 176271 176305 176282 176394 176323 176303 176386 176420 176326
 1146.273  1771341  1560.23  1770744  1563.96 177082 177048 177108 177032 177099 177108 177078 177109 177031 177049 177166 177070 177103 177078 177189 177123 177099 177178 177215 177120
 1151.273  1779317  1567.27  1778719  1568.01 177878 177849 177904 177830 177898 177905 177875 177905 177828 177847 177964 177869 177904 177875 177984 177921 177897 177974 178012 177917
 1156.273  1787298  1562.48  1786495  1561.34 178674 178640 178704 178618 178698 178617 178671 178617 178619 178637 178764 178655 178705 178664 178786 178715 178701 178775 178811 178722
 1161.273  1794762  1552.38  1794016  1550.70 179430 179402 179380 179383 179449 179381 179429 179381 179382 179399 179515 179419 179458 179421 179539 179468 179453 179526 179489 179474
 1166.274  1802479  1554.70  1801884  1558.12 180216 180191 180166 180169 180235 180167 180216 180168 180171 180185 180297 180204 180243 180212 180326 180251 180165 180314 180281 180186
 1171.273  1810295  1564.45  1809772  1569.85 181013 180986 180962 180965 180956 180964 181013 180964 180967 180982 181091 181000 180965 181012 181123 181048 180959 181037 181077 180983
 1176.273  1818134  1562.64  1817672  1569.78 181804 181777 181751 181753 181748 181754 181803 181754 181757 181771 181881 181793 181757 181804 181835 181838 181752 181830 181868 181776
 1181.274  1825754  1549.33  1825306  1557.28 182574 182541 182511 182515 182506 182514 182572 182514 182523 182536 182656 182553 182513 182568 182595 182605 182508 182589 182629 182538
 1186.273  1833622  1546.81  1833081  1558.22 183279 183326 183301 183299 183298 183303 183350 183303 183304 183318 183429 183338 183305 183349 183391 183385 183298 183382 183420 183325
 1191.273  1841486  1562.70  1840934  1569.41 184071 184117 184096 184091 184091 184098 184068 184097 184096 184109 184149 184127 184099 184142 184184 184180 184093 184175 184215 184122
 1196.273  1849336  1569.92  1848877  1571.97 184865 184911 184892 184885 184886 184893 184861 184893 184890 184901 184941 184920 184891 184935 184976 184897 184887 184965 185008 184916
