Test case: 
Description: 
	10 senders: persistent queues
	10 receivers: client acknowledge every 50 messages
Timestamp: 2011.11.1 21:19:58
Version: 
Setting up JMS benchmark connections... 

Start processing messages.
Thu Dec 01 21:19:58 EST 2011

  Seconds   Send   Send/Sec   Recv   Recv/Sec   RCV0   RCV1   RCV2   RCV3   RCV4   RCV5   RCV6   RCV7   RCV8   RCV9  SND10  SND11  SND12  SND13  SND14  SND15  SND16  SND17  SND18  SND19
  ------- -------- -------- -------- -------- ------ ------ ------ ------ ------ ------ ------ ------ ------ ------ ------ ------ ------ ------ ------ ------ ------ ------ ------ ------
    1.054        0     0.00        0     0.00      0      0      0      0      0      0      0      0      0      0      0      0      0      0      0      0      0      0      0      0
    6.054     1178   242.39     1152   250.43    115    115    117    115    115    115    116    115    114    115    118    117    118    119    114    120    119    119    120    114
   11.054     2800   281.25     2831   273.23    283    283    284    283    283    283    284    283    282    283    284    286    286    274    282    289    273    269    275    282
   16.054     4521   306.23     4487   303.90    454    445    445    455    455    445    445    444    454    445    456    456    446    453    454    449    451    448    452    456
   21.054     6272   315.41     6223   317.50    619    624    626    619    619    624    624    624    619    625    624    624    623    638    622    626    631    629    634    621
   26.054    12178   480.61    12094   488.01   1204   1209   1227   1207   1207   1209   1208   1209   1204   1210   1204   1210   1212   1244   1205   1211   1227   1229   1238   1198
   31.054    20812   688.48    20732   697.50   2067   2072   2090   2071   2072   2072   2072   2072   2068   2076   2072   2073   2075   2103   2069   2078   2093   2089   2099   2061
   36.054    29554   934.26    29474   944.39   2941   2945   2965   2945   2945   2945   2946   2947   2944   2951   2945   2942   2945   2979   2944   2958   2965   2967   2971   2938
   41.054    38674  1182.95    38670  1175.97   3859   3864   3888   3864   3864   3865   3865   3867   3864   3870   3869   3858   3868   3805   3865   3879   3885   3891   3895   3859
   46.054    47299  1412.35    47317  1411.68   4724   4729   4751   4729   4729   4730   4731   4732   4729   4733   4732   4722   4723   4677   4726   4740   4746   4755   4756   4722
   51.054    55320  1625.89    55417  1625.69   5536   5539   5558   5539   5539   5540   5541   5542   5540   5543   5541   5533   5532   5491   5536   5547   5554   5562   5490   5534
   56.054    62613  1677.28    62808  1678.96   6283   6285   6228   6285   6285   6287   6288   6289   6287   6291   6284   6274   6277   6237   6280   6291   6227   6234   6234   6275
   61.054    70288  1644.69    70492  1646.60   7055   7055   6994   7055   7055   7055   7055   7056   7055   7057   7053   7048   7039   7002   7049   7059   6995   7000   7000   7043
   66.054    77813  1607.21    78070  1608.89   7811   7811   7757   7811   7811   7811   7816   7815   7811   7816   7812   7806   7725   7767   7806   7817   7755   7761   7759   7805
   71.054    85226  1554.53    85553  1553.39   8567   8567   8511   8567   8567   8567   8498   8571   8567   8571   8572   8566   8477   8521   8488   8500   8513   8514   8514   8561
   76.054    92752  1522.74    92852  1520.42   9261   9260   9282   9335   9335   9260   9263   9261   9334   9261   9268   9256   9242   9291   9255   9267   9278   9284   9282   9329
   81.054   100493  1515.87   100447  1511.07  10045  10042  10062  10041  10041  10042  10046  10043  10040  10045  10053  10036  10021  10072  10040  10048  10063  10062  10063  10035
   86.054   108285  1532.67   108240  1524.61  10823  10820  10843  10820  10820  10820  10827  10823  10820  10824  10834  10817  10800  10848  10821  10822  10842  10841  10846  10814
   91.054   115939  1531.91   115891  1523.46  11588  11585  11606  11587  11585  11585  11593  11589  11584  11589  11602  11583  11563  11613  11588  11588  11607  11608  11611  11576
   96.054   123563  1532.65   123528  1525.44  12351  12349  12371  12350  12348  12349  12356  12353  12348  12353  12363  12346  12328  12377  12347  12350  12371  12369  12375  12337
  101.054   131248  1538.98   131196  1528.98  13116  13115  13143  13115  13115  13115  13124  13119  13115  13119  13133  13109  13095  13149  13116  13118  13140  13141  13146  13101
  106.054   139146  1550.97   139081  1548.36  13904  13903  13930  13903  13903  13903  13915  13908  13904  13908  13923  13902  13883  13935  13908  13908  13929  13929  13933  13896
  111.054   146751  1542.07   146713  1550.02  14668  14668  14689  14669  14669  14669  14676  14668  14669  14668  14683  14671  14647  14696  14664  14668  14686  14687  14691  14658
  116.054   154370  1533.69   154330  1544.06  15431  15430  15449  15430  15432  15430  15436  15431  15431  15430  15443  15434  15409  15455  15424  15432  15448  15448  15452  15425
  121.055   161986  1527.48   161956  1540.70  16194  16193  16210  16193  16193  16193  16198  16194  16195  16193  16206  16194  16172  16217  16189  16196  16205  16207  16212  16188
  126.054   169823  1528.98   169763  1533.68  16974  16972  16997  16972  16973  16972  16981  16974  16975  16973  16986  16977  16952  17006  16972  16978  16990  16991  16999  16972
  131.054   177522  1529.55   177544  1528.94  17753  17751  17772  17751  17751  17751  17758  17752  17753  17752  17762  17754  17729  17707  17752  17756  17768  17768  17775  17751
  136.054   185155  1521.29   185100  1521.66  18517  18513  18461  18512  18515  18513  18522  18515  18517  18515  18524  18515  18490  18471  18517  18519  18530  18535  18538  18516
  141.054   192633  1521.71   192739  1521.41  19281  19277  19224  19274  19280  19278  19286  19280  19281  19278  19290  19278  19252  19234  19282  19281  19292  19220  19226  19278
  146.054   200418  1527.48   200530  1527.45  20061  20055  20005  20054  20058  20058  20065  20058  20059  20057  20069  20057  20030  20008  20059  20061  20071  19999  20008  20056
  151.054   207937  1531.56   208235  1532.00  20839  20835  20781  20834  20837  20836  20764  20837  20837  20835  20846  20834  20729  20781  20760  20833  20765  20770  20783  20836
  156.054   215558  1527.00   215910  1528.14  21605  21603  21551  21601  21603  21603  21535  21603  21603  21603  21614  21601  21498  21551  21530  21526  21535  21543  21553  21607
  161.054   223095  1524.09   223010  1523.05  22293  22290  22312  22366  22290  22291  22297  22290  22291  22290  22377  22288  22260  22312  22288  22288  22294  22302  22313  22373
  166.054   230814  1529.62   230737  1531.49  23073  23070  23096  23068  23070  23072  23077  23069  23072  23070  23077  23067  23040  23092  23068  23068  23075  23083  23093  23151
  171.054   238551  1540.87   238566  1537.82  23857  23854  23877  23851  23854  23854  23858  23852  23854  23855  23861  23851  23819  23868  23851  23850  23858  23868  23870  23855
  176.054   246226  1537.23   246253  1534.38  24625  24623  24645  24620  24623  24623  24625  24621  24624  24624  24625  24616  24589  24638  24619  24619  24624  24636  24638  24622
  181.054   253857  1540.89   253894  1532.13  25388  25387  25411  25384  25388  25387  25391  25383  25387  25388  25389  25376  25350  25403  25382  25381  25387  25401  25406  25382
  186.054   261971  1552.08   262010  1546.98  26200  26199  26218  26197  26200  26199  26203  26195  26199  26200  26204  26187  26162  26215  26192  26194  26194  26211  26216  26196
  191.054   270015  1566.91   270048  1575.94  27003  27002  27022  27001  27004  27002  27008  26999  27003  27004  27006  26991  26965  27019  27002  26995  26999  27013  27020  27005
  196.054   278023  1576.58   278065  1585.67  27805  27803  27824  27802  27805  27803  27810  27803  27805  27805  27807  27792  27770  27816  27805  27793  27802  27813  27823  27802
  201.054   285929  1574.48   285967  1587.60  28596  28592  28617  28589  28596  28592  28601  28592  28596  28596  28596  28580  28560  28610  28599  28581  28594  28606  28614  28589
  206.055   293705  1577.92   293743  1588.52  29374  29370  29391  29367  29374  29370  29379  29370  29374  29374  29377  29359  29339  29385  29378  29358  29371  29381  29390  29367
  211.054   301741  1586.41   301767  1591.28  30177  30172  30193  30170  30177  30172  30181  30172  30176  30177  30179  30165  30141  30188  30185  30164  30173  30184  30193  30169
  216.054   309759  1583.19   309798  1580.60  30980  30975  30995  30973  30980  30976  30983  30976  30980  30980  30979  30968  30945  30985  30985  30969  30974  30982  31000  30972
  221.054   317619  1575.07   317831  1575.50  31783  31777  31800  31775  31782  31782  31785  31782  31783  31782  31783  31771  31748  31706  31784  31770  31773  31780  31728  31776
  226.054   325205  1563.88   325416  1564.05  32552  32542  32484  32540  32549  32549  32552  32549  32550  32549  32550  32541  32513  32469  32549  32537  32541  32466  32493  32546
  231.054   333123  1568.32   333383  1568.19  33349  33338  33287  33337  33346  33343  33350  33343  33347  33343  33351  33338  33236  33273  33342  33336  33340  33269  33294  33344
  236.054   341133  1575.99   341406  1575.96  34151  34140  34087  34139  34149  34146  34152  34146  34150  34146  34154  34137  34035  34073  34143  34137  34139  34068  34096  34151
  241.054   349042  1576.99   349399  1577.83  34958  34948  34894  34946  34958  34952  34884  34951  34956  34952  34962  34942  34838  34877  34950  34866  34872  34874  34904  34957
  246.054   356795  1572.21   357109  1572.28  35670  35749  35681  35747  35668  35752  35672  35752  35666  35752  35764  35652  35627  35667  35663  35649  35661  35663  35695  35754
  251.054   364603  1571.63   364678  1567.00  36456  36522  36464  36521  36454  36450  36459  36450  36452  36450  36536  36436  36410  36448  36442  36433  36445  36446  36479  36528
  256.054   372551  1588.79   372623  1584.13  37267  37255  37274  37254  37263  37260  37269  37260  37261  37260  37272  37246  37216  37260  37253  37245  37254  37254  37289  37262
  261.054   380567  1592.13   380640  1585.86  38068  38056  38078  38055  38064  38063  38070  38061  38062  38063  38078  38044  38016  38063  38057  38044  38054  38055  38091  38065
  266.054   388559  1591.48   388626  1584.56  38865  38854  38879  38852  38862  38862  38870  38858  38862  38862  38874  38842  38814  38865  38857  38844  38852  38856  38894  38861
  271.054   396228  1583.42   396322  1574.60  39634  39623  39645  39621  39634  39634  39639  39626  39633  39633  39646  39611  39582  39630  39627  39610  39621  39618  39655  39628
  276.055   404229  1591.80   404333  1584.75  40435  40424  40446  40422  40435  40435  40439  40427  40435  40435  40448  40416  40379  40427  40431  40410  40423  40413  40455  40427
  281.054   412287  1592.55   412389  1601.04  41241  41231  41251  41228  41239  41240  41246  41232  41241  41240  41254  41224  41182  41234  41237  41216  41230  41219  41260  41231
  286.054   420339  1595.94   420447  1602.21  42049  42037  42056  42033  42045  42045  42051  42037  42049  42045  42058  42030  41989  42036  42045  42024  42038  42022  42063  42034
  291.055   428059  1578.84   428165  1588.91  42822  42807  42832  42802  42816  42816  42826  42804  42822  42818  42826  42798  42762  42812  42820  42794  42809  42794  42840  42804
  296.054   436007  1576.95   436129  1576.21  43617  43605  43625  43601  43613  43613  43620  43603  43617  43615  43624  43597  43552  43605  43614  43593  43601  43586  43634  43601
  301.054   444073  1587.65   444188  1588.52  44424  44410  44431  44405  44419  44419  44427  44410  44421  44422  44429  44403  44354  44409  44421  44399  44409  44397  44447  44405
  306.055   451751  1571.83   451869  1572.20  45191  45180  45198  45173  45188  45188  45193  45180  45189  45189  45201  45178  45120  45175  45189  45165  45177  45161  45209  45176
  311.054   459482  1562.84   459678  1563.51  45971  45960  45980  45953  45969  45970  45974  45960  45971  45970  45984  45957  45899  45882  45969  45945  45955  45942  45991  45958
  316.054   467240  1553.52   467524  1554.40  46755  46747  46762  46738  46753  46755  46757  46747  46755  46755  46768  46740  46679  46667  46751  46733  46735  46725  46700  46742
  321.054   474746  1549.41   475036  1550.45  47514  47505  47446  47497  47513  47514  47515  47505  47514  47513  47525  47500  47439  47426  47507  47495  47489  47408  47458  47499
  326.054   482586  1550.03   483034  1550.74  48314  48303  48247  48298  48313  48314  48315  48303  48314  48313  48321  48299  48163  48222  48309  48297  48214  48205  48259  48297
  331.054   490107  1537.01   490252  1538.12  49005  49072  49014  49064  49005  49005  49007  49072  49005  49003  49087  49067  48929  48991  49002  48988  48979  48974  49026  49064
  336.055   497682  1536.02   497919  1536.96  49769  49845  49780  49835  49768  49770  49770  49845  49769  49768  49857  49754  49692  49757  49766  49752  49743  49737  49793  49831
  341.054   505796  1549.11   505887  1548.11  50584  50574  50593  50647  50582  50584  50583  50574  50584  50582  50662  50565  50505  50571  50577  50561  50557  50548  50608  50642
  346.054   513428  1544.88   513443  1540.96  51348  51338  51354  51335  51345  51346  51347  51339  51346  51345  51428  51327  51269  51327  51344  51328  51320  51311  51367  51407
  351.054   521165  1554.95   521262  1551.16  52130  52119  52137  52115  52127  52127  52132  52120  52128  52127  52134  52106  52050  52111  52123  52109  52099  52094  52152  52187
  356.054   528952  1555.91   529126  1546.71  52917  52904  52921  52903  52915  52914  52917  52907  52914  52914  52925  52891  52834  52894  52903  52894  52889  52883  52940  52899
  361.054   536600  1560.17   536773  1561.11  53681  53669  53685  53668  53681  53679  53681  53671  53679  53679  53692  53658  53597  53658  53669  53659  53652  53643  53704  53668
  366.054   544656  1573.64   544830  1574.25  54486  54476  54491  54476  54486  54484  54487  54476  54484  54484  54496  54460  54402  54467  54477  54464  54454  54449  54513  54474
  371.054   552317  1556.07   552487  1563.76  55251  55242  55258  55242  55252  55251  55251  55243  55249  55248  55266  55227  55168  55234  55244  55227  55221  55212  55277  55241
  376.054   560034  1558.36   560197  1566.24  56022  56012  56031  56012  56023  56023  56023  56014  56019  56018  56033  56001  55938  56009  56016  55995  55994  55985  56052  56011
  381.054   568019  1556.81   568190  1569.60  56821  56810  56830  56812  56822  56822  56823  56814  56819  56817  56832  56801  56740  56803  56817  56790  56788  56783  56851  56814
  386.055   575654  1551.70   575842  1552.00  57588  57575  57595  57577  57588  57588  57587  57578  57584  57582  57595  57567  57504  57565  57580  57553  57552  57547  57615  57576
  391.054   583739  1564.03   583923  1561.61  58395  58386  58402  58386  58395  58395  58394  58388  58392  58390  58406  58375  58311  58374  58397  58359  58359  58355  58421  58382
  396.054   591721  1558.89   591975  1556.28  59200  59190  59208  59191  59200  59200  59200  59193  59196  59197  59213  59177  59118  59107  59202  59166  59165  59161  59229  59183
  401.054   599649  1565.09   599925  1562.50  59997  59983  60003  59985  59997  59997  59995  59987  59989  59992  60001  59971  59915  59890  59997  59959  59960  59955  60023  59978
  406.054   607269  1564.90   607624  1566.41  60766  60755  60772  60755  60766  60766  60765  60757  60759  60763  60774  60737  60682  60668  60763  60726  60726  60724  60716  60753
  411.054   615272  1567.58   615632  1568.83  61576  61562  61504  61561  61575  61575  61575  61566  61567  61571  61579  61543  61490  61472  61496  61537  61535  61536  61520  61564
  416.054   623096  1581.87   623394  1583.11  62307  62371  62313  62367  62304  62304  62306  62372  62373  62377  62383  62349  62220  62278  62301  62341  62263  62263  62326  62372
  421.054   631104  1578.76   631328  1580.13  63106  63173  63113  63172  63104  63103  63105  63176  63176  63100  63185  63155  63019  63075  63100  63149  63060  63064  63121  63176
  426.054   638711  1568.42   638856  1567.35  63874  63947  63880  63947  63871  63870  63872  63864  63864  63867  63959  63842  63788  63843  63865  63924  63826  63828  63890  63946
  431.054   646671  1572.84   646747  1571.26  64681  64667  64686  64667  64678  64676  64679  64669  64671  64673  64757  64648  64596  64651  64672  64641  64633  64634  64696  64743
  436.054   654713  1589.55   654861  1585.19  65493  65478  65497  65478  65490  65488  65491  65480  65482  65484  65489  65461  65408  65458  65484  65452  65443  65451  65512  65555
  441.054   662688  1591.14   662907  1586.41  66298  66284  66302  66284  66294  66292  66294  66284  66286  66289  66295  66264  66211  66266  66292  66256  66247  66257  66315  66285
  446.054   670435  1588.56   670631  1585.13  67070  67056  67079  67056  67066  67064  67069  67056  67056  67059  67066  67036  66987  67043  67066  67037  67023  67027  67092  67058
  451.055   678372  1583.68   678572  1585.42  67864  67850  67871  67851  67861  67858  67862  67851  67851  67853  67862  67829  67782  67832  67856  67831  67816  67823  67884  67857
  456.054   686409  1597.95   686612  1602.55  68667  68653  68675  68655  68665  68664  68666  68655  68655  68657  68670  68628  68583  68641  68664  68634  68615  68625  68687  68662
  461.054   694439  1597.92   694659  1605.20  69471  69457  69480  69459  69470  69469  69470  69460  69460  69463  69470  69431  69385  69445  69466  69436  69418  69432  69489  69467
  466.054   702476  1591.23   702713  1599.99  70278  70261  70286  70264  70277  70274  70274  70265  70265  70269  70271  70237  70189  70248  70270  70237  70221  70237  70295  70271
  471.054   710132  1573.32   710364  1579.23  71042  71025  71053  71027  71042  71040  71040  71031  71031  71033  71034  71001  70957  71018  71035  71000  70985  71000  71062  71040
  476.054   718137  1580.23   718399  1587.52  71846  71830  71854  71832  71845  71842  71841  71836  71835  71838  71836  71804  71758  71814  71828  71804  71788  71801  71864  71840
  481.054   726191  1584.28   726454  1586.19  72651  72636  72659  72637  72651  72648  72647  72643  72641  72641  72644  72609  72562  72623  72636  72606  72592  72607  72668  72644
  486.054   734085  1581.85   734442  1578.86  73450  73434  73457  73441  73448  73445  73444  73441  73441  73441  73441  73406  73359  73348  73433  73403  73391  73403  73464  73437
  491.054   741840  1562.95   742116  1564.90  74229  74209  74144  74217  74224  74221  74221  74217  74217  74217  74214  74186  74140  74109  74213  74181  74161  74180  74246  74210
  496.055   749685  1563.88   750049  1565.56  75018  75003  74949  75009  75015  75013  75013  75009  75011  75009  75009  74974  74928  74908  75002  74973  74951  74974  74961  75005
  501.054   757667  1577.38   758032  1579.46  75749  75809  75752  75815  75821  75818  75821  75815  75817  75815  75812  75776  75661  75715  75809  75781  75758  75781  75768  75806
  506.054   765602  1577.55   765908  1579.16  76552  76610  76553  76618  76550  76619  76551  76618  76619  76618  76613  76576  76469  76516  76535  76581  76556  76580  76569  76607
  511.054   773279  1567.90   773321  1569.68  77331  77401  77333  77319  77329  77319  77330  77319  77321  77319  77405  77276  77248  77295  77312  77371  77253  77370  77346  77403
  516.054   780971  1568.32   781209  1566.81  78120  78178  78121  78110  78118  78110  78119  78110  78113  78110  78181  78066  78036  78083  78102  78071  78049  78069  78133  78181
  521.054   789034  1578.66   789198  1576.81  78927  78908  78928  78917  78923  78917  78925  78917  78919  78917  78986  78872  78841  78892  78910  78876  78852  78876  78941  78988
  526.054   797084  1585.46   797250  1583.98  79732  79713  79733  79722  79728  79722  79731  79722  79725  79722  79791  79679  79645  79699  79713  79686  79656  79680  79744  79791
  531.054   804881  1584.36   805205  1582.99  80528  80508  80528  80517  80523  80517  80527  80518  80520  80519  80513  80476  80438  80491  80508  80484  80448  80478  80537  80508
  536.054   812558  1575.70   812868  1575.84  81294  81274  81295  81283  81289  81284  81293  81285  81286  81285  81277  81247  81208  81256  81276  81251  81213  81250  81303  81277
  541.054   820588  1585.15   820926  1597.54  82100  82079  82100  82090  82094  82090  82098  82092  82091  82092  82078  82049  82014  82057  82080  82053  82015  82052  82108  82082
  546.054   828660  1597.79   828995  1603.56  82907  82885  82908  82897  82901  82897  82904  82899  82898  82899  82885  82858  82821  82864  82886  82860  82825  82855  82916  82890
  551.054   836738  1595.74   837065  1598.72  83714  83692  83715  83703  83707  83703  83712  83707  83705  83707  83695  83664  83628  83673  83694  83666  83634  83664  83721  83699
  556.054   844522  1579.62   844854  1588.14  84496  84466  84499  84480  84485  84480  84495  84485  84483  84485  84468  84442  84409  84455  84482  84443  84411  84439  84503  84470
  561.054   852369  1583.46   852687  1578.29  85277  85255  85280  85264  85268  85264  85277  85268  85266  85268  85260  85223  85194  85236  85267  85226  85194  85222  85287  85260
  566.055   860464  1589.93   860778  1589.93  86086  86063  86088  86072  86079  86072  86086  86079  86074  86079  86068  86034  86004  86045  86077  86036  86003  86033  86094  86070
  571.054   868575  1589.92   868891  1586.60  86895  86874  86899  86884  86891  86885  86896  86891  86885  86891  86880  86846  86815  86854  86890  86847  86816  86846  86902  86879
  576.054   876469  1582.75   876868  1578.72  87694  87666  87701  87681  87688  87684  87697  87688  87681  87688  87675  87644  87617  87566  87687  87644  87617  87642  87706  87671
  581.054   884188  1574.56   884590  1569.43  88464  88443  88471  88455  88461  88455  88467  88460  88456  88458  88453  88414  88385  88349  88455  88417  88382  88413  88476  88444
  586.054   891994  1580.46   892480  1577.80  89267  89247  89200  89260  89265  89260  89195  89264  89260  89262  89256  89217  89114  89152  89183  89220  89187  89213  89203  89249
  591.054   900102  1589.14   900445  1587.46  90003  90058  90010  90071  90003  90071  90008  90076  90072  90073  90068  90025  89923  89963  89992  90033  89998  90024  90013  90063
  596.054   908047  1583.01   908403  1584.52  90803  90861  90812  90878  90804  90878  90810  90801  90878  90878  90869  90831  90726  90765  90795  90838  90800  90746  90812  90865
  601.054   915568  1568.59   915760  1570.00  91571  91634  91580  91564  91572  91564  91578  91569  91564  91564  91634  91519  91497  91527  91566  91609  91488  91514  91580  91634
  606.055   923500  1573.12   923791  1572.01  92375  92433  92384  92368  92376  92366  92382  92373  92367  92367  92431  92324  92302  92329  92370  92324  92291  92315  92383  92431
  611.054   931071  1568.17   931379  1567.46  93133  93192  93142  93127  93137  93123  93141  93132  93126  93126  93185  93080  93062  93085  93131  93081  93050  93071  93138  93188
  616.055   938765  1563.76   938979  1560.37  93902  93883  93912  93894  93903  93890  93908  93900  93894  93893  93961  93846  93830  93854  93902  93846  93815  93842  93906  93963
  621.054   946382  1550.50   946687  1551.74  94672  94655  94683  94664  94674  94660  94680  94670  94665  94664  94725  94615  94600  94623  94672  94618  94586  94611  94682  94650
  626.054   954028  1537.79   954332  1541.24  95436  95419  95448  95428  95440  95424  95445  95434  95430  95428  95491  95380  95366  95388  95432  95382  95355  95375  95446  95413
  631.054   961550  1540.50   961941  1549.70  96196  96180  96207  96190  96202  96186  96205  96194  96191  96190  96172  96141  96123  96147  96189  96145  96115  96136  96204  96178
  636.054   969196  1525.89   969591  1531.93  96960  96945  96972  96955  96966  96951  96971  96959  96957  96955  96937  96906  96891  96912  96955  96908  96878  96901  96966  96942
  641.054   976841  1525.67   977239  1531.17  97725  97710  97738  97718  97732  97715  97735  97724  97722  97720  97702  97671  97659  97674  97720  97671  97639  97663  97733  97709
  646.054   984611  1524.25   985036  1531.29  98506  98490  98517  98497  98511  98495  98514  98504  98502  98500  98477  98447  98435  98454  98494  98452  98418  98441  98509  98484
  651.054   992164  1521.21   992589  1520.10  99260  99246  99271  99255  99266  99250  99269  99259  99258  99255  99236  99200  99188  99207  99251  99206  99174  99199  99263  99240
  656.055   999923  1519.36  1000368  1521.04 100039 100021 100051 100033 100043 100026 100048 100037 100037 100033 100007  99979  99967  99981 100026  99981  99950  99978 100039 100015
  661.054  1007818  1529.33  1008255  1527.82 100828 100811 100841 100821 100831 100816 100835 100825 100826 100821 100799 100768 100755 100769 100814 100771 100739 100770 100829 100804
  666.054  1015390  1532.25  1015835  1528.86 101593 101579 101531 101586 101596 101582 101601 101590 101591 101586 101564 101529 101520 101457 101580 101537 101510 101535 101591 101567
  671.054  1022910  1527.87  1023343  1526.29 102352 102337 102288 102345 102353 102341 102284 102349 102349 102345 102318 102289 102280 102219 102340 102297 102268 102295 102274 102330
  676.054  1030455  1523.24  1030964  1521.02 103113 103100 103050 103106 103116 103103 103047 103111 103111 103107 103080 103047 103044 102983 103028 103060 103030 103060 103035 103088
  681.054  1037942  1525.97  1038531  1523.93 103877 103864 103812 103871 103803 103868 103811 103877 103877 103871 103845 103814 103731 103746 103791 103822 103797 103748 103798 103850
  686.055  1045641  1523.91  1046077  1523.44 104577 104642 104590 104650 104581 104646 104587 104577 104577 104650 104621 104589 104512 104523 104567 104600 104496 104525 104579 104629
  691.054  1053425  1522.85  1053786  1522.72 105363 105429 105375 105359 105368 105432 105374 105363 105364 105359 105409 105300 105297 105308 105351 105384 105281 105318 105363 105414
  696.054  1061030  1523.79  1061253  1524.09 106124 106117 106138 106121 106131 106116 106136 106124 106125 106121 106170 106060 106055 106063 106113 106148 106042 106077 106124 106178
  701.054  1068603  1528.04  1068889  1528.34 106888 106883 106900 106885 106894 106879 106899 106888 106889 106884 106936 106825 106818 106827 106874 106838 106811 106844 106888 106942
  706.054  1076307  1536.17  1076663  1533.52 107664 107661 107679 107663 107672 107656 107677 107664 107665 107662 107708 107603 107595 107610 107654 107619 107587 107619 107667 107645
  711.054  1084126  1547.25  1084495  1542.42 108448 108446 108462 108446 108453 108438 108460 108448 108448 108446 108491 108387 108376 108391 108434 108397 108370 108407 108449 108424
  716.055  1091760  1542.53  1092110  1544.78 109208 109207 109223 109207 109216 109200 109223 109210 109209 109207 109251 109149 109143 109156 109197 109163 109132 109169 109210 109190
  721.054  1099394  1537.42  1099745  1542.25 109971 109971 109986 109971 109981 109962 109986 109974 109972 109971 110015 109911 109906 109921 109960 109927 109892 109933 109975 109954
  726.054  1106960  1538.62  1107384  1542.72 110735 110734 110751 110734 110747 110726 110751 110737 110735 110734 110700 110676 110671 110686 110724 110694 110656 110696 110740 110717
  731.054  1114835  1542.95  1115253  1550.20 111522 111522 111538 111522 111533 111511 111538 111524 111521 111522 111488 111464 111459 111475 111512 111481 111445 111480 111526 111505
  736.054  1122603  1540.87  1123028  1548.22 112301 112301 112311 112301 112308 112292 112311 112302 112300 112301 112269 112241 112231 112249 112286 112262 112223 112259 112297 112286
  741.054  1130251  1532.55  1130663  1541.71 113063 113063 113075 113064 113073 113059 113075 113064 113063 113064 113031 113002 113003 113013 113049 113028 112987 113023 113064 113051
  746.054  1137924  1528.51  1138327  1527.70 113830 113830 113841 113830 113840 113825 113841 113830 113830 113830 113799 113772 113770 113782 113817 113792 113754 113792 113830 113816
  751.054  1145645  1534.70  1146131  1531.74 114611 114610 114622 114610 114620 114604 114622 114611 114610 114611 114583 114550 114550 114486 114592 114570 114537 114571 114610 114596
  756.054  1153473  1540.23  1153973  1537.58 115396 115396 115404 115394 115403 115387 115405 115396 115396 115396 115364 115334 115334 115269 115377 115351 115319 115356 115389 115380
  761.054  1161081  1531.90  1161572  1529.48 116155 116155 116165 116153 116165 116148 116166 116155 116155 116155 116127 116095 116096 116029 116140 116114 116080 116113 116149 116138
  766.054  1168597  1527.58  1169019  1525.00 116923 116923 116855 116922 116856 116915 116855 116923 116924 116923 116898 116861 116784 116792 116827 116884 116847 116881 116918 116905
  771.054  1176283  1534.41  1176859  1532.40 117704 117706 117642 117706 117643 117700 117641 117706 117705 117706 117677 117644 117577 117576 117613 117666 117553 117658 117627 117692
  776.054  1184005  1538.58  1184585  1536.83 118486 118486 118421 118487 118424 118479 118421 118486 118486 118486 118454 118427 118358 118359 118390 118450 118330 118360 118407 118470
  781.054  1191441  1531.68  1191792  1529.66 119167 119167 119183 119168 119185 119238 119183 119167 119167 119167 119211 119109 119115 119118 119151 119133 119086 119123 119165 119230
  786.054  1198975  1524.43  1199334  1522.18 119928 119930 119944 119930 119946 119922 119944 119930 119930 119930 119969 119868 119873 119879 119913 119895 119847 119886 119928 119917
  791.054  1206834  1532.82  1207182  1530.54 120713 120714 120730 120713 120733 120706 120731 120714 120714 120714 120751 120651 120658 120668 120696 120685 120633 120671 120718 120703
  796.054  1214627  1542.05  1214995  1542.82 121495 121496 121511 121495 121512 121488 121510 121496 121496 121496 121532 121431 121436 121447 121478 121462 121410 121452 121499 121480
  801.054  1222269  1538.09  1222640  1536.28 122260 122260 122276 122259 122276 122253 122276 122260 122260 122260 122296 122193 122204 122210 122243 122230 122173 122218 122262 122240
  806.055  1229866  1533.86  1230234  1529.26 123019 123019 123035 123020 123035 123013 123036 123019 123019 123019 123056 122954 122966 122969 123001 122986 122932 122977 123022 123003
  811.054  1237718  1545.20  1238096  1548.79 123806 123806 123820 123806 123820 123799 123821 123806 123806 123806 123843 123743 123750 123753 123785 123769 123714 123763 123808 123790
  816.054  1245523  1554.23  1245910  1555.10 124588 124587 124602 124588 124602 124578 124602 124588 124588 124587 124623 124528 124530 124531 124568 124549 124498 124542 124590 124564
  821.054  1253112  1542.87  1253497  1546.70 125347 125346 125359 125347 125359 125340 125359 125347 125347 125346 125381 125287 125290 125289 125325 125306 125257 125303 125349 125325
  826.054  1261088  1544.09  1261552  1554.77 126153 126151 126164 126153 126165 126146 126164 126153 126152 126151 126112 126090 126095 126091 126131 126115 126058 126108 126155 126133
  831.054  1268931  1545.23  1269424  1543.46 126942 126936 126952 126940 126953 126932 126953 126942 126938 126936 126888 126875 126881 126881 126919 126896 126844 126891 126940 126916
  836.054  1276638  1554.55  1277198  1550.89 127718 127713 127729 127717 127733 127711 127730 127718 127715 127714 127676 127649 127656 127579 127698 127671 127626 127667 127721 127695
  841.054  1284713  1556.60  1285267  1557.54 128523 128520 128536 128525 128540 128518 128538 128523 128522 128522 128484 128456 128465 128384 128508 128476 128433 128470 128534 128503
  846.054  1292734  1563.76  1293223  1564.56 129327 129322 129340 129329 129264 129322 129341 129326 129327 129325 129287 129256 129270 129185 129308 129278 129237 129273 129335 129305
  851.054  1300520  1572.33  1301033  1573.57 130128 130120 130052 130130 130054 130120 130051 130125 130128 130125 130074 130054 129979 129973 130015 130081 130035 130075 130137 130097
  856.054  1315851  1788.78  1316374  1784.05 131701 131677 131510 131705 131511 131677 131506 131693 131704 131690 131564 131628 131425 131463 131472 131643 131632 131648 131721 131655
  861.054  1329591  2023.09  1330037  2016.51 133026 133016 132962 133027 132962 133016 132961 133021 133026 133020 132993 132965 132901 132895 132928 132988 132959 132977 132969 133016
  866.054  1337423  2032.18  1337793  2023.32 133749 133815 133761 133751 133760 133815 133758 133819 133749 133816 133787 133690 133697 133695 133728 133786 133758 133697 133771 133814
  871.054  1345192  2023.52  1345629  2013.96 134530 134603 134543 134532 134542 134603 134540 134606 134526 134604 134579 134469 134482 134482 134509 134575 134461 134478 134549 134608
  876.054  1352841  2009.56  1352986  2005.47 135300 135291 135308 135302 135307 135290 135306 135294 135297 135291 135339 135236 135248 135247 135278 135332 135232 135244 135318 135367
  881.055  1360581  2012.99  1360886  2008.49 136089 136082 136101 136091 136098 136079 136097 136083 136086 136080 136128 136020 136035 136036 136072 136047 136020 136033 136104 136086
  886.054  1368286  1757.01  1368594  1752.35 136858 136853 136875 136860 136868 136851 136866 136854 136856 136853 136898 136791 136804 136807 136839 136823 136787 136805 136874 136858
  891.054  1375792  1545.27  1376103  1545.84 137608 137603 137629 137611 137618 137601 137617 137604 137609 137603 137649 137544 137551 137558 137590 137575 137534 137556 137628 137607
  896.055  1383317  1535.05  1383635  1535.82 138361 138358 138382 138364 138370 138355 138368 138358 138363 138356 138404 138296 138305 138309 138341 138326 138290 138308 138380 138358
  901.054  1390847  1526.88  1391153  1525.10 139113 139110 139134 139116 139122 139106 139120 139110 139115 139107 139159 139049 139057 139062 139094 139079 139042 139062 139132 139111
  906.054  1398394  1518.42  1398701  1531.48 139868 139865 139890 139870 139875 139862 139875 139864 139869 139863 139916 139806 139813 139817 139848 139832 139794 139814 139886 139868
  911.054  1405871  1512.16  1406256  1514.85 140623 140621 140644 140625 140632 140617 140631 140619 140626 140618 140595 140561 140570 140575 140605 140585 140549 140568 140640 140623
  916.054  1413640  1506.95  1414034  1514.87 141401 141400 141420 141402 141408 141396 141407 141399 141404 141397 141372 141335 141345 141349 141381 141366 141329 141343 141419 141401
  921.054  1421106  1505.40  1421569  1508.05 142156 142153 142173 142156 142161 142150 142160 142153 142157 142150 142129 142089 142102 142028 142134 142119 142086 142093 142171 142155
  926.054  1428825  1509.18  1429286  1506.39 142927 142925 142947 142927 142934 142920 142933 142923 142929 142921 142899 142862 142880 142800 142907 142888 142854 142870 142942 142923
  931.054  1436545  1513.47  1437016  1513.78 143701 143698 143716 143701 143706 143694 143705 143697 143703 143695 143668 143630 143648 143574 143679 143660 143628 143642 143716 143700
  936.054  1444081  1512.85  1444483  1513.39 144458 144453 144395 144453 144460 144448 144459 144451 144458 144448 144422 144385 144404 144328 144429 144412 144379 144395 144473 144454
  941.054  1451841  1522.30  1452338  1520.32 145246 145239 145171 145240 145248 145232 145249 145235 145246 145232 145200 145173 145105 145102 145221 145193 145167 145179 145264 145237
  946.054  1459344  1521.23  1459838  1519.45 146008 146003 145946 146005 145935 145998 145936 146001 146008 145998 145971 145932 145881 145873 145908 145955 145930 145941 145951 146002
  951.054  1466526  1518.83  1467100  1514.63 146672 146744 146693 146745 146679 146738 146680 146740 146670 146739 146712 146593 146621 146615 146654 146697 146591 146603 146697 146743
  956.054  1474389  1523.96  1474816  1520.20 147460 147453 147478 147454 147466 147526 147468 147527 147457 147527 147499 147381 147409 147399 147442 147484 147381 147389 147479 147526
  961.054  1481814  1519.14  1482166  1515.15 148219 148212 148233 148213 148226 148206 148228 148207 148214 148208 148252 148137 148166 148157 148201 148166 148139 148151 148239 148206
  966.054  1489568  1523.89  1489919  1524.70 148996 148989 149006 148988 149001 148982 149001 148983 148990 148983 149028 148915 148937 148930 148978 148943 148913 148927 149017 148980
  971.054  1497339  1524.26  1497699  1522.18 149772 149767 149785 149766 149780 149759 149782 149760 149768 149760 149804 149689 149711 149710 149759 149718 149689 149705 149794 149760
  976.054  1504917  1524.35  1505277  1524.85 150530 150527 150543 150522 150537 150517 150540 150518 150525 150518 150560 150445 150471 150471 150517 150477 150446 150462 150550 150518
  981.054  1512686  1543.93  1513050  1539.46 151306 151304 151320 151300 151314 151294 151317 151296 151303 151296 151339 151223 151248 151248 151291 151253 151223 151238 151327 151296
  986.054  1520453  1538.36  1520821  1538.76 152085 152082 152098 152078 152090 152070 152094 152072 152080 152072 152113 152003 152026 152025 152068 152030 151997 152012 152106 152073
  991.054  1527983  1536.61  1528352  1542.25 152838 152836 152852 152831 152844 152822 152847 152825 152833 152824 152862 152757 152779 152777 152822 152783 152750 152767 152860 152826
  996.054  1535953  1543.99  1536320  1549.46 153635 153631 153650 153629 153639 153618 153645 153623 153629 153621 153659 153551 153572 153578 153621 153581 153546 153565 153656 153624
 1001.054  1543902  1546.86  1544267  1552.10 154430 154425 154446 154423 154433 154414 154440 154417 154423 154416 154455 154351 154363 154373 154418 154374 154337 154359 154451 154421
 1006.055  1551458  1541.39  1551908  1547.47 155194 155189 155212 155187 155199 155176 155206 155179 155189 155177 155136 155114 155126 155140 155177 155139 155106 155121 155218 155181
 1011.054  1559300  1548.89  1559821  1551.58 155986 155979 156000 155980 155988 155970 155996 155971 155980 155971 155940 155904 155919 155851 155970 155931 155891 155910 156009 155975
 1016.054  1567231  1549.53  1567690  1552.58 156779 156775 156717 156776 156784 156765 156788 156764 156776 156766 156734 156699 156710 156646 156761 156722 156685 156706 156802 156766
 1021.054  1575027  1563.74  1575575  1564.62 157576 157572 157511 157574 157581 157560 157507 157559 157574 157561 157534 157493 157503 157436 157478 157516 157483 157504 157522 157558
 1026.054  1582675  1552.75  1583233  1553.39 158353 158352 158276 158351 158270 158335 158273 158334 158353 158336 158303 158269 158194 158202 158245 158294 158264 158281 158287 158336
 1031.054  1590422  1548.72  1590899  1549.93 159050 159121 159057 159120 159053 159107 159055 159106 159122 159108 159079 159040 158978 158975 159020 159066 159031 159051 159073 159109
 1036.054  1598266  1560.74  1598689  1559.70 159843 159840 159851 159914 159847 159901 159849 159901 159841 159902 159870 159828 159773 159768 159810 159859 159751 159843 159864 159900
 1041.054  1606078  1564.70  1606588  1561.71 160639 160637 160650 160636 160642 160699 160646 160700 160638 160701 160664 160548 160566 160565 160605 160655 160548 160564 160666 160697
 1046.054  1613940  1561.64  1614293  1560.94 161424 161420 161440 161419 161425 161494 161432 161494 161423 161409 161454 161329 161352 161351 161390 161448 161333 161345 161451 161487
 1051.054  1621393  1555.85  1621841  1549.91 162190 162183 162199 162183 162190 162171 162194 162172 162185 162174 162213 162095 162114 162109 162151 162127 162097 162112 162208 162167
 1056.054  1629363  1564.31  1629811  1563.07 162986 162981 162996 162982 162986 162967 162990 162970 162982 162971 163009 162892 162910 162905 162949 162924 162895 162911 163003 162965
 1061.054  1637251  1568.93  1637683  1569.93 163774 163767 163784 163769 163772 163755 163777 163757 163770 163758 163797 163680 163702 163692 163736 163715 163683 163699 163791 163756
 1066.054  1645139  1570.01  1645581  1573.50 164563 164556 164573 164558 164563 164547 164564 164548 164561 164548 164586 164470 164492 164479 164524 164503 164470 164489 164579 164547
 1071.054  1652733  1557.42  1653161  1560.10 165322 165315 165336 165315 165320 165303 165323 165304 165319 165304 165349 165227 165253 165242 165287 165255 165227 165245 165345 165303
 1076.054  1660631  1554.30  1661078  1564.53 166112 166106 166125 166107 166110 166098 166112 166099 166110 166099 166137 166021 166043 166027 166072 166048 166018 166037 166131 166097
 1081.055  1668538  1569.40  1669007  1577.72 166904 166900 166917 166901 166903 166891 166904 166891 166904 166892 166926 166813 166833 166815 166863 166837 166814 166829 166922 166886
 1086.054  1676477  1565.81  1676965  1569.53 167699 167697 167712 167698 167699 167686 167700 167686 167700 167688 167720 167601 167627 167610 167654 167631 167613 167624 167717 167680
 1091.054  1684171  1556.34  1684762  1558.52 168481 168476 168497 168477 168481 168462 168480 168462 168482 168464 168415 168375 168408 168386 168437 168406 168393 168399 168498 168454
 1096.054  1691870  1550.60  1692467  1555.57 169249 169247 169262 169248 169251 169236 169248 169237 169252 169237 169195 169145 169171 169151 169203 169177 169165 169169 169265 169229
 1101.054  1699841  1563.07  1700433  1568.37 170046 170043 170057 170044 170050 170032 170046 170033 170049 170033 169988 169943 169967 169947 170006 169975 169964 169962 170065 170024
 1106.055  1707709  1562.11  1708282  1561.38 170839 170835 170776 170836 170844 170823 170838 170825 170841 170825 170783 170739 170761 170739 170805 170771 170756 170755 170787 170813
 1111.054  1715427  1556.93  1716167  1558.01 171627 171624 171559 171625 171634 171613 171627 171615 171628 171615 171569 171527 171471 171528 171513 171561 171546 171540 171571 171601
 1116.054  1722865  1545.87  1723680  1545.74 172387 172386 172317 172385 172311 172371 172388 172373 172388 172374 172324 172289 172232 172205 172271 172318 172226 172301 172337 172362
 1121.054  1730750  1553.15  1731479  1550.27 173173 173171 173108 173169 173104 173159 173099 173161 173174 173161 173115 173076 173025 172994 173062 173102 173014 173087 173127 173148
 1126.054  1738595  1560.52  1739180  1557.67 173891 173889 173901 173961 173896 173952 173890 173954 173892 173954 173906 173793 173815 173787 173852 173897 173810 173879 173919 173937
 1131.054  1746495  1560.54  1747072  1557.52 174687 174685 174698 174683 174692 174750 174685 174752 174688 174752 174701 174591 174614 174592 174651 174689 174607 174597 174719 174734
 1136.054  1754199  1553.91  1754689  1551.23 175453 175451 175467 175449 175459 175531 175451 175443 175453 175532 175475 175360 175377 175359 175420 175468 175375 175363 175487 175515
 1141.054  1761908  1557.30  1762337  1549.38 176236 176234 176248 176232 176240 176224 176236 176227 176235 176225 176251 176143 176158 176139 176200 176237 176155 176149 176267 176209
 1146.055  1769798  1572.42  1770301  1564.46 177034 177030 177045 177029 177037 177019 177034 177023 177030 177020 177044 176941 176952 176937 176996 176956 176952 176948 177066 177006
 1151.054  1777767  1575.32  1778266  1570.09 177831 177827 177842 177824 177834 177816 177830 177820 177826 177816 177841 177740 177749 177731 177792 177752 177748 177747 177865 177802
 1156.054  1785626  1572.08  1786112  1574.90 178616 178612 178628 178607 178620 178601 178615 178603 178609 178601 178634 178526 178531 178518 178580 178533 178534 178528 178656 178586
 1161.054  1793271  1562.08  1793782  1567.45 179382 179379 179393 179377 179385 179369 179380 179372 179377 179368 179390 179295 179297 179281 179342 179301 179299 179296 179417 179353
 1166.054  1801138  1567.47  1801644  1573.17 180168 180165 180178 180164 180170 180155 180167 180159 180163 180155 180179 180078 180083 180068 180127 180087 180087 180085 180204 180140
 1171.054  1809114  1571.41  1809604  1583.66 180963 180961 180973 180960 180967 180952 180962 180955 180959 180952 180975 180874 180882 180864 180925 180883 180886 180881 181002 180942
 1176.055  1817019  1568.54  1817517  1578.98 181753 181752 181766 181752 181757 181744 181752 181747 181751 181743 181760 181665 181670 181652 181714 181676 181678 181676 181788 181740
 1181.054  1824633  1552.68  1825097  1557.89 182511 182512 182528 182510 182515 182501 182510 182502 182507 182501 182527 182421 182435 182410 182477 182432 182437 182436 182558 182500
 1186.054  1832354  1552.95  1833004  1555.70 183302 183302 183313 183302 183303 183293 183301 183295 183300 183293 183233 183209 183220 183203 183260 183222 183222 183227 183266 183292
 1191.054  1840293  1560.25  1840929  1559.28 184095 184095 184106 184095 184096 184085 184094 184086 184092 184085 184025 184001 184014 183999 184051 184012 184017 184023 184063 184088
 1196.054  1848157  1559.93  1848869  1559.09 184891 184892 184900 184888 184891 184879 184889 184878 184884 184877 184816 184796 184809 184792 184774 184804 184810 184817 184859 184880
