Test case: 
Description: 
	10 senders: persistent queues
	10 receivers: client acknowledge every 50 messages
Timestamp: 2011.11.1 21:19:58
Version: 
Setting up JMS benchmark connections... 

Start processing messages.
Thu Dec 01 21:19:58 EST 2011

  Seconds   Send   Send/Sec   Recv   Recv/Sec   RCV0   RCV1   RCV2   RCV3   RCV4   RCV5   RCV6   RCV7   RCV8   RCV9  SND10  SND11  SND12  SND13  SND14  SND15  SND16  SND17  SND18  SND19
  ------- -------- -------- -------- -------- ------ ------ ------ ------ ------ ------ ------ ------ ------ ------ ------ ------ ------ ------ ------ ------ ------ ------ ------ ------
    1.248        0     0.00        0     0.00      0      0      0      0      0      0      0      0      0      0      0      0      0      0      0      0      0      0      0      0
    6.248     1212   263.48     1192   259.13    118    120    118    118    121    118    120    119    120    120    121    120    123    121    122    121    121    123    120    120
   11.248     2929   284.48     2938   285.21    291    295    292    292    294    292    296    295    295    296    291    292    298    292    291    295    294    294    290    292
   16.248     4508   307.95     4519   308.70    461    451    450    450    450    450    453    451    451    452    449    448    456    448    460    452    450    451    446    448
   21.248     6352   322.19     6409   319.95    626    646    635    635    635    629    651    651    650    651    628    632    655    633    626    650    627    648    625    628
   26.248    12435   494.86    12494   493.76   1227   1263   1241   1242   1243   1230   1208   1281   1276   1283   1228   1233   1286   1230   1222   1280   1229   1270   1228   1229
   31.248    21066   702.70    21129   701.89   2092   2127   2102   2102   2105   2092   2073   2147   2140   2149   2093   2098   2148   2097   2086   2144   2088   2132   2090   2090
   36.248    29836   951.17    29697   950.30   2964   3006   2976   2977   2981   2964   2948   2931   3017   2933   2976   2979   3028   2970   2955   3022   2965   3011   2965   2965
   41.248    38876  1203.26    38897  1200.64   3885   3924   3898   3899   3900   3886   3867   3851   3935   3852   3901   3900   3860   3894   3877   3849   3891   3928   3890   3886
   46.248    47427  1434.93    47436  1431.88   4747   4791   4757   4759   4760   4748   4730   4717   4710   4717   4762   4762   4732   4757   4740   4717   4753   4703   4753   4748
   51.248    55513  1639.75    55509  1637.50   5553   5591   5564   5566   5566   5553   5540   5528   5521   5527   5568   5564   5544   5568   5548   5529   5559   5514   5560   5559
   56.248    62986  1683.36    62893  1683.32   6301   6256   6311   6315   6315   6301   6287   6271   6265   6271   6317   6311   6288   6319   6303   6274   6307   6253   6311   6303
   61.248    70668  1646.07    70579  1646.14   7067   7025   7076   7082   7082   7069   7054   7045   7036   7043   7085   7080   7059   7087   7072   7039   7077   7022   7079   7068
   66.248    78273  1607.62    78171  1613.93   7828   7788   7836   7841   7840   7830   7813   7801   7794   7800   7841   7843   7818   7849   7831   7801   7840   7785   7837   7828
   71.248    85853  1557.92    85744  1558.79   8588   8545   8593   8599   8598   8589   8569   8558   8550   8555   8602   8599   8578   8604   8591   8555   8594   8543   8599   8588
   76.248    93534  1529.21    93417  1530.12   9356   9311   9360   9366   9366   9357   9335   9328   9315   9323   9369   9368   9349   9371   9361   9322   9366   9311   9363   9354
   81.248   101281  1520.07   101079  1518.79  10137  10093  10141  10070  10070  10138  10117  10108  10100  10105  10152  10151  10131  10077  10143  10102  10147  10093  10148  10137
   86.248   108828  1530.64   108794  1529.93  10915  10871  10842  10850  10849  10916  10898  10889  10879  10885  10928  10853  10909  10857  10917  10880  10846  10873  10927  10838
   91.248   116398  1526.73   116282  1525.92  11601  11638  11604  11614  11613  11602  11660  11655  11645  11650  11691  11619  11675  11624  11682  11646  11609  11639  11615  11598
   96.248   123958  1522.82   123914  1524.83  12363  12401  12368  12378  12376  12365  12425  12418  12408  12412  12377  12381  12435  12390  12446  12413  12372  12404  12377  12363
  101.248   131617  1527.06   131644  1528.54  13131  13175  13138  13149  13147  13133  13201  13195  13186  13189  13144  13153  13215  13163  13141  13191  13140  13185  13148  13137
  106.248   139491  1533.99   139499  1532.72  13921  13957  13927  13937  13932  13924  13983  13979  13968  13971  13931  13938  13999  13953  13932  13974  13929  13970  13937  13928
  111.248   147083  1529.11   147020  1531.23  14681  14717  14687  14698  14691  14681  14667  14738  14728  14732  14688  14697  14757  14713  14689  14737  14691  14732  14694  14685
  116.248   154676  1530.67   154623  1527.45  15441  15479  15448  15455  15450  15441  15430  15498  15489  15492  15447  15458  15516  15471  15449  15497  15450  15494  15454  15440
  121.248   162292  1532.32   162166  1531.98  16202  16242  16210  16219  16212  16201  16191  16182  16252  16255  16211  16222  16278  16234  16209  16259  16213  16255  16213  16198
  126.248   169995  1542.05   169937  1538.69  16986  17030  16996  17003  16999  16986  16971  16963  17043  16960  16996  17007  16984  17024  16993  17048  16999  16963  16999  16982
  131.248   177683  1543.26   177621  1540.27  17763  17803  17771  17778  17774  17764  17749  17742  17737  17740  17772  17779  17765  17802  17766  17746  17778  17742  17775  17758
  136.248   185318  1535.20   185251  1527.62  18527  18564  18535  18541  18537  18527  18511  18505  18501  18503  18539  18544  18527  18565  18526  18511  18539  18507  18541  18519
  141.248   192958  1529.30   192804  1528.72  19290  19251  19297  19302  19299  19290  19276  19268  19264  19267  19304  19310  19293  19327  19293  19273  19302  19269  19302  19285
  146.248   200748  1530.81   200601  1535.20  20069  20030  20075  20085  20078  20069  20055  20048  20045  20047  20086  20087  20072  20109  20070  20054  20079  20047  20078  20066
  151.248   208526  1533.17   208373  1537.40  20847  20806  20853  20861  20856  20847  20834  20824  20821  20824  20863  20865  20850  20883  20851  20828  20858  20826  20856  20846
  156.248   216228  1533.29   216068  1535.07  21616  21576  21624  21632  21627  21616  21601  21593  21590  21593  21631  21638  21620  21658  21624  21598  21626  21595  21621  21617
  161.248   223889  1531.17   223721  1533.09  22385  22339  22391  22398  22394  22383  22366  22357  22352  22356  22398  22405  22388  22426  22391  22362  22390  22358  22386  22385
  166.248   231617  1537.48   231460  1537.08  23167  23123  23172  23099  23176  23165  23147  23140  23134  23137  23179  23184  23167  23128  23174  23143  23169  23141  23168  23164
  171.248   239369  1543.58   239200  1545.92  23950  23904  23954  23881  23876  23949  23930  23921  23915  23920  23968  23966  23952  23911  23960  23925  23870  23922  23953  23942
  176.248   246888  1535.37   246788  1534.36  24713  24671  24641  24649  24644  24710  24697  24690  24684  24689  24657  24731  24722  24678  24724  24695  24640  24695  24715  24631
  181.249   254430  1528.36   254417  1529.93  25400  25445  25406  25414  25408  25489  25473  25463  25457  25462  25421  25420  25497  25447  25413  25465  25404  25466  25495  25402
  186.248   262416  1542.50   262366  1543.61  26210  26247  26215  26221  26217  26205  26271  26262  26256  26262  26232  26238  26298  26251  26223  26265  26216  26268  26214  26211
  191.248   270474  1555.67   270417  1554.23  27015  27051  27021  27026  27021  27010  27078  27068  27060  27067  27037  27040  27103  27062  27025  27074  27019  27078  27018  27018
  196.248   278502  1565.54   278354  1563.32  27815  27852  27822  27828  27822  27813  27803  27870  27860  27869  27837  27839  27907  27867  27831  27877  27821  27880  27823  27820
  201.248   286448  1570.57   286302  1568.12  28606  28650  28615  28621  28616  28604  28594  28668  28658  28670  28630  28633  28707  28662  28626  28674  28613  28678  28613  28612
  206.248   294199  1579.64   294028  1574.85  29382  29417  29389  29396  29390  29382  29372  29436  29426  29438  29405  29415  29475  29438  29404  29443  29388  29449  29392  29390
  211.248   302154  1596.30   301909  1588.58  30186  30220  30192  30199  30194  30187  30174  30161  30233  30163  30210  30219  30278  30242  30210  30167  30188  30248  30197  30195
  216.248   310032  1595.37   309933  1591.07  30989  31023  30994  31001  30996  30991  30977  30963  31034  30965  31013  31023  31004  31043  31016  30970  30988  30972  31003  31000
  221.248   318065  1594.36   317889  1587.79  31791  31828  31799  31806  31800  31794  31779  31765  31759  31768  31815  31823  31804  31849  31822  31769  31790  31777  31809  31807
  226.248   325761  1577.17   325571  1572.70  32559  32602  32569  32578  32571  32564  32546  32528  32522  32532  32584  32595  32569  32623  32592  32539  32565  32540  32577  32577
  231.248   333703  1570.70   333441  1571.85  33354  33312  33359  33368  33364  33358  33343  33330  33322  33331  33377  33388  33371  33412  33383  33336  33358  33339  33374  33365
  236.248   341740  1577.21   341474  1579.16  34157  34118  34163  34173  34167  34161  34145  34133  34124  34133  34182  34192  34171  34218  34188  34137  34163  34141  34177  34171
  241.248   349815  1581.51   349546  1585.74  34964  34928  34970  34980  34972  34967  34952  34941  34931  34941  34993  34995  34979  35025  34992  34946  34973  34948  34985  34979
  246.248   357854  1583.22   357563  1582.95  35768  35723  35778  35785  35777  35772  35751  35741  35727  35741  35800  35801  35781  35833  35798  35743  35780  35743  35788  35787
  251.248   365485  1575.46   365283  1574.68  36540  36500  36546  36551  36546  36543  36527  36514  36502  36514  36573  36574  36550  36522  36567  36517  36551  36517  36560  36554
  256.248   373497  1588.89   373295  1588.52  37349  37309  37354  37283  37353  37351  37336  37324  37312  37324  37384  37383  37358  37332  37377  37326  37283  37326  37369  37359
  261.248   381539  1587.23   381241  1593.81  38151  38111  38082  38085  38156  38152  38137  38126  38115  38126  38183  38186  38168  38135  38187  38130  38090  38128  38171  38161
  266.248   389354  1586.61   389208  1587.92  38959  38914  38883  38888  38881  38960  38944  38930  38919  38930  38908  38995  38974  38943  38910  38934  38894  38935  38977  38884
  271.248   396941  1572.94   396716  1574.35  39642  39680  39648  39651  39648  39643  39717  39700  39688  39699  39674  39679  39745  39706  39681  39699  39657  39703  39751  39646
  276.248   404845  1569.19   404676  1570.81  40441  40474  40449  40451  40448  40442  40506  40492  40482  40491  40474  40482  40539  40506  40482  40492  40457  40501  40465  40447
  281.248   412927  1584.19   412744  1582.18  41247  41283  41253  41256  41253  41249  41315  41299  41291  41298  41277  41291  41350  41311  41289  41303  41270  41307  41272  41257
  286.249   420979  1585.57   420711  1580.81  42050  42089  42058  42060  42057  42051  42044  42102  42098  42102  42082  42092  42157  42117  42092  42109  42074  42115  42075  42066
  291.248   428762  1575.07   428491  1573.09  42824  42868  42834  42836  42833  42826  42816  42888  42879  42887  42855  42865  42943  42895  42865  42893  42851  42899  42850  42846
  296.248   436590  1579.90   436386  1572.89  43619  43652  43627  43628  43625  43620  43612  43671  43663  43669  43653  43655  43727  43687  43655  43596  43646  43683  43647  43641
  301.248   444581  1596.09   444376  1591.73  44426  44458  44433  44435  44432  44428  44419  44401  44469  44475  44463  44463  44450  44493  44466  44403  44453  44492  44453  44445
  306.248   452264  1586.04   451967  1581.78  45192  45225  45199  45201  45198  45194  45187  45168  45238  45165  45230  45235  45220  45260  45235  45171  45219  45258  45222  45214
  311.248   460000  1576.91   459696  1572.92  45973  46007  45980  45980  45978  45974  45968  45951  45939  45946  46015  46017  46000  46044  46014  45952  46001  45959  46006  45992
  316.248   467844  1565.05   467537  1568.78  46756  46792  46763  46763  46761  46756  46753  46737  46724  46732  46799  46802  46784  46829  46799  46737  46784  46745  46790  46775
  321.248   475461  1551.83   475128  1557.40  47515  47550  47522  47522  47519  47515  47512  47496  47485  47492  47565  47568  47547  47589  47561  47497  47544  47505  47548  47537
  326.248   483473  1557.79   483048  1555.64  48314  48272  48322  48322  48320  48317  48311  48294  48284  48292  48364  48370  48349  48393  48364  48298  48344  48305  48352  48334
  331.249   491148  1544.43   490722  1542.21  49080  49040  49091  49091  49089  49084  49079  49060  49050  49058  49133  49140  49114  49160  49131  49062  49110  49073  49119  49106
  336.248   498882  1543.98   498418  1541.83  49850  49803  49864  49864  49863  49853  49850  49830  49814  49827  49910  49911  49884  49939  49906  49830  49886  49841  49893  49882
  341.249   506859  1557.01   506487  1554.97  50655  50617  50668  50668  50666  50658  50655  50638  50626  50636  50713  50716  50693  50662  50710  50642  50687  50654  50696  50686
  346.248   514436  1550.34   514129  1547.99  51419  51380  51433  51433  51431  51422  51419  51401  51391  51400  51478  51480  51456  51430  51478  51408  51452  51417  51462  51375
  351.248   522047  1555.59   521952  1555.96  52202  52161  52215  52215  52212  52206  52201  52184  52172  52184  52183  52264  52240  52214  52185  52197  52153  52205  52245  52161
  356.248   529839  1545.60   529660  1548.62  52989  52947  52922  52922  52999  52994  52989  52970  52958  52970  52969  53057  53023  53003  52971  52982  52937  52995  52956  52946
  361.248   537504  1545.05   537239  1547.74  53757  53710  53688  53688  53683  53760  53759  53736  53723  53735  53740  53824  53791  53766  53737  53751  53702  53762  53722  53709
  366.248   545487  1556.11   545130  1557.18  54559  54516  54495  54495  54488  54485  54485  54539  54530  54538  54545  54551  54597  54572  54544  54556  54510  54568  54527  54517
  371.248   553157  1545.86   552715  1543.47  55249  55283  55261  55261  55254  55250  55250  55306  55297  55304  55307  55316  55366  55341  55311  55327  55277  55337  55292  55283
  376.249   560944  1551.34   560480  1546.31  56019  56062  56040  56040  56027  56021  56021  56088  56075  56087  56083  56088  56152  56117  56089  56113  56054  56120  56066  56062
  381.248   568876  1563.52   568424  1549.09  56817  56853  56837  56836  56827  56820  56820  56877  56864  56873  56882  56886  56939  56915  56884  56898  56844  56908  56864  56856
  386.248   576453  1558.89   576070  1547.01  57582  57616  57600  57600  57591  57585  57585  57643  57627  57641  57645  57653  57625  57679  57652  57665  57610  57674  57629  57621
  391.248   584463  1570.64   583994  1563.83  58390  58426  58408  58408  58399  58392  58392  58372  58435  58372  58457  58464  58432  58485  58462  58477  58419  58403  58436  58428
  396.248   592445  1573.31   592050  1569.35  59196  59232  59214  59214  59202  59198  59198  59177  59241  59178  59264  59271  59243  59287  59267  59207  59227  59204  59243  59232
  401.248   600412  1579.63   599998  1580.74  59991  60030  60008  60008  60000  59993  59994  59966  60039  59969  60057  60068  60035  60087  60070  60000  60027  59998  60042  60028
  406.248   608108  1572.33   607701  1574.18  60762  60796  60778  60778  60769  60762  60763  60741  60807  60745  60826  60834  60809  60852  60838  60773  60797  60772  60812  60795
  411.248   616180  1571.71   615700  1576.01  61572  61603  61586  61586  61579  61570  61572  61547  61534  61551  61630  61639  61615  61662  61643  61577  61609  61579  61621  61605
  416.248   624248  1585.94   623770  1587.75  62379  62410  62392  62393  62386  62376  62381  62352  62343  62358  62440  62446  62420  62472  62449  62380  62419  62387  62426  62409
  421.248   632272  1585.52   631723  1588.14  63182  63134  63198  63198  63189  63178  63185  63153  63146  63160  63241  63252  63223  63276  63250  63183  63222  63188  63228  63209
  426.248   640021  1575.44   639441  1572.55  63955  63899  63975  63975  63963  63953  63959  63921  63910  63931  64015  64025  63999  64054  64029  63953  63996  63958  64004  63988
  431.248   647836  1576.26   647416  1575.99  64751  64705  64766  64766  64756  64750  64753  64722  64715  64732  64807  64819  64799  64772  64749  64758  64789  64761  64801  64781
  436.248   655951  1590.20   655380  1589.90  65561  65517  65502  65501  65569  65561  65565  65534  65527  65543  65616  65628  65612  65581  65559  65571  65605  65571  65610  65598
  441.248   663769  1589.38   663435  1589.18  66365  66325  66307  66308  66377  66365  66368  66339  66332  66349  66341  66433  66415  66386  66365  66376  66334  66376  66419  66324
  446.248   671521  1574.09   671180  1578.69  67152  67102  67085  67085  67075  67152  67161  67122  67110  67136  67120  67225  67209  67170  67142  67161  67112  67160  67119  67103
  451.248   679313  1570.87   678959  1574.90  67933  67892  67877  67877  67866  67931  67862  67906  67899  67916  67913  67926  67989  67960  67933  67944  67901  67943  67910  67894
  456.249   687373  1581.28   686933  1585.97  68662  68696  68683  68683  68670  68737  68666  68711  68703  68722  68720  68728  68794  68765  68740  68756  68703  68748  68717  68702
  461.248   695336  1586.38   694896  1585.67  69467  69500  69486  69486  69473  69464  69470  69515  69507  69528  69522  69530  69523  69567  69545  69562  69508  69551  69522  69506
  466.248   703401  1587.03   702955  1588.51  70272  70304  70292  70292  70279  70270  70277  70321  70315  70333  70330  70338  70328  70371  70351  70370  70316  70361  70329  70307
  471.248   711081  1581.71   710644  1572.42  71037  71075  71058  71059  71045  71033  71041  71096  71092  71108  71093  71107  71092  71139  71116  71143  71080  71138  71097  71076
  476.248   719077  1590.56   718558  1582.23  71841  71872  71858  71859  71846  71838  71844  71889  71887  71824  71897  71906  71898  71936  71918  71936  71882  71933  71896  71875
  481.248   726980  1599.56   726614  1591.44  72647  72677  72664  72665  72650  72644  72649  72695  72692  72631  72704  72712  72709  72744  72725  72661  72686  72656  72702  72681
  486.248   734968  1594.72   734594  1586.63  73444  73476  73463  73463  73449  73440  73447  73493  73490  73429  73505  73513  73503  73540  73526  73460  73485  73456  73499  73481
  491.248   742764  1582.25   742304  1578.39  74221  74259  74245  74246  74227  74216  74224  74188  74275  74203  74286  74288  74283  74322  74308  74232  74265  74233  74278  74269
  496.248   750667  1573.29   750130  1575.23  75012  75044  75034  75032  75017  75010  75015  74985  74982  74999  75066  75077  75075  75112  75100  75028  75055  75029  75069  75056
  501.248   758729  1583.48   758187  1587.70  75819  75850  75840  75837  75823  75817  75821  75790  75786  75804  75870  75881  75881  75920  75907  75834  75862  75837  75874  75863
  506.248   766755  1581.76   766207  1583.57  76622  76651  76640  76639  76626  76617  76624  76593  76589  76606  76672  76685  76684  76723  76710  76636  76663  76646  76677  76659
  511.248   774708  1580.03   774040  1576.04  77415  77358  77438  77434  77420  77408  77419  77377  77374  77397  77468  77479  77477  77521  77502  77428  77462  77446  77469  77456
  516.248   782456  1573.04   781810  1569.11  78191  78143  78208  78207  78195  78184  78194  78159  78155  78174  78240  78254  78254  78291  78279  78209  78237  78220  78247  78225
  521.248   790533  1582.38   789724  1580.91  78998  78948  78939  78938  79001  78992  79001  78966  78961  78980  79049  79064  79064  79097  79080  79020  79045  79029  79055  79030
  526.248   798515  1585.13   797764  1588.29  79802  79752  79744  79743  79804  79795  79804  79771  79766  79783  79856  79869  79869  79825  79885  79824  79856  79833  79863  79835
  531.249   806349  1581.78   805750  1582.52  80602  80550  80538  80537  80603  80595  80605  80573  80565  80582  80575  80670  80668  80620  80684  80626  80655  80633  80663  80555
  536.248   813775  1566.88   813319  1569.93  81370  81312  81303  81303  81371  81359  81291  81336  81326  81348  81339  81359  81434  81388  81369  81391  81341  81399  81432  81323
  541.248   821730  1570.34   821194  1574.73  82092  82118  82109  82109  82093  82157  82096  82140  82132  82148  82148  82164  82235  82190  82177  82194  82145  82196  82152  82129
  546.248   829796  1580.91   829272  1584.97  82899  82927  82916  82916  82901  82965  82905  82948  82940  82955  82957  82972  83045  82992  82982  82998  82950  83004  82957  82939
  551.249   837799  1581.13   837341  1587.80  83704  83734  83724  83724  83708  83771  83712  83754  83749  83761  83766  83780  83777  83800  83789  83806  83760  83811  83763  83747
  556.248   845629  1574.83   845087  1578.83  84482  84516  84505  84506  84487  84470  84494  84543  84535  84549  84546  84561  84554  84581  84573  84595  84542  84602  84545  84530
  561.248   853364  1575.22   852884  1574.21  85265  85295  85288  85288  85268  85257  85275  85316  85310  85322  85329  85340  85335  85369  85357  85370  85323  85301  85333  85307
  566.248   861471  1597.93   860913  1589.51  86075  86107  86099  86099  86078  86067  86084  86127  86120  86057  86139  86149  86149  86180  86164  86181  86134  86111  86143  86121
  571.248   869517  1603.59   869022  1597.28  86886  86919  86909  86909  86889  86878  86895  86937  86932  86868  86949  86962  86966  86992  86971  86914  86948  86923  86960  86932
  576.248   877521  1598.36   876938  1587.01  87683  87726  87713  87713  87685  87672  87696  87651  87739  87660  87755  87763  87767  87802  87769  87706  87748  87716  87762  87733
  581.248   885222  1586.23   884569  1576.97  88455  88491  88479  88481  88455  88448  88465  88431  88427  88437  88525  88531  88540  88571  88536  88486  88516  88490  88529  88498
  586.248   893283  1588.71   892604  1586.69  89259  89294  89281  89284  89259  89251  89268  89234  89232  89242  89327  89335  89348  89377  89343  89291  89324  89295  89337  89306
  591.248   901424  1594.60   900726  1595.17  90071  90104  90093  90097  90071  90063  90081  90048  90044  90054  90145  90147  90165  90190  90158  90104  90139  90108  90151  90117
  596.248   909475  1592.11   908776  1595.67  90875  90909  90899  90901  90876  90868  90887  90852  90850  90859  90947  90954  90974  90992  90961  90910  90945  90914  90957  90921
  601.248   917249  1580.54   916438  1582.01  91650  91599  91676  91681  91650  91641  91663  91624  91620  91634  91731  91729  91749  91775  91736  91683  91720  91689  91735  91702
  606.248   925092  1578.56   924372  1579.09  92443  92401  92463  92466  92442  92434  92453  92421  92419  92430  92518  92522  92541  92485  92528  92482  92513  92484  92526  92493
  611.248   932598  1571.98   931804  1577.38  93200  93158  93149  93151  93199  93192  93209  93179  93178  93189  93204  93279  93299  93244  93285  93240  93267  93246  93282  93252
  616.248   940380  1560.13   939552  1560.87  93977  93930  93918  93922  93975  93968  93988  93955  93953  93966  93974  94059  94075  94022  94065  94016  94050  94020  94066  94033
  621.248   947867  1545.54   947194  1546.41  94737  94698  94689  94691  94736  94729  94749  94719  94717  94729  94745  94820  94841  94788  94829  94778  94738  94779  94829  94720
  626.248   955429  1529.26   954829  1529.97  95500  95459  95451  95454  95500  95493  95512  95484  95483  95493  95506  95508  95604  95552  95592  95542  95502  95544  95596  95483
  631.249   962876  1523.49   962358  1525.64  96262  96220  96211  96215  96262  96252  96200  96243  96242  96251  96262  96267  96364  96314  96276  96304  96260  96303  96284  96242
  636.248   970534  1517.33   970015  1516.33  97029  96987  96978  96980  97029  97018  96964  97007  97006  97017  97029  97029  97131  97080  97038  97069  97029  97072  97047  97010
  641.248   978116  1522.28   977503  1523.39  97716  97751  97742  97744  97716  97784  97731  97769  97768  97782  97790  97791  97823  97847  97805  97837  97794  97839  97814  97776
  646.248   985912  1522.63   985302  1524.51  98495  98532  98523  98523  98496  98564  98510  98549  98549  98561  98572  98570  98603  98628  98583  98617  98575  98621  98590  98553
  651.248   993391  1525.15   992697  1521.96  99251  99285  99279  99278  99252  99244  99265  99302  99301  99240  99324  99327  99358  99382  99338  99374  99334  99300  99345  99309
  656.249  1001103  1529.90  1000466  1523.26 100027 100062 100057 100055 100030 100018 100044 100079 100081 100013 100104 100103 100135 100159 100121 100076 100116 100079 100124 100086
  661.248  1008994  1544.88  1008359  1530.35 100817 100851 100846 100844 100819 100808 100832 100867 100869 100806 100892 100890 100927 100946 100910 100872 100902 100870 100911 100874
  666.248  1016666  1543.07  1015934  1530.89 101582 101617 101611 101608 101583 101573 101597 101633 101559 101571 101658 101658 101693 101716 101677 101641 101667 101637 101678 101641
  671.248  1024258  1540.91  1023449  1534.30 102340 102377 102368 102366 102343 102333 102358 102314 102319 102331 102420 102416 102454 102473 102435 102400 102423 102398 102438 102401
  676.248  1031890  1530.23  1031075  1525.81 103101 103139 103131 103128 103105 103096 103120 103078 103083 103094 103185 103183 103214 103238 103198 103161 103185 103160 103202 103164
  681.248  1039527  1532.65  1038725  1531.71 103867 103902 103898 103894 103869 103861 103887 103841 103846 103860 103948 103947 103978 103999 103963 103918 103949 103927 103966 103932
  686.248  1047228  1532.67  1046425  1534.72 104646 104604 104676 104671 104648 104639 104663 104617 104623 104638 104724 104724 104755 104703 104742 104700 104723 104706 104742 104709
  691.248  1055110  1531.95  1054295  1531.28 105433 105392 105463 105457 105435 105427 105451 105403 105410 105424 105509 105520 105543 105490 105534 105485 105510 105489 105534 105496
  696.248  1062729  1527.94  1061840  1527.63 106194 106153 106150 106219 106196 106194 106212 106165 106172 106185 106267 106284 106305 106253 106295 106247 106271 106254 106298 106255
  701.248  1070362  1529.25  1069393  1531.60 106956 106916 106912 106906 106959 106956 106974 106929 106936 106949 107031 107048 107066 107019 107058 107011 107036 107017 107062 107014
  706.248  1077988  1534.26  1077174  1534.23 107734 107695 107691 107686 107738 107734 107753 107705 107713 107725 107732 107823 107842 107803 107834 107790 107811 107799 107834 107720
  711.248  1085587  1538.05  1084920  1540.10 108515 108478 108473 108468 108519 108515 108461 108490 108495 108506 108516 108528 108625 108586 108617 108575 108518 108583 108539 108500
  716.249  1093223  1533.24  1092553  1537.64 109278 109242 109238 109230 109283 109278 109223 109253 109258 109270 109276 109291 109389 109353 109379 109340 109280 109347 109304 109264
  721.248  1100855  1524.70  1100182  1526.95 110041 110004 110002 109993 110046 110040 109986 110014 110021 110035 110037 110056 110150 110114 110144 110101 110044 110114 110069 110026
  726.248  1108375  1525.81  1107914  1530.97 110819 110775 110773 110760 110825 110816 110751 110789 110797 110809 110802 110823 110838 110883 110829 110876 110812 110887 110834 110791
  731.248  1116266  1534.18  1115706  1538.71 111606 111566 111561 111550 111521 111603 111538 111577 111586 111598 111590 111609 111629 111670 111611 111669 111599 111681 111626 111582
  736.248  1123982  1538.30  1123243  1535.65 112294 112340 112332 112321 112300 112291 112311 112344 112351 112359 112365 112381 112407 112438 112391 112434 112369 112444 112400 112353
  741.249  1131558  1537.55  1130893  1530.03 113059 113105 113097 113088 113062 113056 113076 113108 113117 113125 113128 113145 113166 113208 113155 113198 113136 113136 113167 113119
  746.248  1139134  1538.21  1138473  1530.92 113826 113872 113861 113851 113829 113822 113842 113873 113883 113814 113889 113911 113938 113973 113921 113888 113901 113902 113930 113881
  751.248  1146944  1544.05  1146206  1536.86 114606 114653 114642 114633 114609 114602 114623 114654 114589 114595 114669 114691 114716 114756 114700 114668 114682 114686 114715 114661
  756.248  1154786  1552.35  1154040  1537.65 115391 115438 115424 115415 115394 115387 115406 115439 115369 115377 115454 115477 115502 115539 115487 115449 115464 115470 115500 115444
  761.248  1162400  1540.60  1161498  1531.54 116151 116123 116184 116177 116153 116148 116167 116125 116131 116139 116216 116237 116264 116301 116249 116211 116225 116232 116261 116204
  766.249  1170096  1534.16  1169172  1533.29 116919 116891 116950 116945 116922 116914 116935 116892 116900 116904 116988 117007 117031 117071 117018 116977 116995 117003 117032 116974
  771.248  1177938  1543.81  1177000  1539.68 117701 117676 117732 117727 117703 117697 117716 117676 117683 117689 117771 117791 117815 117855 117802 117762 117781 117788 117816 117757
  776.248  1185684  1549.18  1184803  1547.13 118482 118455 118512 118508 118484 118477 118499 118454 118464 118468 118556 118573 118595 118563 118588 118539 118561 118570 118597 118542
  781.248  1193287  1537.32  1192386  1539.53 119240 119213 119269 119266 119242 119238 119257 119212 119223 119226 119315 119330 119358 119324 119346 119306 119319 119330 119359 119300
  786.248  1200824  1529.80  1199923  1526.98 120000 119976 119955 120026 120003 119999 120018 119973 119985 119988 120078 120089 120119 120087 120111 120066 120076 120093 120044 120061
  791.249  1208717  1533.29  1207708  1540.27 120785 120761 120742 120736 120789 120783 120807 120760 120771 120774 120870 120876 120909 120875 120901 120856 120866 120882 120831 120851
  796.248  1216433  1537.17  1215423  1544.45 121565 121540 121521 121515 121569 121563 121510 121539 121550 121551 121653 121655 121687 121650 121681 121636 121645 121659 121613 121554
  801.248  1224008  1530.82  1223071  1533.47 122331 122303 122287 122280 122334 122327 122275 122304 122314 122316 122339 122420 122451 122416 122443 122403 122410 122428 122379 122319
  806.249  1231466  1526.01  1230677  1526.51 123092 123063 123048 123039 123095 123088 123034 123064 123076 123078 123097 123103 123211 123175 123207 123165 123097 123192 123141 123078
  811.248  1239323  1534.63  1238532  1535.84 123877 123849 123834 123825 123881 123873 123819 123850 123861 123863 123882 123889 123994 123962 123992 123953 123882 123980 123927 123862
  816.248  1246988  1543.93  1246198  1539.56 124582 124631 124614 124606 124586 124655 124601 124633 124643 124647 124664 124669 124703 124743 124697 124732 124662 124765 124709 124644
  821.249  1254452  1534.78  1253719  1533.71 125341 125391 125372 125370 125345 125339 125360 125394 125402 125405 125424 125428 125465 125508 125454 125417 125422 125451 125471 125412
  826.248  1262502  1543.32  1261769  1545.03 126146 126196 126176 126176 126150 126144 126166 126199 126207 126209 126228 126234 126267 126315 126258 126223 126231 126257 126272 126217
  831.248  1270374  1552.82  1269676  1551.54 126929 126991 126966 126966 126936 126927 126953 126997 127003 127008 127016 127023 127051 127110 127043 127006 127019 127043 127057 127006
  836.248  1278142  1561.29  1277331  1558.31 127709 127761 127740 127740 127713 127709 127731 127762 127767 127699 127795 127801 127830 127880 127823 127787 127793 127823 127831 127779
  841.248  1286207  1565.57  1285337  1560.34 128516 128570 128550 128550 128520 128516 128538 128571 128501 128505 128604 128605 128636 128688 128630 128593 128601 128629 128637 128584
  846.248  1294224  1577.35  1293277  1572.11 129317 129371 129351 129351 129323 129318 129340 129297 129302 129307 129406 129406 129439 129489 129433 129396 129400 129430 129440 129385
  851.248  1302234  1591.33  1301187  1583.74 130113 130088 130154 130154 130123 130117 130146 130091 130099 130102 130208 130210 130238 130293 130231 130193 130200 130230 130243 130188
  856.248  1317812  1824.06  1316831  1823.79 131668 131607 131782 131779 131691 131681 131751 131606 131627 131639 131777 131765 131770 131910 131757 131724 131750 131770 131816 131773
  861.248  1330645  2007.11  1330175  2022.42 133013 132997 133046 133046 133019 133014 133040 132994 133002 133004 133040 133063 133063 133151 133076 133035 133033 133089 133073 133022
  866.248  1338635  2014.60  1338157  2033.46 133811 133795 133843 133845 133817 133812 133838 133791 133801 133804 133839 133866 133862 133947 133878 133839 133830 133885 133871 133818
  871.248  1346431  2007.21  1346045  2028.72 134600 134582 134634 134636 134605 134600 134627 134579 134589 134593 134627 134649 134645 134657 134669 134626 134614 134674 134660 134610
  876.249  1354029  1986.78  1353487  2013.05 135359 135342 135315 135316 135367 135360 135386 135339 135350 135353 135392 135411 135403 135419 135424 135387 135376 135433 135418 135366
  881.248  1361792  1981.11  1361386  2010.03 136150 136132 136104 136105 136157 136150 136177 136128 136139 136144 136186 136204 136194 136205 136218 136184 136166 136221 136133 136081
  886.248  1369441  1717.57  1369022  1743.92 136920 136902 136876 136877 136930 136921 136874 136899 136909 136914 136886 136975 136970 136977 136991 136953 136936 136995 136904 136854
  891.248  1376972  1539.40  1376536  1545.70 137670 137652 137627 137629 137684 137673 137626 137650 137660 137665 137640 137727 137721 137730 137742 137704 137692 137747 137658 137611
  896.248  1384365  1524.38  1384070  1528.17 138425 138405 138380 138381 138436 138427 138379 138403 138415 138419 138396 138405 138478 138484 138497 138459 138368 138504 138411 138363
  901.248  1391899  1515.64  1391594  1510.91 139179 139157 139131 139134 139188 139178 139131 139156 139169 139171 139151 139157 139232 139236 139251 139214 139125 139254 139163 139116
  906.248  1399315  1514.51  1399083  1514.85 139935 139914 139888 139891 139867 139935 139888 139913 139925 139927 139906 139915 139913 139992 140009 139893 139884 140011 139921 139871
  911.248  1406873  1507.65  1406552  1502.95 140688 140668 140642 140646 140622 140613 140643 140668 140680 140682 140666 140670 140666 140749 140767 140652 140642 140764 140673 140624
  916.248  1414490  1511.71  1414253  1507.79 141391 141446 141420 141423 141400 141392 141419 141448 141455 141459 141442 141447 141442 141522 141468 141430 141416 141469 141451 141403
  921.248  1422032  1512.13  1421722  1508.88 142144 142201 142176 142179 142154 142147 142172 142201 142209 142139 142197 142199 142195 142279 142220 142185 142168 142225 142206 142158
  926.248  1429767  1520.94  1429376  1509.87 142914 142977 142950 142953 142925 142919 142947 142977 142905 142909 142975 142974 142965 143055 142989 142956 142942 142994 142980 142937
  931.249  1437502  1525.20  1437025  1516.88 143690 143749 143721 143725 143699 143693 143716 143672 143679 143681 143747 143746 143738 143832 143766 143735 143714 143766 143748 143710
  936.248  1445048  1527.10  1444490  1516.12 144443 144428 144475 144480 144453 144447 144470 144425 144433 144436 144502 144500 144495 144585 144519 144489 144472 144519 144504 144463
  941.248  1452917  1533.12  1452334  1527.32 145227 145208 145266 145271 145241 145232 145258 145205 145210 145216 145288 145286 145280 145377 145298 145278 145266 145298 145292 145254
  946.248  1460486  1535.10  1459950  1527.32 145994 145979 146009 146013 146004 145997 146010 145978 145981 145985 146042 146046 146045 146117 146064 146044 146027 146063 146044 145994
  951.248  1467961  1526.02  1467394  1525.22 146732 146719 146765 146769 146744 146736 146766 146718 146721 146724 146792 146791 146787 146875 146804 146784 146770 146804 146800 146754
  956.249  1475819  1524.90  1475182  1529.56 147520 147505 147550 147481 147530 147523 147552 147504 147507 147510 147579 147578 147575 147661 147589 147570 147555 147587 147588 147537
  961.248  1483171  1519.78  1482750  1524.38 148279 148263 148305 148237 148288 148279 148307 148261 148264 148267 148336 148335 148335 148343 148346 148326 148311 148343 148276 148220
  966.248  1490942  1527.55  1490353  1531.48 149054 149038 149004 149009 149064 149054 149006 149039 149041 149044 149112 149117 149112 149118 149124 149103 149083 149125 149051 148997
  971.248  1498738  1524.71  1498136  1529.18 149832 149815 149783 149789 149845 149833 149785 149815 149818 149821 149893 149898 149890 149899 149899 149886 149861 149899 149833 149780
  976.248  1506248  1520.29  1505715  1525.62 150589 150572 150541 150545 150602 150590 150543 150574 150578 150581 150576 150657 150648 150658 150658 150644 150618 150657 150595 150537
  981.248  1514016  1530.54  1513407  1531.68 151363 151349 151319 151321 151307 151364 151320 151350 151356 151358 151354 151434 151420 151436 151435 151419 151395 151436 151370 151317
  986.248  1521651  1527.87  1521185  1528.47 152142 152126 152096 152098 152084 152143 152097 152128 152134 152137 152128 152139 152200 152213 152213 152197 152100 152217 152149 152095
  991.248  1529122  1534.25  1528723  1527.27 152896 152878 152850 152853 152838 152896 152851 152882 152888 152891 152882 152895 152953 152969 152969 152877 152852 152971 152905 152849
  996.249  1537006  1540.64  1536695  1539.73 153695 153675 153648 153651 153635 153692 153649 153678 153684 153688 153677 153686 153677 153762 153766 153676 153654 153764 153701 153643
 1001.248  1544962  1546.01  1544498  1545.54 154413 154470 154443 154448 154430 154411 154447 154474 154479 154483 154475 154481 154471 154556 154562 154470 154453 154560 154499 154435
 1006.248  1552655  1551.16  1552187  1547.16 155175 155246 155209 155217 155196 155173 155215 155249 155252 155255 155242 155245 155236 155327 155338 155239 155224 155332 155269 155203
 1011.248  1560458  1548.39  1559976  1552.52 155969 156027 155998 156003 155987 155967 156002 156030 156033 155960 156035 156038 156030 156112 156042 156028 156019 156112 156053 155989
 1016.248  1568333  1558.94  1567764  1555.56 156763 156819 156791 156796 156783 156762 156796 156749 156752 156753 156830 156834 156827 156905 156836 156823 156816 156830 156847 156785
 1021.248  1576312  1575.70  1575726  1567.01 157559 157615 157587 157592 157579 157557 157593 157545 157549 157550 157626 157631 157624 157702 157631 157620 157617 157629 157647 157585
 1026.248  1584085  1570.96  1583390  1558.04 158333 158308 158366 158371 158354 158332 158372 158314 158320 158320 158403 158410 158404 158480 158403 158398 158394 158399 158430 158364
 1031.249  1591786  1563.66  1591108  1556.44 159105 159085 159134 159137 159124 159104 159138 159090 159095 159096 159174 159180 159175 159243 159181 159170 159162 159174 159195 159132
 1036.248  1599734  1569.43  1599044  1562.08 159900 159878 159927 159931 159919 159898 159932 159882 159888 159889 159970 159976 159975 160034 159976 159963 159957 159968 159987 159928
 1041.248  1607698  1567.67  1607010  1568.24 160696 160677 160723 160728 160714 160696 160728 160679 160684 160685 160765 160771 160776 160830 160770 160763 160752 160764 160783 160724
 1046.248  1615627  1565.07  1614935  1572.28 161489 161469 161516 161520 161506 161491 161521 161470 161476 161477 161556 161563 161568 161623 161569 161558 161547 161556 161572 161515
 1051.249  1622989  1552.97  1622356  1556.63 162245 162222 162281 162201 162269 162248 162201 162226 162231 162232 162321 162323 162329 162309 162326 162318 162308 162307 162251 162197
 1056.248  1630932  1559.63  1630227  1566.74 163037 163018 162993 163000 163058 163041 163000 163023 163027 163030 163110 163114 163119 163107 163121 163107 163101 163104 163049 163000
 1061.248  1638843  1566.36  1638112  1569.78 163826 163805 163780 163791 163848 163828 163789 163813 163815 163817 163903 163907 163907 163899 163907 163899 163894 163896 163841 163790
 1066.248  1646746  1564.70  1645933  1568.39 164615 164595 164568 164580 164562 164619 164579 164603 164605 164607 164693 164697 164697 164687 164698 164691 164686 164686 164629 164582
 1071.248  1654241  1546.96  1653590  1548.30 165388 165358 165331 165343 165321 165393 165340 165370 165372 165374 165375 165468 165465 165448 165465 165464 165368 165451 165391 165346
 1076.248  1661847  1545.94  1661431  1547.68 166167 166144 166119 166128 166112 166171 166129 166153 166153 166155 166165 166169 166165 166236 166244 166164 166164 166233 166176 166131
 1081.248  1669788  1565.32  1669357  1564.48 166958 166936 166912 166920 166904 166963 166922 166947 166947 166948 166957 166961 166957 167033 167035 166960 166956 167033 166971 166925
 1086.248  1677764  1566.43  1677230  1564.52 167753 167731 167705 167715 167699 167685 167715 167742 167742 167743 167755 167760 167755 167829 167835 167756 167753 167833 167766 167722
 1091.248  1685596  1562.75  1685079  1560.84 168546 168515 168488 168499 168478 168461 168499 168531 168530 168532 168536 168541 168534 168614 168624 168532 168538 168624 168549 168504
 1096.248  1693256  1555.67  1692644  1557.28 169229 169280 169255 169266 169248 169234 169264 169289 169289 169290 169304 169310 169301 169380 169383 169301 169309 169384 169315 169269
 1101.248  1701233  1571.81  1700620  1565.50 170028 170079 170053 170065 170044 170030 170060 170087 170087 170087 170102 170106 170100 170177 170180 170098 170108 170183 170114 170065
 1106.248  1709090  1575.22  1708474  1566.03 170821 170872 170847 170857 170836 170822 170854 170803 170881 170881 170891 170897 170895 170975 170893 170892 170902 170978 170905 170862
 1111.248  1716918  1573.46  1716218  1561.98 171611 171659 171637 171646 171626 171611 171643 171594 171595 171596 171682 171687 171682 171768 171684 171680 171694 171690 171701 171650
 1116.248  1724526  1560.60  1723823  1551.88 172370 172428 172399 172413 172386 172371 172407 172348 172350 172351 172447 172446 172440 172530 172438 172443 172458 172441 172466 172417
 1121.248  1732392  1560.13  1731682  1553.59 173158 173204 173182 173195 173172 173158 173191 173139 173141 173142 173230 173230 173229 173315 173235 173232 173242 173233 173248 173198
 1126.248  1740330  1569.65  1739525  1565.62 173952 173921 173974 173987 173961 173950 173983 173931 173933 173933 174021 174030 174022 174109 174030 174023 174032 174032 174040 173991
 1131.248  1748301  1569.45  1747491  1562.87 174749 174717 174771 174783 174758 174747 174781 174727 174730 174728 174816 174829 174818 174906 174824 174822 174830 174826 174841 174789
 1136.248  1756130  1554.16  1755123  1559.33 175532 175491 175559 175479 175542 175528 175478 175504 175507 175503 175599 175612 175598 175692 175601 175611 175616 175601 175626 175574
 1141.248  1763580  1553.26  1762836  1554.30 176302 176264 176323 176254 176307 176297 176254 176279 176279 176277 176366 176385 176366 176382 176374 176377 176383 176375 176312 176260
 1146.248  1771555  1565.52  1770727  1566.39 177098 177060 177045 177051 177104 177094 177051 177074 177077 177073 177162 177186 177163 177176 177172 177174 177179 177169 177109 177065
 1151.248  1779544  1569.66  1778698  1570.10 177894 177857 177843 177851 177902 177889 177848 177870 177874 177870 177957 177985 177963 177976 177972 177974 177974 177969 177907 177867
 1156.249  1787489  1567.20  1786645  1572.07 178694 178649 178632 178641 178703 178689 178639 178667 178668 178663 178755 178780 178764 178767 178768 178775 178772 178757 178695 178656
 1161.248  1794980  1556.11  1794230  1555.57 179446 179409 179397 179401 179455 179443 179402 179428 179427 179422 179505 179532 179517 179529 179524 179530 179450 179517 179456 179420
 1166.248  1802773  1555.09  1802023  1561.33 180230 180198 180184 180191 180165 180229 180191 180214 180213 180208 180289 180321 180233 180319 180311 180319 180237 180300 180239 180205
 1171.248  1810598  1570.25  1809983  1569.58 181026 180995 180979 180987 180960 181024 180987 181011 181010 181004 181080 181044 181035 181117 181112 181040 181033 181097 181039 181001
 1176.248  1818434  1567.90  1817744  1570.12 181744 181786 181769 181776 181751 181742 181778 181801 181802 181795 181799 181832 181829 181907 181904 181830 181826 181888 181826 181793
 1181.248  1826057  1554.77  1825378  1554.43 182501 182550 182533 182539 182511 182497 182542 182572 182572 182561 182557 182591 182587 182670 182670 182590 182586 182657 182588 182561
 1186.248  1833928  1550.57  1833220  1552.72 183293 183331 183318 183322 183302 183288 183324 183350 183351 183341 183350 183383 183378 183451 183457 183381 183372 183438 183373 183345
 1191.248  1841848  1562.77  1840994  1559.31 184086 184122 184109 184115 184095 184081 184116 184068 184069 184133 184142 184174 184170 184247 184244 184173 184164 184234 184166 184134
 1196.248  1849800  1567.90  1848930  1561.42 184878 184916 184902 184909 184890 184874 184910 184861 184863 184927 184934 184971 184965 185043 185041 184968 184959 185030 184961 184928
