Test case: 
Description: 
	10 senders: persistent queues
	10 receivers: client acknowledge every 50 messages
Timestamp: 2011.11.1 21:19:58
Version: 
Setting up JMS benchmark connections... 

Start processing messages.
Thu Dec 01 21:19:58 EST 2011

  Seconds   Send   Send/Sec   Recv   Recv/Sec   RCV0   RCV1   RCV2   RCV3   RCV4   RCV5   RCV6   RCV7   RCV8   RCV9  SND10  SND11  SND12  SND13  SND14  SND15  SND16  SND17  SND18  SND19
  ------- -------- -------- -------- -------- ------ ------ ------ ------ ------ ------ ------ ------ ------ ------ ------ ------ ------ ------ ------ ------ ------ ------ ------ ------
    1.292        0     0.00        0     0.00      0      0      0      0      0      0      0      0      0      0      0      0      0      0      0      0      0      0      0      0
    6.292     1198   260.43     1192   259.13    120    120    119    118    120    120    118    120    118    119    119    120    120    120    121    121    119    120    119    119
   11.292     2911   286.77     2941   285.52    296    296    293    294    296    295    293    293    292    293    288    293    290    291    294    293    292    293    285    292
   16.292     4530   306.92     4510   308.90    453    453    450    450    453    451    450    450    450    450    458    451    459    448    450    462    448    450    456    448
   21.292     6395   320.77     6416   322.14    651    651    639    639    651    650    629    636    635    635    624    650    626    645    647    634    635    648    655    631
   26.292    12585   493.50    12606   498.01   1294   1289   1238   1246   1294   1294   1228   1241   1241   1241   1221   1288   1224   1281   1281   1236   1235   1293   1292   1234
   31.292    20968   702.33    20971   705.51   2070   2151   2101   2109   2070   2070   2092   2102   2103   2103   2087   2064   2089   2143   2150   2100   2100   2067   2070   2098
   36.293    29725   951.07    29642   948.59   2945   2939   2978   2986   2946   2946   2965   2978   2980   2979   2965   2932   2961   3020   3028   2976   2976   2945   2946   2976
   41.292    38840  1202.62    38837  1198.52   3864   3857   3895   3904   3865   3866   3886   3899   3901   3900   3887   3851   3885   3941   3852   3892   3899   3867   3866   3900
   46.292    47377  1435.15    47470  1433.30   4728   4721   4760   4770   4728   4730   4748   4761   4763   4761   4745   4714   4746   4716   4717   4755   4762   4735   4725   4762
   51.292    55457  1638.69    55540  1635.60   5538   5531   5563   5573   5538   5540   5553   5568   5570   5566   5555   5525   5553   5523   5528   5561   5567   5543   5533   5569
   56.293    62919  1681.07    63016  1678.29   6285   6274   6314   6320   6285   6287   6301   6316   6320   6314   6302   6269   6300   6268   6275   6308   6314   6285   6278   6320
   61.292    70598  1654.79    70691  1654.85   7054   7045   7082   7087   7054   7053   7069   7081   7086   7080   7071   7039   7067   7037   7044   7076   7078   7053   7051   7082
   66.292    78176  1613.17    78121  1616.66   7813   7801   7763   7769   7815   7810   7829   7840   7843   7838   7825   7798   7829   7796   7800   7833   7837   7812   7809   7837
   71.292    85741  1560.64    85706  1562.21   8569   8557   8526   8534   8571   8566   8588   8598   8600   8597   8587   8552   8587   8550   8556   8590   8592   8565   8569   8593
   76.292    93411  1531.95    93382  1530.34   9335   9325   9293   9301   9338   9333   9358   9366   9368   9365   9355   9316   9356   9321   9322   9358   9357   9333   9334   9359
   81.292   101073  1522.75   101200  1516.64  10117  10107  10076  10083  10120  10115  10139  10148  10149  10146  10141  10094  10139  10101  10103  10140  10062  10114  10115  10064
   86.292   108784  1528.74   108765  1524.82  10899  10887  10855  10861  10900  10897  10919  10850  10850  10847  10921  10875  10915  10880  10883  10841  10839  10895  10893  10842
   91.292   116429  1522.58   116410  1521.28  11663  11653  11620  11626  11663  11662  11683  11615  11614  11611  11683  11638  11679  11648  11652  11602  11603  11657  11660  11607
   96.292   123989  1521.85   123969  1528.19  12428  12416  12385  12389  12426  12426  12367  12379  12378  12375  12444  12402  12361  12415  12419  12365  12365  12419  12424  12375
  101.292   131647  1525.52   131704  1531.76  13204  13195  13159  13161  13202  13203  13136  13150  13149  13145  13131  13177  13136  13191  13198  13136  13137  13194  13201  13146
  106.292   139501  1533.05   139551  1538.36  13986  13979  13942  13945  13985  13985  13925  13937  13935  13932  13924  13961  13924  13976  13979  13919  13924  13977  13984  13933
  111.292   147100  1531.11   147152  1528.83  14746  14739  14701  14706  14747  14747  14682  14698  14695  14691  14683  14726  14685  14740  14737  14677  14681  14735  14744  14692
  116.292   154693  1527.53   154518  1527.60  15428  15500  15463  15467  15427  15430  15444  15455  15454  15450  15445  15486  15449  15497  15493  15437  15436  15495  15504  15451
  121.292   162076  1526.61   162066  1526.91  16191  16186  16225  16231  16191  16192  16204  16218  16217  16211  16203  16170  16206  16259  16258  16201  16198  16179  16190  16212
  126.292   169764  1536.13   169908  1536.13  16971  16967  17013  17019  16972  16971  16989  17006  17002  16998  16988  16954  16992  16966  16968  16985  16981  16960  16967  17003
  131.292   177540  1537.42   177674  1537.35  17750  17748  17788  17794  17750  17749  17763  17781  17778  17773  17764  17735  17767  17746  17744  17757  17757  17737  17750  17783
  136.292   185167  1524.70   185303  1527.68  18512  18510  18549  18556  18512  18511  18528  18545  18541  18539  18528  18493  18528  18509  18504  18519  18519  18505  18513  18549
  141.292   192791  1525.60   192936  1523.56  19276  19272  19315  19321  19276  19273  19290  19308  19304  19301  19292  19256  19291  19268  19267  19277  19283  19270  19276  19311
  146.292   200585  1532.11   200589  1538.15  20054  20053  20017  20023  20057  20055  20069  20091  20087  20083  20071  20031  20073  20046  20048  20057  20066  20047  20054  20092
  151.298   208350  1539.73   208360  1545.64  20833  20833  20794  20798  20835  20833  20847  20865  20862  20860  20851  20808  20851  20821  20822  20831  20839  20828  20832  20867
  156.292   216038  1539.73   216047  1537.72  21600  21600  21563  21568  21602  21600  21613  21636  21633  21632  21616  21576  21617  21590  21592  21602  21612  21597  21599  21637
  161.292   223687  1534.83   223700  1533.49  22365  22365  22326  22331  22370  22365  22380  22401  22399  22398  22381  22339  22389  22355  22355  22369  22377  22359  22365  22398
  166.292   231340  1541.31   231438  1537.38  23146  23146  23109  23113  23151  23146  23164  23102  23181  23180  23163  23121  23171  23140  23133  23067  23159  23139  23150  23097
  171.293   239079  1545.09   239108  1535.82  23930  23930  23892  23896  23936  23930  23947  23885  23881  23881  23945  23904  23957  23919  23916  23847  23861  23922  23932  23876
  176.292   246744  1535.97   246778  1536.98  24696  24697  24661  24663  24701  24695  24712  24654  24649  24650  24707  24672  24714  24692  24684  24616  24629  24689  24698  24643
  181.292   254478  1526.90   254513  1533.78  25471  25472  25435  25438  25478  25471  25493  25423  25415  25417  25483  25447  25490  25467  25459  25388  25393  25466  25473  25412
  186.292   262486  1540.67   262444  1546.74  26269  26269  26236  26241  26275  26268  26210  26230  26222  26224  26279  26242  26285  26268  26260  26193  26199  26262  26279  26219
  191.292   270538  1554.15   270504  1557.74  27075  27075  27040  27048  27083  27074  27016  27034  27028  27031  27084  27045  27087  27075  27065  26997  27005  27069  27084  27027
  196.293   278395  1565.91   278517  1564.16  27881  27876  27840  27847  27885  27879  27815  27834  27828  27832  27804  27849  27809  27881  27867  27794  27806  27870  27887  27828
  201.292   286357  1571.09   286308  1571.46  28591  28677  28638  28645  28596  28679  28608  28627  28621  28626  28593  28646  28600  28681  28671  28584  28599  28673  28688  28622
  206.292   293839  1575.10   293876  1575.50  29369  29366  29406  29413  29375  29366  29385  29400  29396  29400  29368  29414  29379  29370  29441  29358  29373  29360  29380  29396
  211.292   301851  1584.46   301905  1585.20  30171  30169  30213  30216  30178  30168  30187  30202  30199  30202  30167  30215  30179  30174  30240  30158  30173  30163  30183  30199
  216.292   309711  1582.33   309932  1588.38  30973  30973  31016  31022  30979  30971  30989  31004  31001  31004  30970  30937  30980  30974  30968  30959  30974  30963  30986  31000
  221.292   317745  1578.89   317968  1582.21  31774  31776  31821  31826  31782  31773  31792  31809  31806  31809  31774  31735  31780  31777  31771  31761  31778  31773  31790  31806
  226.293   325422  1569.35   325664  1567.17  32538  32541  32598  32603  32550  32537  32559  32580  32578  32580  32539  32501  32543  32541  32538  32534  32549  32539  32558  32580
  231.292   333380  1570.27   333432  1573.79  33335  33337  33307  33311  33346  33334  33355  33369  33369  33369  33335  33303  33341  33338  33334  33322  33343  33334  33356  33374
  236.292   341412  1588.52   341456  1588.79  34137  34139  34107  34112  34149  34136  34160  34172  34172  34172  34139  34107  34142  34138  34135  34128  34150  34139  34156  34178
  241.292   349484  1590.42   349531  1587.70  34945  34945  34915  34919  34957  34943  34966  34980  34980  34981  34946  34910  34947  34946  34942  34936  34958  34946  34965  34988
  246.292   357493  1594.03   357542  1585.23  35744  35744  35710  35714  35759  35744  35769  35786  35786  35786  35745  35707  35751  35745  35743  35741  35759  35746  35762  35794
  251.292   365119  1579.33   365262  1573.96  36518  36518  36488  36492  36534  36518  36541  36551  36551  36551  36515  36483  36523  36519  36515  36506  36524  36517  36538  36479
  256.293   373137  1588.41   373359  1587.60  37328  37329  37297  37301  37343  37329  37350  37360  37362  37360  37324  37290  37330  37329  37326  37239  37334  37327  37348  37290
  261.292   381083  1587.85   381305  1591.04  38131  38131  38100  38105  38147  38130  38152  38161  38087  38161  38129  38096  38134  38129  38127  38037  38063  38127  38148  38093
  266.292   389141  1584.53   389198  1588.09  38935  38935  38906  38910  38954  38933  38960  38889  38888  38888  38935  38900  38943  38936  38935  38842  38868  38933  38955  38894
  271.292   396815  1568.34   396784  1574.35  39704  39704  39674  39677  39727  39702  39645  39650  39651  39650  39708  39670  39714  39702  39705  39601  39631  39703  39724  39657
  276.292   404758  1568.34   404741  1573.74  40498  40497  40469  40471  40513  40495  40446  40451  40451  40450  40497  40466  40501  40495  40499  40398  40434  40494  40512  40462
  281.292   412839  1582.95   412736  1582.58  41308  41306  41278  41279  41243  41304  41252  41257  41256  41253  41304  41273  41312  41302  41309  41206  41239  41303  41323  41268
  286.292   420813  1584.43   420787  1578.59  42112  42111  42085  42085  42048  42109  42057  42063  42060  42057  42109  42080  42046  42104  42113  42014  42047  42103  42124  42073
  291.292   428550  1576.71   428587  1570.81  42898  42900  42867  42865  42819  42895  42833  42841  42836  42833  42799  42865  42819  42895  42901  42795  42821  42893  42909  42853
  296.292   436190  1570.94   436311  1573.26  43601  43604  43651  43651  43614  43679  43625  43633  43628  43625  43595  43650  43614  43598  43687  43587  43609  43593  43614  43643
  301.292   444167  1583.85   444295  1589.25  44408  44411  44457  44459  44419  44405  44430  44439  44435  44432  44401  44455  44419  44405  44410  44393  44412  44402  44420  44450
  306.292   451763  1572.40   451970  1579.62  45177  45179  45227  45228  45187  45173  45196  45204  45201  45198  45169  45143  45187  45175  45179  45161  45176  45166  45188  45219
  311.292   459572  1562.92   459708  1573.59  45958  45959  45931  46008  45969  45955  45977  45988  45983  45980  45954  45922  45971  45955  45958  45943  45960  45944  45969  45996
  316.292   467415  1556.14   467553  1564.19  46744  46746  46716  46792  46753  46741  46761  46772  46765  46763  46738  46705  46757  46739  46743  46725  46745  46729  46753  46781
  321.292   475012  1551.36   475074  1554.88  47501  47511  47476  47474  47513  47500  47519  47533  47526  47521  47497  47464  47517  47499  47505  47482  47508  47486  47514  47540
  326.293   483021  1563.56   483078  1561.71  48302  48310  48277  48276  48314  48300  48320  48331  48326  48322  48300  48264  48315  48300  48307  48284  48307  48285  48317  48342
  331.292   490615  1553.46   490757  1548.66  49071  49079  49042  49043  49082  49067  49089  49100  49093  49091  49067  49029  49083  49069  49074  49048  49073  49054  49084  49034
  336.292   498328  1553.68   498470  1546.09  49844  49850  49808  49808  49851  49839  49863  49878  49865  49864  49838  49797  49851  49842  49843  49826  49850  49825  49857  49799
  341.292   506365  1559.90   506524  1555.70  50650  50655  50619  50619  50655  50646  50666  50678  50668  50668  50640  50604  50653  50648  50651  50624  50648  50629  50658  50610
  346.293   513915  1550.17   514161  1545.94  51414  51419  51383  51383  51418  51409  51432  51441  51431  51431  51404  51366  51415  51409  51415  51309  51408  51396  51418  51375
  351.293   521662  1552.45   521905  1553.39  52197  52202  52165  52164  52201  52192  52214  52145  52213  52212  52188  52147  52196  52193  52201  52087  52117  52177  52202  52154
  356.292   529536  1545.45   529766  1548.44  52982  52989  52952  52948  52988  52978  53000  52930  52999  53000  52976  52935  52980  52976  52988  52880  52906  52967  52986  52942
  361.292   537201  1544.62   537428  1547.40  53749  53759  53717  53713  53757  53745  53765  53696  53763  53764  53744  53702  53744  53746  53757  53642  53671  53734  53754  53707
  366.292   545219  1555.47   545308  1556.21  54552  54562  54522  54521  54559  54547  54491  54501  54564  54489  54544  54501  54544  54548  54562  54445  54472  54537  54554  54512
  371.292   552890  1542.92   552817  1542.92  55320  55250  55288  55288  55326  55315  55257  55268  55251  55254  55309  55267  55311  55318  55326  55211  55239  55309  55325  55275
  376.292   560626  1548.81   560597  1542.97  56104  56021  56070  56070  56107  56098  56032  56044  56023  56028  55997  56053  56093  56101  56111  55989  56021  56095  56110  56056
  381.292   568359  1556.43   568371  1551.43  56812  56820  56857  56860  56815  56885  56831  56840  56821  56830  56797  56843  56804  56806  56894  56781  56813  56883  56895  56843
  386.292   575835  1545.91   576016  1544.16  57577  57585  57623  57624  57580  57649  57595  57602  57587  57594  57560  57606  57569  57569  57655  57542  57574  57570  57582  57608
  391.292   583831  1557.15   584025  1558.39  58386  58393  58433  58434  58388  58380  58402  58412  58396  58401  58366  58411  58375  58379  58382  58352  58381  58376  58391  58418
  396.292   591809  1555.62   592080  1564.18  59191  59199  59238  59240  59194  59185  59207  59218  59201  59207  59168  59141  59178  59183  59190  59158  59188  59184  59197  59222
  401.292   599729  1562.87   600038  1575.56  59983  59994  60037  60040  59990  59977  60001  60016  59999  60001  59960  59928  59966  59977  59979  59956  59985  59974  59989  60015
  406.292   607427  1562.75   607568  1573.62  60754  60762  60724  60728  60759  60750  60770  60783  60767  60771  60731  60701  60736  60744  60755  60722  60753  60743  60759  60783
  411.292   615496  1574.22   615648  1584.12  61563  61572  61529  61534  61567  61558  61579  61591  61575  61580  61535  61505  61542  61554  61558  61529  61560  61554  61566  61593
  416.293   623556  1593.69   623724  1593.19  62370  62382  62337  62343  62373  62365  62387  62398  62382  62387  62339  62311  62350  62363  62362  62335  62368  62362  62369  62397
  421.292   631498  1594.33   631752  1588.02  63172  63185  63139  63145  63177  63169  63190  63200  63185  63190  63146  63109  63152  63164  63163  63138  63169  63163  63169  63125
  426.292   639129  1584.87   639484  1575.87  63947  63959  63907  63913  63951  63942  63965  63977  63958  63965  63921  63881  63927  63935  63932  63914  63857  63935  63940  63887
  431.292   647041  1585.07   647443  1575.54  64743  64753  64709  64714  64748  64739  64756  64771  64753  64757  64722  64683  64724  64734  64733  64626  64662  64731  64736  64690
  436.292   655155  1588.99   655485  1592.82  65554  65565  65520  65526  65560  65550  65569  65505  65565  65571  65531  65495  65536  65549  65541  65437  65475  65541  65544  65506
  441.292   663200  1588.26   663532  1589.09  66359  66368  66325  66332  66363  66354  66377  66309  66368  66377  66336  66302  66338  66353  66346  66241  66279  66347  66347  66311
  446.292   671051  1578.38   671413  1578.64  67150  67158  67109  67116  67151  67146  67168  67087  67161  67167  67123  67086  67128  67144  67129  67021  67057  67137  67137  67089
  451.292   678883  1572.28   679069  1574.90  67928  67937  67894  67901  67932  67925  67868  67878  67940  67866  67905  67866  67909  67920  67913  67810  67848  67917  67919  67876
  456.292   686943  1586.36   687120  1580.25  68737  68743  68698  68706  68739  68730  68672  68682  68743  68670  68707  68669  68721  68726  68719  68616  68654  68725  68723  68683
  461.292   694994  1590.81   694931  1583.22  69543  69469  69501  69509  69466  69536  69476  69488  69469  69474  69512  69469  69525  69529  69525  69420  69463  69532  69532  69487
  466.292   702799  1588.15   702908  1583.46  70269  70273  70306  70317  70273  70342  70282  70293  70273  70280  70314  70274  70249  70336  70331  70226  70264  70258  70261  70286
  471.292   710330  1575.56   710595  1570.29  71032  71039  71082  71091  71039  71116  71048  71061  71039  71048  71001  71051  71015  71025  71108  70990  71033  71024  71027  71056
  476.292   718319  1578.49   718505  1575.10  71836  71841  71874  71883  71841  71830  71850  71859  71841  71850  71805  71842  71821  71830  71900  71789  71825  71826  71832  71849
  481.292   726374  1583.42   726560  1588.46  72640  72647  72679  72690  72647  72635  72655  72664  72647  72656  72614  72645  72626  72637  72705  72597  72629  72634  72634  72653
  486.292   734263  1577.79   734540  1586.07  73439  73445  73476  73489  73445  73432  73454  73462  73444  73454  73412  73440  73421  73432  73428  73395  73431  73427  73429  73448
  491.292   741949  1566.53   742245  1581.50  74214  74221  74261  74187  74221  74205  74234  74246  74220  74236  74190  74133  74198  74208  74204  74175  74210  74201  74199  74231
  496.292   749875  1571.98   750076  1580.20  75007  75013  74969  74982  75013  75000  75022  75035  75012  75023  74984  74932  74991  75002  74999  74966  74993  74995  74993  75020
  501.292   757931  1589.60   758133  1587.48  75813  75819  75773  75788  75819  75805  75829  75840  75819  75828  75787  75738  75800  75807  75803  75773  75800  75800  75798  75825
  506.292   765953  1590.67   766160  1591.41  76616  76622  76579  76591  76622  76608  76631  76640  76622  76629  76591  76543  76605  76610  76609  76572  76600  76601  76596  76626
  511.293   773900  1582.08   774092  1576.48  77408  77419  77364  77380  77415  77400  77427  77440  77415  77424  77382  77335  77401  77402  77397  77370  77404  77394  77388  77427
  516.292   781486  1576.95   781847  1572.05  78184  78194  78146  78158  78191  78178  78200  78208  78191  78197  78159  78113  78177  78178  78173  78136  78095  78174  78165  78116
  521.292   789558  1584.63   789921  1581.78  78992  79000  78953  78965  78999  78986  79006  79016  79000  79004  78966  78921  78986  78983  78979  78943  78903  78978  78974  78925
  526.292   797522  1585.93   797886  1586.56  79798  79803  79757  79772  79802  79791  79809  79743  79803  79808  79772  79727  79789  79789  79785  79669  79703  79781  79778  79729
  531.292   805525  1583.32   805882  1583.32  80598  80602  80560  80574  80602  80590  80608  80537  80602  80609  80571  80524  80593  80588  80589  80464  80501  80585  80583  80527
  536.292   813170  1570.84   813549  1568.05  81365  81370  81323  81338  81372  81352  81379  81301  81370  81379  81336  81285  81365  81353  81352  81226  81261  81351  81352  81289
  541.292   821188  1574.38   821395  1572.17  82165  82168  82126  82138  82169  82154  82100  82108  82168  82099  82135  82090  82163  82152  82156  82029  82067  82152  82151  82093
  546.292   829113  1585.40   829397  1580.13  82974  82976  82935  82944  82900  82962  82909  82916  82976  82905  82944  82897  82894  82883  82962  82836  82876  82961  82961  82899
  551.292   837175  1585.23   837231  1580.03  83704  83704  83740  83751  83706  83769  83716  83724  83705  83712  83748  83703  83700  83689  83769  83644  83679  83770  83767  83706
  556.292   845030  1578.89   845060  1573.83  84482  84481  84530  84540  84484  84560  84500  84505  84483  84495  84538  84493  84476  84466  84560  84430  84466  84560  84556  84485
  561.292   852559  1573.29   852781  1568.79  85265  85265  85303  85313  85267  85256  85280  85287  85266  85279  85232  85265  85258  85247  85333  85210  85243  85253  85254  85264
  566.292   860649  1585.67   860875  1583.02  86075  86075  86112  86124  86077  86064  86087  86096  86078  86087  86043  86074  86066  86058  86143  86019  86051  86065  86061  86069
  571.292   868775  1583.99   868988  1591.85  86886  86886  86924  86937  86889  86875  86898  86905  86890  86898  86854  86886  86879  86872  86953  86830  86865  86878  86875  86883
  576.292   876706  1584.58   876902  1591.06  87683  87683  87732  87651  87688  87671  87699  87709  87686  87700  87653  87696  87679  87671  87666  87636  87669  87673  87672  87691
  581.292   884412  1574.53   884529  1584.56  88453  88454  88418  88429  88458  88446  88468  88478  88457  88468  88427  88464  88450  88442  88442  88404  88437  88447  88444  88455
  586.292   892367  1580.76   892568  1591.70  89259  89259  89221  89231  89262  89250  89271  89282  89261  89272  89231  89186  89256  89245  89249  89210  89237  89250  89246  89257
  591.292   900483  1600.57   900688  1599.87  90071  90071  90032  90043  90073  90062  90084  90094  90074  90084  90041  89999  90063  90056  90059  90020  90048  90065  90059  90073
  596.292   908535  1599.15   908738  1598.21  90876  90876  90837  90846  90878  90866  90890  90899  90881  90889  90846  90803  90865  90859  90865  90823  90852  90874  90869  90879
  601.292   916192  1584.97   916488  1581.91  91650  91650  91607  91618  91654  91641  91668  91678  91655  91667  91619  91572  91638  91636  91635  91604  91540  91645  91642  91661
  606.292   924057  1581.28   924416  1581.74  92444  92443  92405  92416  92448  92434  92458  92462  92450  92456  92414  92373  92430  92430  92437  92388  92339  92441  92433  92372
  611.292   931549  1571.48   931994  1575.00  93200  93200  93162  93175  93204  93192  93217  93225  93206  93213  93176  93133  93186  93185  93193  93071  93097  93199  93187  93122
  616.292   939308  1563.46   939681  1563.69  93977  93977  93938  93949  93982  93968  93995  93917  93985  93993  93955  93905  93965  93962  93967  93843  93874  93974  93968  93895
  621.292   946962  1546.61   947312  1546.51  94739  94739  94703  94713  94743  94731  94757  94687  94746  94754  94717  94672  94729  94726  94729  94615  94639  94738  94733  94664
  626.292   954593  1530.34   954797  1532.95  95503  95501  95468  95477  95505  95494  95447  95450  95509  95443  95477  95435  95492  95485  95497  95379  95402  95503  95493  95430
  631.292   962189  1528.26   962410  1525.74  96265  96264  96228  96239  96267  96253  96209  96210  96272  96203  96239  96197  96250  96248  96259  96135  96161  96262  96254  96184
  636.292   969836  1518.26   969992  1513.96  97033  97029  96992  97005  97034  97020  96974  96976  96960  96969  97005  96961  97013  97015  97023  96900  96921  97028  97021  96949
  641.293   977235  1522.92   977483  1516.28  97721  97795  97756  97767  97722  97786  97738  97740  97724  97734  97771  97725  97702  97704  97782  97659  97679  97794  97707  97712
  646.292   985024  1523.61   985200  1519.58  98500  98495  98536  98545  98503  98565  98519  98521  98504  98512  98552  98504  98475  98481  98558  98437  98465  98571  98489  98492
  651.292   992496  1517.89   992750  1517.21  99256  99253  99288  99298  99258  99319  99273  99279  99259  99267  99235  99256  99231  99239  99312  99191  99222  99323  99243  99244
  656.292  1000201  1522.35  1000459  1526.85 100036 100031 100067 100077 100038 100018 100051 100057 100039 100045 100013 100033 100010 100018 100089  99969 100002 100026 100024 100017
  661.292  1008011  1529.77  1008342  1536.34 100824 100819 100855 100865 100825 100808 100840 100845 100827 100834 100801 100824 100797 100808 100802 100756 100791 100815 100812 100805
  666.292  1015666  1527.79  1015914  1535.94 101589 101583 101621 101555 101589 101573 101605 101609 101591 101599 101570 101595 101564 101571 101565 101521 101552 101579 101580 101569
  671.292  1023169  1533.91  1023425  1539.25 102348 102342 102305 102315 102348 102331 102362 102367 102349 102358 102326 102276 102324 102327 102323 102280 102311 102338 102336 102328
  676.292  1030796  1528.27  1031045  1533.41 103108 103104 103068 103078 103108 103094 103124 103130 103111 103120 103088 103042 103086 103087 103084 103043 103076 103103 103096 103091
  681.292  1038432  1533.81  1038695  1533.94 103872 103869 103832 103842 103872 103860 103890 103895 103876 103887 103853 103803 103851 103852 103847 103804 103841 103867 103856 103858
  686.292  1046136  1536.31  1046466  1536.31 104650 104648 104610 104618 104650 104638 104666 104672 104652 104662 104633 104583 104629 104629 104628 104578 104541 104646 104636 104633
  691.292  1053986  1537.75  1054332  1533.05 105435 105435 105396 105404 105435 105425 105453 105459 105440 105450 105419 105368 105412 105414 105412 105363 105327 105431 105423 105417
  696.292  1061528  1531.36  1061946  1526.83 106196 106197 106157 106165 106196 106186 106215 106222 106200 106212 106181 106129 106173 106174 106177 106047 106093 106192 106184 106178
  701.292  1069092  1530.85  1069508  1530.99 106959 106962 106923 106930 106959 106950 106980 106908 106963 106974 106944 106898 106936 106938 106938 106814 106855 106957 106948 106864
  706.293  1076887  1536.44  1077282  1536.21 107738 107740 107700 107706 107738 107728 107755 107686 107740 107751 107723 107676 107715 107716 107716 107594 107640 107737 107724 107646
  711.292  1084696  1539.83  1085029  1539.66 108519 108522 108485 108491 108518 108509 108461 108468 108522 108534 108503 108460 108495 108495 108500 108370 108423 108518 108505 108427
  716.292  1092336  1537.32  1092588  1534.70 109283 109288 109248 109255 109283 109271 109223 109230 109287 109220 109266 109223 109261 109259 109264 109134 109187 109282 109270 109190
  721.292  1099958  1524.53  1100219  1524.33 110046 110050 110010 110020 110045 110035 109986 109993 110050 109984 110028 109984 110022 110024 110023 109901 109950 110041 110032 109953
  726.292  1107726  1528.96  1107865  1522.65 110824 110738 110787 110794 110824 110810 110751 110760 110829 110748 110807 110760 110799 110807 110801 110675 110725 110814 110816 110722
  731.292  1115419  1539.03  1115649  1532.85 111608 111526 111577 111583 111609 111601 111538 111550 111523 111534 111589 111554 111584 111504 111593 111461 111510 111603 111513 111508
  736.292  1122947  1535.55  1123198  1533.31 112296 112305 112342 112348 112297 112365 112312 112322 112301 112310 112274 112316 112271 112282 112354 112229 112279 112367 112291 112284
  741.292  1130585  1530.02  1130842  1529.82 113061 113069 113107 113112 113061 113129 113076 113086 113065 113076 113039 113080 113035 113043 113117 112994 113042 113129 113055 113051
  746.292  1138234  1527.48  1138423  1532.92 113827 113836 113872 113879 113828 113817 113841 113851 113830 113842 113807 113842 113801 113808 113884 113757 113808 113891 113818 113818
  751.292  1145895  1531.34  1146230  1538.96 114606 114616 114651 114658 114608 114600 114623 114634 114611 114623 114587 114624 114581 114590 114592 114540 114589 114597 114595 114600
  756.292  1153649  1533.32  1153917  1542.85 115390 115400 115358 115366 115394 115383 115408 115416 115396 115406 115374 115332 115366 115375 115377 115325 115368 115377 115376 115379
  761.292  1161257  1530.50  1161522  1536.78 116149 116160 116119 116129 116153 116144 116170 116178 116154 116166 116132 116095 116129 116135 116138 116085 116127 116139 116139 116138
  766.293  1168861  1535.57  1169205  1538.52 116917 116930 116887 116896 116921 116910 116942 116945 116922 116935 116903 116861 116895 116902 116904 116853 116817 116908 116911 116907
  771.292  1176683  1541.86  1177030  1542.40 117700 117712 117670 117680 117703 117694 117724 117728 117703 117716 117684 117647 117676 117681 117689 117633 117598 117687 117696 117692
  776.292  1184478  1546.83  1184834  1547.23 118479 118494 118449 118460 118484 118473 118504 118509 118483 118499 118466 118428 118460 118460 118466 118412 118378 118462 118475 118471
  781.292  1191926  1539.53  1192423  1540.03 119238 119251 119208 119219 119243 119237 119262 119267 119241 119257 119226 119189 119219 119226 119222 119094 119135 119225 119235 119155
  786.292  1199523  1531.81  1200032  1532.28 119998 120012 119970 119981 120002 119998 120023 120028 120002 120018 119986 119949 119980 119984 119981 119853 119895 119991 119988 119916
  791.292  1207379  1537.21  1207894  1540.60 120783 120798 120757 120767 120789 120783 120808 120813 120789 120807 120772 120732 120767 120769 120765 120642 120680 120777 120774 120701
  796.292  1215170  1543.88  1215538  1539.45 121563 121578 121536 121546 121569 121562 121512 121515 121569 121588 121551 121511 121545 121548 121543 121421 121462 121558 121553 121478
  801.292  1222814  1535.42  1223103  1533.44 122326 122341 122299 122309 122334 122326 122278 122281 122334 122275 122312 122276 122307 122314 122307 122190 122230 122321 122318 122239
  806.292  1230413  1525.94  1230706  1523.86 123088 123100 123060 123071 123094 123088 123038 123039 123094 123034 123071 123038 123063 123075 123066 122948 122993 123081 123078 123000
  811.293  1238265  1537.21  1238558  1530.44 123873 123884 123846 123856 123879 123873 123824 123825 123879 123819 123857 123826 123848 123860 123853 123735 123774 123865 123861 123786
  816.292  1245923  1543.94  1246303  1537.27 124656 124590 124629 124640 124660 124656 124605 124606 124660 124601 124563 124606 124628 124564 124635 124519 124552 124652 124637 124567
  821.292  1253445  1535.69  1253752  1528.71 125416 125350 125389 125399 125344 125416 125363 125371 125344 125360 125322 125367 125386 125323 125399 125278 125309 125408 125324 125329
  826.292  1261432  1542.35  1261658  1542.62 126146 126154 126193 126204 126150 126148 126169 126178 126150 126166 126129 126175 126117 126126 126205 126085 126116 126213 126132 126134
  831.292  1269350  1549.38  1269545  1552.30 126930 126941 126989 127001 126936 126931 126961 126967 126936 126953 126916 126974 126897 126917 127003 126876 126911 127013 126921 126922
  836.292  1276915  1550.54  1277286  1558.19 127709 127717 127754 127765 127713 127710 127735 127740 127713 127730 127692 127665 127676 127696 127769 127646 127677 127700 127701 127693
  841.292  1284914  1557.87  1285217  1563.17 128516 128524 128488 128500 128520 128518 128544 128550 128520 128537 128496 128467 128483 128504 128502 128454 128487 128507 128510 128504
  846.292  1292926  1569.68  1293241  1572.57 129318 129325 129291 129302 129325 129321 129346 129351 129322 129340 129299 129268 129284 129305 129304 129254 129288 129308 129313 129303
  851.292  1300914  1584.13  1301248  1587.72 130118 130126 130087 130098 130126 130122 130150 130154 130122 130145 130098 130062 130083 130105 130096 130054 130092 130106 130111 130107
  856.292  1316316  1818.83  1317034  1834.19 131681 131702 131617 131650 131700 131696 131765 131778 131694 131751 131629 131550 131606 131655 131590 131637 131700 131605 131643 131701
  861.292  1328969  1995.57  1330212  2028.05 133016 133022 132980 133006 133022 133020 133044 133047 133016 133039 132908 132860 132908 132914 132916 132861 132830 132914 132929 132929
  866.292  1336941  2006.68  1338196  2036.28 133814 133821 133779 133804 133821 133818 133842 133845 133815 133837 133706 133658 133707 133712 133718 133654 133623 133711 133727 133725
  871.292  1344833  1999.50  1346083  2031.28 134602 134609 134569 134593 134609 134605 134632 134637 134602 134625 134494 134445 134492 134501 134508 134447 134413 134499 134516 134518
  876.292  1352343  1983.83  1353680  2010.57 135364 135370 135329 135353 135369 135366 135389 135393 135364 135383 135253 135201 135248 135263 135266 135130 135175 135257 135277 135273
  881.292  1360175  1981.21  1361502  2004.50 136154 136159 136121 136144 136158 136155 136179 136107 136153 136172 136040 135992 136039 136054 136054 135923 135966 136051 136068 135988
  886.292  1367891  1720.70  1369141  1733.29 136926 136931 136891 136914 136930 136928 136874 136878 136925 136944 136812 136762 136808 136826 136829 136698 136740 136818 136837 136761
  891.293  1375380  1544.90  1376657  1538.32 137675 137681 137642 137665 137684 137678 137627 137630 137680 137695 137561 137510 137557 137573 137576 137448 137486 137568 137590 137511
  896.292  1382918  1527.62  1384114  1523.15 138430 138433 138396 138420 138437 138431 138380 138382 138433 138372 138314 138267 138312 138325 138328 138201 138241 138324 138345 138261
  901.292  1390359  1515.19  1391639  1511.06 139181 139185 139148 139172 139189 139183 139134 139135 139185 139127 139066 139022 139065 138999 139081 138955 138989 139075 139095 139012
  906.292  1397907  1513.66  1398972  1509.60 139937 139865 139905 139928 139868 139939 139890 139892 139864 139884 139819 139775 139822 139752 139838 139710 139745 139830 139851 139765
  911.292  1405390  1502.06  1406520  1500.52 140691 140622 140658 140683 140623 140692 140644 140647 140621 140639 140492 140536 140578 140508 140596 140465 140498 140584 140609 140524
  916.292  1413089  1504.11  1414145  1505.18 141394 141401 141433 141459 141401 141396 141421 141425 141399 141416 141270 141312 141356 141290 141372 141241 141274 141360 141315 141299
  921.292  1420551  1505.86  1421686  1506.12 142148 142154 142187 142213 142154 142149 142178 142180 142153 142170 142023 142066 142035 142045 142127 141993 142024 142117 142067 142054
  926.292  1428295  1512.27  1429335  1514.88 142920 142927 142962 142909 142924 142920 142951 142952 142926 142944 142796 142842 142807 142818 142900 142768 142798 142894 142841 142831
  931.292  1435872  1519.63  1436982  1519.06 143694 143699 143657 143683 143696 143694 143722 143724 143699 143714 143570 143535 143581 143592 143674 143541 143575 143587 143614 143603
  936.292  1443334  1519.26  1444525  1523.52 144448 144454 144411 144438 144450 144448 144475 144480 144453 144468 144322 144289 144335 144349 144350 144295 144328 144340 144369 144357
  941.292  1451191  1527.83  1452386  1530.08 145231 145243 145189 145220 145235 145231 145268 145271 145241 145257 145107 145068 145120 145140 145131 145083 145123 145122 145151 145146
  946.292  1458789  1525.07  1459985  1529.60 145997 146004 145959 145989 146000 145997 146011 146014 146004 146010 145874 145839 145887 145897 145901 145824 145864 145892 145920 145891
  951.292  1466234  1523.00  1467443  1525.55 146736 146746 146699 146729 146741 146736 146767 146771 146751 146767 146612 146579 146626 146642 146641 146585 146620 146631 146654 146644
  956.292  1474031  1527.08  1475308  1530.07 147524 147532 147484 147514 147528 147523 147552 147557 147541 147553 147397 147366 147412 147428 147426 147375 147333 147418 147443 147433
  961.292  1481523  1524.30  1482802  1527.55 148282 148289 148241 148271 148284 148281 148307 148239 148297 148311 148152 148123 148168 148186 148187 148056 148090 148176 148198 148187
  966.292  1489276  1531.51  1490478  1526.91 149057 149063 149019 149048 149059 149057 149083 149011 149072 149009 148926 148900 148943 148966 148962 148826 148864 148953 148970 148966
  971.292  1496980  1528.93  1498190  1524.26 149836 149843 149795 149825 149838 149837 149786 149791 149850 149789 149706 149675 149715 149744 149738 149604 149645 149731 149752 149670
  976.292  1504559  1528.41  1505760  1523.47 150592 150599 150553 150582 150595 150594 150544 150550 150605 150546 150464 150434 150470 150501 150497 150363 150399 150492 150509 150430
  981.292  1512246  1536.68  1513455  1531.68 151367 151378 151329 151358 151370 151370 151323 151328 151309 151323 151239 151208 151247 151204 151272 151143 151178 151268 151282 151205
  986.292  1520034  1528.36  1521237  1525.97 152147 152155 152108 152137 152150 152150 152100 152105 152085 152100 152019 151990 152030 151979 152051 151918 151956 152046 152061 151984
  991.292  1527580  1530.07  1528698  1527.35 152900 152834 152862 152891 152903 152903 152853 152858 152840 152854 152775 152745 152786 152733 152805 152672 152709 152802 152815 152738
  996.292  1535397  1537.42  1536520  1537.32 153698 153631 153658 153687 153626 153625 153651 153654 153638 153652 153496 153540 153581 153531 153603 153467 153503 153601 153536 153539
 1001.292  1543350  1545.77  1544395  1545.37 154415 154425 154453 154482 154421 154419 154448 154450 154433 154449 154291 154334 154378 154327 154402 154264 154297 154394 154330 154333
 1006.292  1551034  1547.52  1552070  1547.92 155177 155189 155228 155255 155187 155183 155216 155220 155199 155216 155053 155106 155149 155090 155176 155031 155066 155169 155097 155097
 1011.292  1558887  1552.35  1559957  1555.34 155970 155980 156009 156037 155981 155979 156003 156005 155990 156003 155843 155887 155933 155878 155956 155818 155851 155949 155887 155885
 1016.292  1566598  1555.02  1567820  1560.76 156763 156775 156802 156756 156775 156774 156797 156798 156783 156797 156637 156604 156653 156669 156749 156611 156651 156667 156679 156678
 1021.292  1574569  1566.60  1575709  1569.85 157558 157572 157524 157552 157570 157571 157593 157596 157580 157593 157430 157403 157450 157467 157546 157414 157449 157464 157477 157469
 1026.293  1582260  1563.56  1583478  1566.81 158332 158350 158296 158324 158349 158350 158373 158375 158357 158372 158207 158174 158228 158242 158242 158195 158233 158238 158254 158247
 1031.292  1589967  1556.71  1591178  1559.70 159104 159121 159071 159101 159118 159119 159140 159141 159125 159138 158976 158947 159002 159011 159018 158961 158996 159013 159026 159017
 1036.292  1597912  1562.84  1599120  1568.64 159899 159915 159864 159896 159913 159914 159935 159934 159918 159932 159771 159741 159798 159808 159810 159758 159792 159808 159819 159807
 1041.292  1605801  1566.68  1607073  1565.97 160697 160710 160661 160691 160707 160709 160729 160730 160711 160728 160567 160540 160597 160605 160606 160554 160513 160604 160616 160599
 1046.292  1613657  1573.81  1614996  1564.25 161491 161502 161451 161485 161500 161502 161521 161522 161502 161520 161361 161331 161390 161400 161401 161269 161305 161398 161411 161391
 1051.293  1621245  1555.37  1622616  1554.53 162247 162267 162208 162241 162261 162262 162288 162289 162266 162287 162118 162088 162148 162164 162156 162024 162062 162154 162173 162158
 1056.292  1629120  1565.09  1630295  1561.29 163039 163055 163005 163036 163051 163053 163001 163001 163054 163000 162913 162884 162943 162954 162957 162819 162859 162952 162972 162867
 1061.292  1636997  1570.54  1638190  1564.87 163826 163846 163792 163824 163842 163843 163791 163792 163844 163790 163700 163669 163732 163747 163742 163605 163646 163740 163762 163654
 1066.292  1644828  1569.31  1646090  1560.82 164618 164636 164582 164613 164631 164632 164581 164581 164635 164581 164490 164463 164518 164461 164535 164395 164436 164532 164551 164447
 1071.292  1652485  1551.88  1653772  1548.93 165391 165406 165349 165385 165402 165402 165344 165344 165405 165344 165261 165228 165287 165225 165301 165158 165201 165298 165321 165205
 1076.292  1660312  1550.42  1661422  1545.18 166170 166106 166132 166164 166179 166179 166129 166129 166105 166129 166040 166008 166067 166012 166082 165945 165990 166078 166097 165993
 1081.292  1668081  1561.56  1669201  1555.69 166963 166899 166926 166956 166897 166897 166922 166921 166898 166922 166757 166799 166861 166805 166874 166735 166783 166871 166815 166781
 1086.292  1676037  1564.18  1677154  1564.92 167757 167695 167722 167752 167692 167693 167718 167716 167694 167715 167556 167595 167653 167600 167667 167531 167580 167669 167611 167575
 1091.292  1683885  1561.24  1684904  1561.44 168459 168477 168512 168546 168470 168470 168501 168499 168471 168499 168329 168388 168438 168381 168455 168317 168363 168459 168395 168360
 1096.292  1691528  1554.36  1692499  1554.80 169234 169247 169270 169229 169240 169241 169269 169264 169241 169264 169101 169148 169199 169147 169214 169084 169127 169218 169166 169124
 1101.292  1699501  1562.48  1700467  1561.91 170030 170044 170067 170028 170036 170037 170066 170060 170039 170060 169903 169945 169993 169943 170009 169880 169926 170016 169963 169923
 1106.292  1707276  1565.81  1708392  1571.11 170822 170836 170860 170821 170828 170828 170858 170854 170831 170854 170699 170664 170787 170731 170799 170670 170717 170737 170757 170715
 1111.292  1715019  1570.05  1716275  1569.21 171611 171624 171647 171611 171616 171615 171647 171642 171620 171642 171490 171453 171498 171521 171516 171458 171504 171527 171547 171505
 1116.292  1722640  1554.97  1723808  1556.98 172369 172386 172329 172370 172376 172375 172413 172404 172382 172404 172251 172211 172252 172285 172269 172225 172276 172286 172312 172273
 1121.292  1730494  1556.41  1731668  1561.51 173157 173171 173122 173156 173162 173161 173196 173188 173168 173187 173040 172999 173043 173069 173059 173008 173055 173073 173091 173057
 1126.292  1738340  1563.39  1739586  1570.03 173950 173964 173912 173950 173954 173953 173987 173980 173959 173977 173828 173793 173836 173861 173852 173798 173775 173866 173879 173852
 1131.292  1746312  1560.94  1747557  1570.17 174749 174761 174709 174748 174751 174750 174784 174777 174754 174774 174623 174589 174634 174659 174650 174590 174577 174662 174677 174651
 1136.293  1754127  1557.10  1755377  1561.60 175529 175545 175485 175526 175532 175532 175570 175562 175538 175558 175404 175366 175410 175446 175426 175375 175357 175441 175465 175437
 1141.292  1761738  1557.82  1762971  1554.46 176298 176310 176258 176298 176300 176301 176255 176325 176304 176322 176169 176136 176183 176210 176200 176064 176132 176211 176231 176202
 1146.292  1769636  1569.62  1770936  1566.36 177093 177107 177056 177093 177097 177097 177051 177122 177100 177120 176970 176931 176980 177009 176999 176862 176929 177007 177026 176923
 1151.292  1777594  1573.09  1778764  1565.20 177891 177903 177855 177889 177896 177894 177850 177846 177898 177842 177764 177724 177774 177805 177796 177658 177727 177804 177821 177721
 1156.292  1785549  1575.19  1786724  1563.54 178690 178704 178650 178687 178699 178693 178642 178633 178699 178627 178561 178520 178570 178606 178594 178448 178516 178600 178619 178515
 1161.292  1793118  1557.85  1794287  1550.13 179444 179455 179408 179442 179450 179446 179403 179397 179451 179391 179312 179276 179332 179358 179354 179206 179273 179362 179370 179275
 1166.292  1800836  1554.92  1802074  1551.83 180229 180165 180194 180229 180237 180232 180192 180183 180237 180176 180098 180062 180120 180071 180139 179996 180060 180148 180081 180061
 1171.292  1808817  1567.42  1809960  1564.23 181026 180960 180991 181026 181032 181027 180990 180979 180956 180973 180895 180858 180921 180866 180938 180798 180861 180947 180877 180856
 1176.292  1816639  1564.48  1817794  1562.40 181818 181749 181781 181818 181749 181818 181780 181769 181748 181764 181612 181649 181715 181654 181729 181585 181653 181734 181666 181642
 1181.292  1824290  1552.05  1825177  1554.46 182501 182509 182551 182500 182507 182499 182545 182532 182508 182525 182369 182420 182479 182414 182498 182348 182420 182504 182430 182408
 1186.292  1832114  1550.05  1833058  1552.37 183294 183299 183330 183292 183299 183290 183329 183316 183298 183311 183159 183201 183257 183200 183276 183131 183205 183280 183216 183189
 1191.292  1839898  1559.60  1840984  1561.95 184086 184092 184125 184084 184092 184083 184121 184107 184091 184103 183953 183922 184051 183994 184073 183922 183997 184000 184006 183980
 1196.292  1847770  1567.37  1848855  1567.37 184879 184887 184845 184877 184886 184877 184918 184902 184887 184897 184745 184717 184843 184788 184791 184717 184794 184796 184803 184776
