Test case: 
Description: 
	10 senders: persistent queues
	10 receivers: client acknowledge every 50 messages
Timestamp: 2011.11.1 21:19:58
Version: 
Setting up JMS benchmark connections... 

Start processing messages.
Thu Dec 01 21:19:58 EST 2011

  Seconds   Send   Send/Sec   Recv   Recv/Sec   RCV0   RCV1   RCV2   RCV3   RCV4   RCV5   RCV6   RCV7   RCV8   RCV9  SND10  SND11  SND12  SND13  SND14  SND15  SND16  SND17  SND18  SND19
  ------- -------- -------- -------- -------- ------ ------ ------ ------ ------ ------ ------ ------ ------ ------ ------ ------ ------ ------ ------ ------ ------ ------ ------ ------
    1.260        0     0.00        0     0.00      0      0      0      0      0      0      0      0      0      0      0      0      0      0      0      0      0      0      0      0
    6.260     1202   261.30     1200   260.87    120    120    120    118    120    121    121    120    120    120    121    120    119    122    120    120    118    121    121    120
   11.260     2925   284.17     2908   286.25    296    293    295    293    292    278    278    296    295    292    292    292    293    294    293    292    291    293    293    292
   16.260     4492   307.67     4514   307.53    455    450    451    450    450    455    451    451    451    450    447    449    451    450    450    448    449    449    450    449
   21.260     6352   322.35     6370   323.27    626    639    650    629    636    624    626    651    650    639    626    630    647    648    631    639    633    628    639    631
   26.260    12436   498.50    12233   497.28   1213   1253   1205   1228   1242   1209   1217   1207   1208   1251   1224   1233   1275   1292   1225   1247   1235   1232   1243   1230
   31.260    20974   705.54    20873   702.26   2077   2117   2070   2092   2103   2073   2081   2074   2073   2113   2088   2096   2137   2068   2090   2106   2100   2090   2107   2092
   36.260    29722   950.90    29626   947.75   2951   2996   2945   2965   2980   2946   2957   2948   2947   2991   2959   2971   3013   2943   2961   2983   2974   2965   2982   2971
   41.260    38911  1198.59    38831  1199.43   3874   3915   3864   3888   3900   3867   3878   3868   3867   3910   3877   3897   3930   3864   3878   3896   3897   3884   3902   3886
   46.260    47521  1435.25    47458  1435.38   4735   4781   4728   4749   4759   4729   4740   4731   4730   4776   4738   4756   4793   4727   4737   4762   4753   4750   4762   4743
   51.260    55496  1638.83    55532  1641.91   5540   5587   5538   5556   5565   5540   5545   5541   5540   5580   5547   5562   5514   5538   5542   5566   5560   5556   5565   5546
   56.260    62972  1680.07    63008  1695.77   6288   6333   6285   6302   6314   6288   6293   6289   6287   6329   6298   6309   6257   6285   6291   6319   6303   6305   6313   6292
   61.260    70644  1648.01    70675  1660.36   7055   7101   7053   7070   7080   7054   7059   7055   7053   7095   7064   7076   7028   7053   7056   7086   7073   7069   7078   7061
   66.260    78137  1606.88    78106  1616.68   7816   7783   7809   7831   7839   7812   7819   7813   7809   7775   7822   7834   7787   7808   7817   7765   7827   7824   7836   7817
   71.260    85713  1552.11    85686  1561.74   8575   8539   8566   8590   8598   8568   8577   8569   8566   8538   8581   8589   8540   8563   8574   8525   8588   8587   8591   8575
   76.260    93305  1520.96    93362  1530.15   9344   9309   9333   9358   9365   9335   9344   9335   9333   9306   9344   9355   9301   9334   9346   9289   9353   9355   9285   9343
   81.260   101122  1515.37   101183  1513.76  10126  10090  10115  10140  10147  10116  10127  10117  10116  10089  10124  10140  10084  10115  10129  10070  10133  10137  10067  10123
   86.260   108583  1522.85   108897  1521.74  10903  10868  10896  10919  10849  10896  10904  10899  10895  10868  10899  10840  10861  10894  10828  10849  10837  10911  10844  10820
   91.260   116223  1521.70   116461  1520.99  11667  11633  11660  11605  11614  11661  11670  11660  11658  11633  11666  11605  11626  11660  11588  11614  11600  11675  11607  11582
   96.260   123777  1526.31   124096  1527.62  12429  12397  12424  12368  12379  12425  12433  12424  12421  12396  12348  12373  12386  12423  12349  12380  12362  12438  12371  12347
  101.260   131424  1530.97   131671  1531.28  13119  13170  13201  13138  13149  13201  13123  13202  13200  13168  13120  13145  13162  13203  13119  13154  13134  13126  13143  13118
  106.260   139278  1537.23   139526  1538.21  13910  13954  13983  13927  13936  13983  13916  13983  13983  13951  13910  13932  13941  13985  13903  13940  13919  13917  13927  13904
  111.260   146854  1529.48   147128  1531.23  14669  14713  14746  14686  14695  14742  14674  14746  14746  14711  14668  14690  14703  14744  14661  14697  14675  14671  14686  14659
  116.260   154374  1531.48   154415  1524.93  15431  15474  15428  15446  15453  15422  15436  15428  15427  15470  15432  15446  15464  15425  15420  15459  15436  15428  15444  15420
  121.260   161994  1530.74   162047  1524.56  16193  16237  16192  16208  16217  16186  16196  16191  16192  16235  16188  16206  16229  16188  16184  16224  16200  16189  16206  16180
  126.260   169832  1539.90   169887  1531.07  16977  17026  16971  16996  17002  16967  16982  16971  16971  17024  16977  16991  17012  16967  16968  17006  16986  16971  16989  16965
  131.260   177579  1541.01   177655  1537.75  17751  17801  17750  17771  17779  17746  17758  17749  17750  17800  17751  17768  17785  17743  17742  17780  17758  17749  17765  17738
  136.260   185205  1528.39   185277  1527.65  18515  18563  18512  18537  18540  18508  18521  18510  18512  18559  18512  18531  18547  18503  18502  18541  18525  18511  18533  18500
  141.260   192763  1527.79   192909  1525.97  19278  19327  19276  19300  19301  19272  19284  19272  19276  19323  19275  19291  19232  19268  19264  19306  19289  19276  19296  19266
  146.260   200554  1531.60   200628  1543.07  20057  20029  20054  20079  20085  20051  20063  20053  20055  20102  20051  20069  20013  20048  20046  20085  20066  20052  20080  20044
  151.260   208310  1533.39   208329  1542.55  20835  20806  20833  20856  20862  20830  20842  20833  20832  20800  20826  20846  20787  20823  20819  20857  20845  20828  20855  20824
  156.260   215923  1528.39   216017  1537.58  21603  21575  21600  21627  21633  21598  21611  21600  21599  21571  21595  21616  21554  21593  21589  21548  21612  21594  21626  21596
  161.260   223573  1523.96   223674  1533.15  22373  22338  22365  22392  22399  22364  22379  22365  22364  22335  22362  22382  22316  22356  22355  22309  22376  22363  22387  22367
  166.260   231289  1527.48   231407  1539.83  23154  23119  23146  23174  23100  23145  23160  23146  23146  23117  23141  23160  23095  23137  23133  23087  23155  23147  23088  23146
  171.261   238958  1536.34   239235  1535.44  23936  23901  23930  23955  23881  23930  23942  23930  23930  23900  23923  23866  23880  23924  23833  23866  23940  23928  23869  23929
  176.260   246465  1532.89   246893  1534.40  24700  24668  24696  24719  24650  24696  24707  24696  24696  24665  24687  24635  24650  24686  24602  24631  24627  24689  24640  24618
  181.260   254069  1529.43   254463  1532.79  25480  25442  25472  25406  25417  25474  25487  25471  25471  25437  25370  25398  25427  25459  25368  25399  25391  25468  25407  25382
  186.261   262027  1544.60   262400  1546.28  26196  26245  26269  26215  26224  26271  26202  26269  26269  26240  26178  26205  26227  26250  26178  26203  26200  26184  26212  26190
  191.260   270080  1558.04   270458  1559.58  27000  27051  27075  27021  27031  27077  27008  27075  27075  27045  26982  27010  27035  27059  26979  27007  27006  26990  27018  26994
  196.260   277994  1564.77   278474  1566.28  27800  27851  27879  27822  27831  27880  27807  27879  27879  27846  27777  27810  27834  27778  27778  27804  27811  27790  27815  27797
  201.260   285914  1572.58   286353  1568.69  28594  28649  28679  28614  28626  28591  28600  28679  28679  28642  28565  28602  28631  28569  28569  28599  28605  28574  28611  28589
  206.260   293658  1581.17   293834  1570.20  29370  29416  29367  29389  29400  29369  29378  29367  29366  29412  29345  29374  29398  29348  29343  29369  29379  29352  29384  29366
  211.260   301683  1595.23   301864  1582.45  30173  30223  30170  30191  30202  30172  30181  30170  30168  30214  30148  30177  30201  30153  30149  30167  30180  30154  30185  30169
  216.260   309691  1592.07   309895  1588.71  30975  31030  30973  30993  31005  30975  30983  30973  30971  31017  30946  30978  31003  30952  30950  30966  30983  30958  30987  30968
  221.261   317722  1590.89   317935  1585.39  31779  31834  31775  31799  31811  31778  31787  31776  31774  31822  31749  31785  31810  31750  31752  31768  31784  31761  31792  31771
  226.260   325425  1576.74   325540  1573.29  32550  32518  32540  32568  32585  32545  32555  32541  32540  32598  32516  32554  32587  32515  32522  32545  32551  32525  32566  32544
  231.260   333267  1573.76   333486  1576.41  33344  33318  33337  33360  33376  33341  33348  33339  33337  33386  33311  33345  33293  33315  33313  33335  33343  33322  33355  33335
  236.260   341296  1580.22   341512  1589.45  34147  34120  34139  34163  34178  34144  34152  34142  34139  34188  34117  34153  34095  34118  34114  34138  34144  34123  34158  34136
  241.261   349362  1579.26   349587  1588.42  34953  34929  34947  34969  34987  34951  34960  34948  34947  34996  34918  34960  34905  34927  34920  34943  34950  34931  34965  34943
  246.260   357225  1576.61   357508  1585.50  35756  35723  35746  35770  35796  35751  35762  35749  35746  35709  35720  35769  35700  35727  35724  35657  35759  35739  35681  35749
  251.260   364944  1566.33   365158  1574.25  36527  36500  36519  36541  36484  36526  36532  36521  36519  36489  36492  36534  36473  36504  36488  36435  36526  36509  36462  36521
  256.260   373024  1579.18   373254  1588.14  37336  37310  37327  37350  37294  37335  37341  37333  37329  37299  37302  37342  37280  37309  37296  37248  37334  37315  37268  37330
  261.260   380961  1584.97   381276  1588.22  38138  38113  38129  38152  38097  38136  38143  38136  38131  38101  38101  38146  38078  38111  38023  38049  38135  38117  38070  38131
  266.260   388854  1584.83   389330  1585.00  38946  38917  38933  38959  38901  38941  38951  38940  38936  38906  38908  38872  38886  38917  38825  38854  38860  38921  38874  38937
  271.260   396339  1570.49   396939  1571.60  39719  39684  39701  39733  39664  39717  39637  39709  39706  39669  39592  39636  39651  39689  39584  39614  39623  39693  39638  39619
  276.260   404245  1575.35   404722  1574.28  40429  40479  40494  40442  40468  40505  40438  40500  40498  40469  40393  40442  40448  40477  40384  40416  40424  40405  40435  40421
  281.260   412226  1586.64   412797  1585.50  41236  41287  41301  41249  41274  41314  41244  41309  41304  41279  41198  41246  41257  41207  41190  41224  41231  41210  41236  41227
  286.260   420265  1585.27   420766  1584.03  42040  42092  42106  42052  42081  42041  42049  42112  42109  42084  42002  42048  42062  42008  41996  42030  42036  42015  42040  42028
  291.260   428016  1572.94   428560  1574.08  42815  42872  42891  42827  42858  42814  42824  42900  42897  42862  42771  42822  42845  42780  42774  42809  42814  42787  42816  42798
  296.260   435918  1571.71   436373  1565.64  43609  43658  43675  43620  43649  43609  43616  43605  43680  43652  43564  43614  43630  43572  43565  43599  43604  43579  43602  43589
  301.260   443973  1590.91   444357  1580.91  44415  44464  44483  44428  44455  44417  44422  44411  44404  44458  44376  44417  44438  44377  44371  44403  44409  44381  44406  44395
  306.260   451641  1582.77   451945  1576.96  45182  45231  45169  45194  45220  45184  45189  45178  45172  45226  45145  45183  45206  45142  45136  45168  45175  45150  45174  45162
  311.260   459447  1573.99   459756  1567.85  45964  46012  45951  45974  46001  45965  45970  45958  45954  46007  45926  45963  45986  45918  45919  45952  45954  45929  45956  45944
  316.260   467281  1564.88   467601  1563.81  46746  46797  46736  46756  46788  46749  46753  46745  46739  46792  46709  46740  46773  46700  46704  46737  46734  46716  46740  46728
  321.260   474791  1551.58   475112  1556.88  47504  47479  47495  47515  47547  47508  47511  47504  47498  47551  47468  47502  47454  47458  47463  47496  47495  47473  47496  47486
  326.260   482706  1554.62   483118  1560.82  48305  48279  48296  48317  48349  48308  48312  48303  48298  48351  48271  48302  48251  48257  48259  48297  48294  48271  48219  48285
  331.260   490295  1538.81   490636  1545.08  49073  49046  49061  49085  49038  49077  49081  49072  49063  49040  49040  49069  49020  49023  49022  48986  49063  49036  48986  49050
  336.260   498011  1535.67   498326  1545.10  49846  49810  49833  49855  49801  49847  49854  49844  49833  49803  49818  49840  49786  49796  49799  49751  49837  49808  49752  49824
  341.260   506058  1546.23   506411  1555.52  50650  50625  50642  50661  50615  50651  50658  50650  50642  50617  50615  50645  50598  50601  50597  50565  50639  50608  50565  50625
  346.260   513704  1539.72   514051  1545.96  51416  51389  51405  51424  51380  51415  51424  51412  51405  51381  51380  51409  51361  51367  51362  51330  51402  51371  51328  51394
  351.261   521350  1549.60   521873  1556.28  52197  52172  52189  52206  52160  52198  52206  52195  52189  52161  52085  52191  52142  52144  52140  52110  52104  52150  52110  52174
  356.260   529045  1547.15   529740  1546.31  52984  52957  52975  52994  52947  52985  52993  52981  52975  52949  52866  52980  52927  52927  52848  52898  52890  52932  52894  52883
  361.260   536608  1548.72   537396  1550.34  53750  53720  53742  53761  53709  53753  53757  53749  53743  53712  53628  53663  53688  53694  53614  53659  53653  53700  53659  53650
  366.260   544571  1559.85   545285  1562.87  54476  54528  54547  54564  54515  54556  54483  54552  54547  54517  54435  54468  54490  54497  54418  54467  54457  54423  54464  54452
  371.260   552147  1546.66   552798  1546.13  55241  55296  55315  55251  55282  55246  55249  55320  55315  55283  55202  55231  55258  55183  55182  55233  55223  55188  55230  55217
  376.261   559902  1547.32   560571  1548.62  56016  56074  56098  56023  56059  56017  56024  56102  56098  56060  55979  56003  56037  55956  55960  56010  55998  55958  56006  55995
  381.260   567850  1555.29   568503  1554.11  56816  56863  56886  56821  56852  56815  56823  56888  56886  56853  56774  56803  56821  56756  56756  56798  56792  56754  56802  56794
  386.260   575469  1550.30   575909  1541.71  57580  57626  57571  57588  57617  57579  57586  57573  57571  57618  57536  57564  57583  57518  57516  57561  57553  57517  57565  57556
  391.260   583542  1567.21   584000  1556.14  58387  58434  58381  58397  58428  58387  58393  58384  58381  58428  58344  58372  58390  58326  58321  58370  58360  58321  58373  58365
  396.260   591581  1569.70   592051  1561.54  59191  59240  59185  59201  59234  59193  59198  59189  59185  59235  59149  59175  59195  59128  59126  59176  59163  59122  59178  59169
  401.260   599567  1573.39   600009  1575.34  59986  60039  59977  59998  60033  59989  59994  59982  59977  60034  59940  59972  59998  59924  59926  59976  59959  59921  59977  59974
  406.260   607257  1570.82   607701  1573.61  60755  60808  60750  60767  60800  60756  60762  60753  60750  60800  60711  60740  60768  60690  60692  60747  60728  60691  60744  60746
  411.260   615319  1574.56   615698  1578.49  61564  61535  61557  61575  61606  61566  61570  61561  61557  61607  61518  61545  61575  61494  61499  61552  61535  61498  61547  61556
  416.260   623229  1587.15   623767  1595.64  62371  62343  62364  62382  62412  62372  62378  62368  62364  62413  62322  62348  62307  62297  62302  62283  62341  62305  62355  62369
  421.260   631161  1579.19   631638  1590.44  63175  63145  63166  63185  63136  63174  63181  63172  63166  63138  63124  63149  63111  63099  63101  63081  63141  63107  63079  63169
  426.260   638878  1566.21   639348  1578.32  63950  63910  63940  63958  63899  63947  63955  63947  63940  63902  63902  63922  63879  63872  63873  63851  63917  63881  63839  63942
  431.260   646843  1568.64   647332  1577.94  64743  64714  64737  64752  64706  64744  64748  64743  64737  64708  64697  64714  64688  64666  64666  64658  64708  64674  64638  64734
  436.260   654869  1582.45   655448  1589.70  65556  65528  65548  65564  65518  65551  65561  65554  65548  65520  65508  65522  65501  65471  65478  65470  65519  65483  65448  65469
  441.260   662753  1581.61   663497  1586.28  66361  66332  66352  66368  66324  66355  66369  66359  66352  66325  66312  66324  66304  66275  66206  66272  66247  66288  66252  66273
  446.260   670482  1576.44   671360  1575.44  67153  67110  67138  67161  67104  67144  67160  67146  67138  67106  67008  67115  67084  67064  66980  67055  67026  67075  67031  67044
  451.260   678359  1576.01   679023  1577.35  67853  67897  67919  67940  67892  67922  67860  67926  67919  67895  67799  67898  67876  67842  67772  67844  67813  67857  67821  67837
  456.260   686237  1586.66   687071  1588.58  68657  68700  68725  68743  68697  68730  68664  68731  68725  68699  68604  68625  68678  68642  68579  68646  68616  68584  68623  68640
  461.260   694179  1588.46   695034  1590.34  69463  69504  69528  69469  69501  69535  69468  69537  69528  69501  69406  69426  69480  69366  69382  69450  69417  69385  69424  69443
  466.260   702224  1583.69   703085  1585.23  70268  70311  70333  70273  70306  70339  70274  70342  70333  70306  70207  70230  70290  70170  70185  70254  70221  70190  70230  70247
  471.260   709913  1576.68   710626  1569.73  71035  71085  71108  71039  71080  71024  71042  71026  71108  71079  70971  70994  71066  70938  70950  71030  70987  70958  71003  71016
  476.260   717911  1583.98   718614  1572.94  71838  71880  71901  71842  71875  71829  71842  71831  71901  71875  71772  71800  71856  71744  71751  71825  71787  71762  71799  71815
  481.260   725949  1589.32   726516  1586.03  72645  72687  72627  72647  72682  72636  72649  72636  72627  72680  72579  72604  72663  72545  72555  72631  72590  72567  72599  72616
  486.261   733908  1592.17   734500  1583.91  73444  73483  73424  73445  73481  73435  73447  73439  73424  73478  73374  73402  73456  73346  73354  73425  73387  73360  73393  73411
  491.260   741720  1580.16   742288  1576.88  74226  74269  74200  74222  74262  74210  74228  74214  74197  74260  74154  74178  74243  74123  74133  74213  74168  74139  74176  74193
  496.260   749579  1573.47   750184  1570.22  75012  75053  74994  75014  75048  75004  75016  75007  74991  75045  74941  74968  75027  74910  74920  74992  74954  74925  74962  74980
  501.260   757491  1583.66   758164  1584.90  75818  75782  75798  75819  75855  75810  75822  75813  75797  75850  75747  75774  75756  75713  75725  75724  75758  75736  75768  75790
  506.260   765499  1578.88   766180  1585.89  76620  76584  76600  76622  76655  76611  76623  76616  76598  76651  76547  76575  76561  76514  76527  76521  76558  76539  76570  76587
  511.260   773427  1568.47   774016  1581.46  77415  77369  77389  77415  77361  77402  77420  77408  77385  77452  77346  77370  77344  77307  77320  77306  77352  77334  77367  77381
  516.260   781076  1565.12   781710  1574.01  78187  78152  78167  78191  78146  78180  78193  78186  78165  78143  78116  78139  78126  78080  78093  78086  78120  78108  78058  78150
  521.260   789131  1572.89   789774  1580.60  78993  78957  78974  79000  78951  78988  78999  78992  78971  78949  78923  78950  78928  78884  78901  78889  78928  78913  78861  78954
  526.260   797176  1579.33   797823  1585.81  79798  79764  79779  79803  79756  79792  79803  79798  79779  79751  79725  79752  79734  79683  79704  79694  79732  79721  79667  79764
  531.260   804919  1580.64   805815  1585.40  80597  80562  80580  80602  80554  80591  80602  80598  80580  80549  80443  80555  80532  80486  80503  80492  80449  80519  80461  80479
  536.260   812414  1568.69   813384  1567.55  81281  81325  81344  81370  81316  81356  81371  81366  81344  81311  81209  81325  81295  81256  81186  81257  81216  81207  81220  81243
  541.260   820422  1571.91   821325  1574.90  82087  82130  82145  82168  82122  82154  82092  82165  82145  82117  82013  82123  82100  82049  81986  82058  82020  82008  82022  82043
  546.260   828336  1585.96   829322  1587.47  82894  82938  82951  82899  82929  82962  82900  82974  82951  82924  82819  82854  82911  82779  82787  82866  82826  82814  82831  82849
  551.260   836408  1583.98   837313  1587.77  83700  83746  83758  83705  83736  83768  83707  83704  83758  83731  83624  83659  83722  83585  83595  83674  83629  83623  83639  83658
  556.260   844225  1572.82   845154  1576.07  84481  84533  84547  84483  84521  84558  84489  84481  84547  84514  84409  84440  84505  84364  84372  84460  84410  84404  84421  84440
  561.260   852025  1575.74   852857  1571.11  85264  85307  85320  85266  85299  85254  85269  85265  85320  85293  85193  85224  85280  85144  85151  85234  85194  85181  85200  85224
  566.260   860119  1595.82   860952  1586.09  86073  86117  86129  86077  86109  86063  86078  86075  86129  86102  86002  86035  86095  85949  85960  86039  86007  85993  86006  86033
  571.260   868235  1599.30   869063  1591.61  86884  86928  86940  86889  86920  86874  86888  86887  86940  86913  86813  86848  86906  86764  86771  86854  86817  86801  86816  86845
  576.260   876263  1599.08   877092  1587.40  87686  87735  87747  87688  87728  87669  87689  87683  87747  87720  87616  87649  87713  87559  87568  87661  87621  87603  87623  87650
  581.260   883928  1584.16   884621  1579.53  88456  88501  88433  88458  88495  88445  88458  88454  88432  88489  88383  88414  88476  88328  88335  88424  88389  88367  88390  88422
  586.260   891952  1586.07   892658  1586.38  89261  89305  89237  89262  89297  89249  89262  89259  89235  89291  89186  89215  89275  89131  89140  89228  89188  89168  89195  89226
  591.260   899904  1593.76   900703  1595.37  90074  90041  90049  90074  90107  90062  90076  90071  90047  90102  89995  90027  90014  89938  89951  89958  89999  89980  90006  90036
  596.260   907947  1586.38   908759  1593.69  90879  90847  90852  90881  90913  90869  90882  90876  90852  90908  90797  90830  90825  90744  90752  90762  90803  90785  90810  90839
  601.260   915692  1568.39   916415  1576.95  91656  91615  91622  91655  91601  91645  91660  91650  91623  91688  91570  91603  91586  91518  91529  91532  91584  91559  91594  91617
  606.260   923595  1568.12   924356  1573.29  92445  92413  92420  92450  92403  92438  92450  92444  92421  92472  92356  92395  92385  92309  92315  92334  92367  92348  92378  92408
  611.260   931109  1565.64   931855  1572.32  93203  93170  93177  93206  93161  93194  93209  93200  93180  93155  93119  93155  93141  93067  93072  93091  93127  93107  93060  93170
  616.260   938619  1554.33   939619  1561.48  93981  93949  93951  93985  93937  93971  93987  93977  93955  93926  93812  93932  93914  93850  93853  93862  93821  93885  93828  93862
  621.260   946258  1545.25   947180  1549.38  94669  94714  94716  94746  94701  94732  94750  94739  94719  94694  94579  94695  94677  94610  94613  94626  94588  94644  94594  94632
  626.260   953811  1531.58   954744  1535.50  95434  95479  95481  95509  95465  95496  95439  95501  95484  95456  95337  95460  95447  95369  95372  95392  95351  95333  95356  95394
  631.260   961334  1526.54   962354  1533.96  96196  96239  96240  96272  96226  96259  96198  96264  96243  96217  96093  96144  96209  96130  96133  96152  96111  96097  96112  96153
  636.260   968815  1514.90   969930  1516.51  96963  97003  97005  96960  96991  97025  96963  97029  97007  96984  96860  96905  96972  96819  96821  96912  96875  96858  96874  96919
  641.260   976449  1516.48   977487  1521.24  97727  97765  97768  97724  97753  97788  97729  97718  97769  97746  97623  97671  97737  97582  97586  97674  97640  97618  97638  97680
  646.261   984246  1525.72   985215  1521.96  98507  98546  98549  98504  98536  98491  98508  98498  98550  98526  98403  98447  98522  98362  98365  98457  98420  98392  98418  98460
  651.260   991788  1522.79   992758  1519.26  99263  99299  99301  99259  99293  99246  99262  99254  99301  99280  99152  99203  99275  99116  99122  99208  99177  99148  99173  99214
  656.260   999557  1529.60  1000533  1525.67 100041 100076 100080 100039 100068 100021 100039 100032 100079 100058  99929  99983 100052  99896  99901  99988  99947  99926  99948  99987
  661.260  1007429  1541.80  1008419  1535.66 100830 100865 100869 100827 100856 100811 100827 100820 100867 100847 100717 100767 100839 100685 100689 100777 100737 100712 100734 100772
  666.260  1015071  1544.56  1016072  1533.12 101594 101631 101637 101592 101621 101577 101592 101585 101632 101611 101484 101533 101601 101451 101451 101542 101498 101477 101502 101532
  671.260  1022571  1535.20  1023580  1534.13 102351 102390 102320 102350 102381 102336 102350 102343 102391 102368 102245 102290 102355 102211 102207 102222 102259 102233 102260 102289
  676.260  1030193  1529.11  1031059  1528.24 103114 103079 103083 103112 103145 103100 103113 103105 103078 103130 103006 103053 103121 102970 102964 102990 103022 102994 103024 103049
  681.260  1037766  1529.92  1038635  1531.73 103879 103843 103846 103879 103836 103865 103879 103870 103842 103896 103772 103817 103809 103736 103732 103752 103785 103761 103789 103813
  686.260  1045528  1527.48  1046402  1529.13 104655 104619 104622 104656 104612 104644 104653 104649 104619 104673 104548 104591 104587 104512 104510 104529 104560 104539 104568 104584
  691.260  1053401  1522.16  1054275  1528.47 105440 105408 105410 105445 105399 105431 105442 105435 105406 105459 105336 105380 105372 105297 105299 105320 105350 105325 105354 105368
  696.260  1061007  1521.28  1061890  1522.21 106202 106169 106171 106203 106162 106194 106204 106197 106167 106221 106096 106142 106131 106060 106061 106079 106110 106083 106114 106131
  701.260  1068413  1525.55  1069528  1526.46 106966 106933 106934 106967 106925 106955 106969 106962 106933 106984 106783 106905 106893 106823 106826 106841 106799 106845 106800 106898
  706.260  1076107  1530.62  1077227  1536.53 107741 107710 107711 107747 107704 107734 107746 107740 107710 107684 107563 107682 107669 107601 107601 107618 107573 107622 107580 107598
  711.260  1083923  1538.57  1084907  1545.08 108448 108495 108495 108529 108489 108516 108453 108522 108494 108466 108344 108466 108452 108384 108377 108401 108353 108406 108360 108380
  716.260  1091474  1533.89  1092544  1540.50 109210 109259 109260 109293 109254 109281 109215 109287 109256 109229 109109 109229 109209 109147 109142 109163 109119 109092 109120 109144
  721.260  1098947  1525.87  1100098  1527.45 109972 110024 110024 109978 110017 110043 109979 110050 110020 109991 109870 109914 109971 109833 109902 109925 109884 109857 109887 109904
  726.261  1106558  1525.66  1107812  1525.92 110736 110798 110801 110742 110791 110821 110744 110829 110794 110756 110638 110680 110746 110600 110592 110699 110655 110624 110655 110669
  731.260  1114430  1538.15  1115509  1530.67 111524 111586 111591 111530 111580 111517 111532 111523 111582 111544 111428 111465 111535 111385 111376 111486 111445 111414 111441 111455
  736.260  1122132  1539.26  1123227  1533.39 112298 112351 112356 112306 112347 112296 112306 112301 112349 112317 112199 112241 112301 112158 112153 112245 112214 112188 112208 112225
  741.260  1129778  1533.76  1130869  1532.32 113062 113116 113121 113070 113110 113059 113071 113065 113113 113082 112964 113008 113066 112918 112920 113011 112981 112948 112973 112989
  746.260  1137418  1536.76  1138526  1532.87 113829 113882 113887 113835 113875 113825 113836 113830 113879 113848 113729 113771 113828 113683 113686 113774 113745 113710 113736 113756
  751.260  1145222  1542.72  1146250  1541.17 114609 114662 114592 114615 114654 114602 114617 114611 114659 114629 114510 114553 114611 114461 114461 114550 114526 114493 114520 114537
  756.260  1153053  1550.02  1154009  1545.09 115392 115370 115373 115399 115439 115386 115399 115396 115444 115411 115292 115338 115394 115243 115245 115336 115308 115275 115301 115321
  761.260  1160568  1535.50  1161543  1542.21 116153 116134 116135 116156 116200 116146 116163 116154 116130 116172 116051 116097 116153 115998 116004 116018 116070 116033 116062 116082
  766.260  1168164  1531.60  1169150  1535.72 116921 116901 116902 116924 116892 116915 116931 116923 116898 116943 116815 116866 116844 116767 116771 116788 116834 116800 116827 116852
  771.260  1175983  1532.79  1176985  1539.93 117704 117686 117685 117709 117676 117698 117714 117705 117682 117726 117595 117649 117625 117550 117555 117566 117618 117577 117611 117637
  776.260  1183786  1538.09  1184787  1544.77 118485 118465 118464 118489 118456 118479 118495 118485 118462 118507 118373 118431 118406 118326 118333 118346 118400 118362 118391 118418
  781.260  1191215  1528.32  1192373  1537.62 119244 119223 119223 119248 119214 119237 119254 119244 119221 119265 119059 119190 119163 119083 119091 119107 119082 119117 119146 119177
  786.260  1198821  1520.74  1199996  1527.99 120007 119986 119986 120007 119978 119998 120016 120005 119985 120028 119819 119950 119924 119843 119852 119874 119840 119876 119904 119939
  791.261  1206603  1531.88  1207859  1538.72 120794 120772 120772 120794 120764 120785 120803 120792 120770 120813 120605 120738 120709 120632 120640 120658 120625 120663 120612 120721
  796.260  1214303  1538.14  1215427  1545.32 121498 121551 121550 121574 121543 121565 121507 121574 121550 121515 121381 121515 121491 121407 121417 121437 121403 121441 121387 121424
  801.260  1221873  1532.28  1223076  1539.03 122265 122316 122314 122339 122306 122331 122272 122339 122314 122280 122148 122206 122255 122170 122179 122200 122172 122206 122149 122188
  806.260  1229399  1525.50  1230676  1529.56 123025 123078 123073 123099 123067 123092 123031 123099 123073 123039 122909 122965 123016 122932 122944 122959 122933 122887 122908 122946
  811.260  1237188  1540.08  1238529  1533.54 123811 123862 123859 123882 123853 123878 123817 123883 123859 123825 123697 123752 123803 123644 123726 123748 123720 123674 123694 123730
  816.260  1244924  1541.74  1246125  1537.21 124593 124646 124643 124588 124636 124584 124597 124589 124643 124606 124481 124532 124581 124423 124431 124531 124501 124455 124475 124514
  821.260  1252522  1535.69  1253728  1529.01 125356 125406 125402 125347 125397 125344 125355 125348 125402 125371 125241 125292 125342 125185 125191 125290 125260 125210 125239 125272
  826.260  1260570  1547.54  1261780  1545.42 126162 126212 126206 126151 126201 126149 126161 126153 126207 126178 126045 126098 126144 125990 125994 126095 126064 126014 126046 126080
  831.260  1268488  1554.97  1269701  1552.25 126951 127010 127003 126940 126999 126937 126951 126940 127004 126966 126835 126885 126945 126778 126781 126895 126854 126804 126839 126872
  836.260  1276190  1560.34  1277337  1558.46 127724 127699 127768 127716 127764 127713 127728 127716 127769 127740 127604 127657 127704 127555 127559 127657 127621 127576 127609 127648
  841.260  1284272  1567.25  1285269  1563.29 128534 128508 128502 128522 128575 128518 128537 128521 128502 128550 128415 128461 128514 128359 128368 128470 128428 128384 128416 128457
  846.260  1292224  1577.07  1293210  1572.27 129335 129310 129304 129325 129301 129319 129338 129323 129304 129351 129223 129263 129317 129160 129171 129197 129232 129187 129219 129255
  851.260  1300156  1583.44  1301204  1584.05 130138 130105 130100 130126 130099 130119 130141 130122 130100 130154 130026 130066 130036 129961 129971 129996 130036 129991 130018 130055
  856.260  1315612  1809.22  1316921  1826.17 131759 131649 131630 131700 131630 131688 131758 131696 131630 131781 131621 131621 131503 131500 131494 131488 131624 131540 131608 131613
  861.260  1328202  1986.01  1330186  2021.95 133031 133005 133002 133021 133001 133016 133041 133020 133001 133048 132828 132859 132835 132765 132775 132817 132846 132794 132824 132859
  866.260  1336104  1995.10  1338172  2033.69 133830 133803 133801 133819 133800 133814 133839 133818 133801 133847 133552 133654 133635 133564 133570 133610 133642 133594 133622 133661
  871.260  1343908  1984.53  1346068  2031.74 134622 134594 134591 134607 134591 134601 134628 134605 134589 134640 134340 134444 134423 134348 134356 134399 134435 134379 134334 134450
  876.261  1351427  1974.03  1353587  2013.52 135378 135353 135350 135368 135350 135364 135387 135367 135349 135321 135102 135199 135183 135106 135118 135161 135113 135143 135096 135206
  881.260  1359332  1973.22  1361410  2010.34 136091 136144 136140 136157 136140 136153 136178 136156 136140 136111 135891 135993 135975 135894 135907 135951 135903 135934 135887 135997
  886.260  1366985  1713.78  1369048  1741.64 136861 136915 136911 136929 136910 136925 136875 136929 136910 136883 136662 136766 136749 136667 136682 136723 136675 136709 136659 136693
  891.260  1374342  1543.19  1376564  1546.17 137610 137666 137662 137682 137661 137679 137628 137682 137661 137633 137412 137441 137497 137420 137434 137471 137427 137384 137411 137445
  896.260  1381802  1528.46  1384096  1523.49 138363 138421 138416 138435 138415 138431 138380 138436 138415 138384 138166 138197 138247 138099 138188 138226 138178 138135 138164 138202
  901.260  1389330  1519.19  1391621  1511.04 139116 139173 139169 139187 139169 139183 139132 139188 139168 139136 138920 138951 138999 138850 138940 138975 138932 138890 138915 138958
  906.260  1396891  1518.07  1399032  1512.27 139873 139930 139926 139866 139926 139939 139889 139866 139924 139893 139681 139704 139754 139609 139695 139734 139685 139646 139669 139714
  911.260  1404368  1506.29  1406503  1503.04 140627 140683 140680 140621 140680 140620 140643 140621 140680 140648 140435 140463 140510 140361 140378 140489 140441 140399 140421 140471
  916.260  1412134  1510.12  1414271  1507.67 141403 141458 141456 141400 141456 141398 141419 141399 141456 141426 141213 141241 141285 141136 141154 141266 141219 141172 141200 141248
  921.260  1419663  1513.29  1421807  1508.29 142156 142211 142210 142154 142210 142151 142172 142153 142210 142180 141965 141991 142037 141894 141908 142017 141973 141924 141954 142000
  926.260  1427398  1519.60  1429471  1514.70 142932 142907 142985 142926 142985 142926 142946 142924 142985 142955 142740 142767 142811 142665 142680 142793 142744 142696 142727 142775
  931.260  1435044  1523.66  1436963  1518.96 143703 143681 143679 143700 143680 143698 143715 143698 143680 143729 143512 143537 143584 143434 143457 143493 143515 143468 143499 143545
  936.260  1442499  1522.79  1444498  1520.60 144456 144435 144433 144456 144434 144453 144467 144450 144433 144481 144268 144289 144262 144184 144211 144245 144269 144224 144250 144297
  941.260  1450378  1532.00  1452342  1532.27 145245 145215 145212 145245 145214 145239 145255 145235 145211 145271 145062 145074 145047 144975 145000 145021 145061 145014 145041 145083
  946.260  1457921  1521.54  1459957  1526.81 145994 145985 145983 146006 145983 146002 146009 146000 145981 146014 145802 145829 145821 145733 145762 145786 145802 145769 145780 145837
  951.260  1465413  1517.65  1467396  1522.35 146751 146725 146722 146748 146722 146742 146755 146740 146721 146770 146562 146577 146561 146478 146509 146524 146557 146520 146536 146589
  956.260  1473197  1519.09  1475257  1523.66 147536 147511 147506 147535 147508 147528 147544 147525 147507 147557 147273 147364 147346 147269 147295 147309 147341 147308 147318 147374
  961.260  1480697  1516.85  1482752  1526.41 148291 148268 148264 148292 148265 148286 148301 148281 148265 148239 148030 148125 148101 148026 148055 148066 148100 148062 148003 148129
  966.260  1488383  1527.17  1490510  1531.46 149066 149044 149042 149069 149042 149062 149075 149057 149041 149012 148806 148900 148880 148800 148830 148845 148802 148838 148781 148901
  971.260  1496097  1524.09  1498216  1529.13 149768 149820 149819 149848 149819 149843 149854 149837 149817 149791 149588 149679 149662 149576 149610 149622 149583 149613 149559 149605
  976.260  1503590  1525.15  1505718  1528.14 150526 150579 150579 150602 150579 150598 150537 150594 150577 150547 150343 150363 150419 150334 150370 150381 150336 150367 150317 150360
  981.260  1511203  1531.58  1513488  1531.74 151303 151356 151354 151381 151356 151377 151315 151370 151352 151324 151120 151143 151193 151034 151148 151158 151110 151072 151091 151134
  986.261  1518898  1528.52  1521122  1526.34 152079 152135 152132 152086 152135 152080 152092 152151 152131 152101 151895 151920 151972 151806 151848 151932 151891 151851 151868 151915
  991.260  1526430  1529.45  1528663  1527.84 152833 152889 152886 152841 152889 152834 152846 152905 152885 152855 152645 152674 152728 152559 152600 152681 152646 152607 152620 152670
  996.260  1534397  1539.01  1536554  1534.88 153630 153686 153681 153636 153685 153631 153644 153628 153681 153652 153441 153477 153524 153353 153393 153476 153444 153405 153417 153467
 1001.260  1542341  1546.64  1544510  1543.19 154425 154481 154476 154432 154481 154426 154439 154423 154478 154449 154235 154271 154323 154143 154191 154272 154237 154198 154210 154261
 1006.260  1550023  1552.11  1552198  1547.62 155191 155253 155250 155198 155253 155193 155203 155188 155251 155218 155005 155035 155097 154904 154956 155047 155005 154965 154979 155030
 1011.260  1557902  1559.38  1560060  1552.50 155979 156034 156031 155987 156035 155983 155994 155981 156032 156004 155791 155825 155875 155695 155748 155829 155794 155755 155773 155817
 1016.260  1565691  1562.74  1567842  1562.87 156773 156751 156823 156782 156753 156778 156787 156774 156824 156797 156581 156620 156597 156493 156543 156543 156588 156546 156567 156613
 1021.260  1573662  1574.68  1575657  1574.45 157568 157548 157546 157578 157550 157574 157582 157571 157547 157593 157376 157411 157396 157289 157343 157343 157388 157344 157364 157408
 1026.260  1581444  1566.95  1583409  1569.33 158345 158324 158319 158353 158322 158350 158358 158350 158316 158372 158157 158191 158167 158068 158117 158116 158176 158122 158144 158186
 1031.260  1589126  1559.82  1591128  1556.76 159116 159099 159094 159123 159097 159119 159128 159119 159094 159139 158924 158961 158941 158833 158884 158889 158941 158892 158909 158952
 1036.260  1597053  1562.70  1599064  1562.43 159910 159891 159887 159917 159889 159914 159922 159914 159887 159933 159720 159754 159736 159624 159676 159683 159734 159682 159702 159742
 1041.260  1604922  1565.17  1607017  1563.26 160706 160686 160683 160712 160685 160708 160718 160707 160683 160729 160437 160550 160531 160417 160471 160477 160526 160482 160491 160540
 1046.260  1612773  1563.62  1614938  1564.09 161497 161479 161475 161505 161476 161501 161509 161500 161474 161522 161224 161343 161326 161212 161261 161272 161242 161274 161286 161333
 1051.260  1620373  1550.77  1622455  1556.74 162260 162235 162230 162271 162231 162264 162272 162260 162230 162202 161980 162104 162084 161970 162021 162026 162000 162036 162051 162101
 1056.260  1628127  1556.69  1630386  1564.11 163046 163031 163026 163060 163029 163053 163060 163052 163027 163002 162775 162893 162878 162758 162807 162820 162798 162825 162762 162811
 1061.260  1636014  1563.29  1638279  1569.60 163836 163819 163814 163851 163817 163843 163850 163842 163815 163792 163561 163683 163666 163545 163597 163611 163585 163619 163550 163597
 1066.260  1643923  1562.45  1646105  1565.64 164552 164610 164602 164641 164607 164634 164641 164633 164604 164581 164351 164476 164461 164335 164385 164404 164372 164410 164343 164386
 1071.261  1651495  1547.95  1653606  1551.54 165313 165380 165368 165323 165374 165405 165323 165405 165371 165344 165111 165247 165226 165106 165156 165172 165132 165092 165106 165147
 1076.260  1659246  1549.36  1661285  1545.20 166102 166158 166151 166113 166156 166105 166113 166105 166153 166129 165897 165948 166002 165882 165938 165953 165919 165878 165893 165936
 1081.260  1667017  1560.10  1669220  1559.06 166895 166953 166944 166904 166950 166899 166906 166900 166947 166922 166689 166742 166796 166601 166657 166746 166710 166667 166682 166727
 1086.260  1674963  1566.58  1677174  1559.80 167689 167749 167738 167699 167747 167694 167702 167697 167742 167717 167484 167539 167594 167398 167452 167540 167504 167465 167469 167518
 1091.260  1682797  1563.95  1685019  1556.33 168473 168539 168526 168482 168536 168473 168484 168475 168530 168501 168265 168320 168381 168177 168232 168336 168287 168245 168253 168301
 1096.260  1690450  1553.72  1692660  1552.05 169240 169296 169285 169249 169294 169243 169252 169244 169289 169268 169031 169088 169138 168950 169001 169095 169053 169013 169018 169063
 1101.260  1698347  1567.23  1700634  1567.97 170038 170093 170083 170046 170092 170040 170050 170041 170087 170064 169829 169885 169935 169747 169804 169819 169847 169809 169813 169859
 1106.260  1706203  1568.26  1708409  1573.72 170833 170809 170877 170838 170808 170831 170842 170833 170881 170857 170624 170674 170649 170544 170596 170612 170640 170603 170606 170655
 1111.260  1714093  1571.79  1716300  1572.20 171621 171600 171666 171626 171599 171621 171631 171622 171669 171645 171413 171460 171437 171331 171390 171401 171430 171390 171396 171445
 1116.260  1721714  1557.20  1723743  1557.00 172384 172356 172346 172387 172354 172381 172393 172382 172350 172410 172180 172226 172192 172088 172151 172160 172194 172151 172163 172209
 1121.260  1729566  1556.61  1731616  1558.49 173168 173150 173138 173171 173146 173165 173177 173166 173141 173194 172961 173012 172982 172877 172938 172951 172977 172932 172945 172991
 1126.260  1737407  1565.72  1739530  1565.39 173961 173943 173929 173962 173937 173956 173968 173957 173933 173984 173752 173805 173773 173668 173730 173745 173769 173724 173734 173782
 1131.260  1745366  1562.79  1747497  1562.58 174758 174740 174725 174759 174734 174752 174765 174753 174730 174781 174472 174600 174568 174460 174527 174543 174561 174519 174534 174582
 1136.260  1753033  1559.33  1755309  1558.62 175543 175516 175501 175543 175510 175537 175550 175536 175506 175567 175249 175386 175349 175240 175312 175323 175262 175305 175235 175372
 1141.260  1760733  1552.55  1762992  1551.85 176309 176288 176277 176309 176282 176303 176314 176303 176278 176329 176023 176158 176119 176010 176075 176096 176037 176073 176007 176135
 1146.260  1768693  1563.89  1770812  1569.46 177032 177084 177074 177107 177078 177099 177112 177101 177075 177050 176821 176950 176913 176806 176868 176895 176834 176869 176807 176930
 1151.260  1776585  1567.75  1778784  1572.75 177830 177881 177873 177903 177875 177896 177907 177899 177872 177848 177617 177746 177709 177607 177667 177689 177633 177663 177602 177652
 1156.260  1784438  1566.61  1786749  1569.43 178618 178678 178667 178704 178671 178696 178708 178700 178668 178639 178409 178545 178504 178405 178463 178486 178424 178373 178390 178439
 1161.260  1792025  1555.40  1794239  1558.29 179383 179434 179426 179456 179428 179448 179384 179451 179427 179402 179169 179296 179268 179158 179220 179242 179180 179137 179151 179204
 1166.260  1799729  1559.43  1802028  1552.72 180169 180218 180212 180167 180214 180235 180171 180238 180213 180191 179959 180006 180057 179940 179931 180027 179966 179919 179940 179984
 1171.260  1807704  1568.69  1809838  1562.08 180965 181015 181009 180962 181011 180954 180968 180957 181010 180987 180753 180802 180854 180741 180728 180824 180760 180722 180734 180786
 1176.260  1815617  1567.01  1817747  1564.83 181755 181806 181800 181751 181801 181746 181757 181749 181802 181780 181544 181596 181651 181528 181521 181615 181547 181515 181525 181575
 1181.260  1823168  1557.18  1825391  1551.91 182518 182576 182569 182509 182571 182504 182517 182509 182572 182546 182309 182354 182419 182211 182278 182384 182312 182275 182290 182336
 1186.261  1831000  1554.83  1833235  1549.87 183303 183353 183348 183299 183351 183295 183305 183300 183351 183330 183089 183140 183194 183003 183065 183162 183093 183062 183071 183121
 1191.260  1838916  1560.84  1841169  1562.05 184094 184147 184142 184092 184145 184088 184100 184094 184145 184122 183881 183933 183986 183793 183857 183956 183885 183855 183862 183908
 1196.261  1846793  1569.38  1849028  1567.07 184887 184863 184934 184885 184938 184883 184896 184889 184937 184916 184678 184728 184782 184587 184653 184676 184679 184651 184658 184701
