Test case: 
Description: 
	10 senders: persistent queues
	10 receivers: client acknowledge every 50 messages
Timestamp: 2011.11.2 0:5:23
Version: 
Setting up JMS benchmark connections... 

Start processing messages.
Fri Dec 02 00:05:23 EST 2011

  Seconds   Send   Send/Sec   Recv   Recv/Sec   RCV0   RCV1   RCV2   RCV3   RCV4   RCV5   RCV6   RCV7   RCV8   RCV9  SND10  SND11  SND12  SND13  SND14  SND15  SND16  SND17  SND18  SND19
  ------- -------- -------- -------- -------- ------ ------ ------ ------ ------ ------ ------ ------ ------ ------ ------ ------ ------ ------ ------ ------ ------ ------ ------ ------
    1.107        0     0.00        0     0.00      0      0      0      0      0      0      0      0      0      0      0      0      0      0      0      0      0      0      0      0
    6.107     2410   523.91     2543   552.83    254    254    253    254    256    253    253    257    253    256    242    241    242    238    241    242    241    240    240    243
   11.108     5335   555.73     5466   569.38    547    546    543    547    549    546    546    549    546    547    534    533    535    529    534    537    535    531    532    535
   16.107     8281   563.01     8407   563.15    840    840    840    841    842    840    840    843    840    841    829    827    829    824    829    832    829    826    827    829
   21.107    11236   560.97    11367   564.59   1135   1137   1135   1138   1138   1135   1135   1140   1137   1137   1124   1123   1124   1121   1123   1129   1125   1121   1120   1126
   26.107    14221   565.93    14351   571.18   1433   1436   1434   1437   1436   1433   1433   1439   1436   1434   1423   1422   1422   1420   1421   1428   1424   1420   1417   1424
   31.107    17038   569.76    17026   574.22   1697   1701   1726   1702   1701   1698   1697   1704   1700   1700   1716   1714   1687   1713   1686   1693   1690   1713   1710   1716
   36.107    19964   588.05    20068   588.09   2004   2008   2003   2009   2007   2004   2004   2013   2008   2008   1995   1991   1993   1991   1992   2002   1998   1991   2017   1994
   41.107    22943   589.92    23080   591.09   2304   2310   2304   2311   2307   2305   2305   2315   2310   2309   2294   2292   2293   2291   2293   2305   2300   2292   2288   2295
   46.107    25875   588.46    26008   585.77   2598   2602   2598   2603   2600   2598   2597   2607   2603   2602   2587   2585   2586   2584   2587   2598   2592   2585   2583   2588
   51.107    29002   590.57    29131   587.72   2910   2915   2909   2916   2912   2910   2909   2919   2916   2915   2900   2898   2898   2897   2900   2911   2906   2898   2893   2901
   56.107    31786   582.48    31836   581.71   3195   3171   3194   3172   3197   3195   3194   3175   3172   3171   3184   3182   3181   3182   3186   3166   3161   3183   3175   3186
   61.107    34849   591.87    34842   596.90   3478   3484   3507   3484   3480   3478   3477   3487   3484   3483   3497   3494   3493   3494   3469   3478   3473   3496   3486   3469
   66.107    37693   593.78    37796   594.92   3775   3783   3777   3783   3778   3775   3775   3786   3783   3781   3766   3763   3762   3763   3768   3777   3773   3766   3788   3767
   71.107    40723   595.66    40857   596.56   4083   4088   4084   4089   4085   4083   4082   4090   4087   4086   4072   4070   4068   4069   4074   4084   4077   4074   4060   4075
   76.107    43846   599.01    43974   597.83   4394   4400   4395   4402   4396   4394   4393   4402   4399   4399   4384   4383   4378   4381   4386   4397   4389   4388   4373   4387
   81.107    46962   595.40    47114   593.05   4710   4711   4711   4714   4712   4710   4709   4714   4711   4712   4700   4699   4695   4698   4699   4681   4701   4700   4688   4701
   86.107    50077   606.01    50221   607.18   5020   5021   5022   5027   5022   5020   5019   5024   5024   5022   5010   5010   5008   5009   5009   4994   5014   5011   5000   5012
   91.107    53029   603.02    53082   607.15   5321   5293   5323   5296   5323   5321   5321   5296   5294   5294   5313   5311   5309   5310   5282   5294   5284   5312   5301   5313
   96.107    55892   609.66    55965   609.70   5594   5595   5597   5600   5596   5594   5595   5599   5596   5599   5587   5585   5583   5584   5588   5598   5587   5586   5607   5587
  101.107    59033   613.42    59133   613.29   5913   5912   5914   5914   5915   5913   5912   5915   5912   5913   5904   5903   5902   5902   5902   5914   5903   5904   5895   5904
  106.107    62215   615.23    62315   615.47   6231   6231   6232   6232   6233   6231   6230   6234   6230   6231   6223   6221   6221   6221   6221   6232   6221   6224   6209   6222
  111.107    65410   609.70    65510   606.91   6550   6551   6551   6551   6552   6550   6550   6555   6549   6551   6543   6540   6540   6541   6541   6549   6541   6543   6530   6542
  116.107    68657   614.63    68802   612.45   6880   6880   6880   6882   6881   6879   6880   6883   6878   6879   6872   6869   6870   6868   6868   6845   6869   6870   6856   6870
  121.107    71857   624.75    71907   626.70   7176   7176   7205   7178   7206   7204   7176   7179   7203   7204   7168   7194   7166   7193   7194   7174   7194   7195   7184   7195
  126.107    74604   626.91    74683   628.12   7472   7471   7463   7473   7464   7472   7471   7474   7461   7462   7464   7462   7460   7450   7462   7465   7462   7453   7473   7453
  131.107    77598   622.01    77668   621.98   7771   7770   7761   7771   7762   7770   7770   7772   7760   7761   7763   7760   7759   7750   7760   7764   7762   7754   7772   7754
  136.107    80687   613.59    80786   613.69   8086   8081   8072   8083   8074   8082   8082   8083   8071   8072   8074   8071   8071   8061   8072   8079   8076   8066   8052   8065
  141.107    83758   609.77    83862   609.87   8393   8388   8381   8390   8382   8389   8389   8391   8379   8380   8382   8378   8378   8369   8379   8386   8383   8373   8358   8372
  146.107    86655   598.76    86754   596.17   8664   8689   8682   8662   8683   8661   8660   8692   8680   8681   8654   8651   8681   8670   8681   8656   8654   8675   8659   8674
  151.107    89751   597.28    89847   597.72   8978   8974   8999   8975   9000   8974   8975   8977   8997   8998   8970   8966   8964   8987   8965   8971   8971   8991   8975   8991
  156.107    92933   612.01    93052   612.38   9298   9295   9319   9296   9320   9296   9295   9298   9317   9318   9291   9286   9286   9307   9287   9291   9294   9282   9298   9311
  161.107    95911   612.45    95969   614.13   9600   9599   9593   9600   9594   9599   9599   9602   9591   9592   9594   9589   9590   9582   9590   9595   9599   9586   9601   9585
  166.107    99245   619.36    99302   620.20   9935   9933   9925   9934   9926   9933   9932   9936   9924   9924   9927   9922   9925   9914   9923   9929   9933   9919   9935   9918
  171.107   102339   617.65   102465   617.21  10252  10250  10242  10249  10243  10248  10249  10252  10239  10241  10242  10239  10241  10229  10239  10245  10217  10235  10218  10234
  176.107   105549   628.61   105671   628.38  10571  10569  10564  10570  10565  10569  10568  10570  10562  10563  10563  10560  10560  10552  10561  10564  10538  10556  10539  10556
  181.107   108760   630.49   108885   629.31  10865  10894  10888  10896  10888  10895  10894  10895  10884  10886  10888  10885  10885  10874  10886  10857  10863  10880  10863  10879
  186.107   111884   632.94   111978   631.06  11191  11188  11211  11191  11212  11189  11187  11189  11209  11211  11180  11178  11179  11199  11180  11183  11190  11204  11188  11203
  191.107   114982   637.58   115006   638.83  11506  11502  11495  11506  11497  11504  11502  11505  11493  11496  11495  11493  11495  11518  11494  11499  11508  11489  11503  11488
  196.107   118168   632.89   118228   635.10  11829  11824  11817  11828  11819  11825  11824  11827  11816  11819  11819  11815  11817  11805  11816  11821  11829  11812  11824  11810
  201.107   121352   634.92   121441   634.72  12150  12145  12139  12149  12140  12147  12145  12148  12138  12140  12140  12137  12138  12129  12137  12142  12120  12132  12145  12132
  206.107   124368   625.44   124462   624.43  12452  12448  12441  12450  12442  12448  12448  12451  12440  12442  12442  12438  12439  12430  12439  12445  12422  12434  12445  12434
  211.107   127361   614.80   127462   612.79  12720  12754  12744  12755  12745  12752  12752  12754  12742  12744  12746  12740  12744  12733  12741  12749  12722  12737  12713  12736
  216.107   130284   613.36   130357   612.62  13030  13027  13049  13028  13050  13024  13024  13029  13047  13049  13018  13043  13017  13038  13015  13021  13029  13042  13021  13040
  221.107   133363   612.48   133465   615.13  13339  13337  13362  13336  13363  13334  13334  13338  13360  13362  13329  13323  13327  13350  13325  13331  13340  13354  13331  13353
  226.108   136514   614.46   136583   615.94  13665  13663  13653  13662  13654  13659  13659  13664  13650  13654  13655  13648  13653  13642  13650  13655  13667  13645  13656  13643
  231.107   139697   613.48   139768   615.02  13983  13981  13972  13979  13973  13978  13977  13982  13969  13974  13974  13967  13970  13960  13969  13972  13984  13964  13974  13963
  236.108   142695   610.84   142793   612.01  14285  14285  14275  14280  14276  14280  14279  14285  14272  14276  14277  14269  14273  14262  14273  14276  14257  14267  14275  14266
  241.107   145926   616.41   146028   615.34  14609  14609  14598  14605  14599  14605  14604  14607  14593  14599  14602  14592  14598  14583  14597  14598  14580  14590  14599  14587
  246.107   149149   626.61   149281   626.44  14908  14908  14930  14936  14933  14936  14935  14938  14925  14932  14902  14924  14897  14917  14928  14929  14912  14921  14898  14921
  251.107   152236   628.81   152333   628.71  15226  15227  15246  15222  15251  15223  15221  15224  15243  15250  15222  15212  15216  15233  15215  15215  15230  15238  15216  15239
  256.107   155411   629.85   155438   630.59  15541  15544  15562  15540  15536  15540  15539  15542  15560  15534  15539  15531  15534  15549  15532  15534  15548  15554  15534  15556
  261.107   158437   626.81   158498   628.52  15853  15856  15843  15852  15848  15853  15852  15854  15840  15847  15852  15843  15846  15831  15843  15847  15858  15834  15846  15837
  266.107   161609   631.70   161698   631.46  16173  16176  16164  16172  16168  16173  16171  16174  16161  16166  16172  16164  16167  16151  16164  16167  16148  16154  16165  16157
  271.107   164714   624.97   164802   624.40  16483  16484  16474  16483  16480  16483  16481  16484  16472  16478  16480  16475  16475  16463  16475  16478  16462  16465  16473  16468
  276.107   167585   615.13   167743   611.31  16783  16749  16768  16782  16775  16783  16779  16782  16767  16775  16746  16775  16740  16757  16775  16777  16756  16759  16738  16762
  281.108   170492   609.70   170579   608.46  17051  17052  17066  17051  17071  17051  17048  17052  17065  17072  17049  17043  17044  17055  17043  17045  17055  17058  17040  17060
  286.107   173343   597.75   173402   599.80  17337  17337  17351  17334  17357  17337  17332  17335  17352  17330  17333  17327  17329  17341  17329  17328  17341  17344  17325  17346
  291.107   176173   591.30   176229   594.09  17627  17627  17639  17621  17615  17627  17620  17623  17611  17619  17623  17615  17619  17600  17620  17615  17628  17633  17615  17605
  296.107   179083   582.50   179166   583.27  17923  17923  17907  17917  17913  17923  17916  17919  17910  17915  17920  17911  17914  17897  17918  17911  17897  17902  17911  17902
  301.107   182039   575.52   182122   574.38  18217  18217  18203  18215  18209  18217  18212  18215  18205  18212  18215  18207  18208  18194  18214  18207  18192  18199  18205  18198
  306.107   184921   577.79   185064   573.36  18512  18511  18496  18510  18504  18511  18507  18508  18499  18506  18480  18500  18502  18488  18478  18503  18486  18492  18500  18492
  311.107   187763   575.59   187847   575.46  18775  18774  18788  18774  18798  18774  18771  18801  18793  18799  18772  18763  18765  18782  18772  18795  18779  18786  18763  18786
  316.107   190573   574.45   190604   575.39  19059  19059  19072  19058  19054  19059  19055  19057  19076  19055  19054  19049  19050  19065  19056  19051  19063  19070  19046  19069
  321.107   193434   576.13   193485   578.04  19350  19350  19364  19350  19344  19350  19346  19348  19337  19346  19346  19341  19342  19327  19348  19342  19357  19332  19338  19361
  326.107   196282   574.30   196382   576.78  19639  19639  19652  19639  19635  19639  19635  19638  19630  19636  19638  19630  19632  19620  19637  19632  19617  19625  19627  19624
  331.107   199077   566.51   199151   565.34  19919  19919  19904  19919  19914  19919  19915  19918  19908  19916  19917  19910  19912  19900  19915  19913  19897  19904  19906  19903
  336.107   201895   563.78   201996   560.42  20203  20203  20187  20203  20199  20203  20200  20203  20194  20201  20201  20194  20197  20185  20172  20197  20179  20190  20191  20189
  341.107   204867   567.45   204940   567.05  20477  20476  20490  20507  20503  20476  20504  20506  20496  20505  20475  20498  20470  20489  20473  20501  20481  20494  20495  20491
  346.107   207849   575.70   207860   577.05  20785  20784  20797  20784  20780  20784  20780  20782  20803  20781  20782  20775  20778  20794  20782  20778  20790  20800  20772  20798
  351.107   210760   580.34   210833   581.07  21087  21085  21099  21084  21080  21084  21080  21080  21073  21081  21082  21074  21079  21065  21082  21076  21093  21071  21070  21068
  356.108   213911   589.50   214007   590.40  21403  21402  21414  21402  21399  21400  21398  21397  21394  21398  21401  21392  21396  21383  21399  21394  21381  21388  21389  21388
  361.108   216918   594.46   216982   594.06  21704  21703  21683  21702  21700  21701  21699  21697  21694  21699  21700  21692  21697  21684  21701  21695  21682  21690  21688  21689
  366.107   219940   597.55   220037   598.39  22009  22009  21991  22007  22006  22006  22004  22002  21999  22004  22004  21997  22001  21991  21976  22000  21989  21995  21993  21994
  371.107   222874   598.21   222974   598.07  22278  22279  22291  22307  22304  22306  22303  22303  22300  22303  22273  22295  22270  22290  22276  22299  22288  22295  22294  22294
  376.107   225739   599.33   225812   602.42  22581  22582  22593  22581  22581  22579  22578  22580  22578  22579  22576  22571  22572  22566  22580  22574  22588  22573  22567  22572
  381.107   228794   604.09   228865   604.03  22886  22888  22899  22886  22886  22884  22883  22885  22884  22884  22881  22877  22878  22871  22886  22880  22893  22878  22872  22878
  386.107   231780   597.57   231850   597.74  23183  23185  23198  23184  23185  23183  23183  23184  23182  23183  23178  23175  23177  23171  23186  23178  23191  23177  23170  23177
  391.107   234683   589.42   234757   590.66  23477  23480  23460  23479  23480  23477  23475  23476  23475  23478  23472  23470  23471  23465  23476  23471  23454  23471  23464  23469
  396.107   237510   581.91   237611   581.07  23763  23765  23747  23764  23765  23762  23760  23762  23760  23763  23756  23755  23756  23749  23735  23757  23741  23757  23749  23755
  401.107   240460   584.68   240584   583.71  24062  24039  24047  24063  24064  24062  24060  24063  24060  24064  24056  24029  24055  24049  24036  24057  24041  24031  24049  24057
  406.107   243318   587.62   243439   588.19  24332  24337  24349  24333  24333  24331  24362  24365  24362  24335  24326  24329  24326  24352  24336  24327  24345  24330  24319  24328
  411.107   246419   590.39   246470   589.72  24647  24649  24661  24647  24647  24645  24641  24644  24641  24648  24640  24642  24639  24633  24650  24641  24657  24643  24633  24641
  416.107   249688   597.64   249731   598.95  24973  24974  24988  24973  24973  24971  24967  24970  24968  24974  24965  24970  24966  24960  24980  24968  24985  24969  24958  24967
  421.107   252769   605.00   252818   606.07  25284  25285  25300  25283  25284  25282  25279  25283  25281  25286  25277  25281  25277  25271  25290  25279  25265  25280  25270  25279
  426.107   255824   608.52   255909   607.99  25595  25594  25579  25593  25593  25591  25588  25592  25589  25595  25586  25591  25585  25579  25568  25588  25573  25589  25576  25589
  431.107   258813   608.68   258934   606.53  25898  25897  25882  25896  25895  25893  25889  25895  25892  25897  25888  25861  25887  25882  25871  25890  25874  25892  25878  25890
  436.107   261774   613.28   261865   611.30  26164  26167  26181  26194  26195  26193  26188  26196  26193  26194  26190  26161  26185  26182  26169  26190  26173  26159  26177  26188
  441.107   264681   610.70   264741   610.97  26469  26474  26488  26469  26470  26468  26494  26472  26468  26469  26465  26468  26460  26457  26475  26465  26479  26464  26484  26464
  446.107   267637   600.29   267691   601.66  26767  26773  26785  26767  26767  26767  26761  26770  26766  26768  26765  26764  26759  26756  26774  26765  26778  26762  26751  26763
  451.107   270588   594.95   270647   595.32  27062  27069  27081  27063  27063  27062  27058  27064  27062  27063  27059  27058  27055  27050  27071  27062  27072  27057  27046  27058
  456.107   273590   592.91   273644   594.05  27366  27373  27354  27365  27366  27364  27359  27368  27363  27366  27363  27363  27357  27353  27376  27366  27346  27360  27347  27359
  461.107   276794   596.74   276883   594.66  27690  27696  27679  27688  27691  27688  27681  27692  27688  27690  27687  27685  27681  27677  27669  27690  27671  27684  27669  27681
  466.107   279908   601.03   280002   600.05  28006  27978  27993  28004  28006  28004  27997  28007  28002  28005  28001  27966  27995  27993  27981  28006  27985  27999  27984  27998
  471.107   283084   612.48   283144   612.48  28299  28304  28316  28327  28299  28297  28320  28330  28324  28328  28324  28292  28318  28286  28304  28298  28308  28322  28309  28323
  476.107   286121   619.06   286211   619.06  28617  28624  28637  28615  28616  28616  28644  28617  28611  28614  28611  28611  28605  28604  28626  28619  28629  28608  28598  28610
  481.107   289191   622.21   289246   623.12  28924  28931  28940  28922  28924  28923  28916  28925  28919  28922  28919  28917  28913  28911  28931  28927  28933  28916  28906  28918
  486.107   292394   627.79   292482   630.00  29249  29254  29263  29245  29246  29247  29240  29249  29243  29246  29242  29240  29236  29235  29253  29251  29226  29240  29231  29240
  491.107   295557   625.50   295611   624.40  29566  29571  29548  29562  29562  29562  29557  29565  29557  29561  29559  29557  29552  29553  29570  29566  29542  29556  29546  29556
  496.107   298529   617.37   298587   617.20  29867  29841  29848  29862  29863  29865  29857  29866  29857  29861  29859  29858  29851  29853  29839  29866  29843  29855  29847  29858
  501.107   301492   611.51   301573   611.28  30167  30143  30150  30164  30165  30166  30159  30167  30159  30163  30161  30130  30154  30154  30142  30137  30145  30159  30148  30162
  506.107   304436   612.60   304510   612.07  30445  30450  30459  30445  30445  30444  30468  30445  30467  30442  30441  30438  30435  30434  30450  30446  30454  30439  30457  30442
  511.107   307509   613.71   307553   613.38  30756  30761  30768  30754  30755  30754  30748  30755  30749  30753  30751  30749  30745  30743  30760  30757  30764  30749  30738  30753
  516.107   310652   610.36   310688   609.79  31072  31075  31084  31068  31068  31067  31060  31068  31061  31065  31064  31063  31059  31057  31074  31073  31081  31065  31050  31066
  521.107   313691   605.10   313762   605.70  31379  31384  31390  31376  31374  31373  31369  31375  31369  31373  31371  31373  31367  31366  31383  31379  31351  31373  31356  31372
  526.107   316941   608.79   316978   611.58  31704  31708  31683  31700  31699  31697  31695  31700  31694  31698  31696  31697  31692  31691  31707  31705  31677  31697  31681  31698
  531.108   320011   615.60   320083   612.21  32016  31991  31998  32013  32013  32011  32009  32014  32007  32011  32010  31980  32004  32003  31990  32016  31993  32009  31996  32010
  536.107   323268   624.91   323352   624.21  32313  32317  32328  32343  32344  32342  32340  32345  32338  32342  32340  32305  32335  32333  32315  32313  32321  32339  32327  32340
  541.107   326271   627.50   326292   627.81  32631  32634  32644  32627  32628  32625  32624  32629  32623  32627  32624  32624  32620  32617  32632  32630  32635  32623  32642  32624
  546.107   329404   628.26   329459   628.89  32947  32951  32962  32944  32943  32941  32941  32946  32940  32944  32940  32941  32937  32932  32947  32947  32952  32938  32928  32942
  551.107   332637   631.51   332661   633.12  33271  33275  33254  33267  33266  33265  33263  33270  33262  33268  33262  33265  33261  33254  33271  33271  33276  33261  33250  33266
  556.107   335843   629.08   335901   630.83  33594  33599  33577  33591  33590  33588  33588  33594  33588  33592  33586  33589  33584  33579  33594  33594  33568  33585  33574  33590
  561.107   338915   626.16   338983   624.79  33906  33877  33885  33903  33900  33900  33900  33907  33900  33905  33897  33866  33896  33889  33906  33905  33876  33895  33884  33901
  566.107   341977   621.78   342010   621.07  34187  34192  34199  34214  34212  34210  34210  34189  34210  34187  34208  34181  34207  34201  34186  34187  34191  34208  34197  34211
  571.107   344958   622.21   345016   624.43  34490  34497  34504  34488  34515  34513  34513  34492  34514  34490  34512  34486  34481  34505  34489  34490  34497  34512  34501  34485
  576.107   347938   620.99   347995   621.06  34800  34806  34813  34797  34796  34794  34794  34801  34795  34799  34793  34796  34791  34786  34800  34799  34805  34792  34782  34794
  581.107   350909   611.16   350966   612.27  35097  35104  35112  35096  35092  35089  35090  35099  35091  35096  35090  35094  35088  35083  35098  35096  35104  35089  35076  35091
  586.107   353931   603.79   353987   602.75  35403  35409  35385  35401  35396  35393  35396  35405  35396  35403  35394  35401  35393  35388  35403  35402  35380  35393  35382  35395
  591.107   357024   603.54   357104   601.90  35713  35719  35698  35713  35709  35705  35708  35717  35707  35715  35708  35682  35705  35699  35716  35714  35693  35706  35694  35707
  596.107   360174   604.19   360255   603.66  36031  36006  36016  36031  36026  36024  36027  36035  36027  36032  36025  35999  36024  36019  36005  36033  36010  36023  36010  36026
  601.107   363073   602.87   363124   603.64  36299  36306  36316  36300  36326  36323  36325  36303  36326  36300  36325  36299  36293  36318  36303  36301  36311  36322  36307  36294
  606.107   366078   606.62   366101   606.52  36610  36616  36627  36610  36604  36603  36604  36612  36605  36610  36604  36608  36602  36597  36613  36610  36623  36600  36618  36603
  611.107   369230   613.72   369313   613.49  36930  36937  36950  36931  36925  36923  36925  36933  36926  36933  36924  36931  36925  36918  36934  36930  36913  36922  36909  36924
  616.107   372411   616.74   372465   617.79  37248  37257  37236  37248  37244  37242  37243  37252  37244  37251  37242  37250  37244  37235  37253  37248  37230  37240  37225  37244
  621.107   375604   618.60   375666   616.69  37570  37578  37554  37567  37565  37562  37562  37574  37564  37570  37563  37570  37563  37556  37571  37569  37548  37560  37543  37561
  626.107   378691   614.26   378749   612.55  37881  37857  37866  37877  37876  37876  37875  37884  37876  37881  37876  37848  37875  37869  37880  37881  37861  37872  37857  37872
  631.108   381520   612.99   381563   612.72  38141  38146  38161  38167  38167  38166  38164  38144  38166  38141  38165  38138  38137  38161  38142  38143  38157  38161  38152  38164
  636.107   384524   614.16   384470   615.20  38446  38455  38470  38443  38439  38442  38437  38449  38442  38447  38474  38442  38443  38437  38447  38447  38466  38470  38460  38438
  641.108   387547   613.61   387569   611.63  38758  38766  38749  38757  38754  38756  38752  38762  38755  38760  38753  38754  38756  38750  38760  38759  38744  38749  38770  38752
  646.107   390621   608.82   390669   607.65  39068  39075  39057  39068  39063  39067  39061  39074  39065  39071  39064  39066  39067  39061  39073  39069  39052  39060  39048  39061
  651.107   393600   599.91   393646   597.40  39365  39373  39356  39365  39360  39364  39359  39372  39362  39370  39363  39364  39364  39358  39372  39365  39351  39358  39347  39358
  656.107   396597   594.97   396637   593.39  39666  39645  39660  39667  39662  39666  39661  39674  39664  39672  39666  39666  39666  39662  39645  39667  39654  39660  39651  39660
  661.107   399570   598.38   399614   598.48  39971  39948  39963  39971  39967  39970  39964  39947  39968  39945  39969  39938  39939  39966  39948  39971  39957  39964  39953  39965
  666.107   402567   600.13   402545   603.32  40247  40252  40270  40247  40272  40244  40269  40252  40242  40250  40274  40243  40245  40243  40252  40247  40263  40271  40258  40271
  671.107   405658   604.48   405664   606.13  40565  40571  40588  40566  40559  40561  40556  40570  40560  40568  40561  40561  40562  40561  40571  40565  40584  40558  40578  40557
  676.107   408736   606.80   408777   606.56  40878  40885  40870  40879  40874  40876  40872  40885  40875  40883  40875  40875  40875  40874  40887  40879  40867  40873  40860  40871
  681.108   411883   611.28   411922   609.90  41192  41199  41184  41193  41188  41191  41186  41202  41189  41198  41191  41190  41189  41188  41202  41194  41183  41187  41174  41185
  686.107   415023   613.46   415051   612.08  41505  41511  41498  41507  41501  41505  41499  41514  41501  41510  41506  41503  41503  41502  41514  41508  41496  41503  41488  41500
  691.107   418036   612.58   418002   612.01  41809  41785  41801  41812  41804  41809  41803  41787  41807  41785  41812  41808  41807  41806  41789  41812  41799  41807  41792  41804
  696.107   421040   613.05   420970   614.87  42087  42094  42109  42091  42114  42087  42111  42097  42086  42094  42124  42087  42085  42084  42100  42123  42107  42118  42100  42112
  701.107   424022   612.37   424023   613.17  42394  42399  42413  42397  42417  42394  42414  42401  42395  42399  42398  42392  42391  42392  42406  42396  42410  42419  42403  42415
  706.107   427100   612.17   427070   612.84  42704  42710  42725  42707  42698  42703  42695  42712  42706  42710  42707  42703  42701  42702  42718  42706  42721  42701  42715  42726
  711.107   430244   613.85   430280   612.57  43028  43035  43017  43032  43021  43028  43016  43037  43031  43035  43031  43029  43025  43026  43043  43029  43013  43023  43007  43018
  716.107   433262   609.21   433290   607.33  43328  43336  43319  43332  43324  43328  43319  43337  43331  43336  43331  43330  43326  43327  43342  43331  43316  43326  43312  43321
  721.107   436429   612.94   436458   614.05  43652  43628  43639  43657  43646  43651  43641  43660  43655  43629  43652  43622  43648  43651  43636  43654  43638  43649  43635  43644
  726.107   439648   618.89   439645   621.24  43974  43951  43960  43978  43969  43974  43962  43950  43976  43951  43975  43944  43970  43974  43955  43976  43959  43973  43957  43965
  731.107   442640   617.62   442608   619.60  44274  44255  44263  44249  44271  44274  44264  44255  44248  44255  44276  44249  44271  44246  44258  44278  44263  44274  44258  44267
  736.107   445561   616.46   445561   618.48  44548  44558  44568  44552  44546  44548  44568  44561  44553  44559  44549  44553  44547  44550  44560  44553  44567  44548  44563  44571
  741.107   448605   612.18   448605   610.94  44854  44866  44874  44859  44854  44855  44847  44869  44860  44867  44857  44860  44855  44856  44867  44860  44875  44855  44841  44879
  746.108   451696   616.54   451724   615.47  45168  45182  45159  45173  45168  45170  45162  45185  45173  45184  45171  45177  45169  45170  45182  45175  45161  45171  45156  45164
  751.107   454932   617.48   454900   615.40  45492  45506  45482  45497  45493  45494  45485  45476  45500  45475  45495  45502  45494  45493  45507  45499  45482  45495  45478  45487
  756.107   458130   614.22   458136   614.55  45819  45798  45810  45823  45820  45821  45813  45804  45826  45802  45822  45794  45821  45819  45798  45826  45809  45821  45806  45814
  761.107   461317   620.57   461290   621.71  46137  46117  46128  46140  46140  46139  46131  46124  46111  46123  46141  46114  46138  46137  46119  46144  46128  46140  46124  46132
  766.107   464331   625.03   464333   626.04  46447  46429  46439  46421  46449  46419  46440  46435  46421  46433  46422  46425  46447  46417  46433  46452  46438  46420  46434  46443
  771.107   467409   626.67   467400   626.36  46729  46741  46755  46732  46731  46731  46753  46749  46732  46747  46735  46740  46729  46729  46747  46737  46752  46733  46748  46759
  776.107   470518   628.11   470504   626.70  47046  47059  47038  47049  47048  47049  47036  47065  47050  47064  47053  47058  47045  47047  47065  47056  47070  47051  47031  47042
  781.108   473438   618.05   473458   617.82  47342  47352  47335  47344  47344  47347  47333  47357  47347  47357  47351  47350  47340  47341  47358  47350  47333  47347  47327  47341
  786.107   476468   611.16   476492   609.65  47652  47661  47643  47654  47654  47657  47641  47635  47657  47638  47661  47628  47649  47650  47636  47660  47642  47657  47635  47650
  791.107   479439   603.22   479432   603.86  47948  47929  47941  47950  47950  47954  47939  47932  47954  47935  47958  47926  47946  47946  47935  47955  47940  47954  47933  47946
  796.107   482563   606.09   482555   605.76  48268  48246  48259  48269  48270  48241  48259  48249  48241  48253  48245  48244  48266  48266  48251  48274  48258  48240  48253  48266
  801.108   485547   604.66   485513   604.80  48543  48551  48563  48544  48545  48547  48563  48553  48547  48557  48552  48547  48567  48541  48556  48549  48561  48548  48556  48570
  806.107   488691   607.80   488684   608.03  48862  48871  48884  48863  48864  48867  48854  48873  48867  48879  48871  48867  48858  48861  48875  48869  48883  48868  48876  48863
  811.107   491800   613.98   491825   613.01  49180  49188  49170  49181  49182  49183  49170  49190  49183  49198  49188  49185  49174  49178  49192  49187  49170  49185  49162  49179
  816.107   494987   615.91   494975   613.59  49499  49506  49487  49499  49501  49502  49486  49509  49502  49484  49507  49504  49495  49497  49510  49506  49488  49504  49481  49495
  821.107   497877   613.99   497915   613.66  49791  49799  49782  49795  49793  49796  49780  49802  49797  49780  49804  49768  49791  49793  49776  49798  49782  49798  49776  49791
  826.107   500877   611.31   500858   610.94  50101  50074  50085  50103  50102  50074  50083  50077  50073  50086  50079  50072  50099  50101  50078  50108  50086  50076  50082  50096
  831.107   503901   611.63   503851   614.32  50379  50382  50394  50380  50381  50382  50392  50385  50382  50394  50389  50380  50407  50377  50387  50387  50396  50384  50390  50404
  836.107   506827   605.77   506809   605.40  50676  50679  50688  50677  50678  50678  50686  50681  50677  50689  50685  50677  50674  50672  50683  50683  50691  50679  50685  50698
  841.107   509776   596.39   509756   596.76  50970  50974  50983  50970  50972  50973  50981  50977  50973  50983  50981  50973  50968  50966  50979  50976  50985  50976  50980  50992
  846.107   512705   589.26   512677   587.82  51271  51278  51253  51270  51272  51274  51251  51279  51275  51254  51284  51275  51268  51267  51283  51279  51255  51280  51251  51263
  851.107   515812   596.83   515841   594.52  51588  51593  51570  51587  51589  51590  51568  51595  51590  51571  51600  51562  51587  51584  51568  51596  51572  51596  51567  51580
  856.107   518963   603.51   518937   603.28  51913  51882  51892  51911  51912  51880  51889  51885  51881  51892  51891  51881  51908  51908  51888  51919  51891  51886  51889  51902
  861.107   522027   605.91   521941   607.05  52188  52193  52202  52187  52189  52191  52199  52196  52193  52203  52201  52191  52218  52217  52198  52195  52201  52198  52197  52211
  866.107   525111   611.44   525097   612.65  52505  52509  52515  52503  52506  52508  52513  52513  52509  52516  52518  52507  52500  52499  52513  52510  52517  52513  52511  52523
  871.107   528225   613.79   528242   613.99  52821  52824  52828  52816  52820  52824  52826  52828  52824  52831  52833  52822  52815  52813  52828  52823  52830  52828  52795  52838
  876.107   531342   619.79   531329   618.38  53130  53133  53136  53127  53129  53131  53135  53136  53133  53139  53144  53132  53127  53124  53139  53137  53141  53138  53112  53148
  881.107   534338   615.64   534327   611.28  53433  53435  53439  53429  53432  53434  53438  53438  53436  53413  53446  53435  53431  53428  53441  53439  53444  53441  53412  53421
  886.107   537236   610.17   537199   609.80  53739  53710  53714  53734  53737  53710  53712  53712  53712  53719  53721  53710  53737  53733  53715  53744  53719  53716  53716  53725
  891.107   540325   611.09   540226   612.64  54018  54018  54021  54043  54018  54018  54020  54021  54021  54028  54029  54018  54047  54044  54023  54054  54027  54024  54024  54035
  896.108   543460   614.70   543419   613.79  54340  54340  54343  54334  54339  54340  54343  54343  54346  54351  54351  54340  54339  54335  54345  54347  54350  54347  54347  54359
  901.108   546529   612.28   546492   610.44  54648  54648  54650  54641  54646  54648  54649  54651  54654  54657  54658  54646  54647  54643  54651  54655  54657  54653  54653  54666
  906.107   549470   604.28   549427   600.38  54942  54939  54943  54934  54939  54942  54943  54944  54948  54953  54950  54940  54941  54938  54944  54949  54952  54948  54947  54961
  911.107   552296   596.87   552254   594.82  55230  55227  55232  55223  55227  55230  55233  55232  55208  55212  55238  55228  55230  55227  55232  55236  55240  55237  55207  55221
  916.107   555191   596.70   555154   596.70  55525  55523  55501  55518  55523  55525  55501  55528  55502  55508  55534  55524  55524  55522  55528  55532  55507  55504  55501  55515
  921.107   558041   591.58   557983   593.93  55792  55788  55796  55811  55817  55792  55796  55794  55796  55801  55799  55788  55817  55815  55794  55825  55802  55799  55795  55807
  926.108   561094   590.79   561056   589.89  56103  56099  56105  56121  56099  56102  56106  56103  56106  56112  56109  56099  56128  56099  56106  56108  56111  56110  56107  56117
  931.107   564264   591.83   564223   591.70  56423  56420  56425  56410  56418  56422  56425  56422  56426  56432  56430  56419  56417  56418  56425  56429  56430  56430  56428  56438
  936.107   567354   594.09   567310   593.05  56732  56729  56733  56720  56726  56731  56734  56731  56735  56739  56740  56727  56728  56726  56735  56738  56738  56740  56736  56746
  941.107   570387   601.01   570343   599.80  57039  57035  57040  57027  57032  57038  57040  57037  57041  57014  57047  57034  57035  57032  57041  57044  57044  57045  57013  57052
  946.107   573318   602.28   573208   602.89  57311  57338  57312  57326  57334  57310  57312  57337  57313  57315  57351  57336  57336  57334  57344  57346  57318  57317  57313  57323
  951.107   576374   610.92   576290   611.13  57622  57619  57623  57638  57646  57621  57623  57648  57624  57626  57632  57647  57648  57646  57625  57658  57629  57628  57626  57635
  956.107   579551   617.10   579464   616.63  57946  57944  57947  57960  57939  57945  57946  57940  57947  57950  57958  57940  57973  57971  57948  57950  57954  57950  57950  57957
  961.107   582706   617.75   582681   618.32  58267  58266  58268  58281  58262  58268  58266  58264  58267  58272  58280  58263  58263  58261  58271  58272  58276  58270  58273  58277
  966.107   585833   615.91   585774   615.40  58579  58580  58580  58561  58575  58580  58578  58575  58581  58585  58593  58575  58574  58575  58584  58584  58589  58582  58587  58590
  971.107   588910   616.41   588879   614.83  58888  58890  58892  58875  58886  58889  58887  58886  58891  58895  58903  58886  58884  58886  58894  58896  58898  58895  58868  58900
  976.107   592019   618.66   591955   620.20  59200  59201  59202  59183  59199  59200  59198  59197  59202  59173  59214  59198  59193  59198  59204  59207  59210  59205  59178  59212
  981.107   595027   621.91   594962   623.56  59485  59486  59487  59500  59514  59485  59513  59512  59487  59493  59500  59514  59511  59512  59490  59523  59495  59490  59496  59496
  986.107   597985   615.55   597888   616.22  59783  59786  59787  59798  59783  59783  59781  59809  59786  59792  59801  59782  59809  59809  59790  59820  59795  59788  59796  59795
  991.107   600974   610.93   600914   609.75  60089  60093  60092  60103  60087  60089  60087  60083  60093  60098  60107  60087  60115  60083  60094  60094  60099  60093  60102  60100
  996.107   603946   605.73   603919   604.65  60390  60394  60393  60402  60387  60389  60388  60383  60393  60400  60409  60386  60384  60386  60394  60393  60399  60394  60401  60400
 1001.107   606976   601.31   606947   599.46  60697  60698  60699  60678  60692  60695  60695  60690  60698  60705  60713  60692  60689  60692  60701  60700  60706  60700  60677  60706
 1006.107   609947   595.25   609889   594.42  60995  60997  60996  60973  60988  60993  60992  60986  60997  60972  61012  60989  60984  60987  61001  60996  61004  60997  60973  61004
 1011.107   612910   594.87   612821   595.10  61270  61271  61271  61279  61294  61298  61297  61293  61270  61278  61287  61294  61289  61293  61274  61303  61278  61303  61280  61309
 1016.107   615764   593.69   615707   596.01  61565  61566  61566  61573  61587  61563  61562  61586  61565  61574  61582  61557  61586  61586  61569  61597  61572  61567  61574  61574
 1021.107   618581   588.89   618546   588.79  61852  61852  61853  61861  61845  61850  61849  61872  61851  61861  61869  61844  61873  61845  61857  61857  61859  61854  61862  61861
 1026.107   621390   583.48   621351   583.04  62136  62134  62136  62147  62127  62133  62132  62127  62134  62145  62152  62127  62129  62127  62141  62141  62142  62140  62147  62144
 1031.107   624234   574.09   624169   571.88  62424  62421  62423  62406  62415  62421  62420  62412  62421  62406  62441  62413  62416  62415  62428  62428  62429  62427  62405  62432
 1036.107   627327   578.42   627263   577.25  62733  62730  62732  62716  62726  62730  62729  62721  62730  62716  62751  62723  62725  62723  62737  62737  62739  62736  62715  62741
 1041.107   630304   578.42   630179   579.36  63007  63004  63037  63018  63030  63004  63033  63023  63004  63019  63024  63027  63028  63024  63009  63040  63045  63042  63018  63047
 1046.108   633199   581.16   633113   581.19  63306  63304  63306  63317  63328  63305  63303  63322  63304  63318  63323  63324  63328  63323  63308  63336  63314  63312  63316  63315
 1051.108   636084   583.32   636010   583.02  63600  63599  63602  63606  63588  63599  63600  63611  63599  63606  63616  63584  63618  63612  63601  63624  63609  63605  63605  63610
 1056.108   639197   590.44   639182   589.19  63917  63915  63919  63925  63905  63916  63917  63928  63915  63925  63933  63901  63906  63928  63918  63910  63928  63922  63924  63927
 1061.107   642117   595.23   642068   594.80  64213  64213  64217  64194  64202  64212  64215  64197  64212  64193  64231  64199  64206  64197  64215  64209  64226  64218  64193  64223
 1066.107   645147   595.81   645100   595.34  64527  64495  64500  64504  64516  64526  64497  64507  64526  64502  64513  64511  64518  64506  64498  64519  64510  64530  64504  64538
 1071.107   648118   595.84   648035   598.22  64798  64799  64803  64808  64817  64796  64800  64812  64796  64806  64816  64814  64822  64810  64801  64824  64813  64802  64808  64808
 1076.107   651347   604.79   651255   605.62  65120  65122  65125  65131  65141  65117  65122  65134  65115  65128  65139  65139  65147  65134  65124  65147  65135  65123  65130  65129
 1081.107   654484   613.11   654395   613.64  65436  65439  65443  65448  65426  65434  65440  65451  65433  65445  65456  65425  65464  65452  65440  65464  65452  65440  65446  65445
 1086.107   657495   609.72   657464   608.07  65742  65744  65750  65756  65735  65742  65746  65759  65739  65751  65764  65731  65739  65760  65747  65741  65758  65747  65755  65753
 1091.107   660559   612.79   660493   611.17  66051  66053  66057  66034  66046  66051  66055  66035  66050  66061  66073  66043  66050  66036  66056  66051  66067  66057  66064  66062
 1096.107   663618   614.63   663553   612.99  66361  66363  66366  66341  66355  66361  66364  66343  66360  66339  66382  66351  66358  66344  66366  66361  66376  66367  66342  66371
 1101.107   666722   621.07   666653   620.57  66678  66651  66654  66660  66676  66678  66652  66664  66681  66659  66670  66671  66679  66665  66654  66681  66664  66687  66661  66690
 1106.107   669803   616.31   669706   618.15  66962  66965  66969  66975  66991  66963  66967  66977  66964  66973  66985  66985  66994  66978  66969  66995  66979  66971  66974  66973
 1111.107   672737   609.52   672638   610.19  67259  67260  67265  67272  67257  67259  67263  67273  67260  67270  67282  67251  67289  67275  67265  67293  67276  67266  67271  67269
 1116.107   675824   613.11   675786   611.90  67575  67575  67580  67587  67571  67574  67578  67587  67575  67584  67597  67566  67574  67590  67580  67578  67591  67579  67585  67584
 1121.110   678798   608.32   678783   607.28  67878  67877  67885  67860  67872  67876  67884  67889  67877  67885  67896  67867  67873  67862  67884  67877  67893  67878  67885  67883
 1126.107   681621   599.82   681540   599.32  68166  68165  68143  68146  68159  68165  68141  68147  68165  68143  68187  68156  68160  68148  68142  68164  68182  68168  68142  68172
 1131.107   684628   598.09   684577   597.75  68444  68471  68450  68453  68464  68471  68449  68454  68471  68450  68463  68460  68468  68455  68449  68472  68458  68475  68450  68478
 1136.107   687730   598.32   687650   601.07  68758  68758  68766  68768  68780  68758  68766  68771  68758  68767  68777  68778  68786  68769  68767  68791  68772  68761  68764  68765
 1141.107   690833   605.23   690785   606.95  69074  69074  69079  69080  69091  69074  69078  69085  69072  69078  69091  69062  69100  69080  69079  69103  69086  69075  69078  69079
 1146.107   693885   602.67   693872   601.19  69385  69384  69391  69392  69372  69385  69390  69399  69383  69391  69402  69372  69380  69392  69391  69383  69396  69387  69391  69391
 1151.107   697099   608.72   697053   605.43  69708  69706  69712  69712  69694  69708  69710  69689  69703  69711  69724  69694  69700  69714  69711  69705  69718  69708  69713  69712
 1156.107   700222   619.28   700200   619.32  70025  70023  70029  70002  70014  70024  70026  70009  70021  70027  70042  70013  70019  70031  70000  70024  70035  70026  70001  70031
 1161.107   703240   622.48   703186   622.38  70309  70337  70312  70315  70327  70308  70309  70323  70335  70311  70326  70327  70333  70314  70314  70339  70319  70339  70313  70316
 1166.107   706227   616.36   706108   618.30  70607  70607  70609  70614  70626  70607  70607  70621  70602  70608  70624  70625  70632  70612  70612  70637  70618  70638  70612  70617
 1171.107   709315   616.98   709228   616.74  70919  70918  70921  70926  70939  70919  70919  70933  70914  70920  70935  70937  70945  70922  70925  70949  70930  70920  70923  70929
 1176.107   712425   620.07   712372   618.76  71236  71235  71239  71241  71227  71235  71238  71251  71231  71239  71255  71222  71261  71240  71241  71235  71246  71238  71241  71246
 1181.107   715447   609.62   715392   608.38  71541  71539  71545  71547  71532  71540  71544  71525  71534  71545  71560  71528  71535  71545  71548  71539  71551  71542  71548  71551
 1186.107   718508   607.24   718485   605.02  71851  71850  71855  71856  71839  71849  71854  71833  71843  71855  71871  71836  71843  71856  71826  71846  71862  71851  71857  71860
 1191.108   721498   608.62   721413   607.55  72155  72154  72129  72129  72145  72154  72128  72140  72149  72130  72144  72143  72149  72131  72133  72152  72165  72157  72159  72165
 1196.107   724492   610.87   724407   612.01  72433  72432  72438  72436  72454  72433  72437  72448  72458  72438  72453  72451  72457  72439  72442  72459  72443  72466  72438  72444
