Test case: 
Description: 
	10 senders: persistent queues
	10 receivers: client acknowledge every 50 messages
Timestamp: 2011.11.2 0:5:23
Version: 
Setting up JMS benchmark connections... 

Start processing messages.
Fri Dec 02 00:05:23 EST 2011

  Seconds   Send   Send/Sec   Recv   Recv/Sec   RCV0   RCV1   RCV2   RCV3   RCV4   RCV5   RCV6   RCV7   RCV8   RCV9  SND10  SND11  SND12  SND13  SND14  SND15  SND16  SND17  SND18  SND19
  ------- -------- -------- -------- -------- ------ ------ ------ ------ ------ ------ ------ ------ ------ ------ ------ ------ ------ ------ ------ ------ ------ ------ ------ ------
    1.000        0     0.00        0     0.00      0      0      0      0      0      0      0      0      0      0      0      0      0      0      0      0      0      0      0      0
    6.000     2426   527.28     2731   593.57    275    270    272    272    272    272    276    273    275    274    241    242    242    244    242    243    240    244    244    244
   11.000     5339   556.15     5632   586.67    564    559    562    564    564    564    565    562    565    563    533    533    533    536    533    534    531    534    537    535
   16.000     8273   564.59     8564   586.58    857    852    857    857    856    857    858    854    860    856    825    827    826    829    826    827    825    827    832    829
   21.000    11228   565.20    11513   585.87   1152   1148   1152   1151   1151   1152   1153   1149   1154   1151   1121   1122   1120   1124   1121   1123   1122   1121   1129   1125
   26.000    14220   566.10    14504   577.68   1451   1447   1451   1450   1450   1450   1453   1448   1454   1450   1420   1420   1420   1423   1421   1422   1422   1418   1429   1425
   31.000    17067   569.73    17444   579.53   1745   1741   1745   1744   1744   1744   1747   1742   1748   1744   1714   1713   1715   1717   1714   1716   1686   1711   1692   1689
   36.000    19949   586.95    20206   586.41   2021   2018   2022   2021   2021   2018   2022   2017   2025   2021   1990   2020   1989   1994   1991   1993   1993   1987   1999   1993
   41.000    22939   590.62    23227   590.46   2322   2321   2324   2323   2323   2321   2324   2319   2327   2323   2293   2292   2291   2296   2295   2296   2293   2289   2299   2295
   46.000    25878   590.79    26170   590.83   2617   2615   2618   2617   2617   2616   2619   2614   2620   2617   2587   2587   2586   2589   2589   2590   2587   2583   2592   2588
   51.000    29009   591.04    29301   595.97   2931   2928   2930   2930   2930   2930   2932   2927   2933   2930   2902   2900   2899   2902   2901   2903   2900   2897   2904   2901
   56.000    31835   581.38    32132   581.81   3214   3212   3213   3213   3213   3213   3215   3210   3216   3213   3184   3183   3182   3185   3183   3186   3182   3180   3185   3185
   61.000    34944   590.17    35243   587.45   3525   3523   3525   3524   3524   3524   3526   3521   3527   3524   3495   3495   3493   3497   3494   3495   3492   3492   3495   3496
   66.000    37602   592.38    37904   593.89   3791   3790   3791   3790   3790   3790   3792   3787   3793   3790   3760   3761   3759   3761   3760   3761   3760   3758   3761   3761
   71.000    40687   595.57    40989   596.04   4099   4097   4100   4099   4099   4099   4100   4095   4102   4099   4069   4069   4068   4069   4068   4069   4067   4068   4070   4070
   76.000    43808   601.68    44113   602.11   4412   4408   4412   4411   4411   4411   4413   4409   4415   4411   4381   4381   4381   4382   4380   4380   4378   4379   4383   4383
   81.000    46953   602.17    47261   602.70   4727   4723   4727   4726   4726   4726   4728   4724   4730   4724   4696   4694   4696   4696   4695   4693   4693   4694   4698   4698
   86.000    50075   602.89    50384   602.32   5039   5036   5039   5038   5038   5038   5040   5037   5042   5037   5008   5007   5008   5009   5007   5005   5004   5007   5010   5010
   91.000    53090   598.69    53398   598.99   5340   5336   5341   5340   5340   5340   5341   5337   5344   5339   5309   5308   5310   5311   5310   5306   5307   5308   5311   5310
   96.000    55901   612.01    56170   611.91   5614   5609   5616   5615   5615   5615   5644   5610   5619   5613   5584   5613   5585   5586   5585   5612   5582   5583   5586   5585
  101.000    59028   615.49    59323   615.26   5931   5926   5935   5934   5934   5934   5932   5927   5938   5932   5904   5901   5904   5904   5905   5898   5902   5902   5904   5904
  106.000    62182   616.58    62469   615.97   6249   6239   6250   6249   6249   6248   6245   6240   6253   6247   6220   6216   6218   6221   6221   6215   6217   6217   6219   6218
  111.000    65379   616.24    65676   617.95   6570   6561   6570   6569   6569   6569   6566   6560   6573   6569   6539   6536   6538   6541   6539   6536   6535   6537   6540   6538
  116.000    68656   614.66    68954   615.40   6896   6889   6896   6898   6898   6898   6893   6887   6902   6897   6868   6863   6864   6870   6868   6864   6861   6865   6867   6866
  121.000    71939   621.93    72230   621.46   7225   7215   7225   7226   7226   7226   7219   7213   7230   7225   7196   7191   7193   7199   7196   7190   7190   7194   7195   7195
  126.000    74596   625.34    74911   625.87   7485   7504   7484   7485   7485   7485   7508   7502   7489   7484   7455   7480   7453   7459   7456   7479   7450   7455   7454   7455
  131.000    77584   620.74    77900   620.47   7784   7802   7783   7784   7784   7784   7807   7802   7787   7783   7756   7778   7752   7757   7754   7777   7749   7754   7754   7753
  136.000    80634   619.19    80917   619.06   8094   8083   8094   8094   8094   8094   8089   8083   8098   8094   8066   8058   8063   8068   8064   8058   8061   8065   8066   8065
  141.000    83718   613.46    83996   614.77   8402   8391   8400   8402   8402   8402   8397   8391   8406   8403   8374   8366   8372   8377   8372   8366   8369   8374   8375   8373
  146.001    86747   598.78    87011   598.68   8703   8692   8702   8704   8704   8704   8698   8690   8708   8706   8679   8668   8675   8680   8675   8668   8672   8678   8677   8675
  151.000    89875   593.56    90169   592.65   9018   9008   9019   9019   9019   9019   9014   9007   9023   9023   8965   8984   8990   8997   8991   8984   8987   8993   8993   8991
  156.000    92882   611.48    93205   609.63   9340   9330   9311   9310   9310   9310   9336   9330   9314   9314   9288   9307   9281   9288   9282   9306   9279   9284   9285   9282
  161.000    95928   613.49    96224   611.78   9612   9635   9617   9616   9616   9616   9641   9634   9619   9618   9593   9611   9587   9592   9589   9611   9583   9590   9588   9584
  166.000    99193   622.79    99460   622.25   9944   9935   9951   9951   9950   9951   9941   9934   9952   9951   9927   9911   9921   9925   9922   9911   9917   9923   9920   9916
  171.000   102361   623.28   102626   620.49  10260  10253  10268  10267  10267  10267  10259  10250  10268  10267  10244  10227  10237  10241  10239  10229  10233  10240  10237  10234
  176.000   105577   624.32   105838   625.29  10580  10573  10588  10590  10588  10590  10579  10573  10590  10587  10565  10550  10558  10564  10560  10550  10554  10563  10558  10555
  181.000   108822   626.24   109081   627.28  10906  10897  10912  10913  10912  10914  10903  10898  10915  10911  10889  10875  10881  10889  10884  10874  10880  10885  10884  10881
  186.000   111888   633.66   112145   631.41  11230  11222  11206  11207  11207  11208  11228  11222  11209  11206  11183  11199  11175  11184  11179  11199  11174  11179  11210  11206
  191.000   114970   636.64   115292   635.13  11548  11538  11520  11520  11520  11523  11544  11536  11523  11520  11498  11515  11490  11498  11493  11514  11488  11493  11493  11488
  196.000   118197   635.62   118485   635.28  11836  11859  11844  11844  11844  11845  11865  11857  11847  11844  11820  11835  11813  11821  11817  11835  11811  11817  11817  11811
  201.000   121353   637.32   121612   637.11  12157  12149  12168  12166  12166  12166  12155  12148  12170  12167  12142  12126  12134  12144  12140  12126  12134  12140  12136  12131
  206.000   124376   624.82   124638   624.85  12460  12452  12470  12469  12468  12469  12457  12450  12473  12470  12444  12427  12438  12447  12442  12427  12437  12442  12438  12434
  211.000   127390   614.04   127644   616.05  12759  12751  12772  12771  12770  12771  12755  12748  12775  12772  12747  12725  12742  12749  12744  12724  12739  12744  12738  12738
  216.000   130332   614.82   130528   615.86  13067  13059  13048  13045  13045  13046  13064  13057  13051  13046  13051  13033  13019  13023  13048  13033  13016  13019  13046  13044
  221.000   133350   614.66   133635   611.34  13378  13370  13358  13357  13357  13357  13373  13367  13361  13357  13331  13344  13328  13335  13329  13342  13327  13331  13357  13326
  226.000   136557   613.83   136882   612.72  13704  13697  13682  13681  13681  13681  13698  13692  13685  13681  13653  13669  13652  13658  13654  13669  13651  13655  13648  13648
  231.000   139745   615.05   139997   614.82  13990  13982  14000  13999  13999  13999  14016  14010  14003  13999  13971  13988  13972  13978  13972  13987  13969  13973  13968  13967
  236.000   142746   611.23   142958   611.66  14293  14286  14301  14301  14302  14302  14286  14280  14305  14302  14276  14289  14275  14281  14276  14258  14271  14277  14272  14271
  241.000   145937   615.05   146178   615.62  14615  14607  14623  14622  14626  14625  14607  14601  14626  14626  14598  14580  14598  14605  14597  14580  14594  14600  14593  14592
  246.000   149258   626.48   149439   630.30  14946  14940  14956  14955  14927  14957  14939  14933  14959  14927  14929  14911  14930  14939  14930  14912  14927  14932  14926  14922
  251.000   152275   631.64   152514   630.10  15265  15258  15272  15239  15244  15240  15258  15252  15242  15244  15247  15231  15214  15223  15215  15232  15212  15217  15243  15241
  256.000   155382   629.56   155655   627.82  15584  15575  15557  15557  15561  15558  15574  15567  15561  15561  15533  15546  15531  15540  15532  15549  15529  15535  15561  15526
  261.000   158475   626.46   158717   626.13  15865  15856  15869  15870  15874  15870  15886  15879  15874  15874  15844  15860  15844  15853  15844  15860  15842  15847  15842  15839
  266.000   161681   633.41   161919   633.28  16186  16177  16189  16190  16194  16190  16207  16199  16194  16193  16165  16182  16165  16173  16164  16180  16162  16168  16163  16159
  271.000   164730   627.68   164971   625.77  16499  16489  16499  16501  16505  16501  16488  16481  16505  16503  16476  16463  16476  16483  16475  16461  16472  16479  16474  16471
  276.000   167665   609.55   167903   610.39  16792  16781  16792  16795  16800  16795  16780  16773  16799  16796  16770  16755  16770  16777  16769  16753  16767  16772  16768  16764
  281.000   170663   609.36   170874   609.30  17092  17083  17092  17093  17070  17093  17084  17076  17097  17094  17070  17057  17071  17075  17067  17057  17064  17070  17068  17064
  286.000   173399   599.60   173550   597.58  17348  17367  17348  17349  17354  17349  17368  17362  17354  17351  17355  17342  17328  17331  17353  17341  17319  17327  17353  17350
  291.000   176173   591.97   176441   591.87  17638  17655  17638  17639  17641  17639  17657  17652  17642  17640  17616  17632  17617  17620  17612  17631  17607  17616  17612  17610
  296.000   179148   584.21   179385   584.18  17935  17922  17935  17938  17938  17938  17953  17948  17939  17939  17913  17928  17916  17919  17909  17928  17903  17915  17909  17908
  301.000   182049   578.26   182283   577.05  18231  18217  18231  18234  18235  18234  18218  18213  18235  18235  18209  18195  18211  18215  18206  18194  18200  18212  18204  18203
  306.000   184994   574.50   185223   574.16  18525  18510  18525  18528  18530  18528  18512  18507  18529  18529  18504  18490  18505  18510  18501  18488  18494  18506  18499  18497
  311.000   187862   571.07   188036   572.89  18818  18804  18818  18792  18793  18792  18805  18799  18822  18793  18797  18782  18798  18773  18795  18780  18787  18769  18792  18789
  316.000   190621   575.12   190797   577.84  19074  19087  19074  19077  19079  19077  19090  19084  19077  19078  19053  19065  19054  19058  19051  19064  19071  19055  19077  19073
  321.000   193435   577.18   193698   575.97  19364  19379  19364  19366  19368  19366  19382  19375  19367  19367  19343  19356  19343  19347  19340  19356  19332  19346  19338  19334
  326.000   196348   575.30   196612   575.27  19656  19667  19656  19659  19660  19659  19672  19665  19658  19660  19634  19645  19636  19640  19632  19644  19624  19638  19630  19625
  331.000   199123   569.48   199328   570.25  19936  19920  19936  19937  19939  19937  19926  19920  19938  19939  19914  19925  19916  19919  19912  19898  19905  19919  19910  19905
  336.000   201931   564.46   202161   561.58  20218  20201  20218  20223  20224  20223  20207  20201  20221  20225  20196  20181  20201  20204  20198  20180  20188  20204  20192  20187
  341.000   204925   565.07   205122   567.92  20520  20502  20520  20527  20495  20527  20508  20504  20523  20496  20499  20483  20505  20507  20500  20481  20490  20477  20495  20488
  346.001   207909   576.13   208136   578.84  20828  20810  20825  20803  20804  20803  20816  20811  20831  20805  20805  20793  20782  20783  20777  20789  20797  20785  20802  20796
  351.000   210861   580.62   211043   579.01  21098  21110  21095  21101  21104  21101  21117  21110  21101  21106  21076  21094  21083  21083  21078  21091  21067  21087  21106  21096
  356.000   213987   588.89   214220   587.85  21415  21427  21412  21420  21423  21420  21433  21427  21418  21425  21394  21412  21400  21404  21401  21410  21384  21407  21392  21383
  361.000   216969   593.49   217228   594.23  21714  21728  21711  21721  21725  21722  21734  21728  21719  21726  21693  21713  21702  21706  21705  21680  21685  21709  21693  21683
  366.000   220005   602.57   220195   601.23  22020  22003  22019  22027  22031  22027  22009  22003  22024  22032  22001  21988  22007  22011  22011  21988  21994  22014  22001  21990
  371.000   222947   599.75   223163   599.32  22321  22302  22320  22328  22329  22328  22308  22303  22324  22300  22302  22287  22307  22311  22280  22289  22295  22284  22302  22290
  376.000   225934   600.76   226128   600.66  22625  22605  22625  22607  22607  22607  22611  22606  22628  22607  22606  22590  22586  22590  22587  22592  22597  22587  22606  22593
  381.000   228928   603.05   229088   605.54  22898  22912  22900  22912  22912  22912  22916  22911  22903  22912  22879  22895  22891  22895  22893  22899  22902  22893  22881  22900
  386.000   231856   594.60   232079   592.25  23198  23210  23200  23211  23211  23211  23215  23209  23203  23211  23179  23195  23191  23191  23192  23197  23170  23192  23181  23168
  391.000   234759   592.20   235016   590.15  23490  23504  23493  23506  23506  23506  23508  23501  23496  23506  23472  23490  23484  23483  23486  23462  23463  23484  23474  23461
  396.000   237560   586.19   237699   584.52  23776  23761  23780  23763  23762  23762  23764  23786  23783  23762  23759  23746  23768  23769  23743  23748  23749  23769  23761  23748
  401.000   240486   586.59   240678   584.88  24076  24062  24079  24063  24063  24063  24067  24059  24083  24063  24059  24047  24042  24043  24045  24049  24050  24043  24061  24047
  406.000   243479   584.06   243669   585.10  24382  24361  24383  24359  24359  24359  24365  24355  24387  24359  24362  24346  24339  24339  24343  24347  24351  24339  24364  24349
  411.000   246568   588.79   246705   591.17  24663  24672  24663  24673  24674  24674  24678  24667  24667  24674  24642  24659  24653  24652  24656  24659  24662  24651  24674  24660
  416.000   249809   596.91   249969   598.12  24990  24998  24990  24999  25000  25000  25005  24994  24993  25000  24969  24986  24980  24979  24984  24985  24992  24977  24969  24988
  421.000   252869   603.17   253081   599.81  25303  25309  25303  25310  25310  25310  25315  25306  25305  25310  25282  25297  25291  25292  25295  25296  25273  25291  25282  25270
  426.000   255949   611.04   256165   612.62  25609  25619  25609  25619  25619  25619  25625  25614  25613  25619  25590  25607  25600  25599  25605  25604  25579  25599  25591  25575
  431.000   258886   613.34   259063   610.85  25911  25891  25910  25920  25891  25891  25897  25917  25914  25921  25892  25879  25902  25903  25877  25877  25882  25903  25894  25877
  436.000   261788   612.32   261969   610.97  26210  26189  26209  26191  26191  26191  26196  26188  26213  26191  26191  26178  26170  26173  26177  26176  26181  26172  26194  26176
  441.000   264852   609.33   265028   611.68  26518  26494  26517  26496  26496  26496  26502  26493  26520  26496  26499  26483  26475  26477  26483  26482  26489  26479  26502  26483
  446.000   267775   600.87   267916   602.25  26786  26793  26783  26794  26795  26794  26800  26791  26786  26794  26765  26782  26776  26777  26781  26780  26787  26777  26769  26781
  451.000   270714   592.62   270875   589.87  27083  27088  27081  27089  27090  27090  27095  27086  27083  27090  27063  27077  27074  27074  27078  27075  27054  27075  27066  27078
  456.000   273716   589.77   273906   587.82  27385  27391  27383  27394  27394  27392  27398  27387  27388  27394  27367  27381  27378  27375  27382  27379  27357  27377  27370  27350
  461.001   276961   600.84   277139   599.03  27709  27714  27707  27718  27718  27714  27720  27711  27710  27718  27691  27706  27702  27701  27705  27703  27683  27702  27693  27675
  466.000   279920   606.31   280066   604.06  28025  27996  28022  28001  28001  27999  28003  27994  28025  28000  28005  27990  27985  27986  27989  27987  27995  27986  28008  27989
  471.000   283165   612.54   283283   610.59  28320  28321  28346  28326  28326  28324  28328  28318  28349  28325  28328  28315  28309  28311  28314  28313  28319  28312  28331  28313
  476.000   286357   618.69   286428   620.00  28636  28638  28666  28644  28644  28642  28647  28634  28635  28642  28649  28634  28628  28629  28632  28631  28638  28631  28651  28634
  481.000   289357   623.56   289472   624.06  28944  28946  28940  28951  28951  28950  28954  28942  28944  28950  28923  28940  28936  28937  28938  28938  28943  28938  28924  28940
  486.000   292590   624.66   292709   624.40  29269  29268  29263  29276  29276  29273  29279  29265  29267  29273  29246  29265  29259  29261  29263  29262  29265  29261  29246  29262
  491.000   295694   622.54   295871   620.56  29585  29585  29579  29592  29592  29589  29595  29581  29584  29589  29563  29581  29575  29577  29579  29579  29551  29578  29564  29547
  496.000   298578   623.98   298779   621.40  29886  29885  29879  29861  29861  29889  29863  29882  29884  29889  29865  29851  29875  29878  29850  29848  29852  29848  29864  29847
  501.000   301550   615.91   301708   614.26  30188  30156  30181  30163  30163  30161  30166  30184  30186  30160  30168  30154  30147  30150  30155  30151  30157  30152  30165  30151
  506.000   304642   610.57   304746   612.68  30467  30467  30490  30473  30472  30472  30475  30463  30496  30471  30478  30461  30458  30462  30464  30459  30467  30462  30471  30460
  511.000   307718   613.12   307790   614.70  30778  30777  30769  30784  30781  30784  30786  30773  30778  30780  30759  30771  30768  30771  30776  30770  30777  30774  30781  30771
  516.001   310865   606.44   310923   607.79  31090  31090  31080  31099  31095  31099  31100  31085  31091  31094  31071  31085  31083  31083  31091  31084  31094  31088  31098  31088
  521.000   313839   601.91   313995   601.31  31398  31398  31387  31406  31401  31406  31407  31392  31399  31401  31378  31393  31390  31392  31399  31391  31367  31395  31371  31363
  526.000   317060   614.65   317186   609.85  31723  31725  31713  31698  31726  31698  31732  31718  31725  31728  31704  31716  31717  31717  31691  31716  31693  31719  31698  31689
  531.000   320063   621.22   320206   617.70  32037  32007  32027  32014  32011  32014  32016  32031  32038  32011  32019  32002  32000  32003  32007  32000  32010  32002  32015  32005
  536.000   323322   624.36   323409   623.83  32332  32332  32356  32340  32336  32340  32343  32327  32367  32336  32348  32326  32325  32328  32334  32324  32336  32327  32344  32330
  541.001   326493   625.89   326554   628.65  32651  32650  32671  32658  32654  32658  32661  32646  32650  32655  32662  32645  32643  32647  32650  32642  32651  32645  32660  32648
  546.000   329603   626.87   329692   628.88  32969  32965  32958  32975  32971  32974  32976  32963  32969  32972  32949  32962  32959  32966  32966  32959  32968  32962  32947  32965
  551.000   332833   629.87   332923   629.80  33291  33288  33280  33299  33294  33299  33299  33286  33292  33295  33269  33285  33281  33290  33289  33283  33292  33285  33270  33289
  556.000   335996   629.15   336156   628.14  33617  33613  33604  33621  33618  33621  33621  33609  33614  33618  33591  33608  33604  33612  33611  33606  33584  33606  33593  33581
  561.000   338996   631.81   339093   629.09  33929  33925  33912  33898  33895  33898  33898  33920  33923  33895  33899  33918  33916  33889  33887  33883  33894  33918  33901  33891
  566.000   342051   627.48   342176   626.74  34210  34207  34227  34215  34210  34215  34213  34232  34237  34210  34215  34199  34196  34207  34202  34201  34210  34198  34216  34207
  571.000   345098   620.49   345160   623.41  34515  34511  34531  34518  34515  34518  34517  34507  34513  34515  34519  34504  34501  34511  34507  34505  34515  34503  34521  34512
  576.000   348165   619.95   348258   622.03  34825  34822  34840  34828  34825  34828  34827  34815  34823  34825  34829  34813  34810  34821  34817  34815  34824  34813  34802  34821
  581.000   351109   609.25   351204   609.42  35123  35120  35108  35125  35122  35126  35123  35113  35121  35123  35097  35110  35107  35118  35114  35113  35122  35111  35098  35119
  586.000   354099   601.30   354254   600.05  35428  35427  35412  35431  35426  35432  35428  35417  35425  35428  35403  35414  35412  35425  35418  35419  35395  35415  35404  35394
  591.000   357158   605.30   357307   603.99  35739  35708  35725  35741  35738  35711  35740  35729  35736  35740  35715  35727  35725  35707  35730  35700  35706  35727  35716  35705
  596.000   360274   608.29   360328   605.84  36025  36025  36044  36027  36024  36028  36026  36048  36055  36026  36033  36047  36045  36024  36016  36017  36024  36013  36033  36022
  601.000   363212   605.87   363268   606.64  36326  36325  36342  36327  36325  36328  36327  36316  36325  36327  36332  36316  36315  36325  36317  36317  36324  36314  36331  36321
  606.000   366271   604.26   366357   606.28  36635  36633  36652  36636  36634  36638  36636  36626  36633  36634  36640  36623  36624  36633  36626  36626  36634  36623  36612  36630
  611.000   369486   611.21   369538   613.02  36957  36955  36942  36957  36955  36958  36958  36946  36955  36955  36962  36944  36946  36954  36948  36947  36955  36944  36933  36953
  616.000   372566   617.42   372713   611.58  37273  37274  37260  37275  37273  37276  37274  37263  37273  37272  37248  37262  37263  37272  37264  37265  37240  37261  37252  37239
  621.000   375765   617.05   375906   613.09  37593  37594  37580  37594  37592  37594  37592  37583  37594  37590  37566  37582  37585  37594  37585  37584  37558  37581  37573  37557
  626.000   378845   618.12   378994   618.32  37905  37875  37893  37904  37902  37904  37906  37896  37906  37903  37881  37897  37898  37875  37901  37865  37874  37895  37886  37873
  631.000   381651   617.75   381687   616.07  38164  38165  38188  38164  38163  38164  38165  38184  38167  38163  38174  38159  38160  38167  38163  38157  38165  38157  38183  38166
  636.000   384661   614.80   384668   614.46  38469  38471  38461  38470  38466  38470  38468  38457  38470  38466  38479  38463  38463  38473  38465  38459  38468  38460  38456  38475
  641.000   387797   610.40   387812   612.21  38783  38784  38777  38784  38780  38784  38783  38773  38784  38780  38791  38777  38777  38786  38780  38773  38781  38774  38770  38788
  646.001   390838   611.03   390908   607.37  39092  39096  39085  39095  39090  39094  39093  39081  39093  39089  39070  39085  39088  39097  39091  39084  39093  39084  39079  39067
  651.001   393790   599.01   393853   595.42  39389  39365  39384  39391  39387  39392  39390  39380  39390  39385  39369  39383  39385  39395  39388  39381  39362  39381  39378  39368
  656.001   396781   595.84   396818   591.07  39692  39667  39687  39664  39689  39665  39692  39683  39692  39687  39669  39687  39687  39668  39691  39684  39663  39683  39681  39668
  661.000   399703   603.69   399823   602.35  39966  39971  39991  39967  39993  39967  39995  39987  39996  39990  39974  39961  39961  39971  39966  39958  39969  39988  39985  39970
  666.000   402731   604.24   402694   604.88  40271  40276  40265  40272  40267  40275  40269  40263  40270  40266  40279  40267  40267  40278  40272  40264  40274  40262  40290  40278
  671.000   405887   603.46   405880   605.10  40591  40596  40583  40589  40585  40593  40588  40582  40588  40585  40600  40584  40587  40597  40589  40580  40593  40581  40578  40598
  676.000   409004   606.36   409026   605.86  40905  40911  40897  40903  40900  40906  40903  40899  40902  40900  40914  40899  40903  40913  40904  40895  40906  40896  40895  40879
  681.000   412152   607.24   412133   607.91  41220  41191  41211  41217  41213  41220  41217  41214  41217  41213  41227  41213  41218  41230  41219  41209  41222  41210  41211  41193
  686.000   415209   612.47   415270   610.36  41533  41507  41525  41531  41527  41533  41530  41526  41531  41527  41511  41527  41532  41514  41534  41524  41505  41526  41527  41509
  691.000   418221   616.34   418249   611.28  41807  41810  41829  41835  41830  41807  41834  41830  41837  41830  41816  41831  41837  41816  41809  41829  41808  41831  41830  41814
  696.000   421218   616.91   421234   617.58  42115  42118  42137  42112  42140  42115  42142  42104  42111  42140  42126  42106  42115  42127  42117  42108  42117  42139  42139  42124
  701.000   424219   614.19   424173   613.86  42424  42424  42412  42417  42414  42421  42416  42412  42419  42414  42430  42413  42423  42431  42424  42418  42423  42414  42414  42429
  706.000   427295   610.54   427276   611.34  42734  42734  42720  42729  42724  42732  42726  42723  42730  42724  42741  42723  42733  42741  42734  42728  42736  42725  42724  42710
  711.000   430534   610.97   430511   613.12  43060  43059  43042  43053  43048  43055  43048  43045  43052  43049  43067  43046  43057  43065  43057  43053  43059  43049  43048  43033
  716.000   433497   609.93   433504   609.06  43360  43332  43348  43355  43350  43356  43351  43347  43354  43351  43341  43348  43360  43365  43358  43354  43332  43351  43351  43337
  721.001   436656   613.32   436695   610.44  43652  43651  43671  43677  43672  43679  43673  43669  43676  43675  43660  43670  43683  43658  43681  43647  43651  43673  43675  43658
  726.000   439808   619.40   439857   618.29  43974  43974  43992  43967  43995  43970  43997  43991  43998  43999  43983  43993  43971  43979  43969  43968  43973  43995  43997  43980
  731.000   442754   620.94   442789   621.64  44277  44279  44293  44270  44266  44275  44269  44292  44298  44270  44288  44265  44276  44283  44274  44270  44277  44267  44270  44284
  736.000   445801   617.92   445739   618.52  44582  44583  44568  44573  44570  44578  44572  44566  44574  44573  44593  44568  44580  44589  44579  44574  44582  44572  44575  44589
  741.000   448856   611.78   448822   612.45  44889  44891  44876  44882  44879  44885  44881  44875  44883  44881  44900  44876  44888  44900  44886  44883  44891  44883  44883  44866
  746.000   451944   613.95   451936   615.52  45202  45176  45191  45196  45195  45200  45195  45188  45198  45195  45185  45190  45204  45214  45201  45197  45176  45198  45198  45181
  751.000   455178   614.72   455139   612.10  45495  45497  45513  45520  45519  45524  45519  45510  45523  45519  45507  45513  45528  45538  45524  45521  45499  45523  45522  45503
  756.000   458413   617.08   458408   612.89  45820  45825  45841  45847  45846  45850  45845  45838  45851  45845  45833  45841  45855  45829  45850  45847  45827  45851  45850  45830
  761.000   461448   624.23   461443   622.85  46142  46146  46159  46134  46134  46136  46163  46156  46138  46135  46152  46159  46141  46151  46137  46134  46149  46138  46137  46150
  766.000   464534   625.73   464462   627.34  46453  46456  46441  46444  46446  46447  46444  46437  46448  46446  46465  46442  46453  46464  46448  46446  46458  46449  46450  46459
  771.000   467658   626.70   467582   627.40  46767  46770  46751  46757  46757  46759  46756  46747  46761  46757  46778  46753  46765  46777  46759  46757  46773  46761  46762  46773
  776.000   470769   627.03   470746   628.88  47082  47086  47067  47073  47073  47076  47074  47063  47077  47075  47096  47071  47084  47095  47077  47074  47058  47077  47081  47056
  781.000   473703   615.70   473675   616.11  47376  47350  47363  47370  47369  47374  47370  47359  47373  47371  47360  47367  47381  47390  47374  47370  47357  47372  47378  47354
  786.000   476702   609.45   476707   608.71  47655  47657  47672  47681  47679  47653  47679  47668  47682  47681  47668  47676  47660  47668  47684  47679  47666  47681  47657  47663
  791.000   479651   606.96   479619   605.08  47953  47956  47969  47948  47974  47952  47975  47965  47979  47948  47967  47973  47958  47967  47953  47975  47965  47977  47955  47961
  796.000   482768   607.17   482704   608.61  48270  48276  48289  48264  48260  48269  48261  48285  48266  48264  48288  48293  48276  48283  48268  48261  48284  48263  48273  48279
  801.000   485794   605.57   485703   607.08  48575  48580  48562  48571  48570  48574  48569  48558  48573  48571  48592  48567  48581  48590  48575  48569  48588  48571  48578  48583
  806.000   488943   605.84   488902   606.24  48896  48901  48882  48890  48889  48894  48889  48878  48893  48890  48914  48889  48902  48911  48895  48890  48879  48891  48898  48874
  811.000   492074   613.21   492037   610.66  49212  49186  49198  49208  49207  49211  49206  49193  49209  49207  49199  49205  49220  49227  49211  49206  49195  49207  49214  49190
  816.000   495233   615.34   495221   613.66  49531  49505  49516  49526  49525  49530  49525  49511  49527  49525  49519  49526  49539  49514  49528  49525  49513  49527  49533  49509
  821.000   498132   616.39   498106   613.70  49798  49800  49810  49820  49818  49796  49819  49806  49821  49818  49814  49822  49805  49813  49823  49820  49808  49823  49799  49805
  826.000   501068   612.01   501010   612.15  50102  50105  50116  50095  50094  50102  50094  50112  50096  50094  50120  50098  50111  50116  50098  50096  50113  50100  50105  50111
  831.000   504155   612.94   504101   614.18  50411  50414  50425  50407  50402  50412  50403  50421  50404  50402  50429  50406  50421  50426  50406  50404  50421  50409  50412  50421
  836.000   507098   605.47   506999   604.43  50706  50708  50691  50704  50698  50708  50699  50687  50700  50698  50725  50705  50718  50722  50703  50703  50717  50707  50710  50688
  841.000   509989   597.19   509945   596.93  51002  51003  50985  50997  50993  51003  50994  50981  50994  50993  50991  51000  51013  51019  50998  50998  50982  51002  51005  50981
  846.000   512936   588.89   512898   586.95  51304  51274  51287  51299  51294  51275  51294  51282  51295  51294  51291  51300  51284  51290  51299  51299  51284  51303  51305  51281
  851.000   516080   598.26   516009   596.74  51589  51591  51604  51586  51612  51592  51612  51598  51613  51612  51608  51618  51601  51607  51618  51616  51602  51620  51592  51598
  856.000   519193   607.06   519187   604.31  51910  51911  51924  51907  51933  51912  51935  51920  51935  51900  51927  51906  51921  51929  51939  51906  51923  51909  51915  51918
  861.000   522259   604.01   522184   603.31  52221  52222  52234  52216  52209  52222  52210  52230  52211  52209  52237  52216  52232  52239  52214  52216  52233  52218  52225  52229
  866.000   525423   609.62   525342   611.33  52536  52538  52546  52533  52526  52537  52528  52542  52529  52527  52551  52534  52549  52555  52532  52534  52547  52536  52542  52543
  871.000   528538   617.15   528422   615.81  52852  52851  52830  52846  52840  52852  52842  52826  52843  52840  52866  52848  52864  52870  52847  52849  52860  52849  52858  52827
  876.000   531538   621.32   531497   621.25  53161  53131  53145  53156  53150  53160  53151  53141  53153  53149  53149  53159  53148  53152  53159  53161  53142  53160  53169  53139
  881.000   534535   615.29   534431   614.18  53434  53432  53447  53430  53452  53432  53454  53443  53455  53452  53452  53465  53450  53453  53463  53464  53444  53463  53442  53439
  886.001   537531   613.36   537482   607.92  53739  53737  53751  53735  53756  53738  53760  53749  53760  53757  53757  53741  53756  53759  53769  53739  53748  53769  53748  53745
  891.000   540569   614.43   540459   611.31  54046  54045  54060  54045  54037  54046  54042  54058  54041  54039  54066  54052  54066  54067  54049  54049  54057  54051  54057  54055
  896.000   543791   610.17   543648   612.25  54368  54368  54383  54368  54358  54368  54363  54350  54362  54360  54388  54372  54389  54392  54369  54369  54382  54371  54381  54378
  901.001   546873   609.25   546694   609.08  54677  54675  54661  54675  54664  54677  54671  54656  54670  54668  54696  54681  54697  54700  54677  54678  54690  54680  54687  54687
  906.000   549695   605.32   549629   603.50  54970  54969  54955  54967  54959  54970  54966  54949  54963  54961  54959  54975  54990  54965  54972  54972  54955  54975  54981  54951
  911.000   552529   599.95   552432   599.21  55229  55230  55244  55255  55249  55229  55255  55238  55253  55250  55249  55264  55251  55254  55261  55261  55244  55264  55240  55241
  916.000   555452   598.48   555325   594.89  55525  55523  55538  55522  55545  55524  55522  55532  55549  55545  55544  55531  55545  55550  55557  55556  55538  55559  55536  55536
  921.000   558303   595.12   558175   592.57  55818  55817  55831  55817  55809  55820  55816  55825  55813  55809  55837  55825  55839  55843  55822  55821  55833  55825  55828  55830
  926.000   561409   586.26   561286   587.84  56129  56128  56142  56128  56119  56132  56127  56137  56124  56120  56147  56138  56148  56152  56131  56134  56144  56135  56140  56140
  931.000   564605   588.38   564412   590.09  56448  56449  56428  56447  56438  56453  56446  56424  56441  56438  56467  56457  56468  56472  56448  56454  56465  56452  56461  56461
  936.000   567612   596.21   567451   595.03  56758  56729  56737  56757  56749  56733  56754  56733  56752  56749  56777  56765  56778  56752  56759  56766  56743  56763  56769  56740
  941.000   570615   601.88   570516   600.81  57064  57034  57045  57063  57056  57038  57060  57041  57059  57056  57052  57072  57053  57057  57066  57073  57048  57070  57075  57049
  946.000   573582   605.44   573477   605.27  57338  57337  57347  57337  57357  57341  57362  57343  57357  57358  57355  57374  57357  57360  57367  57346  57353  57372  57348  57350
  951.000   576609   613.31   576505   612.07  57650  57648  57659  57649  57638  57654  57643  57655  57669  57640  57667  57655  57669  57672  57648  57657  57665  57653  57661  57662
  956.000   579850   615.38   579707   614.71  57974  57971  57984  57973  57959  57977  57966  57980  57960  57963  57992  57979  57992  57995  57970  57982  57991  57978  57985  57986
  961.000   583069   611.95   582933   615.03  58296  58291  58305  58296  58283  58300  58290  58301  58283  58288  58313  58302  58312  58316  58294  58305  58312  58301  58307  58307
  966.000   586169   616.44   585999   616.14  58610  58603  58586  58609  58596  58613  58603  58581  58597  58601  58625  58614  58627  58629  58606  58619  58625  58615  58620  58589
  971.000   589183   618.04   589017   616.80  58889  58913  58898  58888  58908  58892  58914  58894  58908  58913  58933  58926  58938  58910  58916  58928  58904  58926  58900  58902
  976.001   592187   621.09   592086   620.15  59198  59191  59208  59196  59218  59202  59226  59204  59219  59224  59211  59239  59215  59220  59225  59206  59213  59238  59209  59211
  981.001   595310   626.54   595202   623.39  59517  59509  59525  59515  59535  59521  59512  59521  59537  59510  59530  59526  59534  59539  59543  59524  59533  59525  59527  59529
  986.000   598293   615.91   598120   614.90  59815  59807  59824  59814  59802  59818  59810  59819  59833  59808  59828  59825  59834  59836  59840  59822  59830  59823  59826  59829
  991.000   601324   607.21   601169   606.68  60120  60113  60129  60119  60107  60122  60114  60125  60108  60112  60135  60132  60140  60142  60116  60128  60135  60128  60133  60135
  996.000   604306   601.11   604109   603.42  60421  60413  60399  60420  60406  60422  60414  60394  60408  60412  60436  60435  60442  60443  60417  60429  60437  60430  60433  60404
 1001.000   607254   602.44   607115   603.38  60699  60720  60705  60725  60714  60698  60721  60701  60714  60718  60744  60742  60719  60719  60723  60737  60712  60736  60710  60712
 1006.001   610130   600.09   610011   598.41  60994  60986  61001  60991  61010  60994  61017  60995  61009  61014  61011  61009  61016  61015  61020  61004  61008  61033  61006  61008
 1011.000   613163   598.05   613064   595.23  61300  61290  61306  61297  61317  61299  61321  61301  61314  61319  61319  61316  61321  61322  61325  61310  61313  61308  61314  61315
 1016.000   616114   596.11   615926   593.62  61595  61587  61601  61592  61582  61594  61587  61595  61608  61585  61614  61611  61616  61616  61620  61606  61608  61605  61609  61609
 1021.000   618961   587.15   618771   585.97  61881  61874  61888  61880  61869  61883  61875  61882  61866  61873  61901  61898  61903  61905  61878  61893  61897  61894  61896  61896
 1026.000   621789   579.16   621568   581.17  62163  62157  62143  62162  62152  62165  62157  62164  62150  62155  62184  62182  62186  62187  62163  62176  62179  62176  62178  62178
 1031.000   624632   575.12   624407   575.25  62450  62445  62429  62450  62437  62453  62443  62421  62438  62441  62471  62470  62473  62475  62451  62463  62466  62463  62465  62435
 1036.000   627524   581.73   627389   580.15  62730  62725  62739  62730  62747  62734  62752  62733  62747  62752  62751  62751  62754  62754  62761  62743  62744  62773  62746  62747
 1041.000   630516   581.31   630376   577.92  63033  63026  63040  63032  63048  63035  63053  63034  63049  63026  63052  63054  63056  63057  63062  63046  63045  63047  63049  63048
 1046.000   633518   583.07   633373   580.56  63335  63326  63339  63333  63346  63335  63351  63335  63348  63325  63352  63357  63358  63357  63360  63345  63346  63348  63348  63347
 1051.000   636438   577.44   636254   578.64  63628  63625  63628  63627  63634  63628  63609  63624  63637  63614  63649  63649  63651  63652  63618  63643  63643  63649  63644  63640
 1056.000   639573   588.69   639334   591.11  63945  63912  63945  63944  63922  63945  63925  63941  63924  63931  63966  63966  63966  63968  63936  63959  63930  63965  63960  63957
 1061.001   642382   593.69   642174   595.23  64214  64212  64214  64210  64222  64213  64226  64210  64225  64228  64235  64236  64263  64264  64236  64228  64231  64235  64230  64224
 1066.000   645432   600.94   645282   599.40  64524  64523  64524  64521  64531  64524  64537  64520  64536  64542  64546  64547  64542  64545  64547  64539  64542  64547  64541  64536
 1071.000   648467   601.38   648319   598.15  64829  64826  64829  64824  64835  64828  64840  64825  64839  64844  64849  64849  64846  64848  64853  64842  64846  64851  64845  64838
 1076.000   651684   605.37   651512   601.28  65151  65148  65151  65144  65158  65151  65163  65147  65162  65137  65171  65170  65168  65170  65176  65162  65167  65173  65168  65159
 1081.000   654829   609.06   654589   608.39  65468  65465  65468  65463  65444  65469  65447  65464  65447  65454  65488  65487  65486  65487  65460  65481  65486  65491  65487  65476
 1086.000   657907   605.70   657663   608.66  65777  65771  65776  65770  65751  65776  65754  65772  65756  65760  65796  65797  65794  65795  65768  65788  65793  65798  65795  65783
 1091.000   660910   615.66   660603   617.44  66054  66050  66054  66079  66061  66054  66064  66050  66066  66071  66105  66106  66104  66104  66080  66097  66070  66077  66074  66093
 1096.000   663847   616.91   663656   615.54  66362  66358  66362  66358  66369  66362  66371  66359  66375  66380  66383  66385  66383  66382  66389  66406  66378  66385  66384  66372
 1101.000   667012   621.21   666847   619.56  66681  66677  66681  66675  66689  66681  66690  66678  66695  66700  66703  66704  66702  66702  66709  66696  66697  66704  66704  66691
 1106.000   670159   617.92   669961   616.07  66995  66992  66995  66991  67002  66997  67004  66992  67009  66984  67017  67017  67018  67016  67024  67011  67011  67020  67018  67007
 1111.000   673093   610.91   672897   609.43  67291  67288  67291  67287  67299  67293  67301  67289  67277  67281  67313  67313  67315  67312  67290  67308  67307  67316  67316  67303
 1116.000   676243   606.34   676013   608.83  67606  67603  67606  67601  67584  67608  67615  67603  67592  67595  67628  67628  67631  67628  67604  67624  67621  67631  67630  67618
 1121.001   679281   610.03   678952   612.05  67907  67881  67908  67902  67887  67884  67887  67905  67895  67896  67937  67937  67938  67938  67912  67934  67931  67914  67911  67929
 1126.000   681943   607.25   681731   604.43  68163  68166  68167  68193  68173  68169  68172  68163  68182  68183  68194  68196  68194  68195  68198  68193  68189  68199  68197  68188
 1131.000   685031   604.66   684780   599.93  68472  68474  68476  68472  68480  68478  68480  68471  68489  68488  68506  68505  68504  68504  68505  68501  68499  68507  68504  68496
 1136.000   688178   602.50   687937   596.76  68786  68791  68790  68786  68796  68794  68797  68785  68808  68804  68821  68819  68818  68818  68821  68816  68812  68822  68821  68810
 1141.000   691323   605.70   691007   600.67  69100  69103  69103  69102  69108  69106  69109  69099  69091  69086  69135  69134  69132  69134  69135  69129  69128  69137  69134  69125
 1146.000   694405   599.43   694119   598.59  69412  69415  69413  69412  69420  69419  69421  69409  69400  69398  69446  69445  69443  69446  69414  69440  69440  69450  69446  69435
 1151.000   697562   605.73   697206   608.14  69732  69703  69736  69736  69708  69707  69709  69731  69723  69721  69766  69769  69765  69771  69736  69761  69762  69739  69736  69757
 1156.000   700599   624.03   700308   621.38  70050  70024  70025  70023  70028  70027  70029  70020  70041  70041  70084  70056  70083  70059  70056  70048  70051  70060  70057  70045
 1161.000   703673   625.57   703403   622.79  70333  70336  70338  70336  70340  70340  70341  70333  70353  70353  70368  70370  70367  70372  70369  70363  70364  70372  70370  70358
 1166.000   706670   618.32   706384   616.88  70631  70633  70636  70635  70638  70638  70638  70632  70652  70651  70666  70669  70670  70671  70669  70664  70663  70671  70670  70657
 1171.000   709791   617.58   709438   615.27  70944  70945  70947  70947  70949  70949  70950  70943  70933  70931  70979  70980  70982  70983  70984  70975  70974  70983  70982  70969
 1176.000   712933   612.52   712612   613.39  71261  71263  71263  71263  71267  71267  71269  71259  71250  71250  71298  71298  71299  71301  71271  71295  71290  71298  71298  71285
 1181.000   715955   609.13   715599   611.17  71565  71538  71567  71568  71572  71572  71544  71563  71556  71554  71602  71604  71604  71606  71576  71599  71595  71604  71574  71591
 1186.000   718826   610.59   718563   610.49  71874  71846  71846  71877  71851  71849  71852  71842  71864  71862  71912  71883  71881  71884  71883  71879  71874  71881  71880  71869
 1191.000   721867   610.54   721565   607.35  72149  72153  72152  72152  72158  72156  72159  72148  72170  72168  72188  72190  72187  72191  72190  72186  72181  72191  72187  72176
 1196.000   724956   612.65   724649   610.97  72459  72462  72461  72461  72466  72464  72468  72456  72477  72475  72498  72500  72495  72500  72499  72495  72490  72499  72496  72484
