Test case: 
Description: 
	10 senders: persistent queues
	10 receivers: client acknowledge every 50 messages
Timestamp: 2011.11.2 0:5:23
Version: 
Setting up JMS benchmark connections... 

Start processing messages.
Fri Dec 02 00:05:23 EST 2011

  Seconds   Send   Send/Sec   Recv   Recv/Sec   RCV0   RCV1   RCV2   RCV3   RCV4   RCV5   RCV6   RCV7   RCV8   RCV9  SND10  SND11  SND12  SND13  SND14  SND15  SND16  SND17  SND18  SND19
  ------- -------- -------- -------- -------- ------ ------ ------ ------ ------ ------ ------ ------ ------ ------ ------ ------ ------ ------ ------ ------ ------ ------ ------ ------
    1.067        0     0.00        0     0.00      0      0      0      0      0      0      0      0      0      0      0      0      0      0      0      0      0      0      0      0
    6.067     2469   536.62     2702   587.26    271    271    271    268    271    270    268    272    269    271    248    246    247    244    247    248    247    246    249    247
   11.068     5379   560.31     5594   582.71    560    560    560    557    560    560    558    560    559    560    538    539    535    534    535    540    538    538    545    537
   16.067     8334   562.33     8560   573.56    858    858    855    855    858    857    853    855    856    855    832    833    831    828    833    837    833    833    839    835
   21.067    11288   562.04    11513   572.09   1153   1153   1150   1150   1153   1152   1150   1151   1151   1150   1127   1128   1126   1122   1128   1133   1130   1128   1136   1130
   26.067    14271   569.35    14499   577.36   1452   1453   1446   1450   1452   1451   1448   1448   1451   1448   1425   1426   1424   1422   1427   1430   1426   1428   1434   1429
   31.067    17001   571.42    17262   579.26   1716   1717   1741   1715   1716   1716   1741   1742   1716   1742   1690   1719   1689   1716   1691   1693   1719   1692   1698   1694
   36.067    20009   587.53    20212   587.56   2023   2024   2018   2022   2024   2023   2019   2018   2022   2019   1996   1996   1998   2024   1997   1999   1996   1998   2004   2001
   41.068    22989   590.96    23219   591.46   2323   2325   2319   2323   2325   2323   2320   2318   2323   2320   2297   2297   2298   2296   2298   2300   2298   2299   2304   2302
   46.067    25927   589.42    26158   585.69   2617   2618   2614   2617   2619   2616   2615   2612   2615   2615   2591   2593   2591   2589   2590   2594   2593   2593   2597   2596
   51.067    29052   588.59    29282   588.76   2929   2930   2926   2930   2931   2928   2928   2925   2927   2928   2904   2906   2904   2901   2903   2906   2904   2905   2910   2909
   56.067    31865   581.48    32096   581.51   3214   3215   3209   3185   3215   3213   3213   3207   3212   3213   3189   3191   3188   3184   3187   3191   3188   3189   3195   3163
   61.067    34780   594.61    35012   593.67   3497   3498   3520   3498   3498   3496   3497   3517   3495   3496   3472   3474   3472   3495   3470   3474   3498   3472   3478   3475
   66.068    37734   593.59    37965   594.53   3795   3795   3787   3795   3796   3794   3796   3819   3793   3795   3771   3771   3770   3797   3768   3772   3765   3770   3777   3773
   71.067    40769   596.66    41004   596.83   4102   4103   4095   4101   4102   4102   4104   4092   4100   4103   4078   4078   4076   4070   4075   4079   4073   4077   4084   4079
   76.067    43890   600.79    44118   599.68   4413   4415   4406   4414   4413   4412   4416   4404   4411   4414   4389   4390   4388   4383   4386   4392   4385   4389   4397   4391
   81.067    47044   595.20    47269   595.13   4729   4730   4720   4727   4729   4728   4730   4719   4727   4730   4706   4705   4703   4698   4701   4708   4700   4705   4712   4706
   86.067    50163   605.20    50380   604.77   5040   5042   5032   5039   5039   5038   5041   5031   5038   5040   5019   5017   5015   5012   5012   5020   5014   5016   5022   5016
   91.067    52939   607.35    53154   606.74   5312   5314   5332   5310   5310   5309   5313   5333   5310   5311   5290   5289   5286   5312   5286   5292   5315   5288   5294   5287
   96.067    55955   610.42    56185   609.35   5614   5617   5637   5612   5613   5612   5615   5638   5613   5614   5595   5593   5590   5618   5591   5597   5590   5593   5597   5591
  101.068    59127   615.09    59304   614.11   5932   5933   5925   5930   5932   5931   5933   5925   5930   5933   5911   5910   5909   5932   5909   5913   5907   5911   5915   5910
  106.067    62277   609.93    62479   607.79   6249   6251   6239   6248   6251   6249   6252   6240   6249   6251   6231   6226   6228   6219   6228   6233   6223   6229   6230   6230
  111.067    65482   610.37    65672   609.23   6568   6570   6559   6567   6570   6568   6572   6559   6568   6571   6551   6547   6548   6542   6549   6553   6544   6548   6551   6549
  116.067    68706   614.48    68961   614.64   6896   6899   6888   6897   6898   6897   6901   6887   6898   6900   6848   6877   6877   6871   6877   6850   6872   6877   6880   6877
  121.067    71818   630.44    71978   629.60   7192   7194   7216   7192   7193   7192   7196   7214   7194   7195   7175   7172   7173   7196   7174   7178   7199   7172   7205   7174
  126.067    74702   628.09    74883   626.44   7481   7491   7477   7488   7490   7480   7492   7504   7489   7491   7470   7471   7469   7486   7470   7474   7459   7469   7464   7470
  131.068    77668   616.26    77847   616.43   7780   7790   7777   7787   7789   7779   7792   7775   7788   7790   7769   7770   7768   7757   7771   7773   7758   7769   7763   7770
  136.067    80792   614.03    80968   614.19   8091   8102   8088   8099   8102   8090   8105   8086   8103   8102   8083   8084   8080   8067   8084   8088   8069   8080   8075   8082
  141.067    83799   609.72    83975   608.38   8398   8407   8395   8404   8409   8398   8382   8395   8380   8407   8360   8391   8387   8374   8391   8364   8377   8386   8381   8388
  146.068    86706   600.91    86898   596.71   8700   8678   8698   8675   8678   8699   8683   8698   8681   8708   8663   8663   8658   8676   8664   8665   8681   8690   8686   8660
  151.067    89831   602.30    90026   601.32   9017   8992   9015   8990   8994   9016   8999   9015   8996   8992   8979   8978   8974   8992   8977   8979   8998   8976   9003   8975
  156.067    92986   612.50    93121   611.99   9308   9313   9305   9312   9315   9307   9322   9306   9319   9314   9303   9298   9296   9315   9297   9299   9290   9298   9293   9297
  161.067    96023   613.88    96165   612.64   9612   9617   9611   9616   9619   9611   9626   9612   9623   9618   9607   9601   9599   9618   9600   9603   9595   9602   9597   9601
  166.067    99327   614.08    99497   616.09   9944   9950   9942   9950   9953   9943   9961   9944   9957   9953   9942   9934   9934   9918   9934   9936   9927   9936   9930   9936
  171.067   102461   619.19   102627   620.03  10260  10268  10258  10265  10268  10259  10244  10260  10275  10270  10224  10252  10251  10236  10249  10253  10243  10253  10247  10253
  176.068   105646   627.47   105803   626.90  10581  10589  10579  10586  10586  10580  10567  10583  10563  10589  10546  10569  10568  10556  10567  10570  10564  10569  10566  10571
  181.067   108703   631.14   108953   629.83  10905  10882  10904  10879  10911  10902  10892  10907  10888  10883  10869  10863  10862  10878  10860  10865  10888  10864  10890  10864
  186.067   111954   634.50   112170   635.17  11229  11207  11229  11204  11203  11227  11217  11230  11214  11210  11193  11186  11189  11203  11185  11191  11212  11191  11214  11190
  191.068   115046   636.01   115197   636.31  11514  11523  11512  11520  11518  11511  11531  11514  11529  11525  11509  11503  11504  11518  11501  11506  11498  11505  11498  11504
  196.067   118270   632.54   118420   632.94  11836  11845  11836  11843  11841  11833  11853  11836  11850  11847  11832  11825  11827  11840  11823  11828  11821  11828  11820  11826
  201.067   121482   630.07   121638   632.75  12158  12167  12158  12164  12162  12155  12175  12159  12172  12168  12154  12147  12148  12161  12145  12148  12141  12148  12143  12147
  206.067   124410   624.58   124594   625.52  12461  12468  12461  12465  12465  12457  12445  12461  12442  12469  12425  12449  12421  12432  12447  12450  12443  12449  12445  12449
  211.067   127324   620.20   127575   616.78  12763  12772  12763  12766  12767  12760  12743  12764  12740  12737  12722  12719  12719  12731  12717  12720  12746  12753  12747  12750
  216.067   130337   614.80   130569   612.32  13067  13044  13069  13040  13069  13065  13051  13069  13048  13047  13031  13028  13029  13041  13026  13028  13051  13026  13053  13024
  221.067   133381   614.25   133523   614.99  13347  13354  13350  13351  13349  13345  13362  13349  13359  13357  13342  13338  13339  13352  13336  13336  13332  13337  13334  13335
  226.067   136627   612.55   136766   613.36  13672  13678  13674  13674  13673  13667  13687  13674  13684  13683  13667  13663  13665  13679  13661  13661  13655  13661  13656  13659
  231.067   139813   611.91   139946   612.21  13991  13997  13991  13993  13990  13985  14005  13992  14002  14000  13986  13980  13984  13996  13979  13979  13973  13980  13977  13979
  236.067   142809   611.17   142969   611.41  14293  14299  14294  14295  14293  14288  14307  14293  14303  14304  14286  14284  14285  14268  14282  14285  14277  14282  14280  14280
  241.067   145970   619.26   146102   615.40  14616  14624  14617  14618  14616  14609  14598  14615  14594  14595  14577  14607  14576  14590  14606  14607  14598  14604  14602  14603
  246.067   149193   628.49   149390   626.21  14948  14924  14949  14951  14949  14939  14930  14948  14926  14926  14908  14906  14909  14922  14905  14906  14932  14936  14935  14934
  251.067   152310   631.81   152504   632.48  15264  15241  15267  15238  15234  15258  15248  15265  15245  15244  15227  15222  15227  15242  15224  15224  15250  15222  15252  15220
  256.067   155456   629.72   155575   630.16  15549  15559  15551  15556  15551  15574  15564  15549  15561  15561  15545  15541  15543  15562  15543  15542  15533  15541  15568  15538
  261.067   158548   625.57   158665   626.07  15862  15871  15863  15868  15864  15854  15876  15861  15873  15873  15857  15854  15856  15874  15855  15855  15845  15853  15849  15850
  266.067   161721   630.64   161868   629.23  16182  16192  16183  16188  16184  16175  16195  16182  16194  16193  16177  16172  16178  16164  16176  16175  16166  16173  16169  16171
  271.067   164823   626.14   164973   628.69  16492  16503  16494  16498  16494  16488  16504  16494  16502  16504  16486  16482  16486  16475  16485  16486  16478  16483  16480  16482
  276.067   167685   614.66   167798   611.85  16786  16768  16787  16796  16787  16781  16769  16788  16767  16769  16750  16777  16751  16769  16750  16783  16772  16780  16775  16778
  281.068   170627   610.86   170769   608.07  17084  17072  17085  17066  17085  17080  17071  17086  17068  17072  17054  17074  17054  17069  17053  17052  17070  17050  17075  17076
  286.067   173421   599.87   173594   600.64  17369  17357  17371  17348  17342  17366  17357  17373  17354  17357  17339  17330  17339  17355  17338  17336  17356  17333  17361  17334
  291.067   176247   591.01   176397   590.17  17628  17647  17630  17637  17631  17654  17647  17632  17644  17647  17629  17617  17629  17643  17625  17624  17616  17620  17620  17624
  296.067   179188   583.22   179337   582.32  17925  17943  17927  17933  17930  17922  17943  17931  17940  17943  17927  17915  17927  17911  17921  17920  17913  17917  17917  17920
  301.067   182122   575.64   182291   576.28  18221  18237  18224  18229  18227  18218  18237  18227  18234  18237  18222  18212  18194  18207  18216  18217  18210  18214  18213  18217
  306.067   185036   577.32   185171   578.05  18516  18501  18517  18523  18522  18513  18530  18521  18527  18501  18487  18507  18488  18501  18512  18512  18503  18508  18506  18512
  311.067   187877   574.85   188017   573.78  18811  18794  18810  18786  18816  18806  18794  18815  18791  18794  18781  18800  18780  18794  18776  18775  18797  18801  18798  18775
  316.067   190661   575.74   190802   574.63  19094  19079  19093  19072  19072  19090  19078  19070  19075  19079  19064  19056  19063  19078  19061  19060  19080  19056  19082  19061
  321.068   193543   576.26   193627   578.21  19355  19371  19355  19363  19365  19351  19370  19359  19367  19371  19356  19347  19355  19371  19353  19350  19341  19346  19373  19351
  326.067   196389   574.33   196532   573.26  19647  19660  19647  19652  19655  19643  19659  19652  19656  19661  19647  19637  19645  19632  19644  19640  19633  19637  19633  19641
  331.067   199163   567.50   199332   566.63  19927  19939  19927  19932  19935  19924  19939  19931  19936  19942  19926  19916  19899  19912  19924  19920  19912  19918  19915  19921
  336.067   201944   563.51   202144   563.74  20209  20223  20209  20217  20220  20207  20223  20216  20220  20200  20181  20201  20181  20195  20179  20205  20195  20203  20198  20206
  341.067   204910   567.23   205018   566.19  20511  20496  20512  20490  20491  20509  20495  20521  20492  20501  20484  20506  20483  20498  20480  20477  20497  20506  20500  20479
  346.067   207923   576.26   208062   576.19  20816  20804  20817  20798  20800  20817  20804  20797  20801  20808  20791  20784  20789  20805  20788  20786  20803  20782  20808  20787
  351.067   210875   578.54   211041   581.19  21117  21106  21118  21098  21100  21087  21106  21097  21103  21109  21092  21083  21090  21108  21090  21087  21075  21082  21080  21088
  356.068   214052   588.62   214183   587.21  21432  21423  21404  21416  21418  21404  21423  21415  21420  21428  21410  21400  21407  21423  21408  21406  21392  21402  21397  21407
  361.067   217029   593.15   217156   591.71  21701  21724  21704  21717  21718  21703  21725  21715  21722  21727  21710  21702  21708  21693  21709  21708  21690  21703  21697  21709
  366.067   219998   601.85   220125   599.40  22009  22029  22012  22022  22023  22009  22001  22020  21998  22002  21985  22007  21983  22001  21985  22013  21998  22009  22003  22014
  371.067   222962   602.74   223058   603.34  22309  22298  22312  22291  22321  22309  22300  22321  22296  22301  22285  22307  22282  22301  22284  22312  22297  22308  22302  22284
  376.068   225910   600.50   226039   600.17  22611  22601  22616  22595  22598  22614  22603  22599  22598  22604  22587  22585  22585  22602  22584  22586  22602  22585  22607  22587
  381.067   228970   602.90   229097   602.66  22917  22906  22921  22901  22903  22921  22909  22905  22903  22911  22895  22891  22892  22909  22890  22891  22908  22890  22912  22892
  386.067   231896   594.72   232020   594.52  23214  23205  23189  23200  23202  23189  23207  23204  23202  23208  23192  23191  23189  23209  23188  23190  23176  23189  23181  23191
  391.067   234799   589.53   234928   589.56  23476  23499  23482  23494  23497  23482  23503  23498  23495  23502  23485  23484  23483  23471  23483  23482  23469  23483  23473  23486
  396.067   237571   585.87   237725   585.84  23761  23784  23769  23778  23782  23768  23761  23783  23780  23759  23742  23769  23739  23757  23739  23769  23756  23769  23760  23771
  401.067   240494   586.46   240623   588.54  24062  24057  24069  24078  24056  24068  24062  24057  24054  24060  24044  24042  24041  24057  24041  24068  24056  24041  24060  24044
  406.067   243462   586.66   243591   586.66  24362  24356  24372  24347  24354  24372  24362  24355  24353  24358  24342  24339  24339  24359  24341  24338  24360  24338  24363  24343
  411.067   246591   588.09   246715   588.05  24675  24669  24684  24659  24667  24683  24675  24668  24665  24670  24654  24653  24651  24671  24654  24651  24672  24653  24676  24656
  416.067   249797   598.51   249915   598.31  25002  24995  24979  24985  24993  24979  25002  24994  24990  24996  24979  24981  24978  24999  24982  24977  24968  24979  24972  24982
  421.067   252887   602.40   253031   601.06  25312  25305  25292  25298  25304  25292  25315  25305  25301  25307  25290  25293  25292  25281  25291  25289  25281  25290  25286  25294
  426.067   255966   610.22   256057   609.15  25590  25614  25599  25608  25613  25598  25592  25615  25612  25616  25599  25602  25599  25588  25599  25597  25587  25599  25593  25603
  431.067   258925   613.29   258922   613.05  25891  25886  25899  25910  25885  25900  25893  25887  25884  25887  25901  25905  25869  25891  25871  25899  25889  25901  25894  25905
  436.067   261790   611.95   261883   612.82  26191  26187  26197  26180  26184  26198  26192  26188  26182  26184  26169  26172  26167  26190  26169  26198  26188  26171  26193  26173
  441.067   264824   608.69   264948   609.73  26499  26495  26505  26485  26489  26507  26499  26493  26487  26489  26474  26477  26474  26497  26476  26474  26494  26477  26500  26481
  446.067   267779   601.34   267901   600.50  26797  26793  26804  26784  26787  26774  26797  26792  26785  26788  26773  26776  26771  26795  26776  26775  26791  26775  26768  26779
  451.067   270684   594.13   270827   593.12  27093  27089  27069  27079  27082  27072  27093  27087  27080  27083  27071  27073  27066  27061  27072  27072  27057  27071  27066  27075
  456.067   273722   589.33   273836   588.99  27366  27394  27374  27383  27386  27374  27397  27393  27383  27386  27378  27375  27370  27363  27379  27374  27361  27373  27370  27379
  461.067   276898   598.39   276983   602.28  27690  27687  27698  27708  27709  27698  27690  27686  27707  27710  27672  27698  27694  27689  27673  27697  27685  27696  27693  27701
  466.067   279988   606.38   280057   606.64  28003  27999  28012  27991  28023  28014  28002  27997  28022  27994  27985  28015  27978  28003  27986  28014  27999  28013  28009  27986
  471.067   283142   611.68   283236   611.68  28326  28324  28336  28316  28316  28338  28326  28320  28315  28319  28311  28308  28302  28328  28312  28307  28322  28307  28335  28310
  476.067   286304   619.25   286392   619.32  28646  28643  28657  28634  28635  28626  28645  28638  28631  28637  28631  28627  28621  28649  28632  28625  28642  28627  28622  28628
  481.067   289367   622.94   289428   621.20  28951  28949  28931  28941  28942  28935  28951  28945  28939  28944  28938  28934  28928  28952  28938  28932  28945  28934  28931  28935
  486.067   292541   628.26   292657   627.28  29274  29274  29254  29264  29265  29258  29273  29267  29261  29267  29261  29258  29251  29244  29261  29254  29237  29258  29256  29261
  491.067   295707   624.98   295761   624.04  29561  29561  29570  29580  29582  29575  29588  29583  29578  29583  29578  29573  29568  29562  29577  29569  29554  29576  29573  29577
  496.067   298650   619.77   298737   620.37  29861  29861  29871  29881  29882  29876  29859  29885  29878  29883  29848  29873  29869  29863  29846  29869  29854  29876  29873  29879
  501.067   301587   615.81   301632   614.26  30162  30163  30173  30152  30153  30178  30161  30156  30180  30154  30151  30177  30141  30165  30149  30175  30157  30147  30176  30149
  506.067   304624   612.77   304669   612.34  30471  30470  30482  30462  30465  30457  30471  30466  30460  30465  30461  30456  30452  30473  30457  30456  30468  30458  30485  30458
  511.067   307699   613.19   307776   613.69  30782  30781  30791  30773  30775  30769  30782  30777  30770  30776  30773  30767  30761  30783  30770  30765  30777  30767  30766  30770
  516.067   310850   609.73   310887   607.18  31098  31095  31072  31087  31091  31083  31096  31091  31083  31091  31088  31081  31076  31100  31086  31079  31095  31081  31080  31084
  521.067   313857   603.29   313961   602.75  31405  31405  31378  31394  31398  31390  31404  31399  31390  31398  31395  31388  31384  31374  31394  31386  31368  31388  31387  31393
  526.067   317040   611.58   317114   610.00  31697  31697  31704  31719  31723  31715  31695  31724  31717  31723  31686  31713  31707  31701  31685  31712  31694  31711  31713  31718
  531.067   320159   618.34   320164   618.98  32014  32012  32019  32031  32006  32029  32011  32007  32029  32006  32002  32027  32021  32019  32000  32026  32009  32025  32029  32001
  536.067   323308   624.60   323339   626.51  32341  32338  32347  32327  32332  32326  32336  32334  32325  32333  32327  32324  32316  32347  32325  32321  32339  32322  32359  32328
  541.067   326444   626.97   326509   627.60  32655  32655  32662  32645  32650  32644  32653  32651  32643  32651  32643  32641  32635  32662  32641  32640  32655  32640  32642  32645
  546.067   329618   627.81   329676   627.57  32971  32972  32980  32962  32967  32961  32969  32969  32958  32967  32959  32956  32951  32981  32958  32957  32974  32959  32960  32963
  551.067   332788   632.07   332883   628.54  33295  33296  33273  33285  33291  33285  33293  33293  33280  33292  33283  33278  33273  33273  33282  33280  33265  33283  33284  33287
  556.067   336029   628.72   336119   628.32  33618  33619  33596  33607  33615  33608  33618  33617  33605  33616  33606  33604  33600  33596  33605  33604  33588  33607  33608  33611
  561.067   339072   627.58   339033   629.66  33897  33898  33905  33919  33892  33920  33897  33895  33917  33893  33918  33917  33911  33905  33882  33916  33896  33919  33919  33889
  566.068   342144   628.05   342110   628.89  34213  34213  34219  34200  34207  34200  34212  34210  34228  34208  34201  34228  34222  34220  34199  34226  34211  34200  34231  34206
  571.067   345066   622.99   345125   623.72  34518  34519  34524  34504  34510  34504  34517  34515  34503  34511  34504  34503  34497  34524  34502  34500  34515  34504  34506  34511
  576.067   348165   619.48   348221   618.44  34828  34828  34832  34815  34819  34814  34827  34825  34812  34821  34814  34813  34806  34833  34812  34810  34825  34815  34815  34822
  581.067   351112   612.92   351169   608.59  35127  35127  35100  35112  35116  35111  35126  35123  35108  35119  35111  35112  35104  35102  35109  35107  35121  35112  35112  35122
  586.068   354102   602.32   354130   600.23  35401  35402  35405  35417  35422  35415  35401  35429  35413  35425  35418  35417  35409  35406  35416  35411  35395  35418  35415  35397
  591.068   357230   602.11   357215   604.93  35712  35714  35717  35729  35734  35727  35713  35709  35726  35734  35731  35730  35723  35719  35728  35722  35711  35730  35728  35708
  596.067   360348   605.52   360327   608.11  36029  36030  36036  36047  36020  36045  36030  36027  36044  36019  36018  36047  36042  36038  36015  36040  36029  36048  36046  36025
  601.067   363258   606.50   363233   606.70  36330  36330  36335  36316  36320  36313  36330  36327  36313  36319  36318  36317  36311  36338  36316  36340  36328  36318  36346  36326
  606.067   366297   605.23   366327   603.22  36639  36638  36646  36626  36629  36622  36638  36637  36622  36630  36628  36628  36621  36649  36626  36618  36639  36629  36625  36634
  611.067   369447   613.07   369506   610.99  36960  36961  36935  36947  36949  36943  36960  36957  36943  36951  36949  36949  36942  36939  36948  36938  36928  36950  36946  36958
  616.067   372634   616.26   372686   615.96  37278  37279  37255  37265  37266  37260  37278  37275  37260  37270  37271  37267  37260  37259  37268  37256  37245  37268  37264  37276
  621.067   375801   617.03   375779   615.62  37562  37564  37573  37584  37585  37581  37563  37596  37581  37590  37592  37586  37581  37578  37591  37575  37567  37587  37583  37561
  626.067   378861   617.20   378844   617.34  37877  37879  37886  37895  37897  37893  37878  37875  37893  37871  37872  37895  37891  37891  37872  37887  37881  37900  37896  37876
  631.067   381731   614.89   381627   616.26  38168  38169  38179  38156  38156  38153  38169  38164  38152  38161  38164  38157  38181  38186  38164  38181  38178  38162  38189  38169
  636.067   384724   614.73   384679   612.35  38473  38476  38487  38461  38461  38456  38476  38468  38455  38466  38468  38463  38453  38495  38469  38488  38486  38467  38461  38474
  641.067   387755   612.35   387772   609.83  38785  38787  38767  38773  38774  38769  38787  38781  38770  38779  38781  38776  38771  38773  38781  38767  38764  38779  38777  38786
  646.067   390851   608.22   390873   605.17  39094  39096  39077  39084  39083  39079  39097  39092  39080  39091  39093  39087  39081  39082  39090  39076  39074  39087  39086  39095
  651.067   393810   601.31   393764   599.56  39363  39365  39376  39381  39380  39376  39367  39390  39377  39389  39393  39385  39378  39382  39390  39375  39374  39385  39383  39365
  656.067   396777   595.17   396721   594.90  39663  39665  39679  39684  39681  39678  39667  39663  39678  39663  39665  39688  39680  39686  39662  39678  39678  39689  39686  39665
  661.068   399784   599.53   399725   603.12  39968  39968  39982  39956  39984  39982  39970  39966  39981  39968  39967  39962  39982  39991  39967  39983  39981  39991  39990  39970
  666.067   402782   601.66   402716   602.03  40272  40273  40290  40261  40258  40256  40278  40270  40286  40272  40272  40269  40289  40299  40271  40289  40288  40266  40265  40274
  671.067   405846   605.87   405838   603.86  40591  40592  40577  40579  40577  40575  40596  40588  40571  40592  40590  40589  40576  40585  40591  40578  40573  40587  40583  40594
  676.068   408995   604.50   408988   602.38  40906  40907  40893  40893  40891  40892  40910  40903  40886  40907  40905  40904  40890  40901  40906  40893  40887  40902  40898  40909
  681.067   412143   610.69   412099   609.62  41220  41221  41206  41208  41204  41208  41192  41220  41200  41220  41222  41221  41204  41214  41220  41208  41201  41218  41213  41222
  686.067   415164   615.00   415117   614.36  41503  41504  41522  41522  41518  41522  41507  41503  41514  41502  41505  41505  41519  41529  41504  41522  41516  41530  41528  41506
  691.067   418203   615.09   418152   613.34  41807  41808  41827  41826  41821  41826  41810  41805  41817  41805  41809  41808  41822  41832  41807  41825  41819  41836  41834  41811
  696.067   421240   614.71   421155   616.46  42118  42118  42106  42103  42131  42104  42120  42115  42125  42115  42119  42118  42132  42141  42117  42135  42129  42114  42113  42122
  701.067   424291   614.07   424178   614.44  42422  42423  42412  42411  42405  42413  42423  42420  42429  42420  42424  42423  42436  42446  42421  42439  42433  42421  42420  42428
  706.067   427278   611.41   427251   609.70  42734  42733  42721  42721  42715  42723  42735  42730  42710  42729  42734  42734  42716  42726  42732  42720  42714  42732  42730  42740
  711.067   430516   611.88   430491   610.20  43057  43057  43045  43045  43038  43049  43058  43055  43033  43054  43058  43059  43040  43049  43056  43042  43037  43056  43053  43066
  716.067   433504   611.68   433416   609.36  43329  43330  43347  43345  43341  43349  43330  43355  43336  43354  43358  43360  43342  43354  43356  43345  43340  43358  43353  43338
  721.067   436667   616.41   436608   615.03  43648  43652  43669  43669  43663  43673  43651  43647  43659  43677  43682  43652  43664  43676  43650  43668  43661  43679  43675  43660
  726.067   439850   620.07   439757   619.83  43970  43972  43992  43991  43985  43962  43971  43968  43980  43966  43971  43974  43985  43997  43972  43989  43982  44001  43998  43981
  731.067   442849   617.58   442727   619.43  44274  44275  44263  44262  44288  44267  44275  44272  44282  44269  44275  44278  44288  44300  44274  44292  44287  44302  44270  44283
  736.067   445866   618.60   445739   616.25  44578  44580  44568  44567  44561  44571  44579  44578  44584  44573  44579  44583  44592  44606  44579  44596  44593  44577  44573  44588
  741.067   448858   611.48   448810   609.73  44886  44887  44874  44873  44870  44878  44887  44885  44890  44880  44887  44892  44897  44884  44886  44873  44871  44890  44882  44896
  746.067   451946   615.81   451928   615.10  45203  45203  45189  45188  45184  45191  45201  45200  45175  45194  45201  45208  45183  45199  45199  45187  45186  45204  45198  45181
  751.067   455143   615.44   455032   613.69  45493  45493  45513  45511  45509  45515  45493  45490  45498  45517  45525  45500  45506  45522  45523  45508  45508  45526  45522  45503
  756.067   458416   618.22   458301   616.28  45820  45819  45841  45838  45837  45842  45819  45817  45825  45843  45852  45828  45833  45850  45850  45836  45836  45854  45848  45829
  761.067   461538   623.05   461367   624.50  46141  46139  46128  46125  46155  46129  46139  46137  46143  46131  46138  46150  46151  46168  46136  46154  46155  46171  46165  46150
  766.067   464587   622.36   464446   626.76  46451  46450  46439  46437  46436  46439  46450  46450  46453  46441  46448  46461  46462  46478  46449  46464  46465  46452  46446  46462
  771.067   467713   626.28   467573   625.34  46766  46762  46752  46749  46750  46750  46763  46762  46766  46753  46759  46775  46775  46791  46760  46777  46779  46764  46758  46775
  776.067   470782   628.56   470751   625.77  47085  47079  47070  47067  47066  47068  47081  47080  47084  47071  47076  47092  47093  47074  47077  47060  47062  47080  47075  47093
  781.067   473652   619.09   473641   617.55  47350  47373  47366  47363  47362  47365  47374  47373  47348  47367  47374  47356  47357  47371  47374  47358  47359  47376  47371  47356
  786.067   476745   610.84   476644   610.27  47659  47653  47676  47673  47671  47675  47652  47652  47656  47677  47684  47665  47665  47681  47683  47667  47667  47686  47681  47666
  791.067   479653   603.99   479552   607.32  47955  47951  47970  47967  47967  47942  47952  47951  47953  47944  47951  47962  47962  47977  47949  47966  47965  47981  47977  47963
  796.067   482771   606.64   482635   609.16  48275  48268  48256  48253  48253  48259  48272  48267  48271  48261  48266  48281  48280  48297  48265  48285  48283  48268  48265  48281
  801.067   485825   601.77   485691   604.99  48580  48572  48563  48560  48562  48565  48576  48571  48575  48567  48572  48586  48584  48600  48573  48589  48587  48576  48573  48585
  806.067   488946   606.50   488891   603.71  48900  48891  48882  48879  48881  48886  48898  48890  48897  48887  48893  48908  48906  48893  48893  48880  48878  48895  48892  48908
  811.068   492015   615.10   491971   610.67  49187  49208  49201  49197  49197  49205  49183  49208  49182  49203  49209  49194  49190  49208  49210  49196  49194  49213  49208  49193
  816.067   495194   615.77   495155   614.53  49504  49527  49519  49515  49514  49524  49503  49527  49500  49522  49528  49510  49509  49525  49529  49514  49512  49532  49525  49510
  821.068   498136   616.51   498009   615.64  49798  49793  49812  49808  49808  49789  49798  49792  49795  49816  49820  49806  49805  49820  49823  49808  49806  49824  49820  49804
  826.067   501165   612.92   500968   614.13  50101  50099  50087  50084  50115  50092  50102  50095  50099  50094  50128  50111  50110  50126  50100  50113  50110  50131  50127  50109
  831.067   504156   610.86   504031   612.24  50410  50407  50399  50396  50392  50401  50411  50403  50408  50404  50407  50419  50418  50435  50408  50421  50420  50407  50404  50417
  836.067   507115   604.06   506987   602.55  50705  50701  50695  50692  50688  50698  50706  50698  50703  50701  50703  50714  50713  50729  50707  50716  50715  50705  50702  50711
  841.067   509998   598.61   509932   595.89  50999  50996  50988  50985  50982  50993  51001  50993  50999  50996  50996  51008  51007  50994  51003  51009  50980  50999  50997  51005
  846.067   512922   590.68   512851   587.53  51270  51298  51290  51286  51282  51293  51272  51292  51269  51299  51298  51280  51277  51295  51305  51281  51281  51299  51298  51308
  851.067   516030   597.47   515955   597.20  51587  51582  51607  51603  51600  51608  51589  51609  51586  51584  51615  51597  51594  51612  51591  51599  51598  51617  51615  51592
  856.067   519241   603.15   519036   605.17  51906  51904  51896  51893  51923  51899  51908  51898  51905  51904  51938  51916  51915  51933  51910  51920  51920  51939  51938  51912
  861.067   522277   603.36   522139   606.48  52218  52214  52206  52203  52233  52210  52218  52208  52215  52214  52212  52227  52225  52243  52221  52231  52231  52251  52214  52222
  866.067   525402   609.46   525263   612.21  52533  52529  52522  52519  52517  52527  52531  52526  52528  52531  52529  52542  52540  52557  52539  52545  52546  52534  52531  52539
  871.067   528517   615.12   528405   613.51  52846  52844  52836  52832  52831  52842  52846  52839  52843  52846  52842  52857  52855  52872  52854  52860  52830  52848  52845  52854
  876.067   531575   622.18   531498   618.15  53154  53153  53146  53142  53141  53151  53155  53149  53152  53155  53152  53168  53166  53153  53165  53142  53147  53159  53158  53165
  881.067   534515   616.28   534378   613.19  53428  53455  53447  53444  53444  53424  53429  53452  53426  53429  53457  53441  53440  53455  53437  53444  53449  53463  53462  53467
  886.067   537533   610.81   537367   612.11  53732  53730  53752  53749  53749  53730  53733  53727  53732  53733  53762  53746  53745  53760  53741  53749  53753  53768  53767  53742
  891.067   540629   611.93   540458   611.83  54041  54038  54061  54058  54059  54038  54041  54038  54042  54042  54072  54056  54052  54070  54049  54060  54062  54079  54078  54051
  896.067   543759   612.94   543593   614.08  54365  54360  54352  54349  54351  54361  54364  54360  54364  54367  54364  54379  54375  54392  54371  54383  54383  54369  54370  54373
  901.067   546837   609.77   546662   609.66  54673  54666  54659  54656  54659  54666  54669  54668  54671  54675  54672  54687  54684  54700  54678  54689  54689  54678  54679  54681
  906.067   549745   603.79   549591   600.20  54966  54958  54953  54949  54952  54958  54963  54959  54964  54969  54965  54981  54978  54994  54972  54983  54954  54972  54973  54973
  911.067   552520   599.31   552392   597.66  55226  55246  55242  55239  55242  55246  55251  55247  55224  55229  55255  55241  55240  55254  55259  55243  55243  55261  55264  55260
  916.067   555442   597.08   555283   596.34  55520  55540  55537  55534  55537  55513  55518  55543  55518  55523  55550  55535  55535  55548  55526  55538  55539  55557  55559  55555
  921.067   558325   591.88   558133   591.17  55814  55804  55830  55827  55803  55807  55811  55808  55812  55817  55843  55829  55830  55842  55821  55833  55833  55850  55824  55820
  926.067   561381   587.26   561184   589.28  56125  56115  56111  56108  56116  56119  56121  56120  56121  56128  56124  56140  56142  56153  56132  56147  56145  56130  56136  56132
  931.067   564570   589.53   564380   591.24  56444  56435  56430  56426  56435  56439  56441  56440  56442  56448  56441  56460  56462  56472  56452  56466  56464  56447  56455  56451
  936.067   567594   594.93   567474   594.06  56754  56744  56741  56736  56743  56748  56750  56749  56752  56757  56752  56768  56770  56780  56761  56742  56741  56758  56763  56759
  941.067   570568   602.62   570448   599.83  57030  57051  57048  57043  57049  57056  57056  57055  57027  57033  57058  57044  57046  57055  57068  57050  57048  57065  57069  57065
  946.067   573555   603.93   573406   603.26  57333  57352  57349  57343  57351  57328  57329  57356  57330  57335  57359  57346  57348  57358  57341  57353  57349  57365  57369  57367
  951.068   576679   611.71   576491   611.88  57644  57664  57661  57657  57663  57639  57640  57636  57642  57645  57673  57658  57660  57671  57652  57666  57661  57678  57681  57679
  956.067   579824   616.61   579596   617.85  57968  57956  57951  57948  57955  57962  57964  57958  57966  57968  57964  57982  57984  57995  57976  57992  57985  58002  57974  57970
  961.067   583017   614.63   582825   615.64  58290  58281  58275  58272  58279  58284  58286  58279  58288  58291  58287  58304  58304  58317  58299  58314  58309  58291  58298  58294
  966.067   586120   616.41   585952   614.80  58603  58593  58588  58584  58592  58598  58599  58592  58599  58604  58601  58619  58617  58628  58614  58595  58623  58606  58610  58607
  971.067   589199   618.97   589061   616.36  58913  58904  58900  58896  58902  58908  58911  58904  58909  58914  58912  58929  58928  58939  58923  58907  58904  58916  58922  58919
  976.067   592212   620.66   592042   618.81  59191  59216  59210  59207  59214  59187  59221  59217  59187  59192  59224  59208  59206  59216  59234  59217  59214  59228  59234  59231
  981.067   595325   622.71   595153   622.24  59510  59531  59528  59524  59530  59506  59505  59503  59505  59511  59542  59527  59526  59534  59520  59534  59531  59546  59520  59545
  986.067   598250   615.30   598047   618.12  59808  59800  59797  59822  59799  59804  59803  59801  59803  59810  59809  59826  59825  59834  59821  59833  59830  59842  59817  59813
  991.067   601303   608.29   601067   612.15  60113  60104  60101  60099  60103  60111  60109  60105  60108  60114  60115  60131  60131  60141  60126  60137  60136  60146  60121  60119
  996.067   604289   603.32   604070   603.69  60413  60403  60403  60400  60403  60411  60409  60405  60409  60414  60420  60432  60433  60443  60428  60437  60437  60417  60422  60420
 1001.067   607290   602.18   607129   601.31  60718  60710  60710  60707  60709  60716  60715  60710  60716  60718  60726  60738  60737  60750  60734  60712  60713  60723  60729  60728
 1006.067   610131   598.15   609979   595.67  60985  61007  61007  61003  61005  60983  61013  61007  60983  60986  61022  61005  61004  61017  61000  61008  61007  61019  61024  61025
 1011.067   613194   595.47   613004   593.66  61290  61313  61312  61310  61311  61290  61286  61313  61288  61291  61328  61312  61310  61324  61306  61315  61313  61325  61329  61332
 1016.067   616080   596.40   615853   595.59  61585  61576  61604  61573  61603  61584  61582  61577  61583  61586  61592  61606  61605  61620  61601  61610  61608  61619  61622  61597
 1021.068   618927   587.58   618677   590.94  61874  61864  61863  61861  61862  61871  61870  61865  61872  61875  61880  61893  61893  61907  61890  61898  61895  61905  61881  61885
 1026.067   621699   579.53   621499   581.11  62156  62147  62145  62143  62144  62153  62153  62147  62154  62157  62162  62175  62176  62189  62173  62155  62177  62160  62164  62168
 1031.067   624570   574.85   624374   573.68  62444  62433  62433  62430  62432  62440  62441  62434  62442  62445  62448  62463  62464  62477  62460  62443  62464  62447  62449  62455
 1036.067   627525   581.73   627378   576.90  62724  62742  62742  62739  62741  62749  62750  62742  62723  62726  62759  62743  62746  62759  62741  62752  62744  62758  62759  62764
 1041.067   630544   579.16   630335   576.54  63026  63044  63043  63041  63042  63022  63023  63043  63024  63027  63061  63045  63048  63059  63043  63054  63044  63060  63061  63069
 1046.067   633513   581.07   633324   581.41  63325  63342  63341  63340  63339  63324  63322  63341  63323  63327  63360  63345  63347  63360  63343  63355  63343  63361  63361  63338
 1051.067   636365   578.14   636153   579.42  63619  63601  63600  63599  63628  63617  63621  63630  63618  63620  63619  63638  63641  63652  63638  63644  63637  63649  63620  63627
 1056.067   639475   591.48   639259   590.94  63935  63917  63917  63916  63914  63933  63938  63918  63935  63936  63936  63955  63959  63968  63956  63932  63954  63936  63936  63943
 1061.067   642400   595.40   642171   594.30  64230  64214  64214  64214  64213  64230  64206  64215  64204  64231  64236  64251  64228  64266  64225  64231  64252  64236  64235  64240
 1066.067   645423   599.56   645188   597.65  64512  64523  64523  64523  64523  64512  64518  64525  64516  64513  64547  64532  64537  64548  64537  64542  64534  64547  64546  64553
 1071.068   648461   598.26   648226   598.36  64815  64827  64827  64827  64826  64817  64822  64830  64819  64816  64852  64836  64840  64852  64840  64846  64837  64852  64850  64856
 1076.067   651657   604.60   651444   602.79  65136  65148  65150  65150  65148  65139  65144  65152  65141  65136  65176  65155  65163  65171  65163  65170  65160  65176  65173  65150
 1081.067   654807   614.40   654614   611.71  65453  65465  65465  65467  65464  65456  65461  65470  65459  65454  65461  65473  65481  65489  65482  65488  65478  65494  65491  65470
 1086.067   657823   611.43   657625   609.82  65760  65774  65772  65743  65773  65762  65767  65747  65766  65761  65768  65781  65789  65795  65790  65796  65788  65771  65767  65778
 1091.068   660888   615.32   660597   614.28  66069  66053  66050  66053  66052  66070  66076  66058  66045  66071  66078  66091  66098  66106  66097  66072  66097  66082  66078  66089
 1096.067   663910   616.21   663653   616.51  66378  66361  66359  66361  66360  66380  66354  66367  66353  66380  66386  66400  66407  66415  66375  66381  66375  66389  66385  66397
 1101.067   667046   621.60   666787   620.76  66698  66681  66679  66681  66679  66668  66673  66687  66671  66670  66706  66690  66695  66734  66694  66700  66695  66709  66705  66718
 1106.067   670133   616.98   669900   617.32  66981  66994  66993  66997  66993  66982  66988  67001  66987  66984  67020  67005  67010  67017  67009  67015  67009  67025  67021  67002
 1111.067   673099   609.80   672866   607.45  67278  67291  67290  67294  67290  67278  67284  67298  67283  67280  67317  67302  67305  67314  67306  67312  67305  67321  67318  67299
 1116.067   676156   612.27   675954   610.15  67593  67606  67604  67579  67604  67593  67599  67583  67597  67596  67602  67617  67620  67629  67620  67626  67620  67606  67603  67613
 1121.067   679213   610.39   678838   609.42  67895  67879  67878  67880  67878  67895  67877  67884  67874  67898  67911  67925  67929  67938  67929  67906  67928  67914  67911  67922
 1126.067   682060   603.75   681704   602.54  68184  68165  68163  68166  68164  68183  68163  68170  68160  68186  68198  68213  68217  68226  68187  68192  68218  68201  68198  68210
 1131.067   685016   602.13   684689   600.76  68463  68472  68470  68473  68471  68461  68471  68476  68468  68464  68504  68491  68496  68505  68496  68499  68493  68509  68507  68516
 1136.067   688172   601.06   687844   600.02  68777  68788  68787  68789  68787  68775  68787  68792  68784  68778  68820  68806  68810  68820  68810  68816  68808  68824  68826  68832
 1141.067   691285   606.28   690978   600.77  69093  69100  69099  69101  69100  69089  69100  69105  69097  69094  69133  69121  69126  69136  69126  69129  69121  69136  69140  69117
 1146.067   694369   605.49   694096   598.58  69404  69412  69411  69414  69412  69401  69412  69417  69409  69404  69447  69432  69437  69448  69437  69441  69432  69450  69419  69426
 1151.067   697528   608.01   697148   608.91  69727  69701  69733  69703  69700  69722  69701  69707  69730  69724  69737  69753  69759  69770  69760  69763  69755  69740  69742  69749
 1156.067   700686   620.03   700273   620.13  70044  70020  70019  70023  70020  70039  70021  70027  70018  70042  70057  70072  70077  70088  70078  70050  70073  70061  70061  70069
 1161.067   703759   624.80   703340   624.83  70328  70332  70332  70336  70332  70352  70333  70340  70331  70324  70370  70385  70360  70402  70361  70362  70387  70374  70375  70383
 1166.067   706654   615.91   706290   616.85  70626  70630  70628  70634  70631  70620  70632  70639  70629  70621  70669  70652  70661  70668  70660  70660  70655  70674  70674  70681
 1171.067   709752   616.48   709409   616.34  70938  70941  70940  70946  70942  70933  70943  70952  70940  70934  70982  70966  70973  70981  70972  70972  70968  70988  70987  70963
 1176.067   712866   617.58   712579   613.99  71254  71259  71256  71263  71259  71251  71259  71269  71257  71252  71270  71283  71290  71299  71290  71291  71286  71304  71272  71281
 1181.067   715885   611.95   715572   610.17  71559  71565  71562  71537  71565  71555  71564  71544  71564  71557  71576  71586  71596  71603  71596  71597  71590  71578  71577  71586
 1186.067   718949   607.55   718536   608.59  71869  71842  71870  71845  71843  71864  71842  71853  71840  71868  71885  71896  71905  71912  71905  71876  71901  71888  71886  71895
 1191.067   721924   606.41   721504   608.49  72143  72148  72144  72153  72148  72170  72148  72160  72146  72144  72193  72203  72180  72218  72180  72183  72176  72196  72193  72202
 1196.067   724947   609.90   724560   612.11  72452  72456  72452  72461  72457  72449  72457  72467  72455  72454  72500  72482  72488  72496  72488  72492  72485  72503  72501  72512
