Test case: 
Description: 
	10 senders: persistent queues
	10 receivers: client acknowledge every 50 messages
Timestamp: 2011.11.2 0:5:23
Version: 
Setting up JMS benchmark connections... 

Start processing messages.
Fri Dec 02 00:05:23 EST 2011

  Seconds   Send   Send/Sec   Recv   Recv/Sec   RCV0   RCV1   RCV2   RCV3   RCV4   RCV5   RCV6   RCV7   RCV8   RCV9  SND10  SND11  SND12  SND13  SND14  SND15  SND16  SND17  SND18  SND19
  ------- -------- -------- -------- -------- ------ ------ ------ ------ ------ ------ ------ ------ ------ ------ ------ ------ ------ ------ ------ ------ ------ ------ ------ ------
    1.128        0     0.00        0     0.00      0      0      0      0      0      0      0      0      0      0      0      0      0      0      0      0      0      0      0      0
    6.128     2438   530.12     2549   554.25    256    254    254    256    255    257    256    253    253    255    242    243    245    245    243    245    241    245    244    245
   11.128     5356   557.97     5470   569.85    547    546    547    548    546    548    549    546    546    547    536    539    539    534    535    533    532    535    537    536
   16.128     8294   568.12     8408   573.87    841    840    840    842    839    842    843    840    840    841    830    832    833    828    830    826    827    829    830    829
   21.128    11250   560.13    11371   564.72   1136   1137   1135   1138   1135   1138   1140   1137   1137   1138   1124   1129   1128   1122   1127   1123   1124   1123   1124   1126
   26.128    14238   566.69    14357   571.49   1436   1436   1433   1436   1433   1435   1439   1436   1436   1437   1423   1428   1425   1421   1426   1422   1423   1422   1423   1425
   31.128    17053   570.32    17034   574.51   1701   1701   1726   1700   1698   1701   1703   1701   1701   1702   1715   1692   1690   1715   1690   1715   1715   1715   1715   1691
   36.128    19951   587.68    20081   588.32   2007   2010   2004   2008   2004   2009   2011   2009   2009   2010   1992   2000   1996   1994   1998   1994   1992   1993   1993   1999
   41.128    22964   590.87    23094   591.41   2308   2312   2305   2310   2305   2310   2313   2310   2310   2311   2293   2302   2297   2295   2300   2295   2294   2294   2294   2300
   46.129    25897   587.79    26026   585.37   2602   2604   2598   2602   2599   2603   2605   2604   2604   2605   2586   2594   2590   2589   2594   2587   2588   2586   2588   2595
   51.128    29015   591.50    29152   588.38   2916   2916   2910   2916   2912   2916   2917   2916   2916   2917   2898   2906   2902   2901   2906   2898   2900   2898   2900   2906
   56.128    31832   581.43    31829   582.30   3201   3172   3195   3172   3197   3172   3203   3172   3172   3173   3182   3191   3187   3186   3162   3182   3185   3182   3184   3191
   61.128    34831   590.74    34864   597.35   3484   3485   3507   3485   3480   3485   3485   3484   3484   3485   3492   3473   3470   3468   3474   3494   3496   3494   3497   3473
   66.128    37703   594.53    37822   595.34   3781   3785   3775   3784   3777   3785   3783   3785   3783   3784   3793   3772   3767   3766   3773   3764   3766   3764   3767   3771
   71.128    40733   596.26    40876   596.69   4087   4090   4083   4089   4083   4091   4088   4090   4087   4088   4064   4077   4075   4072   4078   4072   4073   4071   4074   4077
   76.128    43856   599.63    44002   597.18   4400   4404   4394   4401   4395   4405   4400   4404   4399   4400   4375   4390   4387   4383   4391   4385   4384   4384   4386   4391
   81.128    46996   594.05    47133   593.21   4713   4717   4710   4712   4709   4716   4714   4717   4712   4713   4690   4702   4702   4698   4702   4699   4700   4699   4702   4702
   86.128    50110   604.54    50165   608.47   5026   5000   5020   5024   5020   5000   5026   5000   5024   5025   5004   5012   5014   5008   5016   5010   5010   5011   5012   5013
   91.128    53089   603.86    53021   607.32   5297   5301   5322   5294   5321   5300   5297   5300   5294   5295   5304   5313   5314   5310   5288   5311   5311   5311   5313   5314
   96.128    55890   609.26    55990   609.66   5599   5605   5595   5596   5594   5603   5602   5602   5596   5598   5607   5590   5588   5583   5592   5584   5586   5585   5587   5588
  101.128    59057   613.93    59151   613.26   5916   5920   5913   5913   5912   5917   5916   5917   5913   5914   5922   5905   5905   5902   5907   5901   5903   5902   5905   5905
  106.128    62205   615.74    62337   612.89   6234   6240   6231   6231   6231   6236   6234   6237   6231   6232   6206   6223   6223   6221   6225   6219   6221   6221   6223   6223
  111.128    65404   611.50    65527   613.11   6553   6557   6550   6550   6551   6556   6553   6556   6550   6551   6528   6544   6543   6540   6544   6539   6540   6541   6542   6543
  116.128    68697   613.76    68816   614.80   6881   6886   6880   6879   6880   6884   6883   6884   6880   6879   6856   6873   6873   6870   6872   6869   6871   6870   6870   6873
  121.128    71953   623.96    71977   629.06   7206   7180   7206   7204   7206   7179   7208   7178   7206   7204   7182   7198   7198   7196   7198   7195   7197   7195   7195   7199
  126.128    74654   628.66    74781   627.55   7494   7471   7472   7492   7471   7473   7473   7472   7471   7492   7468   7466   7464   7460   7464   7462   7461   7462   7484   7463
  131.128    77612   621.64    77677   621.68   7763   7770   7770   7761   7770   7772   7771   7770   7770   7760   7767   7766   7764   7759   7762   7760   7759   7760   7753   7762
  136.128    80732   613.39    80795   613.22   8074   8082   8082   8072   8085   8083   8083   8082   8082   8070   8078   8080   8075   8071   8076   8072   8070   8072   8064   8074
  141.128    83771   608.36    83864   608.42   8381   8389   8388   8380   8392   8390   8389   8388   8389   8378   8355   8387   8382   8378   8382   8379   8378   8379   8371   8380
  146.128    86727   597.75    86856   597.05   8684   8692   8689   8681   8663   8693   8691   8690   8692   8681   8654   8658   8683   8681   8654   8681   8680   8681   8673   8682
  151.129    89699   594.43    89826   595.74   9001   8976   8973   8998   8978   8977   8976   8974   8974   8999   8971   8975   8968   8965   8968   8964   8964   8966   8991   8967
  156.128    92912   611.70    93037   609.62   9322   9296   9295   9318   9301   9297   9298   9295   9295   9320   9294   9298   9289   9286   9288   9285   9284   9288   9312   9288
  161.128    95920   612.28    95986   614.40   9596   9599   9599   9592   9605   9601   9602   9599   9599   9594   9599   9602   9593   9589   9592   9589   9587   9591   9586   9592
  166.128    99252   619.23    99319   620.47   9928   9933   9933   9924   9939   9935   9935   9933   9933   9926   9932   9936   9926   9923   9925   9923   9920   9924   9918   9925
  171.128   102423   620.03   102477   622.25  10244  10248  10248  10239  10257  10250  10251  10250  10248  10242  10251  10255  10242  10238  10241  10240  10237  10242  10235  10242
  176.128   105555   624.30   105680   624.16  10565  10569  10569  10560  10575  10569  10572  10569  10569  10563  10538  10541  10561  10559  10560  10559  10556  10561  10557  10563
  181.129   108799   632.37   108901   630.49  10889  10895  10896  10884  10868  10894  10898  10895  10895  10887  10863  10865  10884  10885  10886  10884  10878  10887  10879  10888
  186.128   111882   633.58   111961   632.03  11212  11189  11191  11209  11194  11188  11191  11187  11190  11210  11189  11190  11206  11180  11178  11176  11200  11180  11203  11180
  191.128   114943   638.38   115125   638.65  11532  11504  11506  11528  11509  11503  11506  11502  11505  11530  11505  11504  11491  11494  11493  11492  11485  11495  11488  11496
  196.128   118168   632.68   118245   634.03  11819  11826  11829  11816  11832  11826  11828  11824  11827  11818  11827  11825  11813  11817  11815  11814  11809  11817  11813  11818
  201.128   121384   634.19   121460   634.93  12142  12147  12150  12139  12154  12147  12149  12145  12148  12139  12148  12148  12133  12138  12138  12136  12130  12139  12134  12140
  206.128   124369   625.18   124480   623.70  12444  12448  12453  12442  12455  12449  12451  12447  12449  12442  12419  12449  12435  12439  12440  12438  12431  12440  12436  12442
  211.128   127359   614.55   127477   614.99  12746  12751  12757  12744  12724  12753  12755  12749  12754  12744  12717  12716  12736  12743  12746  12743  12733  12741  12737  12747
  216.128   130288   613.56   130454   613.46  13051  13054  13029  13048  13033  13054  13057  13052  13027  13049  13025  13025  13042  13018  13018  13016  13038  13045  13041  13020
  221.128   133366   614.97   133445   611.54  13364  13335  13339  13361  13342  13335  13338  13333  13337  13361  13336  13334  13355  13328  13328  13326  13352  13325  13354  13328
  226.128   136523   615.94   136630   615.84  13656  13661  13665  13653  13667  13659  13664  13658  13663  13684  13661  13659  13647  13654  13655  13652  13644  13650  13647  13654
  231.128   139701   612.52   139774   613.49  13975  13978  13983  13971  13985  13977  13981  13975  13980  13969  13979  13977  13965  13972  13973  13968  13962  13968  13966  13971
  236.128   142726   611.85   142798   611.58  14278  14280  14286  14274  14286  14280  14282  14278  14282  14272  14282  14277  14268  14274  14276  14272  14265  14270  14269  14273
  241.128   145915   616.21   146025   614.87  14601  14604  14610  14595  14610  14602  14604  14600  14605  14594  14571  14601  14589  14596  14599  14595  14587  14592  14591  14594
  246.128   149201   627.15   149282   623.22  14934  14936  14908  14928  14909  14934  14937  14932  14936  14928  14902  14900  14921  14927  14929  14926  14922  14925  14923  14926
  251.128   152293   629.53   152367   629.43  15252  15223  15226  15245  15227  15253  15224  15250  15222  15245  15221  15220  15240  15214  15215  15213  15241  15244  15241  15244
  256.128   155340   630.40   155435   628.93  15536  15540  15541  15561  15543  15538  15542  15533  15539  15562  15539  15539  15556  15533  15534  15531  15525  15528  15525  15530
  261.128   158428   628.42   158491   628.09  15848  15851  15853  15842  15856  15848  15853  15846  15851  15843  15848  15851  15837  15845  15846  15844  15838  15840  15838  15841
  266.128   161626   631.21   161689   632.92  16168  16171  16173  16162  16176  16168  16171  16166  16171  16163  16167  16171  16157  16166  16166  16164  16158  16159  16157  16161
  271.128   164727   626.71   164795   626.14  16480  16481  16483  16473  16485  16479  16481  16478  16481  16474  16475  16479  16467  16475  16476  16474  16469  16471  16469  16472
  276.128   167701   610.29   167728   610.79  16776  16779  16783  16767  16749  16776  16778  16773  16779  16768  16774  16778  16761  16774  16776  16773  16765  16768  16765  16767
  281.128   170532   608.34   170624   607.94  17073  17048  17051  17065  17053  17074  17076  17069  17049  17066  17042  17047  17061  17043  17045  17042  17061  17065  17062  17064
  286.129   173349   600.36   173418   599.52  17358  17334  17337  17350  17338  17330  17332  17354  17333  17352  17327  17331  17346  17327  17328  17325  17347  17321  17347  17350
  291.128   176151   593.78   176245   593.85  17616  17621  17627  17638  17628  17620  17622  17612  17621  17640  17616  17621  17635  17616  17616  17613  17608  17611  17605  17610
  296.128   179089   584.06   179153   584.09  17913  17917  17923  17907  17924  17916  17918  17910  17917  17908  17912  17918  17903  17914  17912  17908  17905  17907  17903  17907
  301.128   182047   577.32   182109   577.11  18208  18213  18217  18202  18219  18213  18215  18205  18213  18204  18207  18213  18199  18209  18207  18205  18202  18204  18198  18203
  306.128   184992   572.32   185028   575.64  18502  18509  18511  18497  18484  18508  18510  18500  18509  18498  18502  18508  18493  18503  18501  18500  18497  18499  18492  18497
  311.128   187831   574.53   187872   574.80  18796  18773  18775  18790  18776  18801  18803  18794  18773  18791  18765  18771  18786  18767  18793  18793  18790  18792  18785  18789
  316.128   190554   574.55   190653   574.62  19079  19057  19059  19073  19060  19057  19059  19077  19057  19075  19049  19054  19070  19051  19048  19047  19045  19048  19069  19073
  321.128   193413   578.24   193509   577.27  19340  19349  19350  19366  19352  19348  19349  19338  19349  19368  19342  19346  19363  19342  19339  19339  19337  19339  19331  19335
  326.128   196285   576.11   196351   576.17  19633  19638  19639  19627  19641  19637  19638  19631  19638  19629  19633  19635  19623  19631  19628  19628  19627  19631  19623  19626
  331.128   199082   568.15   199147   568.26  19912  19917  19919  19907  19921  19917  19918  19909  19918  19909  19912  19916  19903  19911  19908  19908  19906  19911  19902  19905
  336.128   201929   561.52   201995   563.50  20198  20201  20203  20190  20205  20203  20203  20195  20202  20195  20196  20201  20186  20196  20193  20193  20191  20195  20188  20190
  341.128   204873   565.34   204969   566.14  20500  20505  20477  20492  20477  20507  20507  20501  20506  20497  20470  20473  20487  20469  20498  20496  20496  20499  20492  20493
  346.128   207814   577.18   207915   576.24  20807  20781  20785  20797  20785  20783  20782  20808  20783  20804  20776  20779  20792  20777  20774  20772  20772  20776  20797  20799
  351.128   210762   581.11   210890   580.10  21107  21081  21086  21099  21085  21084  21080  21080  21084  21104  21077  21078  21094  21079  21075  21074  21072  21077  21067  21069
  356.128   213939   591.38   214003   591.31  21397  21399  21403  21414  21402  21401  21398  21398  21401  21390  21394  21396  21409  21398  21393  21392  21390  21393  21386  21388
  361.128   216913   595.15   216983   595.28  21699  21700  21704  21683  21703  21703  21699  21699  21701  21692  21695  21697  21677  21697  21694  21694  21690  21694  21685  21690
  366.128   219966   598.26   220041   597.55  22006  22005  22009  21991  22009  22008  22006  22004  22006  21997  21999  22004  21984  22002  22000  21998  21995  22000  21989  21995
  371.128   222904   597.95   223004   598.15  22304  22304  22308  22292  22278  22307  22305  22302  22306  22298  22298  22273  22285  22271  22300  22296  22295  22300  22290  22296
  376.128   225739   601.49   225843   599.54  22582  22606  22581  22596  22581  22580  22581  22578  22579  22579  22570  22576  22587  22574  22573  22573  22570  22573  22569  22574
  381.128   228792   603.96   228867   602.18  22887  22882  22888  22901  22887  22885  22886  22883  22884  22884  22874  22883  22893  22880  22879  22877  22875  22878  22874  22879
  386.128   231778   597.58   231858   598.12  23186  23181  23186  23200  23185  23185  23186  23182  23183  23184  23173  23180  23191  23179  23178  23176  23174  23175  23174  23178
  391.128   234708   592.25   234762   593.69  23480  23473  23481  23462  23479  23477  23480  23474  23478  23478  23466  23475  23483  23473  23472  23468  23467  23467  23468  23469
  396.128   237534   580.94   237615   581.17  23765  23759  23766  23749  23764  23762  23764  23760  23763  23763  23752  23760  23741  23758  23756  23754  23752  23753  23754  23754
  401.128   240482   583.49   240563   582.89  24065  24060  24040  24049  24037  24062  24064  24061  24062  24063  24051  24033  24042  24032  24055  24055  24052  24052  24055  24055
  406.128   243470   588.27   243577   587.33  24367  24362  24338  24352  24335  24364  24366  24363  24365  24365  24354  24331  24346  24330  24357  24358  24355  24356  24325  24358
  411.128   246401   589.89   246474   589.78  24648  24642  24650  24664  24647  24643  24645  24643  24646  24646  24633  24646  24656  24642  24638  24639  24635  24635  24640  24637
  416.128   249665   599.15   249737   598.88  24975  24968  24975  24992  24974  24969  24972  24968  24972  24972  24960  24974  24983  24968  24965  24965  24960  24962  24965  24963
  421.128   252781   604.56   252816   605.84  25285  25278  25286  25272  25285  25281  25284  25281  25282  25282  25274  25286  25293  25278  25276  25276  25272  25275  25275  25276
  426.128   255842   611.34   255902   610.64  25595  25585  25595  25580  25594  25589  25592  25589  25591  25592  25583  25595  25573  25587  25586  25585  25580  25584  25585  25584
  431.128   258837   607.68   258926   607.99  25897  25887  25898  25882  25897  25891  25895  25892  25893  25894  25886  25866  25876  25889  25889  25888  25882  25886  25887  25888
  436.128   261833   608.09   261914   606.28  26196  26183  26194  26181  26194  26190  26196  26193  26193  26194  26184  26168  26175  26186  26189  26188  26181  26188  26185  26189
  441.128   264678   611.20   264761   610.46  26471  26490  26469  26490  26469  26496  26471  26468  26468  26469  26459  26474  26483  26461  26464  26463  26487  26463  26460  26464
  446.128   267631   601.85   267711   601.07  26769  26788  26767  26788  26767  26763  26769  26767  26766  26767  26758  26771  26782  26759  26762  26761  26754  26761  26759  26764
  451.128   270555   595.44   270605   596.95  27065  27053  27062  27053  27062  27060  27064  27062  27061  27063  27052  27067  27048  27054  27057  27056  27050  27058  27054  27059
  456.128   273590   594.48   273630   594.92  27367  27356  27366  27357  27364  27362  27367  27364  27362  27365  27357  27372  27353  27357  27359  27359  27351  27362  27358  27362
  461.128   276830   596.16   276869   596.40  27691  27680  27690  27681  27688  27686  27691  27688  27685  27689  27681  27694  27677  27681  27684  27684  27676  27685  27683  27685
  466.128   279950   598.31   280026   599.21  28007  27996  28005  27997  28003  28001  28007  28004  28001  28005  27995  27978  27993  27997  27998  27999  27992  27999  27999  28000
  471.128   283121   611.80   283261   610.62  28330  28321  28328  28321  28327  28323  28330  28328  28324  28329  28317  28303  28316  28320  28321  28292  28315  28322  28292  28323
  476.128   286162   619.45   286243   618.28  28617  28645  28614  28645  28613  28646  28619  28616  28611  28617  28604  28626  28640  28608  28609  28610  28637  28608  28610  28610
  481.128   289165   623.49   289215   624.50  28925  28918  28922  28918  28921  28919  28926  28923  28919  28924  28912  28930  28913  28915  28917  28917  28909  28916  28918  28918
  486.128   292406   630.37   292451   631.58  29248  29242  29246  29242  29243  29244  29249  29247  29242  29248  29236  29254  29237  29240  29239  29243  29233  29240  29242  29242
  491.128   295568   623.66   295610   625.87  29564  29557  29563  29557  29560  29559  29565  29563  29558  29564  29551  29571  29553  29556  29555  29559  29549  29556  29559  29559
  496.128   298537   617.28   298619   617.48  29864  29858  29865  29858  29860  29859  29867  29865  29858  29865  29852  29838  29853  29856  29854  29859  29849  29856  29859  29861
  501.128   301561   609.53   301631   606.31  30167  30160  30166  30160  30161  30161  30168  30165  30158  30165  30155  30140  30155  30158  30157  30161  30152  30159  30161  30163
  506.128   304470   611.34   304574   610.10  30446  30468  30445  30470  30470  30470  30448  30445  30467  30445  30436  30448  30463  30436  30466  30440  30460  30440  30439  30442
  511.128   307544   614.80   307531   614.63  30755  30750  30756  30750  30751  30750  30759  30756  30748  30756  30745  30759  30772  30746  30747  30752  30769  30751  30750  30753
  516.128   310626   611.39   310666   611.22  31069  31062  31071  31063  31064  31062  31073  31071  31060  31071  31058  31074  31055  31061  31061  31066  31053  31065  31065  31068
  521.128   313704   607.45   313745   607.42  31377  31372  31378  31372  31371  31371  31380  31379  31367  31378  31366  31383  31363  31368  31370  31373  31361  31373  31372  31375
  526.128   316951   610.10   317003   611.31  31704  31697  31703  31697  31697  31697  31706  31705  31693  31704  31691  31707  31690  31692  31693  31695  31688  31697  31697  31701
  531.128   320051   612.67   320132   612.07  32017  32011  32015  32012  32011  32010  32018  32016  32006  32016  32004  31989  32004  32006  32008  32008  32001  32009  32009  32013
  536.128   323247   623.19   323302   621.51  32347  32342  32312  32342  32341  32340  32315  32313  32337  32313  32334  32314  32333  32304  32338  32338  32332  32339  32306  32309
  541.128   326287   626.80   326341   629.05  32631  32626  32630  32626  32625  32657  32633  32630  32652  32631  32618  32632  32648  32621  32622  32623  32650  32623  32624  32626
  546.128   329387   629.56   329445   630.17  32949  32942  32946  32943  32942  32941  32949  32947  32937  32949  32935  32948  32932  32939  32938  32939  32934  32939  32940  32943
  551.128   332619   633.66   332674   635.20  33272  33264  33269  33265  33264  33264  33272  33271  33260  33273  33257  33272  33255  33263  33261  33262  33257  33262  33264  33266
  556.128   335855   631.24   335906   631.21  33595  33587  33592  33589  33588  33590  33594  33594  33582  33595  33580  33594  33579  33586  33585  33586  33583  33586  33587  33589
  561.128   338973   624.36   339024   623.29  33907  33898  33905  33901  33900  33902  33907  33906  33891  33907  33892  33906  33888  33898  33896  33898  33895  33899  33899  33902
  566.129   342046   622.85   342045   621.91  34216  34210  34186  34212  34211  34212  34217  34187  34205  34189  34203  34187  34199  34207  34207  34207  34206  34209  34208  34213
  571.129   344942   622.11   344967   622.11  34490  34514  34490  34487  34486  34516  34492  34490  34510  34492  34507  34490  34505  34481  34511  34482  34510  34485  34483  34488
  576.129   347954   622.08   348010   622.01  34800  34794  34801  34798  34797  34796  34803  34801  34819  34801  34787  34799  34814  34792  34791  34792  34792  34795  34794  34798
  581.129   350899   613.44   350951   613.34  35097  35089  35099  35095  35095  35094  35100  35099  35085  35098  35083  35098  35083  35089  35087  35089  35090  35092  35092  35096
  586.128   353952   604.14   354004   603.10  35402  35393  35405  35400  35402  35399  35406  35404  35389  35404  35388  35403  35388  35395  35393  35394  35395  35397  35397  35402
  591.128   357072   600.07   357117   599.87  35715  35704  35714  35713  35712  35711  35717  35714  35702  35715  35700  35716  35702  35705  35706  35707  35706  35709  35708  35713
  596.128   360252   600.22   360293   602.67  36032  36023  36032  36030  36029  36030  36035  36031  36019  36032  36018  36033  36020  36023  36025  36024  36025  36027  36027  36030
  601.128   363057   603.95   363152   604.28  36330  36321  36300  36328  36327  36328  36303  36299  36316  36300  36316  36301  36319  36291  36323  36321  36295  36297  36295  36299
  606.128   366059   606.50   366130   605.96  36609  36633  36610  36606  36606  36607  36612  36609  36628  36610  36596  36610  36628  36599  36602  36600  36605  36606  36606  36607
  611.129   369239   615.46   369310   615.02  36930  36922  36930  36927  36927  36929  36933  36931  36950  36931  36918  36932  36918  36920  36924  36921  36926  36924  36928  36928
  616.128   372420   617.48   372454   619.13  37246  37241  37248  37245  37243  37246  37251  37250  37235  37249  37236  37252  37237  37236  37241  37239  37244  37242  37248  37245
  621.128   375615   619.77   375647   618.12  37565  37561  37566  37564  37563  37565  37570  37570  37555  37568  37555  37574  37555  37555  37561  37559  37562  37561  37569  37564
  626.128   378670   612.01   378761   611.68  37877  37872  37877  37874  37875  37877  37882  37881  37867  37879  37866  37856  37868  37867  37873  37869  37874  37873  37849  37875
  631.128   381582   613.59   381570   611.04  38168  38160  38166  38165  38164  38166  38142  38141  38158  38140  38156  38147  38158  38159  38165  38159  38166  38164  38141  38167
  636.128   384561   614.83   384508   613.12  38441  38469  38442  38438  38472  38440  38448  38446  38467  38445  38463  38450  38467  38467  38441  38468  38442  38473  38449  38441
  641.128   387586   613.54   387575   611.87  38756  38750  38756  38753  38751  38754  38761  38759  38778  38757  38774  38763  38778  38746  38755  38749  38755  38751  38760  38755
  646.128   390625   608.85   390644   608.28  39064  39060  39066  39062  39061  39063  39074  39071  39055  39068  39051  39075  39054  39056  39067  39060  39066  39061  39070  39065
  651.128   393602   601.64   393624   601.28  39361  39357  39364  39360  39359  39361  39372  39370  39355  39365  39350  39375  39352  39353  39363  39358  39363  39358  39369  39361
  656.128   396563   598.46   396644   596.17  39663  39658  39666  39662  39661  39662  39674  39672  39658  39668  39654  39649  39655  39654  39665  39658  39666  39660  39641  39661
  661.128   399599   597.34   399617   597.30  39965  39961  39971  39965  39964  39964  39948  39947  39961  39971  39959  39953  39957  39956  39968  39962  39970  39964  39947  39963
  666.128   402634   599.03   402614   601.17  40272  40266  40247  40270  40270  40271  40252  40252  40268  40246  40267  40257  40261  40264  40273  40268  40247  40271  40255  40271
  671.128   405698   604.48   405704   605.05  40590  40586  40564  40557  40556  40558  40571  40572  40587  40563  40586  40577  40582  40551  40560  40554  40568  40589  40573  40558
  676.128   408755   606.17   408756   606.68  40873  40868  40877  40873  40872  40874  40886  40887  40869  40877  40868  40893  40866  40867  40876  40869  40884  40870  40888  40874
  681.128   411902   610.76   411901   611.09  41189  41182  41191  41187  41186  41188  41202  41201  41183  41192  41181  41208  41180  41181  41191  41183  41200  41185  41204  41189
  686.129   415003   615.87   415036   614.23  41504  41496  41504  41503  41499  41501  41514  41513  41496  41506  41494  41519  41493  41496  41504  41497  41512  41500  41486  41502
  691.128   417981   613.83   418017   612.42  41810  41799  41808  41807  41803  41805  41788  41787  41800  41810  41798  41793  41796  41800  41808  41800  41787  41803  41791  41805
  696.128   421076   612.05   421114   612.85  42121  42108  42120  42118  42111  42113  42097  42097  42108  42121  42106  42104  42104  42111  42120  42108  42097  42113  42100  42113
  701.128   424084   611.14   424086   611.01  42422  42412  42392  42419  42413  42416  42402  42403  42412  42395  42410  42408  42408  42413  42394  42412  42402  42416  42405  42416
  706.128   427144   609.83   427140   611.71  42705  42724  42702  42701  42725  42727  42712  42715  42725  42704  42722  42720  42721  42696  42704  42724  42714  42728  42717  42698
  711.129   430256   612.54   430250   614.62  43029  43016  43026  43025  43017  43019  43036  43038  43017  43027  43014  43044  43013  43020  43027  43015  43038  43022  43041  43022
  716.128   433244   610.26   433273   610.12  43331  43319  43328  43327  43321  43323  43336  43339  43320  43329  43318  43344  43317  43321  43327  43317  43339  43325  43312  43324
  721.128   436404   617.15   436472   615.03  43655  43641  43652  43648  43643  43644  43660  43633  43643  43653  43641  43637  43639  43644  43648  43638  43632  43647  43633  43645
  726.128   439620   618.93   439664   616.95  43978  43962  43975  43971  43966  43967  43950  43953  43966  43976  43964  43956  43960  43968  43971  43958  43951  43971  43953  43968
  731.128   442647   616.81   442626   616.04  44250  44265  44275  44272  44268  44270  44254  44257  44267  44248  44266  44260  44261  44269  44273  44262  44255  44274  44257  44270
  736.128   445633   615.30   445609   615.60  44555  44571  44549  44545  44573  44574  44558  44559  44572  44553  44571  44565  44565  44545  44547  44565  44558  44578  44563  44576
  741.129   448609   610.99   448559   613.41  44861  44848  44855  44853  44850  44853  44865  44866  44849  44859  44849  44873  44870  44852  44853  44871  44864  44854  44870  44853
  746.128   451704   616.36   451702   617.44  45175  45163  45170  45167  45164  45168  45178  45181  45163  45173  45164  45189  45155  45167  45167  45157  45181  45168  45188  45168
  751.129   454914   617.72   454938   617.38  45499  45485  45494  45491  45488  45492  45502  45505  45485  45497  45488  45513  45477  45492  45492  45481  45506  45492  45480  45493
  756.128   458117   617.08   458206   615.03  45825  45813  45820  45818  45814  45820  45829  45831  45813  45823  45815  45806  45804  45819  45820  45810  45798  45819  45805  45821
  761.128   461308   621.07   461352   619.03  46142  46131  46138  46138  46132  46139  46145  46116  46131  46140  46133  46128  46123  46138  46139  46128  46119  46137  46125  46138
  766.128   464347   623.14   464421   623.51  46451  46441  46447  46447  46442  46448  46425  46430  46441  46449  46442  46438  46434  46418  46420  46439  46427  46447  46436  46446
  771.128   467452   625.79   467367   628.98  46735  46755  46729  46729  46726  46729  46735  46742  46754  46733  46756  46752  46750  46730  46731  46754  46740  46762  46749  46728
  776.128   470530   628.24   470541   628.71  47053  47072  47045  47046  47044  47046  47053  47059  47072  47051  47041  47069  47069  47050  47047  47037  47057  47047  47067  47046
  781.128   473448   617.94   473436   619.75  47350  47335  47341  47342  47340  47342  47350  47353  47335  47348  47337  47362  47331  47345  47344  47334  47351  47343  47360  47341
  786.128   476481   613.11   476532   610.83  47660  47644  47651  47652  47650  47652  47660  47663  47643  47657  47646  47643  47640  47655  47655  47642  47660  47652  47638  47650
  791.128   479417   604.80   479468   601.04  47957  47940  47948  47948  47947  47949  47957  47931  47940  47951  47944  47941  47937  47950  47950  47938  47928  47948  47935  47946
  796.128   482575   605.97   482603   602.25  48245  48260  48269  48269  48268  48269  48243  48250  48260  48270  48263  48259  48257  48237  48270  48256  48245  48268  48254  48266
  801.128   485584   602.45   485495   606.31  48550  48563  48543  48543  48542  48544  48549  48554  48563  48544  48566  48563  48560  48543  48544  48560  48551  48571  48558  48568
  806.128   488703   605.83   488690   606.03  48870  48884  48862  48862  48861  48863  48869  48874  48882  48863  48858  48885  48880  48863  48864  48880  48870  48862  48880  48861
  811.128   491812   612.85   491800   615.10  49186  49170  49180  49180  49177  49179  49185  49194  49168  49181  49175  49205  49165  49179  49181  49166  49187  49178  49199  49177
  816.128   494931   616.91   494978   615.67  49505  49486  49499  49499  49494  49496  49504  49511  49485  49499  49495  49488  49481  49498  49500  49484  49506  49499  49483  49497
  821.128   497879   613.89   497889   612.55  49799  49781  49792  49792  49789  49790  49798  49776  49780  49792  49789  49783  49777  49792  49797  49779  49800  49793  49778  49791
  826.128   500884   610.10   500931   608.49  50077  50087  50100  50100  50097  50097  50106  50082  50084  50101  50096  50089  50081  50069  50105  50085  50078  50100  50083  50098
  831.128   503931   611.48   503891   614.13  50385  50395  50379  50379  50405  50403  50382  50391  50393  50379  50404  50399  50389  50378  50382  50393  50384  50407  50390  50405
  836.128   506805   603.69   506790   604.56  50681  50689  50676  50676  50670  50670  50679  50688  50687  50674  50670  50694  50686  50674  50682  50686  50681  50673  50687  50672
  841.128   509748   597.99   509734   597.92  50978  50983  50969  50970  50965  50965  50973  50981  50982  50968  50966  50987  50978  50971  50978  50979  50976  50966  50981  50966
  846.128   512765   591.04   512685   592.05  51281  51254  51270  51270  51266  51265  51273  51284  51253  51269  51267  51290  51279  51273  51281  51281  51277  51267  51283  51267
  851.128   515838   597.62   515824   595.81  51596  51571  51587  51587  51583  51584  51590  51569  51571  51586  51585  51575  51594  51589  51596  51566  51593  51586  51568  51586
  856.128   518923   601.91   519010   599.83  51887  51891  51910  51910  51905  51906  51912  51890  51891  51908  51908  51894  51883  51878  51887  51887  51884  51908  51887  51907
  861.128   522027   603.72   522045   604.50  52197  52202  52186  52187  52216  52216  52221  52200  52202  52218  52218  52206  52192  52190  52198  52196  52195  52219  52197  52216
  866.128   525114   613.36   525066   611.21  52513  52516  52503  52504  52498  52499  52503  52514  52516  52500  52500  52519  52507  52507  52513  52510  52513  52502  52513  52530
  871.128   528228   615.92   528207   616.72  52828  52832  52816  52818  52811  52813  52816  52828  52832  52813  52813  52834  52822  52822  52828  52825  52828  52815  52826  52815
  876.128   531335   616.58   531250   621.11  53138  53116  53125  53127  53121  53124  53125  53136  53116  53122  53125  53144  53133  53132  53139  53134  53138  53126  53136  53128
  881.128   534368   614.74   534275   616.12  53441  53418  53427  53430  53423  53426  53429  53439  53417  53425  53428  53448  53435  53436  53442  53437  53440  53431  53439  53432
  886.128   537267   610.56   537268   606.66  53716  53723  53732  53735  53728  53732  53735  53713  53724  53730  53733  53723  53711  53710  53746  53712  53744  53736  53715  53737
  891.129   540302   610.29   540369   608.98  54025  54032  54043  54046  54039  54042  54046  54022  54033  54041  54044  54030  54020  54019  54025  54021  54022  54048  54025  54048
  896.128   543468   614.89   543472   613.58  54349  54354  54334  54337  54362  54334  54337  54346  54355  54364  54366  54353  54343  54342  54347  54346  54344  54339  54348  54340
  901.128   546512   611.58   546487   609.46  54657  54661  54641  54645  54639  54643  54645  54654  54661  54641  54644  54660  54650  54648  54654  54655  54650  54647  54655  54649
  906.128   549452   602.94   549368   605.99  54952  54925  54935  54938  54934  54937  54938  54949  54926  54934  54938  54953  54943  54944  54947  54950  54942  54942  54950  54943
  911.128   552281   595.37   552196   600.40  55212  55213  55223  55226  55222  55226  55227  55209  55215  55223  55226  55242  55231  55233  55236  55210  55230  55231  55210  55232
  916.128   555147   595.15   555146   594.11  55506  55507  55518  55521  55518  55522  55522  55503  55510  55519  55521  55509  55497  55501  55531  55504  55525  55527  55504  55528
  921.128   558054   591.83   558085   588.68  55799  55800  55813  55815  55812  55816  55816  55797  55803  55814  55816  55804  55791  55795  55795  55796  55818  55821  55797  55821
  926.128   561047   589.90   561028   587.11  56110  56112  56096  56097  56095  56098  56100  56107  56116  56097  56098  56115  56101  56105  56107  56106  56100  56104  56107  56104
  931.128   564242   592.75   564225   591.95  56430  56432  56416  56416  56415  56417  56419  56426  56437  56417  56417  56434  56419  56425  56427  56427  56420  56423  56427  56423
  936.128   567330   594.90   567277   597.95  56739  56738  56724  56724  56723  56725  56727  56736  56716  56725  56725  56745  56728  56735  56736  56736  56727  56732  56736  56730
  941.128   570394   601.65   570309   605.74  57045  57015  57030  57030  57029  57031  57033  57042  57022  57032  57032  57052  57036  57041  57042  57041  57035  57038  57042  57035
  946.128   573299   603.15   573264   602.11  57316  57316  57332  57332  57331  57333  57335  57313  57323  57333  57335  57324  57340  57313  57347  57314  57336  57339  57314  57337
  951.128   576350   609.80   576384   606.78  57627  57628  57644  57644  57643  57645  57647  57624  57637  57645  57647  57635  57620  57625  57627  57625  57648  57651  57624  57648
  956.128   579592   617.75   579599   616.34  57951  57951  57970  57970  57968  57971  57939  57948  57962  57969  57973  57958  57943  57948  57951  57949  57973  57976  57948  57973
  961.128   582682   618.81   582655   617.40  58272  58271  58260  58260  58258  58261  58262  58269  58283  58259  58263  58280  58267  58268  58273  58271  58262  58267  58268  58263
  966.128   585815   618.18   585751   618.88  58584  58584  58573  58572  58572  58574  58575  58581  58565  58571  58576  58595  58580  58581  58586  58584  58576  58581  58580  58576
  971.129   588923   615.57   588860   619.40  58894  58894  58885  58883  58883  58885  58886  58891  58876  58883  58887  58907  58891  58891  58895  58894  58887  58892  58891  58888
  976.128   592003   617.72   591942   617.92  59205  59172  59197  59196  59194  59197  59198  59202  59187  59194  59198  59186  59201  59201  59207  59205  59198  59205  59202  59200
  981.128   595041   622.18   595043   619.09  59489  59492  59512  59512  59510  59513  59513  59487  59505  59510  59514  59504  59486  59486  59521  59491  59514  59521  59487  59517
  986.128   597942   613.74   597907   611.32  59789  59790  59781  59780  59780  59782  59810  59786  59801  59808  59783  59803  59786  59786  59789  59792  59811  59789  59787  59816
  991.128   600929   611.30   600898   611.16  60094  60095  60087  60084  60084  60086  60086  60091  60107  60084  60087  60110  60091  60090  60094  60096  60085  60093  60093  60090
  996.129   603939   607.15   603871   606.98  60395  60396  60386  60385  60384  60387  60386  60392  60376  60384  60388  60410  60391  60391  60396  60396  60388  60394  60394  60391
 1001.128   606975   600.79   606930   603.41  60701  60700  60694  60690  60689  60693  60693  60698  60681  60691  60693  60686  60697  60699  60704  60702  60695  60701  60700  60698
 1006.128   609952   594.77   609894   597.11  61000  60999  60990  60985  60984  60988  60989  60997  60975  60987  60988  60983  60996  60998  61002  61001  60994  60996  60999  60995
 1011.128   612879   593.32   612858   591.44  61274  61273  61296  61292  61291  61292  61295  61271  61280  61294  61294  61289  61269  61271  61308  61274  61300  61301  61274  61299
 1016.128   615791   595.07   615769   594.53  61568  61567  61561  61586  61585  61587  61588  61565  61576  61586  61588  61584  61564  61566  61573  61570  61593  61594  61568  61591
 1021.129   618579   590.37   618505   589.87  61855  61854  61850  61845  61844  61847  61848  61852  61863  61847  61847  61872  61851  61853  61861  61857  61851  61854  61855  61878
 1026.129   621384   584.45   621333   585.02  62138  62136  62133  62127  62126  62129  62132  62135  62147  62130  62131  62157  62134  62135  62144  62141  62135  62138  62137  62132
 1031.129   624223   574.77   624174   575.64  62425  62424  62421  62413  62412  62414  62420  62422  62406  62417  62416  62416  62421  62422  62432  62429  62422  62423  62424  62418
 1036.128   627312   577.72   627263   577.99  62734  62731  62730  62722  62721  62723  62730  62731  62715  62726  62724  62725  62730  62731  62741  62738  62732  62731  62733  62727
 1041.128   630314   579.80   630295   578.83  63040  63037  63034  63023  63022  63024  63033  63037  63016  63029  63026  63026  63037  63033  63047  63011  63037  63032  63037  63028
 1046.128   633208   579.60   633158   578.66  63308  63306  63302  63321  63320  63322  63331  63305  63316  63327  63325  63326  63304  63330  63317  63311  63333  63331  63304  63327
 1051.128   636073   583.04   636010   583.41  63602  63599  63600  63610  63608  63610  63590  63599  63605  63587  63614  63614  63599  63601  63611  63605  63593  63619  63601  63616
 1056.128   639166   590.66   639091   590.83  63918  63915  63916  63898  63896  63898  63906  63915  63924  63905  63903  63933  63916  63918  63930  63924  63910  63907  63920  63905
 1061.128   642115   595.56   642036   595.52  64215  64211  64214  64197  64193  64196  64203  64211  64194  64202  64202  64201  64215  64215  64228  64221  64207  64204  64218  64204
 1066.128   645106   596.04   645158   596.21  64529  64525  64528  64508  64502  64505  64517  64525  64503  64516  64513  64510  64527  64498  64508  64504  64519  64516  64498  64513
 1071.128   648104   596.03   648060   594.21  64799  64796  64800  64812  64806  64807  64819  64796  64807  64818  64816  64812  64798  64802  64810  64807  64821  64820  64802  64816
 1076.128   651326   603.72   651282   605.07  65120  65116  65123  65135  65128  65128  65143  65117  65131  65141  65138  65134  65119  65124  65132  65129  65145  65142  65124  65139
 1081.128   654502   614.11   654389   612.34  65437  65434  65441  65452  65444  65445  65428  65434  65448  65426  65456  65450  65436  65443  65450  65448  65462  65460  65441  65456
 1086.128   657546   607.99   657462   612.01  65744  65741  65747  65761  65753  65753  65734  65741  65755  65733  65767  65756  65743  65749  65758  65753  65737  65769  65748  65766
 1091.128   660532   612.99   660491   615.20  66054  66051  66056  66037  66061  66061  66045  66050  66033  66043  66043  66064  66052  66056  66065  66061  66047  66046  66055  66043
 1096.128   663617   614.93   663518   611.95  66364  66360  66365  66345  66338  66340  66354  66359  66341  66352  66350  66373  66362  66364  66374  66370  66354  66356  66364  66350
 1101.128   666691   621.61   666683   621.81  66684  66680  66653  66665  66657  66659  66673  66680  66661  66671  66670  66661  66682  66684  66663  66659  66674  66676  66652  66670
 1106.129   669771   616.95   669729   617.01  66967  66963  66968  66979  66971  66973  66987  66963  66974  66984  66984  66976  66965  66967  66979  66972  66988  66991  66966  66983
 1111.128   672737   607.87   672693   610.18  67263  67259  67264  67275  67268  67270  67284  67260  67271  67279  67281  67272  67262  67263  67277  67269  67284  67288  67261  67280
 1116.128   675882   610.35   675809   610.75  67578  67574  67579  67589  67582  67584  67569  67575  67586  67593  67595  67587  67577  67578  67592  67584  67597  67602  67576  67594
 1121.128   678770   606.50   678796   607.77  67881  67877  67884  67888  67884  67885  67870  67876  67886  67865  67865  67892  67877  67882  67890  67883  67868  67872  67876  67865
 1126.128   681621   598.76   681588   600.97  68169  68165  68174  68147  68141  68174  68158  68165  68144  68151  68150  68151  68167  68171  68181  68172  68155  68158  68165  68151
 1131.128   684594   598.91   684591   598.14  68475  68471  68449  68454  68449  68449  68464  68471  68450  68459  68458  68459  68472  68446  68456  68449  68461  68465  68470  68458
 1136.129   687684   601.13   687664   599.72  68761  68757  68764  68770  68766  68764  68781  68758  68766  68777  68773  68774  68758  68760  68771  68763  68776  68780  68756  68773
 1141.128   690822   602.83   690802   604.68  69077  69071  69077  69084  69078  69078  69093  69074  69079  69091  69086  69086  69072  69076  69084  69077  69090  69096  69069  69086
 1146.128   693947   599.30   693856   599.90  69388  69382  69389  69396  69390  69391  69373  69385  69391  69371  69398  69398  69383  69389  69396  69388  69403  69411  69381  69400
 1151.128   697088   608.07   697074   605.62  69710  69703  69710  69717  69711  69712  69696  69707  69712  69696  69720  69718  69703  69710  69716  69709  69724  69697  69701  69690
 1156.128   700234   617.68   700217   618.29  70027  70021  70027  70005  70027  70027  70014  70024  70029  70016  70035  70033  70020  70027  70034  70027  70012  70017  70019  70010
 1161.128   703254   623.04   703236   621.53  70342  70335  70310  70318  70310  70311  70329  70339  70312  70330  70320  70317  70334  70311  70317  70341  70327  70330  70334  70323
 1166.128   706139   619.32   706122   617.27  70610  70602  70607  70616  70607  70608  70628  70607  70610  70627  70618  70614  70601  70609  70614  70607  70626  70629  70600  70621
 1171.128   709265   615.67   709241   616.61  70921  70914  70919  70927  70919  70920  70941  70919  70921  70940  70930  70926  70913  70922  70926  70920  70940  70942  70913  70933
 1176.129   712437   616.31   712350   619.60  71238  71231  71236  71243  71234  71239  71228  71236  71239  71226  71246  71242  71231  71239  71245  71238  71256  71259  71230  71251
 1181.128   715451   611.17   715400   609.90  71543  71534  71541  71548  71540  71545  71532  71540  71545  71532  71551  71547  71534  71545  71551  71542  71530  71562  71534  71555
 1186.128   718483   605.94   718459   605.70  71852  71841  71849  71826  71850  71855  71839  71849  71854  71844  71861  71857  71843  71853  71860  71853  71837  71841  71843  71835
 1191.128   721449   606.44   721453   605.17  72157  72149  72155  72132  72154  72128  72146  72154  72128  72150  72137  72162  72149  72127  72134  72158  72144  72147  72149  72142
 1196.129   724442   613.19   724421   611.01  72436  72457  72434  72441  72432  72438  72454  72433  72437  72459  72446  72440  72460  72436  72442  72436  72452  72456  72457  72449
