Test case: 
Description: 
	10 senders: persistent queues
	10 receivers: client acknowledge every 50 messages
Timestamp: 2011.11.2 0:5:23
Version: 
Setting up JMS benchmark connections... 

Start processing messages.
Fri Dec 02 00:05:23 EST 2011

  Seconds   Send   Send/Sec   Recv   Recv/Sec   RCV0   RCV1   RCV2   RCV3   RCV4   RCV5   RCV6   RCV7   RCV8   RCV9  SND10  SND11  SND12  SND13  SND14  SND15  SND16  SND17  SND18  SND19
  ------- -------- -------- -------- -------- ------ ------ ------ ------ ------ ------ ------ ------ ------ ------ ------ ------ ------ ------ ------ ------ ------ ------ ------ ------
    1.126        0     0.00        0     0.00      0      0      0      0      0      0      0      0      0      0      0      0      0      0      0      0      0      0      0      0
    6.126     2426   527.39     2471   537.17    248    247    247    247    248    245    247    247    247    248    242    245    245    245    242    241    243    242    239    242
   11.126     5319   554.06     5380   560.42    538    536    538    540    540    536    538    537    537    540    531    534    535    533    531    531    531    531    531    531
   16.126     8253   550.89     8320   567.81    832    830    832    834    834    830    832    831    831    834    824    828    829    826    825    823    823    825    825    825
   21.126    11214   556.53    11276   562.96   1127   1127   1128   1132   1130   1125   1126   1127   1126   1128   1121   1123   1125   1121   1120   1121   1121   1119   1122   1121
   26.126    14168   565.24    14234   567.64   1426   1426   1427   1431   1429   1423   1425   1426   1395   1426   1420   1392   1423   1418   1419   1420   1419   1417   1421   1419
   31.126    16835   568.75    17052   571.18   1720   1691   1692   1695   1694   1717   1718   1720   1687   1718   1682   1685   1686   1683   1682   1684   1683   1681   1685   1684
   36.126    19913   586.81    19979   587.52   1998   1999   1999   2004   2001   1995   1996   1997   1995   1995   1990   1992   1995   1990   1988   1992   1991   1990   1994   1991
   41.126    22924   590.77    22990   590.94   2299   2300   2301   2306   2303   2296   2296   2297   2296   2296   2291   2294   2295   2291   2291   2293   2290   2293   2295   2291
   46.126    25855   582.87    25925   586.90   2593   2594   2593   2599   2597   2590   2590   2590   2589   2590   2585   2588   2588   2583   2585   2586   2583   2585   2588   2584
   51.126    28972   586.74    29047   589.90   2906   2906   2907   2910   2909   2902   2902   2902   2900   2903   2897   2898   2900   2897   2898   2897   2894   2895   2900   2896
   56.126    31732   582.35    31781   582.79   3191   3162   3193   3166   3165   3186   3187   3187   3156   3188   3182   3153   3185   3182   3153   3183   3178   3180   3155   3181
   61.126    34646   597.66    34842   593.07   3474   3474   3475   3478   3477   3498   3499   3499   3468   3500   3464   3465   3468   3465   3465   3466   3461   3463   3466   3463
   66.126    37644   595.00    37712   595.07   3771   3775   3775   3777   3776   3767   3767   3768   3767   3769   3764   3766   3768   3765   3764   3765   3761   3764   3765   3762
   71.126    40701   596.54    40771   596.68   4077   4081   4079   4082   4082   4073   4075   4075   4072   4075   4069   4072   4073   4071   4070   4071   4067   4070   4072   4066
   76.126    43836   595.36    43891   600.89   4387   4394   4391   4394   4396   4385   4387   4386   4384   4387   4384   4386   4386   4385   4383   4386   4380   4384   4385   4377
   81.126    46962   593.57    47028   594.04   4703   4707   4703   4706   4707   4700   4702   4702   4695   4703   4696   4700   4698   4698   4696   4699   4691   4698   4696   4690
   86.126    49962   605.79    50115   606.39   5013   4990   5015   5020   5021   5010   5013   5012   5007   5014   5009   4983   5010   4981   5008   4982   5002   4980   5007   5000
   91.126    52876   608.83    53062   604.53   5314   5291   5315   5291   5291   5311   5314   5313   5307   5315   5279   5282   5281   5281   5279   5283   5303   5281   5306   5301
   96.126    55820   609.93    55892   610.07   5589   5595   5592   5594   5594   5585   5587   5586   5582   5588   5581   5585   5584   5585   5581   5587   5575   5585   5580   5577
  101.126    58968   612.99    59053   613.49   5906   5910   5906   5909   5908   5903   5904   5904   5897   5906   5895   5900   5898   5900   5895   5902   5892   5900   5895   5891
  106.127    62159   610.12    62235   614.42   6224   6230   6225   6228   6227   6221   6222   6219   6215   6224   6214   6220   6217   6220   6214   6222   6210   6219   6214   6209
  111.126    65348   608.66    65427   613.26   6543   6547   6544   6547   6547   6540   6541   6540   6534   6544   6532   6539   6536   6537   6534   6541   6529   6538   6533   6529
  116.126    68539   615.64    68714   613.05   6873   6876   6872   6877   6876   6868   6869   6869   6862   6872   6860   6836   6866   6865   6863   6838   6858   6834   6860   6859
  121.126    71790   627.68    71935   624.26   7199   7169   7198   7202   7201   7193   7194   7195   7187   7197   7186   7163   7190   7189   7187   7164   7182   7160   7184   7185
  126.126    74534   626.98    74728   627.05   7464   7462   7462   7466   7464   7482   7484   7484   7475   7485   7450   7453   7453   7453   7452   7454   7470   7449   7450   7450
  131.126    77490   621.56    77565   621.23   7763   7760   7761   7764   7763   7751   7752   7753   7744   7754   7749   7752   7751   7751   7751   7753   7739   7747   7749   7748
  136.126    80607   615.96    80681   617.97   8075   8072   8073   8077   8075   8062   8063   8064   8056   8064   8061   8064   8062   8063   8063   8066   8050   8059   8060   8059
  141.126    83676   606.07    83751   609.97   8381   8378   8380   8383   8382   8369   8370   8372   8363   8373   8367   8371   8370   8370   8370   8373   8358   8364   8366   8367
  146.126    86631   599.83    86771   600.74   8682   8680   8682   8686   8684   8671   8673   8673   8665   8675   8670   8641   8673   8670   8641   8674   8659   8666   8667   8670
  151.126    89657   595.37    89866   593.26   8997   8995   8966   8999   8968   8988   8990   8990   8982   8991   8953   8958   8957   8985   8958   8956   8976   8950   8981   8983
  156.126    92777   611.20    92981   607.50   9288   9285   9287   9289   9288   9309   9311   9310   9303   9311   9274   9281   9278   9275   9280   9277   9297   9271   9271   9273
  161.126    95783   612.82    95872   614.33   9593   9589   9591   9593   9592   9583   9585   9584   9577   9585   9577   9586   9581   9579   9584   9579   9571   9575   9575   9576
  166.126    99118   618.93    99201   621.48   9927   9923   9925   9927   9926   9915   9917   9915   9909   9917   9911   9919   9914   9913   9918   9913   9903   9909   9909   9909
  171.126   102290   621.11   102359   624.43  10241  10238  10241  10242  10242  10231  10234  10231  10225  10234  10228  10238  10230  10229  10237  10228  10220  10226  10227  10227
  176.126   105416   622.85   105566   625.34  10562  10559  10560  10563  10560  10552  10555  10553  10546  10556  10548  10524  10550  10548  10522  10547  10540  10545  10546  10546
  181.126   108661   630.20   108808   625.97  10887  10884  10885  10888  10885  10876  10878  10876  10870  10879  10873  10848  10875  10873  10846  10872  10861  10871  10871  10871
  186.126   111815   633.83   111953   629.60  11210  11177  11179  11181  11208  11200  11201  11201  11193  11203  11168  11173  11198  11168  11172  11196  11186  11166  11194  11194
  191.126   114851   638.66   115065   638.02  11495  11491  11494  11495  11494  11521  11520  11520  11513  11522  11483  11487  11484  11484  11487  11481  11505  11481  11479  11480
  196.126   118038   634.88   118112   634.58  11817  11814  11816  11818  11816  11807  11808  11808  11799  11809  11805  11809  11806  11806  11808  11804  11793  11804  11801  11802
  201.126   121253   634.26   121333   636.71  12138  12135  12138  12139  12139  12128  12131  12131  12122  12132  12126  12131  12127  12127  12129  12125  12115  12125  12123  12125
  206.126   124269   625.57   124355   628.42  12440  12437  12440  12442  12440  12430  12433  12434  12424  12435  12427  12431  12430  12428  12430  12427  12417  12428  12425  12426
  211.126   127232   614.80   127382   617.32  12742  12740  12744  12746  12744  12733  12735  12735  12727  12736  12732  12699  12734  12733  12698  12729  12720  12733  12727  12727
  216.126   130237   611.14   130419   609.46  13045  13043  13046  13048  13045  13039  13040  13040  13032  13041  13033  13007  13037  13034  13007  13031  13025  13004  13029  13030
  221.126   133262   613.51   133416   609.35  13358  13324  13326  13328  13326  13351  13352  13353  13344  13354  13314  13318  13318  13315  13318  13344  13338  13314  13341  13342
  226.126   136418   615.67   136625   615.70  13651  13648  13651  13652  13651  13675  13675  13677  13667  13678  13640  13644  13644  13641  13644  13636  13661  13641  13632  13635
  231.126   139562   612.25   139651   614.70  13971  13967  13971  13971  13970  13961  13960  13963  13953  13964  13957  13960  13962  13958  13960  13954  13948  13959  13951  13953
  236.126   142579   610.27   142676   613.76  14273  14269  14275  14273  14271  14264  14263  14266  14256  14266  14258  14260  14265  14261  14262  14256  14251  14259  14252  14255
  241.126   145812   615.81   145907   617.21  14598  14594  14599  14598  14593  14587  14584  14590  14577  14587  14581  14584  14589  14584  14586  14578  14574  14583  14575  14578
  246.126   149064   623.21   149221   623.48  14929  14925  14930  14929  14924  14919  14914  14922  14910  14919  14912  14883  14920  14915  14884  14910  14907  14914  14908  14911
  251.126   152121   628.42   152304   627.15  15216  15244  15216  15216  15242  15235  15233  15238  15228  15236  15200  15201  15207  15201  15203  15228  15225  15201  15225  15230
  256.126   155219   628.76   155438   624.93  15534  15529  15532  15533  15558  15551  15549  15555  15544  15553  15519  15517  15521  15519  15519  15511  15540  15518  15540  15515
  261.126   158274   627.92   158460   628.15  15845  15841  15846  15845  15838  15832  15859  15837  15854  15863  15832  15828  15832  15832  15830  15822  15821  15830  15821  15826
  266.126   161473   630.00   161602   634.09  16165  16161  16166  16165  16158  16153  16179  16157  16144  16154  16152  16149  16151  16152  16150  16140  16143  16149  16141  16146
  271.126   164567   624.83   164675   627.99  16476  16471  16475  16475  16468  16463  16462  16467  16454  16464  16460  16457  16461  16460  16458  16452  16453  16457  16453  16456
  276.127   167551   611.03   167632   613.14  16776  16769  16775  16773  16763  16757  16755  16760  16747  16757  16760  16758  16760  16761  16757  16748  16748  16755  16750  16754
  281.126   170350   607.95   170555   609.63  17043  17067  17043  17070  17060  17055  17055  17058  17047  17057  17028  17026  17030  17029  17026  17045  17045  17023  17047  17051
  286.126   173145   599.60   173352   595.10  17326  17323  17328  17325  17346  17341  17342  17345  17333  17343  17313  17310  17316  17314  17313  17330  17330  17308  17304  17307
  291.126   176005   594.03   176208   590.67  17614  17611  17618  17614  17605  17629  17631  17633  17622  17631  17603  17600  17605  17604  17602  17590  17617  17595  17593  17596
  296.126   178940   582.25   179033   584.93  17910  17907  17914  17910  17903  17897  17899  17903  17891  17899  17899  17897  17901  17900  17898  17887  17886  17891  17889  17892
  301.126   181899   575.77   181994   580.20  18206  18203  18208  18207  18200  18193  18195  18200  18187  18195  18193  18193  18197  18195  18193  18184  18183  18187  18186  18188
  306.126   184814   572.40   184944   577.03  18502  18499  18503  18503  18495  18487  18489  18495  18481  18490  18489  18458  18491  18490  18488  18478  18478  18481  18480  18481
  311.126   187624   574.66   187846   575.30  18795  18792  18766  18796  18789  18780  18782  18789  18774  18783  18752  18751  18754  18753  18750  18772  18772  18773  18773  18774
  316.126   190375   576.33   190599   573.14  19050  19047  19051  19051  19073  19064  19066  19073  19058  19066  19035  19034  19039  19037  19034  19055  19055  19028  19029  19029
  321.126   193232   578.11   193464   574.92  19342  19339  19343  19343  19336  19357  19359  19336  19351  19358  19326  19326  19331  19329  19326  19318  19319  19318  19320  19319
  326.126   196130   575.87   196275   577.65  19631  19628  19632  19632  19627  19618  19621  19626  19613  19647  19617  19616  19620  19617  19614  19609  19610  19608  19610  19609
  331.126   198930   567.15   199045   571.31  19911  19908  19912  19912  19907  19898  19900  19906  19892  19899  19898  19895  19901  19897  19894  19890  19889  19887  19890  19889
  336.126   201776   561.41   201891   563.83  20195  20192  20197  20196  20192  20184  20186  20191  20178  20180  20182  20180  20184  20181  20179  20175  20174  20172  20175  20174
  341.126   204691   566.14   204923   566.54  20499  20496  20501  20500  20496  20486  20488  20494  20480  20483  20455  20453  20489  20454  20451  20479  20477  20477  20478  20478
  346.126   207694   577.13   207868   574.44  20775  20772  20777  20777  20802  20793  20795  20800  20787  20790  20762  20759  20765  20761  20758  20755  20783  20783  20784  20784
  351.126   210577   582.05   210812   577.95  21074  21071  21077  21078  21073  21094  21095  21070  21088  21092  21063  21059  21067  21060  21059  21055  21053  21054  21053  21054
  356.126   213752   591.34   213893   590.17  21392  21389  21394  21396  21391  21380  21381  21389  21374  21407  21383  21375  21385  21376  21376  21373  21370  21371  21371  21372
  361.126   216753   593.95   216904   597.17  21695  21690  21696  21697  21692  21681  21680  21691  21675  21707  21682  21676  21684  21675  21677  21673  21671  21672  21670  21673
  366.126   219806   596.99   219926   599.17  22000  21995  22001  22002  21997  21986  21986  21997  21980  21982  21987  21982  21988  21980  21982  21978  21978  21977  21976  21978
  371.126   222766   597.48   222924   598.02  22301  22294  22300  22301  22295  22288  22286  22296  22282  22281  22256  22281  22287  22280  22281  22277  22278  22275  22274  22277
  376.126   225715   598.69   225792   599.46  22574  22598  22573  22573  22571  22569  22588  22571  22592  22583  22559  22554  22560  22583  22553  22582  22582  22580  22581  22581
  381.127   228591   604.52   228788   602.17  22879  22873  22879  22879  22876  22874  22895  22876  22867  22890  22866  22860  22866  22859  22859  22857  22857  22855  22856  22856
  386.127   231578   598.19   231777   598.05  23178  23173  23177  23177  23175  23173  23194  23175  23167  23188  23165  23157  23163  23158  23156  23157  23156  23154  23156  23156
  391.126   234521   593.32   234684   594.70  23472  23467  23472  23471  23468  23468  23456  23469  23462  23479  23456  23451  23459  23453  23450  23452  23450  23448  23450  23452
  396.126   237377   580.10   237508   582.38  23757  23752  23757  23756  23753  23752  23743  23754  23747  23737  23742  23736  23744  23738  23736  23737  23737  23735  23736  23736
  401.126   240329   582.03   240481   582.84  24057  24052  24031  24056  24053  24052  24043  24054  24046  24037  24016  24010  24045  24038  24037  24036  24037  24035  24037  24038
  406.127   243194   583.24   243472   585.46  24329  24355  24329  24358  24355  24355  24347  24358  24349  24337  24316  24308  24316  24342  24308  24338  24341  24306  24309  24310
  411.126   246223   591.70   246439   590.19  24643  24636  24641  24639  24666  24636  24659  24639  24630  24650  24628  24620  24627  24622  24620  24619  24621  24620  24623  24623
  416.127   249484   600.89   249671   598.28  24969  24962  24966  24965  24960  24962  24986  24966  24956  24979  24955  24945  24953  24949  24946  24946  24947  24946  24948  24949
  421.126   252587   605.32   252747   605.19  25280  25272  25277  25275  25272  25272  25266  25278  25266  25289  25265  25255  25263  25260  25256  25256  25258  25257  25257  25260
  426.126   255678   605.03   255829   610.74  25590  25581  25586  25583  25579  25581  25572  25587  25574  25596  25575  25563  25571  25569  25565  25565  25568  25566  25566  25570
  431.126   258674   606.31   258824   608.39  25892  25883  25890  25886  25882  25883  25874  25889  25876  25869  25847  25866  25874  25872  25868  25868  25871  25869  25868  25871
  436.126   261565   610.46   261779   607.30  26160  26183  26186  26184  26181  26183  26173  26187  26174  26168  26146  26135  26172  26169  26165  26166  26168  26138  26167  26139
  441.126   264444   611.46   264716   609.08  26466  26458  26461  26490  26487  26458  26480  26462  26480  26474  26453  26441  26448  26445  26440  26441  26443  26444  26442  26447
  446.126   267426   602.10   267637   600.83  26765  26756  26760  26757  26785  26756  26779  26760  26747  26772  26750  26740  26746  26743  26739  26739  26740  26742  26741  26746
  451.126   270376   595.96   270532   595.83  27060  27051  27054  27053  27051  27051  27046  27055  27043  27068  27045  27036  27040  27039  27033  27034  27036  27038  27034  27041
  456.126   273413   590.72   273566   593.01  27366  27354  27358  27356  27353  27353  27348  27359  27346  27373  27350  27341  27343  27342  27336  27336  27338  27342  27339  27346
  461.126   276637   594.15   276768   599.25  27688  27676  27682  27679  27677  27677  27672  27683  27669  27665  27670  27663  27666  27666  27659  27658  27662  27664  27661  27668
  466.126   279726   600.79   279920   601.23  28004  27992  27996  27995  27991  27993  27988  27997  27985  27979  27954  27978  27980  27982  27974  27975  27977  27978  27977  27951
  471.126   282895   613.09   283126   609.70  28297  28315  28319  28319  28314  28318  28312  28321  28309  28302  28278  28270  28304  28303  28297  28297  28301  28271  28299  28275
  476.127   285938   620.00   286179   618.59  28617  28604  28605  28608  28638  28606  28636  28609  28633  28623  28601  28589  28592  28591  28585  28620  28589  28590  28586  28595
  481.126   288967   623.86   289146   624.63  28924  28912  28913  28916  28911  28913  28909  28916  28905  28927  28905  28894  28899  28898  28893  28892  28896  28896  28893  28901
  486.126   292200   629.36   292382   629.26  29249  29235  29235  29239  29235  29239  29232  29239  29228  29251  29228  29217  29224  29222  29216  29215  29218  29219  29218  29223
  491.126   295357   621.07   295546   627.05  29567  29551  29552  29555  29550  29555  29548  29555  29545  29568  29546  29531  29541  29538  29531  29530  29533  29534  29534  29539
  496.126   298332   615.77   298520   619.87  29836  29851  29853  29854  29850  29858  29849  29857  29845  29867  29814  29831  29842  29838  29833  29830  29835  29836  29834  29839
  501.127   301341   609.89   301506   608.64  30137  30153  30156  30157  30152  30159  30151  30158  30146  30137  30118  30133  30142  30139  30132  30129  30137  30134  30135  30142
  506.126   304242   611.23   304511   610.15  30445  30464  30437  30468  30461  30438  30460  30438  30455  30445  30426  30411  30420  30447  30410  30438  30444  30412  30414  30420
  511.126   307275   613.41   307494   614.72  30756  30743  30747  30747  30743  30748  30770  30748  30736  30756  30735  30721  30728  30725  30722  30747  30722  30721  30723  30731
  516.126   310381   608.93   310606   611.54  31070  31057  31062  31061  31055  31065  31052  31063  31050  31071  31050  31035  31042  31039  31036  31029  31035  31034  31037  31044
  521.126   313453   606.11   313681   605.13  31378  31364  31369  31368  31365  31372  31359  31370  31358  31378  31357  31342  31349  31346  31344  31337  31341  31342  31344  31351
  526.126   316707   608.79   316927   612.11  31702  31687  31694  31693  31690  31698  31685  31695  31681  31702  31683  31667  31673  31672  31669  31662  31666  31667  31670  31678
  531.126   319802   611.71   320027   613.66  31985  32001  32007  32006  32003  32009  31999  32008  31995  32014  31966  31979  31986  31984  31981  31975  31980  31979  31982  31990
  536.126   322967   622.62   323226   621.04  32311  32331  32338  32335  32334  32305  32329  32306  32326  32311  32294  32310  32315  32315  32278  32305  32310  32276  32278  32286
  541.126   326000   627.28   326298   627.72  32628  32648  32622  32652  32618  32624  32645  32623  32610  32628  32609  32594  32599  32599  32594  32620  32594  32592  32595  32604
  546.126   329165   629.30   329399   629.60  32945  32931  32938  32936  32935  32942  32961  32938  32927  32946  32925  32911  32915  32915  32910  32936  32911  32908  32912  32922
  551.126   332365   632.52   332602   631.71  33269  33254  33262  33259  33257  33266  33253  33261  33250  33271  33248  33234  33239  33237  33234  33228  33232  33231  33236  33246
  556.126   335593   630.64   335830   630.17  33592  33577  33585  33582  33580  33589  33575  33583  33574  33593  33570  33556  33562  33561  33557  33550  33555  33553  33560  33569
  561.126   338674   625.07   338946   625.57  33905  33887  33897  33894  33892  33902  33884  33894  33886  33905  33847  33869  33874  33873  33869  33859  33865  33865  33872  33881
  566.126   341730   622.62   341969   622.95  34187  34198  34207  34205  34203  34184  34197  34204  34197  34187  34162  34180  34185  34183  34181  34173  34176  34174  34154  34162
  571.126   344713   623.09   344981   621.11  34492  34502  34481  34509  34507  34489  34501  34508  34500  34492  34467  34455  34488  34487  34455  34477  34481  34477  34459  34467
  576.126   347694   620.84   347964   621.04  34802  34811  34791  34791  34788  34799  34810  34790  34781  34801  34777  34766  34769  34768  34764  34784  34762  34759  34769  34776
  581.126   350639   611.21   350909   610.30  35100  35078  35088  35089  35085  35098  35106  35087  35079  35099  35076  35063  35067  35066  35059  35052  35058  35057  35066  35075
  586.126   353696   604.25   353933   604.28  35407  35382  35394  35394  35389  35405  35380  35392  35384  35406  35383  35368  35371  35372  35366  35356  35362  35364  35372  35382
  591.126   356774   602.25   357019   600.30  35716  35695  35705  35707  35701  35685  35693  35705  35696  35716  35663  35677  35682  35683  35677  35669  35675  35675  35682  35691
  596.126   359894   603.09   360139   604.36  36004  36014  36023  36025  36020  36003  36010  36022  36014  36004  35982  35995  36001  36000  35996  35987  35994  35993  35968  35978
  601.126   362788   602.58   363124   602.85  36304  36313  36321  36323  36318  36301  36308  36319  36313  36304  36281  36263  36300  36297  36263  36286  36293  36291  36266  36278
  606.126   365795   605.30   366067   605.34  36613  36623  36601  36602  36597  36610  36618  36598  36592  36613  36592  36572  36579  36576  36572  36598  36572  36571  36577  36586
  611.126   369003   613.11   369249   611.03  36934  36912  36922  36923  36918  36931  36941  36920  36913  36935  36913  36891  36900  36897  36894  36918  36894  36892  36897  36907
  616.126   372147   615.81   372395   616.21  37252  37231  37241  37240  37236  37249  37226  37237  37230  37253  37230  37209  37218  37216  37212  37202  37208  37210  37216  37226
  621.126   375309   615.82   375591   618.37  37572  37551  37561  37559  37554  37569  37546  37556  37549  37574  37519  37530  37535  37535  37532  37520  37526  37530  37536  37546
  626.126   378390   613.62   378615   614.90  37851  37864  37873  37870  37868  37848  37858  37869  37860  37854  37830  37842  37848  37846  37842  37833  37840  37840  37845  37824
  631.126   381178   612.08   381523   609.40  38142  38155  38161  38159  38157  38139  38151  38157  38149  38153  38123  38098  38135  38132  38099  38123  38127  38126  38102  38113
  636.126   384215   612.15   384476   612.95  38448  38431  38437  38468  38466  38446  38460  38433  38425  38462  38431  38403  38443  38441  38404  38431  38435  38402  38407  38418
  641.126   387236   609.70   387531   611.34  38760  38745  38750  38747  38745  38757  38771  38746  38738  38772  38742  38716  38722  38720  38717  38742  38714  38714  38719  38730
  646.126   390273   607.25   390561   607.58  39069  39055  39062  39057  39054  39066  39047  39055  39047  39049  39019  39028  39031  39029  39029  39019  39023  39027  39029  39039
  651.126   393256   597.32   393534   599.16  39366  39352  39362  39353  39351  39363  39346  39351  39343  39347  39319  39327  39328  39327  39328  39317  39319  39325  39328  39338
  656.126   396273   595.25   396557   597.17  39667  39654  39664  39655  39653  39664  39649  39653  39647  39651  39621  39629  39630  39629  39630  39619  39621  39627  39628  39639
  661.126   399155   600.13   399500   599.09  39941  39958  39939  39958  39955  39938  39952  39955  39951  39953  39922  39902  39932  39930  39905  39923  39924  39900  39903  39914
  666.126   402216   598.67   402556   599.24  40246  40264  40242  40264  40262  40242  40259  40262  40257  40258  40230  40207  40239  40237  40209  40229  40231  40205  40207  40222
  671.126   405408   604.24   405653   603.67  40565  40549  40563  40584  40582  40562  40578  40549  40543  40578  40549  40525  40559  40555  40529  40548  40550  40525  40527  40541
  676.126   408420   606.76   408737   607.76  40880  40864  40878  40867  40865  40877  40891  40864  40858  40893  40831  40839  40840  40836  40844  40861  40831  40840  40842  40856
  681.126   411534   607.72   411812   609.97  41193  41178  41194  41182  41178  41189  41173  41178  41172  41175  41146  41155  41154  41151  41159  41142  41145  41155  41157  41170
  686.126   414660   612.15   414945   614.06  41505  41492  41505  41496  41492  41502  41486  41493  41485  41489  41460  41467  41467  41464  41471  41457  41459  41465  41469  41481
  691.127   417606   617.11   417958   613.29  41809  41797  41779  41801  41796  41806  41790  41798  41790  41792  41763  41771  41771  41767  41745  41760  41763  41769  41742  41755
  696.126   420637   613.62   420996   613.09  42088  42108  42089  42112  42104  42085  42099  42109  42101  42101  42072  42050  42079  42076  42055  42070  42070  42048  42052  42065
  701.126   423676   608.15   424028   609.80  42392  42410  42394  42414  42407  42390  42403  42410  42402  42406  42375  42354  42382  42379  42360  42375  42374  42353  42357  42367
  706.126   426760   611.38   427024   610.57  42703  42692  42705  42696  42718  42701  42714  42693  42685  42717  42686  42665  42694  42690  42672  42686  42656  42664  42669  42678
  711.126   429933   611.88   430229   614.73  43029  43015  43028  43019  43010  43026  43038  43016  43008  43040  42978  42988  42988  43013  42996  43010  42978  42989  42991  43002
  716.127   432879   606.68   433183   609.19  43330  43317  43328  43321  43314  43327  43307  43318  43310  43311  43281  43288  43290  43283  43295  43280  43279  43290  43291  43302
  721.126   436076   615.73   436410   616.16  43654  43639  43651  43644  43636  43651  43629  43641  43633  43632  43603  43610  43612  43606  43618  43603  43601  43614  43585  43624
  726.126   439193   621.61   439536   617.72  43944  43961  43941  43967  43959  43941  43949  43965  43957  43952  43925  43932  43934  43926  43907  43925  43923  43903  43904  43914
  731.126   442182   617.99   442557   616.74  44248  44262  44244  44267  44261  44245  44253  44264  44257  44256  44224  44203  44235  44228  44210  44226  44224  44207  44207  44218
  736.126   445218   614.33   445511   616.28  44552  44566  44549  44542  44565  44549  44558  44539  44532  44559  44529  44507  44538  44532  44512  44529  44527  44510  44513  44521
  741.126   448284   609.97   448519   611.81  44859  44843  44857  44849  44842  44856  44864  44846  44838  44865  44835  44815  44842  44837  44820  44836  44833  44817  44820  44829
  746.126   451286   613.58   451639   615.22  45175  45158  45171  45162  45156  45172  45151  45160  45152  45182  45119  45128  45128  45123  45134  45121  45118  45134  45136  45145
  751.127   454518   613.12   454849   615.34  45499  45483  45496  45487  45480  45496  45474  45484  45476  45474  45441  45453  45450  45445  45458  45443  45441  45459  45460  45468
  756.126   457725   618.36   458119   618.86  45826  45810  45822  45814  45807  45823  45801  45812  45803  45801  45770  45784  45778  45772  45784  45770  45768  45752  45752  45795
  761.126   460812   625.19   461198   620.42  46111  46126  46106  46133  46126  46107  46120  46129  46121  46119  46088  46068  46096  46090  46069  46089  46087  46073  46074  46078
  766.126   463918   622.63   464304   624.78  46423  46435  46418  46443  46435  46420  46432  46438  46430  46430  46398  46381  46405  46400  46380  46400  46396  46383  46384  46391
  771.126   467049   624.26   467343   627.35  46735  46750  46731  46725  46751  46732  46744  46720  46712  46743  46711  46694  46717  46715  46693  46713  46708  46697  46698  46703
  776.126   470225   627.35   470448   628.86  47052  47035  47048  47041  47036  47049  47062  47036  47028  47061  47028  47011  47035  47033  47011  47032  47026  47016  47014  47019
  781.126   473002   615.36   473362   617.30  47345  47331  47342  47337  47332  47342  47323  47332  47324  47354  47289  47305  47297  47295  47304  47295  47288  47311  47306  47312
  786.126   476058   611.06   476427   611.26  47655  47641  47651  47647  47641  47652  47632  47642  47634  47632  47598  47614  47605  47603  47612  47604  47596  47590  47615  47621
  791.126   478940   607.37   479329   603.54  47922  47936  47947  47943  47937  47919  47930  47937  47929  47929  47895  47882  47902  47899  47907  47902  47894  47888  47883  47888
  796.127   482096   608.83   482488   604.53  48239  48257  48235  48261  48257  48237  48248  48257  48250  48247  48214  48198  48222  48218  48194  48221  48214  48207  48202  48206
  801.126   485138   600.95   485446   604.44  48545  48532  48541  48536  48561  48542  48552  48561  48525  48551  48518  48504  48525  48522  48500  48524  48517  48511  48505  48512
  806.126   488338   601.81   488588   606.71  48865  48852  48860  48856  48852  48862  48873  48851  48844  48873  48838  48823  48845  48842  48821  48846  48836  48831  48825  48831
  811.126   491496   613.79   491769   613.15  49185  49170  49178  49174  49168  49181  49193  49168  49160  49192  49158  49140  49164  49162  49139  49134  49155  49151  49145  49148
  816.126   494514   614.90   494883   616.01  49504  49488  49497  49492  49487  49498  49477  49485  49478  49477  49442  49459  49449  49446  49459  49455  49439  49436  49462  49467
  821.126   497423   617.44   497797   616.06  49769  49781  49792  49785  49782  49791  49772  49780  49772  49773  49736  49752  49743  49740  49752  49749  49734  49730  49726  49761
  826.126   500390   612.84   500814   609.52  50074  50090  50070  50094  50091  50069  50079  50088  50080  50079  50041  50029  50049  50043  50028  50056  50038  50036  50032  50038
  831.126   503467   614.03   503833   612.79  50382  50368  50379  50372  50399  50375  50388  50395  50388  50387  50350  50337  50357  50352  50336  50363  50345  50343  50339  50345
  836.126   506409   600.76   506696   605.79  50677  50663  50673  50667  50665  50672  50683  50661  50653  50682  50644  50633  50650  50647  50630  50657  50639  50636  50634  50639
  841.126   509323   592.35   509636   594.70  50971  50957  50968  50961  50959  50967  50978  50954  50946  50975  50938  50928  50944  50941  50925  50921  50934  50930  50928  50934
  846.126   512287   588.89   512619   590.87  51273  51258  51270  51262  51260  51269  51248  51254  51246  51279  51239  51230  51216  51245  51229  51222  51205  51234  51229  51238
  851.126   515354   597.68   515753   599.53  51588  51575  51586  51579  51577  51584  51564  51572  51564  51564  51524  51546  51532  51531  51543  51541  51522  51519  51543  51553
  856.126   518472   604.52   518873   602.64  51878  51898  51876  51900  51899  51874  51885  51894  51886  51883  51844  51836  51853  51851  51866  51864  51844  51839  51833  51842
  861.127   521542   605.37   521972   602.82  52187  52207  52186  52210  52209  52184  52194  52205  52197  52193  52155  52146  52163  52162  52144  52174  52152  52150  52144  52152
  866.126   524687   611.31   525108   612.75  52503  52519  52500  52522  52521  52500  52506  52519  52511  52507  52469  52461  52476  52476  52461  52486  52465  52463  52462  52468
  871.126   527802   614.99   528100   617.54  52818  52802  52815  52806  52804  52815  52822  52802  52795  52821  52782  52776  52791  52792  52775  52770  52780  52776  52777  52783
  876.126   530800   615.60   531193   618.59  53127  53112  53124  53116  53113  53124  53130  53112  53106  53129  53088  53083  53074  53076  53081  53078  53064  53082  53084  53090
  881.126   533823   613.69   534193   614.77  53429  53416  53426  53418  53416  53426  53404  53416  53410  53432  53391  53385  53375  53376  53383  53381  53366  53385  53388  53393
  886.126   536757   611.60   537216   610.52  53734  53722  53732  53724  53721  53730  53710  53721  53715  53707  53666  53689  53682  53683  53690  53686  53669  53660  53663  53669
  891.127   539787   611.30   540222   607.54  54012  54034  54010  54034  54032  54008  54019  54031  54025  54017  53977  53967  53991  53992  53968  53996  53977  53969  53973  53977
  896.127   543014   611.95   543413   610.10  54334  54325  54332  54356  54355  54330  54341  54354  54346  54340  54300  54290  54314  54314  54291  54318  54299  54292  54296  54300
  901.126   546050   608.46   546365   611.95  54640  54633  54639  54634  54632  54638  54646  54632  54624  54647  54606  54596  54620  54620  54598  54594  54605  54600  54604  54607
  906.126   548928   602.30   549306   605.83  54933  54927  54933  54928  54925  54932  54940  54927  54919  54942  54900  54888  54884  54884  54892  54888  54899  54894  54898  54901
  911.126   551781   596.95   552185   598.96  55221  55215  55221  55216  55214  55220  55228  55214  55206  55230  55188  55176  55172  55175  55180  55177  55157  55181  55186  55189
  916.126   554626   597.68   555083   593.72  55517  55511  55517  55511  55509  55515  55495  55510  55502  55496  55455  55472  55467  55473  55449  55472  55454  55448  55452  55484
  921.126   557533   592.60   557960   589.42  55810  55805  55781  55803  55802  55781  55788  55804  55796  55790  55748  55766  55761  55766  55744  55765  55747  55743  55744  55749
  926.126   560610   587.50   561004   586.43  56091  56088  56091  56114  56113  56091  56098  56113  56105  56100  56059  56048  56073  56078  56054  56075  56058  56052  56053  56060
  931.127   563777   591.58   564113   594.50  56412  56409  56411  56435  56402  56411  56418  56401  56393  56421  56378  56368  56393  56398  56374  56364  56379  56371  56373  56379
  936.126   566838   593.96   567178   597.72  56721  56719  56720  56714  56713  56720  56726  56712  56704  56729  56686  56677  56700  56677  56682  56675  56688  56680  56683  56690
  941.126   569840   599.81   570248   600.95  57027  57027  57027  57021  57020  57028  57033  57019  57011  57035  56992  56983  56976  56984  56988  56982  56962  56987  56990  56996
  946.126   572824   605.47   573277   604.30  57333  57332  57331  57324  57322  57331  57335  57320  57312  57337  57293  57288  57276  57282  57260  57284  57262  57289  57292  57298
  951.126   575785   611.48   576210   608.22  57614  57614  57612  57637  57634  57611  57615  57632  57624  57617  57574  57569  57587  57594  57572  57595  57574  57569  57572  57579
  956.126   579021   615.50   579453   614.53  57938  57937  57936  57962  57960  57935  57938  57957  57949  57941  57896  57893  57913  57918  57895  57920  57897  57892  57896  57901
  961.126   582231   616.07   582601   618.29  58261  58257  58257  58251  58250  58258  58259  58277  58270  58261  58218  58214  58234  58239  58217  58240  58217  58215  58215  58222
  966.126   585286   615.86   585665   620.39  58573  58571  58571  58565  58562  58570  58572  58558  58549  58574  58531  58525  58545  58521  58529  58519  58529  58527  58526  58534
  971.126   588363   614.33   588773   615.50  58882  58882  58882  58877  58873  58879  58883  58871  58861  58883  58841  58835  58826  58833  58839  58831  58839  58838  58837  58844
  976.126   591470   617.76   591880   616.36  59193  59193  59193  59189  59182  59190  59193  59181  59173  59193  59151  59147  59135  59144  59151  59141  59151  59149  59146  59155
  981.126   594481   623.29   594954   621.85  59510  59478  59478  59503  59500  59507  59478  59498  59491  59511  59436  59462  59452  59462  59436  59459  59437  59434  59463  59440
  986.126   597402   614.80   597850   613.29  59779  59777  59777  59801  59798  59776  59777  59796  59789  59780  59734  59729  59750  59759  59735  59756  59735  59734  59732  59738
  991.126   600428   608.56   600819   610.30  60084  60083  60084  60076  60104  60081  60084  60073  60065  60085  60039  60035  60056  60037  60041  60062  60039  60038  60037  60044
  996.126   603395   606.64   603793   608.32  60385  60383  60384  60375  60376  60382  60384  60374  60364  60386  60338  60334  60356  60338  60340  60330  60339  60338  60338  60344
 1001.126   606446   599.97   606853   601.71  60692  60689  60689  60682  60682  60686  60689  60681  60671  60692  60643  60639  60660  60644  60645  60637  60642  60642  60645  60649
 1006.126   609389   593.86   609825   595.77  60991  60987  60988  60976  60978  60983  60988  60978  60965  60991  60940  60937  60926  60939  60943  60932  60940  60941  60943  60948
 1011.126   612286   594.36   612787   593.19  61267  61291  61262  61282  61283  61288  61292  61284  61272  61266  61215  61243  61231  61244  61217  61238  61245  61216  61216  61221
 1016.126   615170   594.30   615639   593.05  61561  61556  61557  61576  61578  61553  61556  61576  61565  61561  61510  61507  61526  61537  61511  61532  61509  61512  61511  61515
 1021.126   618041   589.16   618453   589.87  61848  61843  61844  61862  61838  61840  61843  61863  61852  61848  61797  61795  61813  61825  61798  61819  61796  61799  61797  61802
 1026.126   620811   583.51   621225   584.99  62130  62126  62127  62118  62121  62123  62125  62117  62107  62131  62079  62078  62096  62080  62080  62073  62079  62082  62080  62084
 1031.126   623681   575.35   624099   574.72  62418  62414  62415  62404  62408  62411  62413  62404  62393  62419  62366  62365  62384  62366  62368  62358  62366  62368  62368  62372
 1036.126   626762   575.30   627189   576.98  62727  62723  62724  62713  62717  62720  62722  62713  62702  62728  62674  62673  62691  62674  62676  62667  62675  62676  62676  62680
 1041.126   629744   578.38   630228   577.77  63032  63027  63030  63014  63020  63026  63028  63015  63003  63033  62979  62979  62964  62976  62950  62968  62980  62980  62982  62986
 1046.127   632543   582.03   633031   580.72  63300  63296  63297  63314  63318  63295  63296  63313  63301  63301  63248  63246  63263  63273  63250  63266  63248  63246  63250  63253
 1051.126   635478   583.14   635916   582.07  63592  63589  63590  63603  63578  63589  63590  63602  63589  63594  63544  63542  63553  63562  63542  63556  63543  63541  63545  63550
 1056.126   638645   588.34   639054   595.22  63908  63905  63906  63922  63895  63905  63906  63889  63907  63911  63861  63858  63869  63881  63858  63873  63860  63858  63861  63866
 1061.126   641563   592.28   641967   593.76  64204  64201  64202  64189  64192  64202  64203  64188  64177  64209  64159  64155  64167  64149  64156  64143  64158  64155  64156  64165
 1066.126   644595   592.95   645091   594.23  64518  64514  64514  64499  64506  64516  64517  64497  64486  64524  64441  64469  64449  64458  64468  64452  64440  64469  64471  64478
 1071.126   647466   594.72   648073   593.01  64818  64814  64815  64803  64808  64815  64816  64800  64790  64794  64745  64740  64752  64762  64739  64756  64744  64739  64741  64748
 1076.126   650686   608.85   651146   606.87  65110  65105  65108  65126  65132  65106  65108  65122  65113  65116  65067  65063  65074  65084  65061  65078  65066  65061  65062  65070
 1081.126   653856   614.50   654318   613.12  65427  65423  65425  65443  65449  65424  65425  65439  65430  65433  65383  65380  65392  65402  65378  65395  65381  65379  65379  65387
 1086.127   656920   611.03   657358   610.93  65734  65730  65731  65752  65725  65731  65729  65747  65738  65741  65688  65685  65698  65713  65685  65702  65685  65684  65686  65694
 1091.126   659973   609.68   660424   616.25  66043  66041  66041  66029  66037  66041  66040  66056  66047  66049  65997  65994  66006  65988  65994  66009  65994  65993  65995  66003
 1096.126   663030   610.28   663452   609.88  66352  66351  66350  66338  66347  66351  66348  66334  66323  66358  66306  66302  66315  66296  66304  66285  66304  66302  66303  66313
 1101.126   666199   621.11   666651   616.01  66671  66672  66669  66658  66668  66672  66667  66654  66642  66678  66626  66623  66604  66616  66625  66604  66624  66622  66622  66633
 1106.126   669121   618.64   669694   618.41  66983  66954  66984  66973  66981  66954  66981  66967  66956  66961  66908  66906  66919  66930  66907  66917  66906  66906  66906  66916
 1111.126   672084   610.67   672540   609.46  67250  67251  67250  67269  67247  67250  67247  67266  67253  67257  67205  67202  67215  67227  67204  67214  67201  67203  67201  67212
 1116.126   675234   613.61   675684   612.03  67564  67565  67565  67583  67561  67566  67561  67580  67567  67572  67521  67517  67531  67541  67519  67528  67515  67518  67516  67528
 1121.126   678235   606.25   678700   608.57  67866  67868  67867  67882  67863  67870  67863  67879  67869  67873  67823  67815  67830  67838  67822  67828  67813  67821  67814  67831
 1126.126   681107   596.76   681490   600.99  68155  68156  68156  68139  68150  68159  68149  68137  68127  68162  68114  68106  68121  68096  68111  68119  68102  68112  68104  68122
 1131.126   683980   593.86   684545   595.77  68461  68461  68462  68446  68455  68464  68453  68443  68434  68466  68388  68411  68397  68402  68387  68394  68409  68387  68409  68396
 1136.126   687052   601.71   687591   597.32  68778  68747  68748  68763  68773  68750  68771  68759  68750  68752  68703  68697  68714  68718  68703  68710  68696  68704  68695  68712
 1141.126   690185   607.42   690689   607.01  69059  69060  69062  69077  69084  69065  69083  69071  69062  69066  69016  69010  69026  69031  69016  69021  69012  69018  69011  69024
 1146.126   693302   601.71   693743   603.72  69371  69372  69374  69390  69364  69375  69363  69383  69374  69377  69327  69320  69338  69344  69328  69333  69323  69330  69322  69337
 1151.126   696513   603.42   696958   608.26  69691  69693  69695  69713  69686  69698  69685  69704  69696  69697  69648  69642  69660  69664  69650  69653  69645  69651  69643  69657
 1156.126   699676   613.32   700105   618.72  70011  70011  70013  70000  70007  70015  70003  70019  70011  70015  69965  69959  69976  69981  69965  69969  69962  69966  69960  69973
 1161.126   702633   621.78   703214   620.20  70324  70325  70329  70313  70321  70331  70316  70302  70324  70329  70280  70274  70260  70264  70247  70252  70277  70249  70275  70255
 1166.126   705488   618.66   706106   615.84  70624  70625  70598  70612  70619  70597  70614  70599  70590  70628  70546  70541  70557  70562  70544  70549  70545  70548  70544  70552
 1171.126   708604   618.11   709133   615.73  70905  70904  70910  70925  70931  70909  70927  70912  70902  70908  70859  70852  70869  70875  70855  70860  70856  70858  70856  70864
 1176.126   711779   619.05   712271   619.69  71221  71221  71227  71242  71218  71225  71243  71230  71219  71225  71177  71168  71187  71192  71174  71179  71172  71175  71173  71182
 1181.126   714827   607.54   715287   613.07  71526  71525  71532  71547  71523  71530  71517  71536  71523  71528  71482  71473  71491  71497  71479  71485  71476  71480  71477  71487
 1186.126   717920   601.48   718346   607.82  71835  71834  71840  71825  71835  71839  71824  71845  71832  71837  71791  71782  71800  71807  71789  71795  71786  71789  71785  71796
 1191.126   720840   604.93   721376   602.28  72142  72140  72145  72132  72141  72145  72130  72121  72137  72143  72093  72086  72103  72082  72092  72071  72090  72064  72089  72070
 1196.126   723813   612.79   724377   608.96  72451  72451  72424  72439  72452  72423  72438  72430  72416  72453  72374  72397  72382  72391  72369  72380  72369  72372  72400  72379
