Test case: 
Description: 
	10 senders: persistent queues
	10 receivers: client acknowledge every 50 messages
Timestamp: 2011.11.1 21:40:29
Version: 
Setting up JMS benchmark connections... 

Start processing messages.
Thu Dec 01 21:40:29 EST 2011

  Seconds   Send   Send/Sec   Recv   Recv/Sec   RCV0   RCV1   RCV2   RCV3   RCV4   RCV5   RCV6   RCV7   RCV8   RCV9  SND10  SND11  SND12  SND13  SND14  SND15  SND16  SND17  SND18  SND19
  ------- -------- -------- -------- -------- ------ ------ ------ ------ ------ ------ ------ ------ ------ ------ ------ ------ ------ ------ ------ ------ ------ ------ ------ ------
    1.020        0     0.00        0     0.00      0      0      0      0      0      0      0      0      0      0      0      0      0      0      0      0      0      0      0      0
    6.020     5421  1178.48     5832  1267.83    583    585    586    581    581    581    580    581    593    581    543    538    547    540    543    546    542    543    543    536
   11.020    11595  1207.69    11998  1249.66   1200   1201   1202   1198   1200   1198   1195   1198   1209   1197   1156   1158   1161   1156   1164   1165   1159   1160   1161   1155
   16.020    18688  1280.00    19108  1308.77   1910   1913   1914   1909   1909   1909   1906   1909   1920   1909   1863   1869   1869   1864   1876   1874   1870   1869   1868   1866
   21.021    25635  1307.91    26065  1329.85   2605   2609   2610   2605   2605   2605   2601   2605   2615   2605   2557   2565   2566   2558   2571   2568   2564   2564   2562   2560
   26.020    32394  1316.83    32832  1334.63   3280   3286   3287   3282   3282   3282   3279   3282   3290   3282   3235   3245   3240   3236   3247   3243   3236   3240   3237   3235
   31.020    39291  1327.40    39744  1342.70   3970   3978   3977   3974   3974   3974   3970   3974   3980   3973   3924   3936   3925   3927   3938   3932   3930   3929   3928   3922
   36.020    46239  1369.69    46674  1370.49   4662   4671   4670   4668   4667   4668   4663   4668   4672   4665   4614   4627   4622   4622   4632   4627   4627   4624   4625   4619
   41.021    53056  1389.03    53499  1392.65   5345   5354   5352   5350   5351   5351   5345   5349   5354   5348   5296   5308   5303   5302   5318   5309   5307   5306   5307   5300
   46.020    59833  1364.97    60289  1370.57   6023   6033   6031   6029   6031   6031   6024   6028   6032   6027   5974   5983   5981   5981   5996   5986   5986   5984   5986   5976
   51.020    66696  1352.63    67160  1358.80   6708   6723   6717   6717   6719   6719   6710   6714   6718   6715   6665   6671   6668   6661   6684   6670   6675   6669   6671   6662
   56.020    73653  1361.51    74104  1361.74   7404   7417   7411   7410   7413   7413   7404   7408   7414   7410   7365   7365   7364   7356   7379   7364   7372   7364   7366   7358
   61.020    80508  1358.69    80961  1358.79   8090   8103   8096   8098   8098   8098   8089   8094   8100   8095   8047   8053   8050   8040   8067   8049   8057   8052   8049   8044
   66.020    87302  1355.03    87760  1355.81   8771   8783   8778   8776   8777   8776   8770   8775   8778   8776   8726   8733   8733   8719   8744   8725   8736   8730   8729   8727
   71.020    93984  1355.78    94519  1356.62   9451   9400   9459   9460   9460   9460   9452   9456   9461   9460   9341   9352   9414   9400   9423   9408   9418   9410   9407   9411
   76.020   101383  1386.76   101996  1387.03  10229  10169  10237  10165  10165  10165  10230  10232  10238  10166  10111  10122  10120  10177  10201  10112  10124  10115  10112  10189
   81.020   109112  1423.36   109870  1423.29  11026  10963  11031  10959  10959  10959  11024  10955  11033  10961  10907  10918  10915  10899  10922  10908  10919  10908  10907  10909
   86.020   116860  1449.90   117398  1450.27  11727  11738  11732  11734  11734  11734  11724  11729  11808  11738  11681  11692  11690  11673  11697  11683  11692  11683  11685  11684
   91.020   124513  1476.73   124966  1476.73  12491  12502  12495  12498  12499  12498  12488  12495  12497  12503  12445  12456  12457  12439  12462  12448  12459  12447  12451  12449
   96.020   132408  1513.62   132852  1513.15  13281  13290  13284  13286  13287  13287  13277  13283  13285  13292  13235  13245  13246  13230  13251  13238  13248  13235  13242  13238
  101.020   140117  1548.09   140562  1545.07  14053  14060  14054  14056  14058  14058  14048  14054  14057  14064  14008  14015  14016  14002  14022  14008  14020  14005  14013  14008
  106.020   147845  1559.18   148293  1553.64  14826  14833  14826  14829  14832  14831  14821  14828  14830  14837  14779  14789  14791  14774  14795  14781  14792  14778  14785  14781
  111.020   155440  1554.68   155886  1544.21  15586  15594  15585  15590  15591  15590  15578  15587  15589  15596  15538  15548  15551  15535  15555  15541  15550  15538  15542  15542
  116.020   163289  1558.02   163734  1554.90  16371  16379  16370  16375  16375  16375  16363  16371  16376  16379  16323  16332  16336  16320  16337  16328  16335  16323  16328  16327
  121.020   170976  1556.68   171408  1558.46  17138  17147  17135  17143  17143  17142  17130  17140  17141  17149  17093  17101  17105  17089  17104  17097  17105  17092  17098  17092
  126.020   178634  1538.46   179063  1548.15  17904  17912  17901  17908  17909  17908  17896  17904  17907  17914  17860  17867  17870  17854  17870  17862  17870  17856  17865  17860
  131.020   186196  1524.48   186620  1533.41  18660  18668  18658  18664  18664  18664  18651  18660  18663  18668  18617  18624  18624  18612  18628  18617  18626  18613  18620  18615
  136.020   193860  1514.46   194274  1522.35  19425  19435  19421  19431  19430  19429  19414  19426  19427  19436  19385  19391  19391  19378  19393  19384  19391  19379  19389  19379
  141.021   201741  1524.19   202152  1526.04  20213  20222  20209  20220  20218  20218  20202  20213  20213  20224  20172  20179  20180  20166  20182  20172  20181  20167  20175  20167
  146.020   209559  1526.48   209976  1525.44  20994  21004  20993  21001  21000  21000  20986  20994  20998  21006  20954  20959  20962  20948  20963  20956  20963  20949  20954  20951
  151.020   217312  1525.99   217729  1524.75  21769  21779  21768  21776  21776  21776  21761  21769  21775  21780  21728  21736  21737  21724  21738  21731  21736  21726  21730  21726
  156.020   225032  1539.33   225667  1538.72  22563  22572  22563  22568  22568  22568  22557  22564  22569  22575  22448  22532  22532  22517  22531  22452  22530  22519  22449  22522
  161.020   232432  1541.71   233210  1541.28  23325  23333  23326  23329  23329  23329  23319  23326  23331  23263  23212  23220  23220  23278  23292  23215  23219  23279  23214  23283
  166.020   240270  1551.68   240918  1550.81  24128  24056  24131  24051  24051  24051  24124  24130  24136  24060  24008  24016  24017  24084  24014  24015  24016  24001  24011  24088
  171.020   247806  1545.86   248589  1545.62  24891  24828  24895  24822  24823  24821  24887  24893  24898  24831  24778  24786  24787  24771  24785  24784  24789  24771  24780  24775
  176.020   256092  1561.56   256636  1560.72  25718  25655  25646  25649  25650  25650  25639  25644  25725  25660  25607  25615  25616  25599  25612  25614  25620  25599  25608  25602
  181.020   264270  1575.77   264667  1575.10  26459  26473  26465  26468  26469  26469  26459  26461  26467  26477  26423  26433  26433  26417  26432  26432  26439  26417  26423  26421
  186.020   271841  1570.77   272227  1562.42  27215  27229  27221  27224  27225  27225  27214  27216  27223  27235  27180  27189  27191  27175  27189  27189  27196  27174  27181  27177
  191.020   279414  1576.63   279804  1563.61  27974  27986  27979  27982  27982  27983  27972  27974  27981  27991  27937  27946  27949  27933  27946  27947  27952  27932  27938  27934
  196.020   287375  1580.76   287762  1572.00  28768  28784  28774  28779  28779  28778  28767  28770  28776  28787  28731  28742  28744  28732  28742  28741  28747  28730  28735  28731
  201.021   295550  1602.15   295939  1588.93  29586  29602  29591  29597  29597  29597  29584  29588  29593  29604  29547  29559  29563  29549  29559  29559  29564  29548  29553  29549
  206.020   303641  1595.60   304011  1589.77  30389  30411  30398  30406  30407  30406  30391  30394  30395  30414  30356  30365  30374  30356  30368  30368  30373  30357  30365  30359
  211.020   311359  1572.58   311748  1579.90  31165  31183  31173  31179  31179  31179  31165  31169  31172  31184  31128  31139  31145  31127  31141  31138  31142  31131  31135  31133
  216.020   319043  1564.15   319425  1574.01  31933  31951  31940  31947  31947  31947  31932  31936  31939  31953  31896  31908  31912  31894  31911  31907  31911  31899  31903  31902
  221.020   327380  1584.46   327765  1596.85  32766  32786  32773  32780  32782  32780  32767  32770  32773  32788  32730  32741  32743  32727  32742  32742  32747  32733  32739  32736
  226.020   335367  1579.26   335727  1593.86  33559  33584  33569  33576  33582  33576  33562  33564  33567  33588  33527  33539  33540  33524  33540  33541  33547  33533  33539  33537
  231.020   343103  1570.56   343473  1577.64  34335  34359  34344  34350  34355  34350  34337  34339  34344  34360  34299  34312  34315  34299  34314  34314  34319  34308  34312  34311
  236.020   351212  1570.87   351581  1575.97  35146  35170  35156  35160  35166  35160  35149  35149  35155  35170  35109  35124  35126  35110  35126  35124  35130  35119  35123  35121
  241.020   358630  1568.12   359149  1567.82  35904  35925  35913  35915  35923  35916  35906  35907  35914  35926  35867  35878  35881  35865  35883  35876  35818  35874  35811  35877
  246.020   365407  1548.83   366144  1548.26  36618  36638  36625  36629  36566  36630  36619  36621  36628  36570  36511  36522  36592  36576  36524  36524  36525  36588  36522  36523
  251.021   371977  1496.59   372815  1496.83  37299  37247  37309  37239  37244  37314  37303  37304  37309  37247  37190  37198  37204  37188  37201  37199  37204  37195  37196  37202
  256.020   379056  1466.07   379795  1467.45  38001  37956  38013  37949  37953  37948  38003  38006  38011  37955  37900  37905  37912  37896  37909  37908  37909  37904  37902  37911
  261.020   386180  1445.54   386790  1446.71  38713  38668  38659  38662  38669  38662  38648  38720  38723  38666  38613  38621  38623  38606  38625  38621  38619  38616  38615  38621
  266.020   393889  1432.07   394441  1433.11  39488  39439  39430  39432  39440  39436  39418  39422  39499  39437  39383  39393  39395  39378  39394  39390  39390  39388  39386  39392
  271.020   401654  1443.81   402111  1438.47  40277  40214  40202  40206  40215  40211  40189  40193  40191  40213  40164  40169  40170  40151  40169  40169  40169  40163  40162  40168
  276.020   409768  1488.62   410165  1477.21  40999  41029  41017  41021  41026  41023  41005  41010  41011  41024  40972  40982  40983  40964  40982  40980  40976  40974  40974  40981
  281.020   417504  1527.80   417896  1512.84  41771  41802  41790  41795  41799  41796  41778  41782  41785  41798  41745  41757  41756  41737  41754  41754  41750  41749  41748  41754
  286.020   425042  1540.50   425435  1531.54  42525  42555  42544  42548  42552  42550  42532  42537  42540  42552  42501  42511  42508  42492  42507  42509  42503  42502  42501  42508
  291.020   432868  1561.68   433259  1559.36  43307  43336  43327  43330  43334  43332  43317  43319  43324  43333  43283  43294  43291  43275  43291  43291  43284  43286  43283  43290
  296.020   440371  1542.15   440765  1551.98  44058  44086  44077  44080  44084  44083  44068  44071  44075  44083  44031  44045  44042  44026  44042  44040  44035  44036  44034  44040
  301.020   447952  1530.67   448343  1538.69  44816  44845  44834  44838  44841  44841  44825  44828  44833  44842  44789  44804  44801  44783  44800  44797  44793  44794  44793  44798
  306.021   455660  1514.93   456050  1527.18  45588  45615  45607  45608  45611  45611  45595  45598  45605  45612  45560  45574  45572  45554  45571  45567  45564  45565  45564  45569
  311.020   463333  1511.74   463721  1522.05  46354  46383  46376  46374  46379  46378  46362  46365  46371  46379  46330  46342  46339  46322  46336  46332  46332  46332  46333  46335
  316.020   471156  1522.63   471551  1527.50  47136  47166  47158  47156  47162  47161  47148  47149  47153  47162  47111  47123  47123  47104  47119  47116  47115  47115  47114  47116
  321.021   478943  1522.67   479419  1525.49  47923  47954  47944  47943  47950  47948  47935  47935  47938  47949  47820  47910  47910  47891  47906  47901  47900  47903  47899  47903
  326.020   486338  1524.77   486961  1527.48  48676  48709  48699  48697  48705  48704  48688  48690  48690  48703  48578  48663  48665  48645  48658  48654  48580  48657  48580  48658
  331.021   493591  1523.59   494225  1523.39  49434  49387  49455  49455  49388  49382  49445  49446  49450  49383  49333  49343  49347  49403  49414  49333  49335  49333  49336  49414
  336.020   501182  1527.58   501965  1527.05  50215  50169  50238  50158  50171  50165  50225  50228  50231  50165  50113  50127  50129  50107  50117  50118  50118  50118  50117  50118
  341.020   508920  1529.82   509707  1530.32  50989  50943  51010  50933  50943  50941  51000  51002  51005  50941  50885  50902  50900  50882  50891  50892  50891  50892  50890  50895
  346.020   516548  1523.22   517182  1523.32  51752  51706  51694  51696  51705  51704  51686  51767  51768  51704  51649  51665  51663  51644  51654  51654  51655  51655  51652  51657
  351.020   524633  1533.27   525202  1530.29  52568  52515  52501  52505  52513  52511  52494  52498  52584  52513  52459  52475  52473  52453  52462  52462  52465  52462  52458  52464
  356.020   532730  1556.78   533272  1548.83  53368  53324  53309  53316  53321  53320  53302  53308  53383  53321  53268  53283  53284  53264  53273  53271  53276  53271  53267  53273
  361.020   540432  1571.90   540902  1563.84  54136  54095  54081  54087  54093  54090  54074  54079  54076  54091  54038  54053  54055  54034  54042  54042  54046  54041  54038  54043
  366.020   548236  1578.99   548707  1565.70  54922  54875  54860  54867  54873  54871  54855  54859  54854  54871  54818  54833  54837  54813  54822  54822  54826  54823  54818  54824
  371.020   556065  1582.05   556461  1568.93  55622  55659  55644  55650  55655  55655  55639  55644  55639  55654  55600  55615  55620  55594  55603  55607  55609  55607  55604  55606
  376.020   563657  1570.70   564047  1572.65  56381  56419  56402  56411  56413  56413  56396  56402  56398  56412  56360  56374  56379  56354  56361  56366  56368  56366  56364  56365
  381.020   571951  1577.38   572335  1581.64  57208  57248  57230  57240  57244  57242  57224  57230  57227  57242  57189  57204  57208  57183  57190  57195  57198  57196  57194  57194
  386.020   579507  1552.35   579899  1554.66  57966  58004  57987  57995  58000  57996  57980  57987  57986  57998  57944  57960  57961  57940  57946  57950  57955  57952  57950  57949
  391.020   586382  1519.58   586807  1529.21  58658  58693  58679  58685  58689  58687  58672  58678  58678  58688  58631  58646  58648  58628  58638  58635  58640  58641  58639  58636
  396.020   593493  1495.92   593919  1501.22  59369  59405  59391  59396  59401  59398  59384  59389  59388  59398  59340  59357  59357  59340  59347  59348  59353  59354  59348  59349
  401.020   600698  1472.87   601124  1478.71  60087  60125  60111  60117  60123  60118  60104  60111  60107  60121  60060  60075  60080  60058  60067  60071  60075  60074  60068  60070
  406.020   608217  1471.73   608716  1477.97  60846  60885  60868  60879  60884  60878  60861  60870  60866  60879  60819  60833  60843  60817  60826  60831  60836  60834  60750  60828
  411.020   615648  1451.24   616303  1455.27  61611  61651  61634  61646  61575  61643  61627  61637  61633  61646  61510  61601  61532  61582  61590  61596  61524  61600  61520  61593
  416.020   623717  1475.47   624388  1479.19  62444  62404  62466  62400  62404  62476  62459  62470  62465  62400  62337  62353  62361  62412  62422  62351  62352  62354  62351  62424
  421.020   631979  1522.55   632571  1522.95  63271  63231  63291  63227  63231  63226  63284  63294  63289  63227  63162  63183  63188  63238  63248  63178  63177  63182  63175  63248
  426.021   639360  1536.04   640154  1536.14  64033  63982  64058  63977  63981  63976  64051  64062  64057  63977  63912  63934  63941  63914  64016  63927  63929  63934  63927  63926
  431.020   647234  1561.66   647968  1561.93  64819  64779  64837  64773  64779  64773  64830  64766  64839  64773  64708  64731  64737  64712  64720  64725  64725  64731  64722  64723
  436.020   654846  1564.73   655491  1562.45  65576  65539  65525  65533  65539  65534  65587  65528  65596  65534  65469  65493  65496  65473  65482  65487  65486  65494  65482  65484
  441.021   662503  1572.32   663001  1564.50  66345  66304  66289  66298  66305  66299  66279  66293  66366  66299  66235  66258  66262  66240  66247  66253  66251  66260  66247  66250
  446.021   670117  1557.05   670622  1548.76  67111  67066  67050  67060  67067  67062  67041  67054  67051  67060  66997  67017  67023  67002  67008  67013  67013  67022  67009  67013
  451.020   677746  1535.81   678258  1530.40  67875  67829  67814  67824  67829  67826  67806  67816  67815  67824  67759  67780  67788  67764  67771  67775  67776  67786  67771  67776
  456.020   686051  1566.86   686481  1554.65  68625  68660  68644  68656  68660  68657  68636  68645  68644  68654  68590  68611  68617  68594  68601  68607  68606  68617  68601  68607
  461.020   693690  1558.93   694121  1548.76  69388  69426  69407  69421  69424  69421  69400  69409  69409  69416  69353  69375  69380  69358  69367  69370  69370  69380  69364  69373
  466.020   701769  1562.85   702185  1561.07  70191  70235  70212  70229  70232  70229  70205  70215  70214  70223  70162  70183  70189  70165  70171  70178  70179  70190  70172  70180
  471.020   709525  1561.83   709964  1562.64  70969  71012  70993  71006  71007  71006  70986  70994  70992  70999  70939  70957  70964  70940  70949  70954  70954  70965  70947  70956
  476.020   717775  1578.84   718220  1584.52  71797  71837  71818  71832  71832  71831  71811  71819  71819  71824  71764  71782  71790  71764  71774  71778  71781  71789  71773  71780
  481.020   725698  1586.26   726136  1593.98  72588  72629  72610  72625  72622  72623  72602  72610  72610  72617  72557  72573  72582  72554  72565  72571  72575  72581  72566  72574
  486.020   733337  1559.83   733780  1571.04  73350  73395  73374  73391  73386  73387  73367  73374  73375  73381  73323  73337  73348  73317  73328  73335  73339  73343  73329  73338
  491.020   740953  1557.52   741372  1562.92  74102  74159  74130  74153  74151  74151  74123  74133  74129  74141  74085  74100  74111  74074  74084  74099  74103  74105  74090  74102
  496.020   749110  1562.79   749551  1566.14  74927  74972  74950  74967  74964  74965  74943  74953  74951  74959  74899  74916  74925  74893  74904  74914  74917  74919  74904  74919
  501.020   756974  1576.73   757481  1578.95  75743  75712  75765  75706  75780  75706  75758  75769  75766  75776  75640  75734  75667  75710  75720  75731  75656  75659  75720  75737
  506.020   764811  1570.65   765460  1572.36  76549  76518  76571  76512  76510  76513  76563  76574  76571  76579  76447  76465  76475  76516  76527  76534  76463  76465  76451  76468
  511.020   772307  1558.86   772963  1558.39  77308  77275  77329  77267  77266  77271  77322  77334  77331  77260  77204  77223  77230  77276  77286  77214  77220  77222  77208  77224
  516.020   780268  1572.32   780923  1571.68  78113  78079  78132  78072  78070  78074  78124  78060  78134  78065  78005  78026  78033  78006  78089  78017  78023  78029  78012  78028
  521.020   788117  1582.68   788845  1582.25  78905  78872  78924  78864  78863  78866  78916  78852  78926  78857  78798  78818  78824  78799  78806  78810  78814  78823  78804  78821
  526.020   796115  1577.40   796687  1577.23  79700  79672  79650  79664  79663  79665  79643  79653  79720  79657  79597  79619  79622  79599  79610  79609  79614  79618  79605  79622
  531.020   802975  1543.66   803482  1540.91  80395  80362  80333  80350  80347  80352  80326  80336  80337  80344  80285  80303  80306  80287  80297  80292  80300  80306  80292  80307
  536.020   809983  1515.84   810526  1510.00  81090  81064  81043  81055  81049  81054  81035  81044  81043  81049  80989  81003  81005  80989  80998  80996  80998  81007  80992  81006
  541.020   817181  1505.84   817731  1500.00  81810  81784  81764  81775  81771  81774  81756  81763  81763  81771  81707  81721  81722  81709  81722  81716  81718  81730  81712  81724
  546.020   824283  1474.75   824776  1469.34  82453  82496  82475  82487  82480  82486  82467  82475  82476  82481  82416  82432  82433  82420  82433  82423  82428  82442  82423  82433
  551.020   831297  1440.89   831787  1432.90  83148  83200  83173  83191  83182  83190  83166  83176  83175  83186  83121  83131  83136  83119  83133  83125  83130  83145  83121  83136
  556.020   838133  1391.15   838641  1398.50  83837  83883  83861  83876  83866  83872  83853  83861  83861  83871  83805  83813  83820  83799  83819  83807  83815  83829  83804  83822
  561.021   845159  1395.00   845679  1404.43  84540  84589  84565  84579  84571  84575  84558  84565  84563  84574  84504  84515  84524  84506  84522  84510  84518  84533  84502  84525
  566.020   852961  1415.40   853477  1425.23  85317  85370  85344  85361  85351  85355  85337  85345  85343  85354  85284  85296  85305  85285  85302  85289  85300  85313  85282  85305
  571.020   861123  1444.83   861642  1449.36  86130  86186  86161  86179  86171  86171  86154  86161  86158  86171  86101  86110  86120  86103  86117  86105  86118  86129  86098  86122
  576.020   868594  1464.23   869195  1470.30  86889  86940  86914  86934  86925  86926  86908  86917  86916  86926  86856  86863  86875  86858  86871  86860  86872  86809  86853  86877
  581.020   875782  1480.20   876524  1483.59  87637  87613  87659  87607  87675  87673  87655  87666  87665  87674  87529  87609  87550  87606  87619  87610  87546  87558  87530  87625
  586.020   883400  1507.70   884251  1510.45  88413  88381  88433  88374  88449  88446  88429  88440  88438  88448  88297  88383  88316  88378  88392  88384  88313  88324  88297  88316
  591.020   891149  1538.21   891892  1540.52  89197  89171  89222  89166  89159  89156  89215  89226  89223  89157  89089  89094  89109  89088  89179  89170  89105  89116  89088  89111
  596.020   898912  1539.55   899648  1541.80  89980  89955  90005  89950  89942  89939  89998  89935  90004  89940  89873  89878  89895  89872  89886  89951  89888  89903  89872  89894
  601.020   906468  1521.64   907285  1521.07  90744  90721  90767  90717  90706  90703  90759  90697  90768  90703  90638  90641  90660  90633  90649  90638  90651  90666  90636  90656
  606.020   914060  1525.70   914872  1522.72  91503  91480  91526  91476  91466  91460  91518  91455  91528  91460  91397  91400  91419  91392  91405  91398  91411  91426  91396  91416
  611.020   921904  1547.72   922567  1539.93  92291  92262  92235  92260  92249  92244  92226  92240  92315  92245  92180  92183  92204  92177  92191  92184  92194  92211  92180  92200
  616.020   929822  1557.79   930404  1546.28  93079  93055  93027  93051  93040  93036  93019  93032  93029  93036  92973  92977  92995  92970  92981  92975  92986  93002  92972  92991
  621.020   937351  1550.45   937933  1542.50  93833  93809  93778  93804  93792  93789  93771  93786  93782  93789  93724  93731  93748  93723  93733  93727  93740  93756  93726  93743
  626.020   944757  1536.02   945338  1530.89  94572  94548  94520  94543  94532  94529  94512  94528  94524  94530  94464  94472  94487  94463  94475  94470  94482  94496  94464  94484
  631.020   951688  1512.63   952215  1502.90  95197  95241  95214  95238  95227  95226  95207  95221  95218  95226  95155  95160  95177  95157  95170  95161  95177  95189  95160  95182
  636.020   958595  1482.89   959114  1480.00  95888  95932  95905  95927  95916  95917  95897  95910  95906  95916  95846  95851  95868  95849  95860  95849  95871  95875  95850  95876
  641.020   965352  1439.80   965873  1448.76  96565  96608  96582  96601  96590  96592  96574  96585  96585  96591  96521  96526  96542  96525  96536  96523  96546  96554  96528  96551
  646.020   972114  1398.62   972634  1405.74  97240  97288  97258  97279  97265  97267  97249  97260  97260  97268  97197  97205  97219  97201  97215  97197  97222  97229  97201  97228
  651.020   978997  1376.90   979524  1384.08  97927  97977  97948  97969  97955  97956  97938  97949  97948  97957  97888  97891  97904  97887  97904  97884  97913  97917  97890  97919
  656.020   985933  1358.66   986393  1366.14  98621  98604  98640  98664  98650  98650  98630  98644  98641  98649  98580  98581  98596  98583  98599  98581  98604  98612  98584  98613
  661.020   992603  1354.56   993137  1359.13  99303  99285  99323  99277  99330  99330  99313  99325  99323  99328  99262  99261  99274  99266  99278  99262  99287  99226  99199  99288
  666.020   999659  1365.28  1000403  1367.80 100028 100010 100048 100000 100060 100060 100038 100054 100049 100056  99918  99991  99930  99994 100006  99990  99940  99949  99920 100021
  671.021  1007140  1393.27  1008092  1395.82 100795 100769 100819 100760 100834 100837 100807 100824 100818 100829 100678 100765 100688 100677 100777 100761 100699 100710 100679 100706
  676.020  1015024  1433.79  1015895  1436.17 101595 101569 101617 101561 101540 101545 101606 101619 101618 101625 101476 101470 101490 101473 101572 101557 101497 101507 101477 101505
  681.020  1022950  1469.55  1023703  1468.64 102383 102360 102400 102356 102337 102341 102391 102403 102402 102330 102271 102267 102284 102269 102356 102341 102290 102301 102271 102300
  686.020  1030301  1488.91  1031133  1491.12 103133 103109 103151 103105 103088 103093 103142 103077 103152 103083 103022 103017 103033 103018 103031 103017 103039 103050 103023 103051
  691.020  1037949  1521.73  1038707  1521.36 103899 103873 103840 103872 103853 103857 103906 103840 103919 103848 103789 103779 103798 103783 103795 103781 103803 103816 103789 103816
  696.020  1045682  1544.45  1046366  1537.23 104674 104645 104613 104646 104627 104631 104603 104613 104692 104622 104563 104553 104570 104557 104569 104555 104576 104588 104560 104591
  701.020  1053529  1556.73  1054136  1542.57 105460 105429 105398 105429 105411 105416 105388 105397 105401 105407 105347 105337 105355 105343 105354 105340 105360 105370 105345 105378
  706.020  1061008  1543.09  1061539  1529.23 106132 106176 106145 106177 106159 106166 106137 106143 106148 106156 106095 106085 106103 106092 106101 106090 106106 106116 106093 106127
  711.020  1068569  1525.34  1069097  1517.79 106888 106933 106900 106935 106913 106921 106892 106899 106903 106913 106852 106841 106858 106849 106857 106846 106862 106873 106847 106884
  716.020  1076517  1534.63  1077033  1532.21 107678 107727 107694 107728 107707 107717 107686 107693 107696 107707 107647 107635 107653 107642 107651 107642 107658 107668 107642 107679
  721.020  1084113  1534.23  1084632  1533.66 108440 108487 108454 108486 108468 108475 108445 108454 108457 108466 108409 108395 108411 108402 108411 108402 108416 108428 108401 108438
  726.020  1091741  1527.64  1092258  1529.82 109202 109250 109216 109249 109230 109239 109207 109217 109220 109228 109171 109157 109174 109164 109174 109162 109181 109191 109165 109202
  731.020  1099268  1511.16  1099773  1518.31 109955 110001 109967 110000 109983 109991 109958 109967 109972 109979 109923 109909 109930 109918 109924 109915 109935 109944 109918 109952
  736.020  1107153  1525.42  1107662  1534.95 110745 110790 110756 110789 110771 110779 110746 110756 110760 110770 110713 110699 110717 110707 110713 110702 110723 110732 110706 110741
  741.020  1114620  1520.76  1115075  1533.04 111494 111537 111505 111466 111518 111529 111497 111504 111509 111516 111459 111447 111464 111452 111460 111449 111470 111478 111453 111488
  746.020  1121637  1503.76  1122369  1513.66 112235 112209 112249 112208 112265 112202 112239 112248 112251 112263 112132 112192 112137 112198 112207 112194 112141 112150 112124 112162
  751.020  1129186  1502.01  1129917  1506.44 112990 112966 113003 112963 113020 112958 112994 113003 113004 113016 112887 112945 112892 112953 112961 112949 112896 112904 112880 112919
  756.020  1136800  1501.71  1137531  1503.76 113752 113727 113765 113724 113781 113719 113755 113765 113766 113777 113648 113707 113653 113715 113724 113710 113657 113665 113641 113680
  761.020  1144948  1525.07  1145679  1524.56 114575 114550 114586 114546 114528 114542 114576 114586 114590 114600 114472 114529 114478 114461 114544 114529 114479 114487 114465 114504
  766.020  1153037  1531.21  1153704  1530.13 115388 115359 115398 115355 115334 115350 115389 115400 115403 115328 115281 115340 115287 115266 115356 115340 115287 115294 115271 115315
  771.020  1160415  1533.79  1161262  1535.57 116145 116111 116157 116107 116089 116103 116147 116159 116160 116084 116032 116010 116038 116022 116117 116013 116041 116049 116024 116069
  776.020  1168398  1569.16  1169273  1561.21 116944 116916 116953 116912 116897 116909 116942 116954 116956 116890 116839 116817 116845 116830 116834 116821 116850 116857 116830 116875
  781.020  1176841  1599.16  1177643  1591.34 117788 117761 117798 117756 117742 117754 117787 117723 117801 117733 117683 117661 117690 117674 117680 117665 117696 117700 117672 117720
  786.020  1184778  1609.95  1185579  1601.86 118582 118555 118591 118551 118534 118547 118583 118517 118595 118524 118478 118454 118484 118466 118474 118458 118491 118495 118465 118513
  791.020  1192298  1586.41  1192873  1580.94 119339 119305 119267 119302 119284 119299 119259 119270 119271 119277 119227 119209 119234 119219 119228 119211 119242 119246 119217 119265
  796.020  1200477  1589.09  1200959  1579.97 120073 120123 120083 120120 120102 120117 120074 120087 120086 120094 120044 120027 120050 120040 120046 120028 120059 120065 120036 120082
  801.020  1208718  1610.81  1209205  1601.28 120899 120946 120908 120944 120924 120941 120901 120911 120911 120920 120869 120850 120876 120865 120871 120854 120882 120887 120859 120905
  806.021  1216567  1600.47  1217042  1594.97 121680 121732 121691 121730 121706 121727 121684 121693 121695 121704 121653 121633 121662 121651 121656 121640 121668 121670 121644 121690
  811.020  1224168  1569.16  1224651  1569.30 122443 122490 122453 122491 122467 122486 122446 122455 122456 122464 122414 122392 122422 122411 122415 122400 122428 122429 122405 122452
  816.021  1231696  1556.14  1232183  1556.07 123196 123245 123207 123245 123218 123241 123200 123207 123208 123216 123169 123144 123174 123163 123169 123150 123183 123182 123156 123206
  821.021  1239593  1571.58  1240147  1575.97 123993 124042 124002 124039 124015 124039 123996 124004 124005 124012 123966 123941 123971 123961 123966 123947 123982 123980 123953 123926
  826.020  1247747  1562.77  1248314  1574.55 124810 124859 124819 124856 124831 124856 124812 124820 124822 124829 124781 124758 124788 124774 124782 124762 124799 124795 124772 124736
  831.020  1255314  1540.86  1255754  1555.62 125578 125539 125586 125538 125607 125540 125582 125591 125589 125604 125465 125532 125567 125550 125557 125534 125482 125574 125551 125502
  836.020  1263370  1554.99  1263940  1565.99 126396 126366 126402 126364 126417 126365 126399 126407 126408 126416 126288 126345 126371 126357 126369 126346 126308 126379 126280 126327
  841.020  1271493  1578.09  1272214  1586.07 127225 127197 127228 127192 127243 127193 127227 127234 127235 127240 127117 127171 127123 127185 127194 127171 127137 127132 127109 127154
  846.020  1279625  1598.28  1280347  1598.54 128038 128009 128041 128005 128059 128005 128041 128048 128048 128053 127928 127985 127935 128000 128005 127984 127952 127945 127922 127969
  851.020  1287187  1588.85  1287996  1586.19 128803 128773 128806 128769 128825 128769 128806 128814 128812 128819 128692 128751 128699 128684 128770 128750 128715 128707 128686 128733
  856.020  1294100  1550.97  1294884  1549.13 129497 129473 129500 129468 129451 129468 129500 129508 129508 129511 129392 129442 129398 129390 129397 129442 129415 129408 129385 129431
  861.020  1301242  1536.54  1301970  1539.06 130212 130187 130216 130182 130168 130183 130215 130224 130225 130158 130105 130154 130115 130105 130107 130159 130128 130122 130101 130146
  866.020  1308140  1502.40  1308944  1501.16 130915 130893 130919 130885 130872 130888 130919 130861 130928 130864 130805 130792 130822 130805 130815 130794 130828 130824 130807 130848
  871.020  1314988  1459.56  1315750  1452.85 131608 131581 131612 131571 131558 131576 131533 131543 131622 131546 131489 131475 131508 131491 131498 131476 131518 131508 131493 131532
  876.020  1321991  1419.36  1322677  1415.91 132302 132280 132305 132272 132262 132276 132237 132248 132246 132249 132187 132179 132208 132192 132200 132174 132220 132206 132193 132232
  881.020  1328906  1390.97  1329472  1387.25 132928 132972 132931 132963 132956 132969 132930 132941 132941 132941 132879 132870 132900 132882 132895 132862 132909 132896 132886 132927
  886.020  1335791  1389.83  1336367  1385.17 133618 133661 133620 133652 133646 133658 133620 133629 133634 133629 133564 133561 133586 133575 133584 133552 133599 133582 133574 133614
  891.020  1342549  1372.01  1343134  1371.88 134292 134339 134297 134329 134322 134334 134298 134306 134312 134305 134238 134231 134263 134253 134261 134227 134277 134260 134248 134291
  896.020  1349545  1373.00  1350144  1373.17 134993 135042 134997 135030 135024 135034 134998 135006 135014 135006 134935 134932 134965 134951 134961 134923 134976 134961 134949 134992
  901.021  1356238  1368.32  1356914  1372.21 135670 135717 135674 135707 135702 135709 135674 135685 135691 135685 135613 135607 135642 135626 135636 135602 135652 135635 135626 135599
  906.020  1363131  1364.90  1363790  1371.81 136360 136340 136365 136408 136397 136408 136368 136379 136386 136379 136241 136303 136341 136319 136327 136295 136352 136334 136326 136293
  911.020  1370394  1378.76  1370997  1386.64 137097 137078 137101 137071 137129 137071 137103 137112 137120 137115 136982 137041 137070 137051 137058 137029 137014 137062 137056 137031
  916.020  1377603  1390.45  1378342  1398.44 137832 137810 137835 137803 137868 137804 137837 137847 137856 137850 137711 137777 137734 137789 137794 137767 137745 137800 137721 137765
  921.020  1385407  1424.66  1386071  1430.13 138614 138589 138615 138584 138571 138584 138618 138630 138636 138630 138488 138557 138514 138572 138577 138546 138525 138582 138500 138546
  926.020  1392885  1446.98  1393699  1449.33 139377 139352 139378 139348 139336 139348 139379 139393 139397 139391 139250 139319 139279 139260 139340 139308 139288 139267 139264 139310
  931.020  1400582  1479.18  1401413  1475.79 140150 140120 140148 140115 140100 140114 140153 140171 140173 140169 140017 140095 140045 140027 140116 140086 140053 140034 140031 140078
  936.020  1408168  1506.17  1409058  1503.62 140914 140888 140914 140884 140870 140882 140915 140929 140935 140927 140786 140854 140815 140799 140801 140846 140821 140803 140798 140845
  941.020  1415829  1519.63  1416721  1519.23 141682 141654 141681 141650 141636 141648 141680 141696 141700 141694 141552 141621 141580 141565 141568 141611 141588 141569 141564 141611
  946.020  1423458  1536.26  1424277  1531.36 142453 142424 142451 142420 142406 142419 142452 142392 142470 142390 142324 142317 142349 142335 142339 142379 142358 142340 142335 142382
  951.021  1431027  1530.87  1431842  1528.15 143216 143188 143214 143185 143170 143182 143216 143157 143161 143153 143090 143082 143112 143099 143103 143071 143123 143104 143098 143145
  956.020  1438674  1533.89  1439483  1528.42 143980 143954 143978 143950 143935 143947 143978 143921 143925 143915 143854 143848 143877 143866 143867 143833 143889 143871 143862 143907
  961.021  1446483  1535.27  1447140  1524.40 144686 144734 144758 144731 144715 144729 144683 144702 144706 144696 144634 144629 144659 144647 144647 144615 144671 144651 144643 144687
  966.020  1454715  1554.08  1455294  1543.64 145509 145557 145506 145556 145536 145554 145505 145525 145528 145518 145460 145450 145484 145470 145468 145436 145496 145475 145466 145510
  971.020  1462411  1543.22  1462974  1543.46 146275 146330 146273 146330 146303 146326 146271 146290 146293 146283 146232 146215 146255 146242 146234 146200 146270 146246 146235 146282
  976.020  1469991  1543.32  1470572  1545.77 147035 147084 147036 147087 147063 147082 147032 147054 147055 147044 146986 146976 147013 146998 146995 146964 147027 147004 146991 147037
  981.020  1477410  1539.15  1477995  1541.33 147777 147829 147779 147828 147804 147824 147773 147797 147798 147786 147728 147719 147756 147739 147741 147704 147767 147747 147731 147778
  986.020  1485214  1541.43  1485798  1544.08 148557 148610 148559 148608 148584 148604 148552 148577 148580 148567 148510 148500 148534 148520 148521 148485 148548 148526 148511 148559
  991.020  1493322  1548.89  1493820  1554.83 149366 149421 149368 149338 149396 149415 149361 149390 149388 149377 149320 149313 149347 149330 149331 149296 149359 149334 149321 149371
  996.020  1500712  1524.33  1501197  1535.13 150119 150096 150121 150095 150149 150089 150114 150141 150143 150130 150078 150063 150105 150089 150084 150051 150032 150089 150078 150043
 1001.020  1508805  1539.04  1509401  1547.84 150938 150917 150940 150918 150965 150912 150935 150961 150964 150951 150815 150880 150919 150906 150901 150873 150854 150902 150893 150862
 1006.020  1516754  1556.03  1517510  1564.52 151751 151728 151750 151728 151776 151721 151745 151773 151776 151762 151627 151693 151726 151716 151712 151684 151664 151634 151703 151672
 1011.020  1524589  1573.86  1525545  1583.22 152559 152526 152553 152526 152583 152518 152549 152580 152582 152569 152422 152500 152443 152433 152515 152492 152462 152430 152422 152470
 1016.020  1532290  1571.64  1533201  1577.15 153322 153298 153318 153297 153346 153290 153312 153342 153345 153331 153195 153264 153216 153207 153279 153257 153234 153201 153195 153242
 1021.020  1540053  1560.40  1540879  1563.49 154099 154076 154093 154073 154046 154065 154086 154118 154118 154105 153973 154037 153994 153983 154054 154032 154011 153980 153971 154018
 1026.020  1548157  1587.03  1548972  1590.25 154914 154891 154911 154890 154862 154882 154904 154860 154935 154923 154791 154854 154812 154803 154798 154850 154828 154798 154788 154835
 1031.020  1556177  1589.66  1557158  1588.05 155735 155711 155731 155709 155675 155700 155724 155674 155755 155744 155609 155591 155630 155619 155613 155587 155648 155619 155605 155656
 1036.021  1563855  1577.99  1564678  1574.19 156508 156475 156501 156474 156444 156465 156493 156444 156444 156430 156375 156362 156397 156387 156382 156360 156414 156386 156370 156422
 1041.020  1571686  1580.49  1572492  1567.50 157283 157259 157281 157256 157227 157249 157272 157225 157227 157213 157158 157144 157182 157168 157164 157143 157195 157172 157154 157206
 1046.020  1579839  1592.79  1580569  1578.36 158019 158076 158097 158073 158043 158066 158088 158041 158041 158025 157973 157955 157996 157985 157979 157958 158012 157989 157972 158020
 1051.020  1587739  1594.33  1588466  1582.68 158810 158865 158886 158863 158830 158856 158876 158830 158833 158817 158761 158747 158787 158772 158768 158750 158804 158780 158761 158809
 1056.020  1595428  1570.96  1595967  1567.70 159573 159639 159569 159637 159595 159628 159559 159595 159594 159578 159533 159513 159559 159540 159534 159512 159575 159551 159532 159579
 1061.020  1603368  1570.96  1603946  1562.57 160376 160428 160374 160426 160394 160417 160365 160393 160394 160379 160326 160311 160348 160333 160332 160314 160365 160342 160326 160371
 1066.020  1611458  1579.55  1612026  1581.26 161183 161236 161182 161235 161201 161227 161172 161200 161201 161189 161136 161119 161158 161140 161140 161120 161174 161155 161135 161181
 1071.020  1619649  1591.51  1620219  1593.93 162003 162055 162001 162052 162022 162046 161990 162020 162020 162010 161955 161941 161977 161960 161961 161939 161992 161975 161951 161998
 1076.020  1627392  1569.56  1627918  1579.09 162769 162834 162763 162831 162791 162823 162752 162790 162786 162779 162732 162708 162753 162735 162732 162706 162768 162755 162728 162775
 1081.020  1635095  1571.81  1635599  1574.19 163556 163532 163557 163530 163575 163598 163541 163575 163571 163564 163506 163492 163530 163513 163512 163492 163469 163527 163504 163550
 1086.020  1642749  1575.03  1643408  1586.81 164345 164320 164347 164319 164364 164308 164331 164363 164359 164352 164219 164280 164321 164303 164302 164278 164254 164241 164290 164261
 1091.020  1650554  1570.70  1651286  1580.94 165132 165109 165133 165107 165152 165098 165118 165151 165146 165140 165008 165066 165036 165090 165089 165067 165043 165030 165074 165051
 1096.020  1658231  1556.91  1659054  1568.62 165912 165881 165913 165878 165935 165868 165893 165932 165924 165918 165777 165849 165805 165782 165874 165847 165814 165802 165858 165823
 1101.020  1666012  1546.44  1666794  1551.28 166683 166663 166683 166660 166700 166652 166669 166700 166696 166688 166561 166618 166592 166571 166640 166616 166598 166588 166620 166608
 1106.020  1672946  1524.06  1673870  1528.49 167391 167372 167391 167368 167408 167359 167376 167407 167404 167394 167265 167330 167299 167281 167280 167320 167303 167291 167263 167314
 1111.020  1680037  1503.56  1680833  1508.69 168101 168081 168102 168076 168051 168068 168085 168049 168115 168105 167975 168040 168007 167989 167992 168030 168012 168000 167970 168022
 1116.020  1686867  1475.44  1687686  1473.22 168789 168766 168789 168759 168734 168753 168771 168731 168802 168792 168659 168726 168691 168670 168672 168716 168694 168680 168653 168706
 1121.020  1694552  1476.49  1695524  1471.73 169572 169550 169574 169542 169517 169537 169556 169514 169586 169576 169442 169434 169477 169453 169457 169424 169477 169464 169437 169487
 1126.020  1702614  1486.26  1703500  1478.57 170376 170356 170379 170349 170325 170342 170360 170321 170314 170378 170247 170245 170281 170261 170263 170227 170284 170270 170242 170294
 1131.020  1710415  1490.08  1711220  1479.55 171151 171133 171155 171128 171105 171121 171135 171103 171101 171088 171028 171026 171060 171042 171042 171011 171064 171049 171021 171072
 1136.020  1717332  1478.81  1717996  1472.70 171770 171829 171772 171824 171796 171814 171832 171795 171789 171775 171721 171720 171751 171733 171737 171696 171756 171741 171711 171766
 1141.020  1724173  1471.80  1724854  1468.04 172461 172512 172464 172506 172480 172496 172512 172483 172477 172463 172403 172405 172430 172417 172419 172385 172441 172426 172397 172450
 1146.020  1731231  1474.90  1731866  1475.60 173169 173222 173171 173215 173189 173204 173151 173189 173184 173172 173106 173111 173139 173127 173127 173086 173144 173130 173107 173154
 1151.020  1738230  1452.25  1738808  1447.99 173870 173855 173872 173915 173890 173903 173853 173890 173887 173873 173807 173808 173839 173829 173828 173786 173843 173834 173805 173851
 1156.020  1745258  1409.63  1745804  1408.96 174569 174550 174570 174620 174590 174608 174549 174590 174586 174572 174510 174508 174542 174535 174531 174481 174548 174540 174507 174556
 1161.020  1751961  1376.38  1752491  1378.29 175245 175233 175246 175223 175264 175276 175229 175265 175262 175248 175177 175180 175213 175205 175204 175154 175216 175208 175179 175225
 1166.020  1758966  1378.99  1759566  1388.09 175952 175941 175954 175929 175974 175985 175936 175975 175967 175953 175882 175886 175924 175910 175909 175862 175924 175851 175887 175931
 1171.020  1765845  1387.05  1766587  1393.66 176662 176648 176662 176640 176682 176627 176645 176683 176676 176662 176527 176597 176629 176618 176617 176569 176569 176557 176591 176571
 1176.020  1772392  1372.13  1773290  1378.70 177333 177319 177331 177311 177354 177298 177314 177353 177344 177333 177194 177265 177230 177219 177286 177238 177238 177227 177256 177239
 1181.020  1779118  1362.80  1779895  1369.54 178010 177993 178007 177983 177959 177971 177988 177959 178018 178007 177867 177938 177900 177893 177956 177911 177910 177906 177928 177909
 1186.021  1785842  1352.96  1786620  1360.78 178680 178667 178680 178655 178633 178643 178660 178633 178690 178679 178538 178610 178578 178570 178628 178579 178582 178578 178600 178579
 1191.020  1793008  1368.96  1793867  1374.46 179410 179395 179408 179379 179351 179364 179384 179351 179418 179407 179259 179340 179297 179294 179277 179308 179304 179300 179329 179300
