Test case: 
Description: 
	10 senders: persistent queues
	10 receivers: client acknowledge every 50 messages
Timestamp: 2011.11.1 21:40:29
Version: 
Setting up JMS benchmark connections... 

Start processing messages.
Thu Dec 01 21:40:29 EST 2011

  Seconds   Send   Send/Sec   Recv   Recv/Sec   RCV0   RCV1   RCV2   RCV3   RCV4   RCV5   RCV6   RCV7   RCV8   RCV9  SND10  SND11  SND12  SND13  SND14  SND15  SND16  SND17  SND18  SND19
  ------- -------- -------- -------- -------- ------ ------ ------ ------ ------ ------ ------ ------ ------ ------ ------ ------ ------ ------ ------ ------ ------ ------ ------ ------
    0.984        0     0.00        0     0.00      0      0      0      0      0      0      0      0      0      0      0      0      0      0      0      0      0      0      0      0
    5.984     5535  1203.00     5673  1232.99    569    567    574    569    569    567    565    567    563    563    561    556    549    559    556    545    553    552    555    549
   10.984    11702  1218.96    11841  1233.44   1187   1184   1191   1185   1186   1184   1181   1184   1182   1177   1177   1173   1165   1176   1174   1159   1170   1174   1171   1163
   15.984    18825  1289.38    18958  1298.49   1899   1894   1903   1898   1900   1894   1893   1893   1894   1890   1889   1884   1878   1889   1887   1871   1881   1886   1885   1875
   20.984    25794  1316.02    25910  1321.94   2594   2589   2599   2593   2594   2589   2589   2589   2589   2585   2586   2581   2570   2587   2590   2567   2580   2582   2581   2570
   25.984    32552  1323.25    32675  1328.25   3270   3265   3276   3270   3271   3267   3266   3266   3264   3260   3263   3255   3244   3261   3268   3242   3256   3259   3256   3248
   30.984    39436  1332.25    39580  1337.12   3961   3956   3965   3960   3960   3958   3956   3958   3956   3950   3949   3944   3933   3948   3955   3933   3942   3948   3945   3939
   35.985    46351  1367.38    46514  1370.50   4654   4650   4661   4654   4652   4652   4648   4652   4649   4642   4642   4634   4624   4640   4649   4625   4635   4638   4634   4630
   40.985    53167  1382.28    53336  1390.17   5338   5332   5343   5336   5333   5334   5330   5335   5331   5324   5323   5315   5305   5320   5331   5308   5316   5322   5316   5311
   45.984    59957  1357.68    60128  1374.77   6016   6011   6022   6015   6013   6013   6010   6015   6011   6002   6003   5995   5984   6001   6008   5989   5995   6000   5992   5990
   50.984    66832  1352.29    66998  1356.19   6701   6699   6710   6702   6701   6699   6697   6703   6698   6688   6692   6682   6673   6688   6696   6680   6678   6686   6678   6679
   55.984    73781  1360.54    73957  1362.11   7398   7397   7406   7397   7396   7397   7391   7399   7392   7384   7389   7374   7368   7382   7391   7375   7376   7380   7374   7372
   60.984    80627  1357.75    80810  1359.26   8083   8083   8091   8081   8081   8083   8076   8084   8078   8070   8073   8056   8051   8067   8077   8059   8060   8065   8059   8060
   65.984    87353  1355.58    87613  1356.42   8763   8763   8769   8761   8761   8763   8757   8765   8760   8751   8756   8739   8726   8747   8753   8739   8676   8741   8739   8737
   70.984    93978  1356.25    94308  1357.09   9445   9445   9385   9444   9444   9445   9440   9383   9443   9434   9439   9353   9408   9360   9368   9420   9365   9424   9426   9415
   75.984   101358  1386.83   101924  1387.50  10222  10150  10156  10222  10222  10150  10218  10152  10221  10211  10216  10121  10112  10131  10139  10124  10138  10128  10129  10120
   80.984   109238  1423.07   109505  1423.97  10943  10946  10951  10943  10943  10945  10939  10947  10942  11006  10937  10915  10906  10929  10935  10919  10934  10923  10925  10915
   85.984   116987  1449.87   117182  1450.50  11719  11722  11726  11717  11717  11720  11715  11723  11716  11707  11711  11690  11680  11705  11709  11691  11709  11698  11702  11692
   90.984   124638  1476.93   124834  1477.37  12484  12488  12492  12483  12482  12486  12479  12487  12481  12472  12477  12456  12443  12471  12475  12455  12474  12462  12468  12457
   95.985   132514  1515.47   132717  1513.56  13273  13277  13281  13270  13269  13275  13267  13276  13268  13261  13264  13242  13230  13261  13262  13242  13262  13250  13257  13244
  100.984   140226  1551.95   140427  1547.62  14043  14047  14051  14041  14041  14046  14039  14046  14040  14033  14035  14011  14002  14033  14033  14013  14034  14021  14028  14016
  105.984   147951  1563.58   148157  1551.50  14817  14821  14824  14814  14813  14817  14813  14818  14814  14806  14808  14783  14773  14805  14805  14787  14806  14794  14801  14789
  110.984   155554  1554.28   155760  1552.23  15578  15581  15585  15573  15573  15576  15574  15579  15575  15566  15569  15543  15534  15565  15564  15549  15565  15554  15562  15549
  115.984   163393  1554.82   163603  1557.80  16363  16363  16368  16359  16359  16360  16359  16363  16359  16350  16352  16327  16318  16350  16347  16332  16351  16339  16345  16332
  120.984   171080  1553.46   171286  1558.79  17134  17133  17137  17125  17125  17129  17127  17133  17127  17116  17120  17095  17088  17120  17116  17101  17119  17107  17113  17101
  125.984   178737  1540.89   178942  1543.58  17899  17898  17904  17892  17892  17894  17893  17898  17893  17879  17885  17860  17853  17887  17883  17865  17884  17872  17881  17867
  130.984   186287  1521.34   186494  1528.89  18655  18652  18659  18647  18647  18649  18647  18654  18649  18635  18641  18616  18609  18640  18639  18620  18636  18628  18635  18623
  135.984   193963  1514.14   194155  1522.80  19421  19420  19429  19411  19410  19415  19413  19421  19415  19400  19406  19383  19376  19407  19408  19387  19408  19394  19403  19391
  140.984   201833  1523.39   202033  1523.29  20209  20206  20218  20200  20196  20203  20202  20209  20203  20187  20192  20170  20166  20196  20195  20174  20192  20183  20188  20177
  145.984   209640  1525.74   209849  1525.60  20991  20988  20998  20981  20979  20985  20983  20989  20985  20970  20975  20951  20947  20975  20975  20958  20970  20963  20967  20959
  150.984   217393  1525.17   217602  1524.90  21766  21763  21772  21757  21754  21762  21759  21762  21761  21746  21751  21727  21724  21749  21750  21733  21744  21741  21741  21733
  155.984   225186  1538.49   225467  1538.59  22561  22557  22490  22552  22549  22556  22552  22556  22555  22539  22545  22521  22519  22543  22468  22527  22464  22535  22536  22528
  160.984   232452  1541.78   232800  1541.58  23251  23246  23255  23313  23311  23246  23313  23246  23317  23302  23307  23211  23209  23232  23232  23290  23228  23299  23226  23218
  165.984   240284  1551.54   240728  1551.34  24049  24043  24051  24117  24116  24043  24120  24043  24040  24106  24115  24010  24006  24028  24030  24012  24026  24021  24023  24013
  170.984   247900  1545.87   248324  1545.81  24818  24815  24820  24880  24878  24815  24806  24815  24810  24867  24802  24779  24776  24798  24797  24784  24794  24792  24793  24785
  175.984   256166  1561.33   256524  1561.19  25645  25643  25648  25631  25706  25642  25634  25644  25637  25694  25627  25607  25603  25624  25623  25611  25621  25617  25620  25613
  180.984   264339  1575.42   264622  1575.42  26463  26459  26465  26450  26448  26459  26451  26461  26456  26510  26445  26423  26419  26441  26441  26429  26439  26436  26436  26430
  185.984   271901  1567.67   272112  1565.32  27220  27217  27221  27205  27204  27217  27205  27220  27211  27192  27200  27179  27177  27196  27199  27184  27196  27192  27192  27186
  190.984   279471  1577.82   279687  1573.39  27978  27976  27979  27963  27961  27975  27963  27975  27967  27950  27958  27936  27934  27953  27956  27941  27954  27948  27948  27943
  195.985   287432  1582.20   287647  1574.52  28773  28773  28776  28760  28755  28772  28760  28771  28762  28745  28754  28732  28730  28749  28752  28738  28751  28745  28743  28738
  200.984   295605  1600.84   295819  1593.79  29589  29591  29593  29578  29573  29590  29576  29587  29580  29562  29571  29548  29549  29565  29571  29556  29568  29562  29561  29554
  205.984   303697  1591.74   303893  1589.56  30398  30400  30403  30385  30376  30400  30385  30395  30387  30364  30380  30353  30359  30373  30384  30364  30377  30373  30370  30364
  210.984   311409  1572.03   311625  1574.82  31173  31170  31173  31158  31151  31170  31159  31169  31161  31141  31153  31126  31131  31145  31152  31137  31146  31144  31142  31133
  215.984   319080  1570.77   319300  1571.07  31940  31937  31941  31927  31919  31937  31926  31937  31927  31909  31920  31893  31898  31912  31920  31904  31912  31911  31910  31900
  220.984   327410  1586.17   327641  1596.71  32775  32771  32775  32761  32753  32771  32760  32771  32761  32743  32755  32726  32732  32746  32752  32738  32745  32744  32741  32731
  225.984   335400  1578.31   335614  1587.64  33573  33571  33575  33555  33546  33571  33558  33570  33558  33537  33552  33527  33531  33544  33551  33541  33544  33541  33539  33530
  230.985   343136  1569.78   343352  1574.99  34346  34342  34347  34330  34322  34342  34331  34343  34335  34314  34324  34301  34306  34317  34327  34314  34316  34314  34313  34304
  235.984   351227  1569.53   351458  1575.74  35156  35152  35156  35142  35134  35153  35142  35153  35144  35126  35134  35112  35113  35126  35132  35124  35123  35125  35123  35115
  240.984   358707  1566.61   359015  1567.45  35911  35907  35911  35898  35892  35908  35897  35907  35900  35884  35887  35868  35868  35883  35817  35879  35879  35880  35877  35869
  245.984   365692  1547.62   366146  1548.22  36623  36619  36623  36611  36608  36619  36612  36619  36614  36598  36598  36578  36515  36597  36527  36592  36589  36594  36590  36512
  250.984   372125  1495.47   372607  1496.41  37232  37228  37232  37294  37292  37228  37294  37228  37300  37279  37283  37188  37192  37207  37200  37198  37196  37273  37200  37188
  255.984   379119  1464.75   379589  1466.56  37940  37937  37941  37995  37994  37937  37994  37937  37933  37981  37987  37897  37901  37912  37906  37908  37901  37909  37905  37893
  260.984   386245  1444.38   386591  1446.42  38655  38651  38655  38641  38709  38651  38639  38651  38646  38693  38701  38610  38615  38625  38617  38617  38612  38623  38618  38607
  265.984   393878  1431.24   394237  1432.99  39427  39422  39427  39411  39412  39422  39409  39421  39417  39469  39403  39380  39387  39395  39390  39387  39382  39394  39385  39375
  270.984   401624  1440.17   401991  1438.89  40203  40198  40203  40182  40181  40198  40181  40197  40190  40258  40172  40152  40167  40169  40170  40161  40155  40168  40160  40150
  275.984   409754  1478.64   410030  1472.67  41013  41009  41013  40999  40998  41010  40996  41008  41003  40981  40986  40965  40978  40984  40981  40973  40968  40982  40973  40964
  280.984   417482  1522.05   417760  1515.20  41785  41783  41786  41771  41770  41783  41769  41781  41776  41756  41759  41739  41751  41758  41754  41745  41739  41754  41746  41737
  285.984   425025  1537.82   425293  1533.69  42539  42536  42539  42524  42523  42536  42522  42534  42530  42510  42513  42494  42506  42511  42511  42500  42492  42508  42499  42491
  290.984   432848  1558.88   433118  1561.36  43320  43317  43320  43308  43306  43317  43306  43318  43313  43293  43294  43276  43288  43294  43294  43281  43277  43290  43281  43273
  295.984   440354  1554.60   440618  1556.41  44069  44067  44069  44059  44057  44067  44055  44067  44064  44044  44045  44025  44039  44045  44044  44032  44028  44040  44033  44023
  300.984   447938  1541.36   448197  1537.73  44827  44825  44827  44816  44816  44825  44811  44826  44821  44803  44802  44783  44797  44804  44803  44790  44787  44797  44792  44783
  305.984   455631  1519.55   455904  1524.35  45597  45595  45596  45588  45587  45595  45583  45595  45594  45574  45571  45552  45566  45574  45574  45559  45557  45566  45560  45552
  310.984   463314  1514.30   463579  1521.85  46366  46363  46364  46355  46354  46363  46348  46363  46362  46341  46339  46321  46336  46341  46346  46328  46325  46332  46327  46319
  315.984   471057  1524.80   471405  1524.83  47148  47146  47148  47137  47137  47146  47130  47146  47144  47123  47118  47103  47115  47124  47054  47111  47105  47114  47110  47103
  320.984   478912  1524.80   479274  1522.75  47936  47934  47937  47923  47923  47932  47916  47933  47930  47910  47902  47890  47903  47910  47834  47898  47891  47900  47896  47888
  325.984   486373  1523.94   486818  1525.02  48691  48688  48691  48677  48678  48687  48670  48687  48684  48665  48657  48642  48581  48663  48588  48652  48646  48654  48649  48641
  330.985   493864  1522.35   494387  1523.29  49448  49443  49447  49435  49434  49442  49430  49443  49443  49422  49414  49399  49335  49420  49342  49408  49403  49412  49406  49325
  335.984   501528  1526.76   501739  1527.23  50151  50149  50151  50217  50216  50147  50212  50147  50147  50202  50196  50181  50117  50124  50125  50112  50186  50193  50187  50107
  340.984   509034  1529.15   509485  1530.22  50927  50923  50927  50993  50991  50920  50986  50922  50920  50976  50969  50878  50889  50899  50898  50888  50882  50968  50883  50880
  345.984   516586  1525.17   516958  1523.29  51690  51685  51690  51677  51677  51683  51751  51684  51682  51739  51734  51640  51650  51662  51662  51650  51645  51653  51645  51645
  350.984   524690  1533.12   524974  1530.50  52498  52494  52498  52486  52486  52491  52481  52495  52490  52555  52553  52449  52460  52471  52470  52459  52457  52461  52456  52454
  355.984   532779  1554.66   533059  1549.09  53306  53304  53308  53296  53295  53301  53290  53305  53301  53353  53353  53261  53270  53279  53279  53269  53267  53271  53267  53263
  360.984   540399  1561.63   540694  1553.98  54076  54076  54079  54066  54067  54072  54063  54077  54072  54046  54046  54030  54040  54047  54050  54039  54039  54042  54034  54032
  365.984   548194  1566.03   548496  1569.08  54858  54856  54858  54847  54848  54850  54844  54857  54852  54826  54827  54810  54818  54826  54827  54820  54819  54821  54814  54812
  370.984   556025  1576.93   556327  1571.93  55641  55639  55641  55630  55632  55635  55627  55640  55634  55608  55610  55594  55600  55610  55610  55603  55602  55604  55596  55596
  375.984   563615  1578.21   563916  1575.82  56400  56398  56400  56388  56390  56394  56385  56400  56394  56367  56369  56353  56360  56368  56369  56364  56362  56361  56354  56355
  380.984   571913  1579.43   572210  1585.10  57229  57228  57229  57217  57218  57224  57214  57229  57225  57197  57199  57184  57189  57198  57199  57194  57190  57189  57183  57188
  385.984   579476  1556.89   579773  1562.53  57984  57984  57984  57974  57975  57980  57972  57985  57980  57955  57957  57938  57946  57954  57955  57948  57945  57947  57941  57945
  390.984   586359  1524.26   586672  1529.40  58673  58672  58674  58665  58666  58670  58662  58674  58670  58646  58654  58622  58631  58644  58643  58633  58631  58636  58631  58634
  395.984   593471  1501.09   593779  1501.43  59384  59381  59385  59377  59376  59379  59373  59385  59381  59358  59365  59332  59338  59358  59356  59340  59341  59347  59346  59348
  400.984   600677  1473.27   600984  1475.86  60105  60102  60105  60097  60096  60100  60094  60105  60103  60077  60084  60052  60057  60078  60077  60061  60060  60068  60069  60071
  405.984   608189  1472.08   608576  1475.03  60865  60862  60865  60855  60853  60859  60854  60864  60863  60836  60841  60811  60816  60837  60837  60819  60820  60827  60828  60753
  410.984   615781  1451.95   616241  1452.35  61632  61628  61632  61622  61619  61623  61621  61631  61630  61603  61609  61578  61583  61604  61528  61586  61585  61592  61593  61523
  415.984   624086  1475.44   624559  1475.91  62464  62461  62464  62453  62451  62455  62451  62462  62463  62435  62440  62408  62412  62434  62358  62417  62416  62422  62425  62354
  420.984   632033  1522.65   632433  1523.02  63214  63212  63214  63278  63277  63279  63276  63212  63212  63259  63263  63157  63161  63186  63185  63165  63242  63248  63249  63177
  425.984   639508  1535.57   640017  1536.11  63964  63961  63964  64048  64044  64046  64044  63961  63961  64024  64027  63906  63911  63935  63937  63915  63918  64014  64016  63929
  430.984   647342  1560.91   647746  1561.64  64761  64757  64762  64753  64822  64749  64822  64758  64755  64807  64807  64700  64707  64732  64731  64712  64716  64795  64719  64723
  435.984   654939  1564.08   655274  1562.33  65520  65518  65522  65515  65579  65510  65509  65519  65517  65565  65564  65461  65469  65491  65491  65471  65477  65552  65480  65483
  440.984   662452  1566.14   662864  1561.98  66286  66285  66288  66279  66272  66276  66274  66284  66285  66335  66258  66225  66236  66257  66258  66236  66243  66245  66245  66249
  445.984   670070  1543.09   670408  1538.56  67048  67047  67050  67041  67034  67038  67036  67046  67047  67021  67020  66987  66999  67018  67019  66996  67006  67007  67008  67010
  450.984   677704  1532.58   678039  1530.40  67811  67810  67814  67803  67797  67801  67799  67810  67811  67783  67784  67750  67761  67782  67783  67761  67767  67771  67771  67774
  455.984   685989  1559.82   686339  1554.48  68641  68640  68644  68633  68628  68631  68628  68640  68641  68613  68613  68579  68592  68611  68611  68590  68597  68598  68597  68601
  460.985   693629  1550.77   693980  1551.48  69406  69403  69405  69397  69392  69398  69392  69404  69404  69379  69377  69345  69357  69375  69374  69354  69361  69362  69361  69363
  465.984   701688  1562.92   702044  1569.46  70215  70209  70213  70203  70195  70205  70198  70212  70212  70182  70178  70153  70164  70182  70181  70160  70167  70165  70165  70173
  470.984   709455  1571.89   709813  1572.70  70990  70985  70988  70980  70975  70982  70979  70988  70986  70960  70958  70929  70938  70959  70957  70935  70944  70947  70942  70946
  475.984   717705  1580.57   718064  1586.38  71813  71809  71813  71805  71802  71806  71805  71813  71810  71788  71784  71751  71761  71784  71783  71761  71768  71774  71767  71772
  480.984   725614  1589.90   725983  1591.01  72605  72601  72605  72596  72595  72598  72597  72604  72603  72579  72574  72542  72552  72576  72572  72552  72562  72565  72556  72563
  485.984   733259  1564.78   733616  1567.67  73369  73364  73369  73359  73358  73361  73359  73368  73367  73342  73340  73306  73316  73340  73338  73316  73325  73329  73320  73329
  490.985   740790  1557.30   741210  1559.78  74133  74121  74133  74115  74116  74119  74116  74128  74132  74097  74098  74070  74079  74105  74101  74079  74089  74084  74078  74007
  495.984   748967  1563.29   749388  1565.47  74948  74939  74950  74934  74936  74937  74934  74942  74948  74920  74918  74886  74895  74921  74914  74895  74907  74904  74897  74830
  500.984   757061  1576.81   757549  1575.91  75764  75756  75767  75750  75751  75754  75749  75759  75764  75735  75734  75702  75712  75738  75655  75714  75725  75720  75714  75647
  505.984   764817  1570.67   765454  1569.73  76570  76562  76497  76556  76558  76559  76555  76564  76494  76539  76540  76433  76517  76467  76462  76443  76455  76525  76520  76455
  510.984   772311  1559.21   772881  1558.10  77249  77321  77254  77315  77317  77318  77314  77246  77250  77297  77299  77189  77198  77224  77217  77199  77212  77283  77277  77213
  515.984   780356  1572.68   780841  1571.85  78053  78049  78059  78117  78120  78121  78119  78050  78055  78098  78104  77994  78003  78030  78023  78002  78015  78088  78081  78016
  520.984   788125  1585.79   788535  1582.74  78844  78841  78853  78910  78837  78837  78833  78841  78848  78891  78820  78786  78794  78822  78816  78795  78808  78881  78795  78808
  525.984   796128  1580.36   796532  1577.54  79645  79644  79653  79702  79638  79638  79635  79643  79648  79686  79623  79586  79596  79623  79615  79597  79609  79675  79596  79608
  530.984   802920  1538.94   803328  1533.51  80332  80329  80339  80318  80323  80326  80317  80328  80335  80381  80306  80274  80284  80311  80303  80283  80295  80290  80279  80295
  535.984   809963  1514.97   810363  1504.73  81035  81031  81043  81027  81029  81031  81023  81033  81037  81074  81013  80976  80991  81014  81006  80991  80997  80995  80986  80994
  540.984   817158  1504.93   817497  1497.18  81755  81750  81763  81747  81749  81750  81743  81755  81758  81727  81731  81695  81710  81737  81721  81713  81713  81715  81708  81715
  545.984   824257  1470.92   824609  1468.77  82466  82462  82475  82458  82461  82462  82455  82464  82468  82438  82440  82403  82420  82448  82429  82428  82420  82428  82416  82425
  550.985   831268  1442.35   831622  1443.15  83167  83164  83179  83159  83161  83164  83155  83167  83171  83135  83142  83113  83121  83150  83126  83125  83125  83125  83117  83124
  555.984   838101  1396.78   838476  1402.79  83852  83851  83861  83845  83846  83851  83840  83851  83855  83824  83827  83794  83806  83833  83811  83808  83806  83813  83801  83802
  560.984   845132  1400.30   845517  1404.06  84555  84555  84564  84550  84549  84555  84543  84557  84559  84530  84529  84497  84507  84540  84512  84509  84510  84515  84507  84506
  565.984   852939  1423.46   853320  1425.34  85335  85335  85347  85328  85328  85335  85323  85340  85340  85309  85307  85279  85288  85322  85292  85287  85292  85297  85287  85288
  570.984   861116  1448.15   861495  1458.46  86153  86155  86164  86144  86145  86155  86141  86156  86157  86125  86125  86096  86104  86139  86111  86104  86110  86116  86106  86105
  575.984   868670  1465.03   869042  1468.19  86908  86909  86919  86898  86899  86909  86895  86910  86913  86882  86880  86851  86858  86896  86868  86858  86865  86873  86861  86860
  580.984   876074  1480.96   876528  1484.35  87657  87658  87668  87645  87647  87658  87643  87658  87664  87630  87626  87602  87607  87642  87617  87607  87613  87620  87608  87532
  585.984   883560  1508.31   884107  1508.24  88431  88433  88361  88419  88420  88432  88417  88431  88357  88406  88399  88294  88380  88336  88310  88380  88386  88394  88381  88300
  590.984   891295  1538.91   891823  1538.51  89218  89143  89151  89206  89207  89141  89203  89217  89147  89190  89188  89087  89165  89128  89099  89091  89097  89180  89169  89091
  595.984   899053  1539.88   899506  1539.75  89924  89925  89936  89990  89990  89925  89986  89924  89934  89972  89972  89871  89871  89912  89884  89872  89880  89963  89953  89875
  600.984   906616  1521.71   907145  1521.51  90689  90689  90701  90752  90753  90689  90748  90688  90700  90736  90735  90636  90635  90676  90648  90638  90643  90724  90642  90639
  605.984   914126  1522.85   914582  1523.15  91446  91448  91459  91439  91438  91448  91506  91445  91459  91494  91491  91395  91394  91436  91407  91397  91400  91407  91402  91397
  610.984   921886  1537.26   922351  1535.05  92231  92234  92242  92223  92223  92232  92214  92229  92242  92281  92201  92179  92178  92220  92190  92179  92183  92190  92185  92181
  615.984   929802  1551.69   930269  1546.49  93024  93027  93034  93015  93015  93025  93006  93020  93033  93070  92993  92971  92971  93010  92983  92971  92973  92982  92976  92972
  620.984   937325  1542.13   937717  1540.12  93776  93780  93787  93767  93767  93778  93758  93772  93786  93746  93743  93723  93724  93765  93736  93723  93725  93734  93727  93725
  625.985   944734  1532.92   945124  1530.81  94517  94520  94526  94509  94510  94516  94499  94513  94525  94489  94486  94463  94465  94506  94476  94462  94465  94478  94467  94466
  630.984   951674  1507.18   952069  1507.52  95212  95213  95219  95202  95203  95212  95194  95211  95218  95185  95184  95154  95165  95202  95169  95153  95158  95171  95159  95159
  635.984   958574  1484.66   958970  1484.90  95903  95903  95910  95892  95892  95901  95884  95901  95908  95876  95873  95847  95855  95889  95859  95841  95847  95865  95847  95851
  640.984   965329  1448.76   965746  1444.80  96579  96581  96590  96568  96569  96578  96561  96579  96586  96555  96552  96525  96530  96568  96532  96514  96521  96540  96522  96525
  645.984   972072  1404.87   972500  1403.49  97255  97257  97267  97242  97244  97254  97237  97253  97263  97228  97227  97198  97210  97242  97209  97187  97192  97218  97192  97197
  650.984   978954  1380.94   979389  1384.70  97944  97947  97956  97930  97934  97943  97925  97943  97951  97916  97911  97887  97902  97929  97898  97875  97880  97905  97884  97883
  655.984   985876  1359.84   986320  1366.35  98638  98640  98649  98622  98628  98635  98618  98636  98645  98609  98598  98573  98592  98625  98592  98570  98571  98598  98580  98577
  660.984   992611  1355.35   993060  1359.48  99317  99321  99264  99303  99310  99315  99300  99315  99325  99290  99277  99255  99271  99238  99271  99247  99253  99280  99263  99256
  665.984   999739  1363.57  1000259  1367.73 100046 100050  99987 100028 100039 100045 100025 100045  99978 100016 100002  99910 100002  99961  99926  99974  99983 100008  99986  99987
  670.984  1007244  1391.70  1007864  1392.57 100819 100733 100747 100797 100811 100820 100797 100819 100737 100784 100772 100669 100685 100720 100686 100748 100755 100779 100759 100671
  675.984  1015225  1432.68  1015662  1432.79 101614 101531 101546 101598 101609 101525 101595 101524 101536 101584 101572 101470 101484 101517 101484 101543 101551 101575 101558 101471
  680.984  1023122  1468.72  1023478  1468.49 102320 102327 102339 102382 102393 102320 102379 102319 102330 102369 102357 102266 102279 102313 102278 102327 102334 102360 102341 102267
  685.984  1030393  1488.69  1030908  1488.49 103071 103078 103089 103133 103067 103071 103132 103070 103079 103118 103106 103015 103029 103064 103027 103001 103009 103034 103093 103015
  690.984  1037970  1519.50  1038559  1518.96 103839 103844 103854 103898 103831 103836 103896 103834 103844 103883 103872 103781 103796 103829 103791 103765 103776 103798 103780 103782
  695.984  1045628  1539.90  1046141  1537.08 104612 104618 104629 104595 104606 104610 104591 104606 104618 104656 104569 104555 104571 104601 104564 104538 104551 104572 104552 104555
  700.984  1053478  1551.48  1053991  1545.30 105395 105405 105413 105379 105391 105395 105378 105391 105405 105439 105355 105339 105357 105384 105348 105323 105336 105358 105338 105340
  705.984  1060960  1534.78  1061471  1534.78 106145 106154 106159 106126 106138 106144 106127 106140 106153 106185 106103 106086 106106 106131 106097 106071 106085 106105 106087 106089
  710.984  1068514  1517.77  1068948  1525.89 106897 106909 106914 106881 106894 106898 106882 106898 106909 106866 106858 106841 106861 106888 106853 106824 106839 106864 106842 106844
  715.984  1076462  1532.43  1076889  1534.95 107692 107704 107709 107673 107688 107693 107677 107691 107705 107657 107651 107638 107657 107682 107649 107619 107634 107657 107634 107641
  720.984  1084050  1533.94  1084486  1533.78 108450 108463 108468 108433 108447 108454 108438 108450 108464 108419 108412 108396 108415 108440 108407 108378 108394 108418 108393 108397
  725.984  1091664  1531.98  1092114  1532.48 109212 109226 109232 109195 109209 109216 109201 109213 109228 109182 109171 109156 109177 109200 109171 109140 109157 109179 109156 109157
  730.984  1099175  1514.93  1099628  1518.22 109963 109979 109982 109945 109961 109969 109951 109967 109979 109932 109921 109907 109928 109951 109921 109891 109910 109932 109905 109909
  735.984  1107050  1528.56  1107517  1532.21 110751 110767 110771 110735 110751 110758 110741 110756 110767 110720 110709 110695 110714 110736 110709 110678 110702 110720 110691 110696
  740.985  1114520  1524.01  1114990  1527.64 111497 111513 111517 111486 111498 111504 111488 111503 111514 111470 111459 111442 111460 111484 111457 111424 111447 111465 111438 111444
  745.984  1121906  1504.51  1122373  1508.34 112242 112262 112265 112229 112245 112251 112233 112248 112186 112212 112201 112189 112207 112157 112204 112169 112193 112211 112185 112190
  750.984  1129224  1502.94  1129772  1506.56 112998 112941 112943 112984 113000 113006 112988 113001 112944 112967 112957 112868 112959 112914 112882 112923 112947 112966 112939 112869
  755.984  1136844  1500.52  1137396  1504.01 113761 113704 113705 113747 113763 113768 113749 113763 113706 113730 113718 113630 113721 113676 113642 113686 113711 113728 113702 113630
  760.984  1144988  1524.33  1145545  1527.72 114583 114526 114529 114569 114585 114515 114571 114585 114531 114551 114540 114453 114466 114497 114462 114510 114534 114550 114524 114452
  765.984  1152905  1530.03  1153566  1530.54 115396 115334 115337 115383 115396 115320 115384 115313 115339 115364 115353 115258 115268 115306 115268 115318 115263 115276 115334 115261
  770.984  1160464  1533.00  1160949  1533.71 116068 116085 116089 116141 116069 116074 116145 116068 116091 116119 116110 116014 116022 116057 116024 116077 116018 116032 116096 116014
  775.984  1168403  1555.22  1168984  1556.53 116874 116892 116896 116935 116876 116882 116939 116875 116897 116918 116904 116817 116829 116861 116831 116869 116823 116838 116811 116820
  780.984  1176772  1593.02  1177353  1591.51 117717 117737 117741 117780 117720 117727 117708 117720 117742 117761 117748 117663 117674 117707 117675 117638 117667 117682 117655 117663
  785.984  1184699  1603.26  1185285  1601.71 118509 118532 118535 118574 118512 118519 118501 118513 118535 118555 118541 118457 118464 118501 118470 118430 118458 118473 118448 118457
  790.984  1192215  1582.08  1192737  1580.94 119263 119283 119288 119251 119266 119269 119255 119266 119285 119311 119297 119207 119214 119253 119223 119181 119208 119223 119201 119208
  795.984  1200291  1590.13  1200902  1585.74 120079 120102 120106 120068 120083 120086 120072 120083 120100 120123 120031 120023 120029 120067 120038 119997 120025 120039 120017 120025
  800.984  1208539  1605.70  1209150  1607.35 120904 120926 120930 120894 120907 120910 120899 120908 120924 120948 120860 120846 120853 120893 120862 120822 120849 120864 120842 120848
  805.984  1216383  1599.36  1216920  1600.57 121689 121713 121717 121679 121692 121693 121682 121692 121710 121653 121641 121632 121636 121680 121649 121606 121632 121648 121625 121634
  810.984  1223980  1573.19  1224528  1574.90 122451 122474 122478 122440 122452 122453 122445 122453 122468 122414 122401 122390 122396 122438 122409 122365 122394 122408 122386 122393
  815.984  1231500  1557.50  1232047  1561.50 123202 123227 123232 123191 123204 123204 123196 123207 123220 123164 123153 123143 123148 123192 123163 123117 123145 123158 123137 123144
  820.984  1239469  1572.79  1240020  1573.72 124000 124024 124029 123988 124002 124002 123993 124004 124017 123961 123949 123940 123944 123990 123958 123916 123942 123955 123933 123942
  825.984  1247646  1568.62  1248100  1565.94 124817 124840 124763 124804 124818 124817 124811 124820 124834 124776 124767 124759 124762 124807 124778 124734 124758 124770 124753 124758
  830.984  1255107  1543.32  1255735  1543.72 125592 125523 125530 125569 125593 125591 125585 125594 125612 125546 125533 125442 125540 125490 125461 125506 125529 125546 125525 125535
  835.984  1263271  1557.80  1263885  1560.39 126404 126349 126353 126387 126404 126402 126396 126406 126418 126366 126352 126268 126349 126314 126285 126319 126344 126361 126337 126342
  840.984  1271468  1581.14  1272080  1583.26 127230 127177 127183 127213 127230 127228 127223 127232 127170 127194 127179 127099 127177 127143 127114 127142 127169 127188 127164 127093
  845.984  1279586  1601.03  1280216  1601.19 128046 127989 127996 128026 128046 128042 128035 128047 127982 128007 127990 127909 127991 127955 127924 127955 127982 127999 127976 127905
  850.984  1287167  1586.63  1287866  1588.95 128812 128753 128761 128791 128811 128808 128801 128812 128745 128772 128756 128674 128676 128719 128690 128723 128749 128765 128742 128673
  855.984  1294051  1548.22  1294616  1554.16 129438 129451 129460 129485 129504 129434 129492 129437 129447 129468 129448 129375 129377 129416 129392 129415 129437 129387 129430 129374
  860.984  1301122  1537.11  1301698  1535.34 130154 130166 130174 130200 130152 130148 130208 130152 130162 130182 130162 130084 130090 130127 130108 130131 130086 130103 130145 130086
  865.984  1308089  1499.50  1308663  1498.05 130856 130869 130877 130903 130855 130851 130845 130854 130866 130887 130862 130791 130794 130829 130809 130833 130795 130806 130845 130792
  870.985  1314883  1454.13  1315521  1452.35 131537 131558 131565 131598 131537 131533 131526 131538 131551 131578 131556 131478 131479 131513 131498 131446 131477 131490 131462 131484
  875.984  1321896  1417.60  1322523  1415.18 132241 132256 132264 132292 132240 132237 132230 132240 132251 132272 132252 132178 132184 132210 132197 132151 132179 132196 132167 132182
  880.984  1328736  1392.65  1329383  1388.72 132935 132948 132956 132917 132933 132930 132924 132932 132944 132964 132874 132867 132874 132901 132889 132846 132870 132884 132861 132870
  885.984  1335619  1385.60  1336270  1390.94 133622 133638 133645 133608 133621 133617 133613 133620 133634 133652 133560 133555 133563 133593 133576 133534 133558 133571 133551 133558
  890.984  1342381  1375.10  1343037  1377.79 134301 134314 134322 134284 134297 134293 134289 134298 134310 134329 134233 134230 134238 134269 134251 134210 134234 134250 134231 134235
  895.984  1349385  1373.96  1349974  1379.19 135001 135015 135022 134983 135000 134993 134990 134999 135011 134960 134932 134933 134930 134974 134951 134910 134935 134953 134929 134938
  900.984  1356151  1373.54  1356750  1374.41 135680 135692 135699 135660 135676 135670 135670 135674 135688 135641 135606 135609 135605 135651 135630 135586 135612 135631 135606 135615
  905.984  1363032  1367.35  1363634  1366.58 136376 136391 136325 136354 136372 136363 136364 136368 136386 136335 136299 136238 136296 136348 136330 136278 136305 136326 136298 136314
  910.984  1370241  1385.97  1370984  1380.10 137109 137122 137066 137089 137107 137099 137099 137103 137118 137072 137033 136979 137028 137013 136996 137017 137037 137060 137035 137043
  915.984  1377517  1395.77  1378194  1394.09 137845 137786 137797 137823 137844 137836 137836 137839 137783 137805 137768 137711 137765 137745 137728 137754 137773 137797 137769 137707
  920.984  1385335  1428.00  1386004  1428.14 138628 138563 138577 138605 138627 138616 138618 138622 138563 138585 138550 138494 138547 138523 138509 138537 138556 138580 138552 138487
  925.984  1392955  1447.27  1393620  1449.75 139388 139326 139338 139367 139389 139376 139381 139382 139326 139347 139313 139258 139309 139287 139271 139298 139319 139338 139312 139250
  930.985  1400600  1476.85  1401342  1478.79 140164 140092 140105 140140 140164 140153 140157 140157 140092 140118 140086 140029 140003 140055 140039 140073 140097 140114 140088 140016
  935.984  1408248  1504.56  1408908  1503.99 140850 140862 140875 140905 140923 140912 140916 140917 140862 140886 140849 140797 140772 140826 140807 140832 140856 140874 140850 140785
  940.984  1415839  1520.12  1416350  1514.82 141617 141629 141641 141671 141614 141678 141609 141609 141629 141653 141615 141562 141539 141594 141575 141599 141624 141565 141615 141551
  945.984  1423464  1534.23  1424056  1531.34 142388 142399 142412 142443 142384 142448 142380 142380 142399 142423 142387 142333 142310 142365 142344 142368 142318 142334 142384 142321
  950.984  1430941  1527.85  1431619  1525.50 143152 143162 143176 143207 143148 143136 143143 143143 143163 143189 143148 143094 143075 143129 143106 143055 143080 143096 143073 143085
  955.984  1438580  1528.34  1439262  1526.22 143917 143925 143941 143971 143912 143900 143908 143909 143926 143953 143911 143858 143838 143892 143870 143818 143848 143861 143834 143850
  960.984  1446311  1526.43  1446997  1527.10 144698 144707 144720 144677 144693 144684 144688 144689 144706 144735 144617 144638 144618 144673 144651 144599 144628 144641 144616 144630
  965.984  1454538  1545.50  1455148  1549.06 145521 145530 145543 145499 145516 145507 145511 145511 145527 145483 145440 145463 145441 145494 145474 145421 145448 145465 145438 145454
  970.984  1462225  1545.10  1462828  1553.96 146289 146300 146315 146264 146284 146273 146277 146279 146296 146251 146205 146237 146210 146268 146247 146186 146214 146230 146203 146225
  975.984  1469830  1545.54  1470437  1548.62 147051 147059 147073 147025 147046 147036 147039 147041 147055 147012 146967 146994 146973 147024 147004 146949 146975 146994 146966 146984
  980.984  1477244  1541.31  1477856  1544.13 147792 147802 147813 147766 147787 147777 147781 147784 147797 147757 147709 147736 147716 147765 147743 147694 147716 147735 147707 147723
  985.984  1485050  1546.64  1485653  1546.61 148571 148582 148594 148547 148566 148557 148559 148564 148576 148537 148489 148516 148496 148545 148524 148476 148496 148516 148489 148503
  990.985  1493085  1555.22  1493762  1551.80 149382 149392 149407 149355 149379 149369 149370 149374 149387 149347 149299 149327 149309 149275 149335 149288 149309 149329 149298 149316
  995.984  1500465  1533.05  1501216  1529.93 150137 150150 150081 150108 150132 150122 150120 150125 150141 150100 150052 150000 150065 150031 150009 150039 150062 150080 150053 150074
 1000.984  1508661  1545.54  1509410  1545.23 150956 150966 150903 150928 150951 150943 150941 150945 150958 150919 150871 150822 150880 150853 150832 150858 150884 150900 150874 150887
 1005.984  1516767  1559.26  1517441  1561.38 151766 151700 151712 151740 151761 151755 151752 151756 151768 151731 151684 151631 151691 151663 151643 151671 151696 151710 151683 151695
 1010.984  1524706  1577.15  1525481  1579.77 152572 152499 152510 152545 152567 152560 152558 152561 152574 152535 152485 152425 152495 152463 152442 152476 152504 152517 152485 152414
 1015.984  1532277  1571.26  1533044  1571.39 153334 153270 153281 153308 153330 153322 153319 153324 153256 153300 153247 153198 153177 153231 153211 153238 153264 153278 153246 153187
 1020.984  1540034  1562.47  1540732  1560.66 154035 154047 154058 154083 154106 154099 154095 154099 154035 154075 154022 153972 153953 154007 153984 154014 154041 154055 154020 153966
 1025.984  1548197  1588.98  1548826  1584.92 154852 154864 154873 154899 154848 154916 154913 154917 154854 154890 154837 154787 154770 154822 154801 154828 154857 154872 154839 154784
 1030.984  1556218  1587.32  1556764  1583.15 155668 155682 155693 155719 155662 155656 155651 155655 155669 155709 155655 155602 155584 155641 155621 155568 155676 155611 155657 155603
 1035.984  1563806  1572.68  1564457  1571.95 156437 156450 156457 156491 156432 156427 156421 156424 156437 156481 156426 156366 156351 156402 156385 156337 156363 156381 156428 156367
 1040.984  1571632  1569.46  1572281  1565.23 157221 157235 157242 157267 157217 157210 157203 157209 157218 157259 157205 157151 157134 157185 157169 157122 157147 157165 157203 157151
 1045.984  1579688  1582.55  1580443  1582.18 158038 158054 158061 158082 158033 158026 158016 158023 158036 158074 158021 157967 157950 158000 157981 157932 157957 157978 157938 157964
 1050.984  1587584  1584.21  1588333  1586.13 158826 158844 158850 158869 158820 158816 158807 158813 158826 158862 158807 158754 158739 158789 158771 158723 158748 158769 158731 158753
 1055.984  1595177  1564.19  1595836  1571.31 159592 159615 159623 159553 159587 159581 159568 159578 159594 159545 159490 159524 159508 159562 159544 159487 159509 159534 159493 159526
 1060.984  1603140  1564.40  1603813  1573.79 160387 160403 160412 160358 160385 160381 160370 160376 160392 160349 160293 160316 160306 160353 160334 160284 160311 160329 160295 160319
 1065.984  1611229  1578.57  1611898  1584.28 161196 161213 161220 161168 161193 161189 161177 161185 161201 161156 161103 161127 161116 161163 161144 161093 161118 161136 161100 161129
 1070.984  1619410  1590.40  1620091  1596.64 162015 162030 162040 161988 162013 162009 161996 162005 162021 161974 161922 161943 161934 161979 161963 161910 161937 161956 161920 161946
 1075.984  1627119  1575.40  1627798  1572.82 162786 162806 162818 162752 162786 162780 162763 162775 162795 162737 162685 162719 162704 162757 162741 162675 162703 162725 162685 162725
 1080.984  1634769  1573.49  1635603  1571.48 163565 163581 163589 163541 163565 163561 163547 163556 163571 163527 163476 163493 163482 163456 163438 163461 163487 163507 163471 163498
 1085.984  1642585  1583.05  1643416  1581.11 164355 164369 164302 164329 164354 164348 164336 164344 164361 164318 164266 164207 164272 164243 164226 164249 164276 164300 164259 164287
 1090.984  1650382  1580.22  1651224  1575.69 165143 165083 165090 165115 165143 165136 165125 165134 165150 165105 165053 164997 165059 165032 165013 165034 165062 165087 165044 165001
 1095.984  1658145  1561.78  1659013  1562.05 165928 165853 165859 165893 165927 165918 165904 165914 165936 165881 165832 165766 165841 165805 165785 165813 165840 165868 165822 165773
 1100.984  1665884  1547.87  1666659  1551.09 166693 166638 166643 166666 166691 166686 166673 166683 166629 166657 166604 166550 166604 166585 166568 166582 166609 166636 166590 166556
 1105.984  1672894  1524.83  1673670  1528.05 167336 167346 167350 167375 167399 167392 167381 167390 167338 167363 167309 167262 167245 167293 167271 167288 167317 167349 167301 167259
 1110.984  1679925  1506.11  1680625  1501.68 168043 168056 168060 168085 168039 168035 168090 168100 168045 168072 168020 167972 167954 168003 167978 167996 168030 167990 168014 167968
 1115.985  1686757  1472.26  1687398  1468.47 168724 168741 168743 168771 168722 168718 168778 168713 168730 168758 168708 168657 168637 168686 168658 168682 168714 168667 168698 168650
 1120.984  1694591  1473.26  1695244  1469.46 169508 169525 169527 169558 169507 169502 169563 169498 169513 169543 169491 169442 169419 169468 169442 169467 169496 169450 169482 169434
 1125.984  1702623  1482.35  1703216  1478.12 170313 170329 170332 170363 170311 170308 170292 170303 170317 170348 170294 170246 170223 170274 170246 170268 170295 170254 170285 170238
 1130.984  1710270  1480.47  1710944  1483.83 171093 171108 171110 171141 171092 171088 171075 171085 171096 171123 171068 171023 171002 171052 171024 170978 171007 171034 171064 171018
 1135.984  1717121  1470.60  1717865  1474.97 171784 171803 171806 171759 171783 171779 171763 171778 171788 171822 171764 171714 171692 171745 171721 171668 171695 171726 171683 171713
 1140.984  1723894  1466.31  1724642  1472.45 172471 172486 172490 172447 172468 172463 172449 172463 172472 172433 172373 172397 172374 172431 172401 172359 172379 172411 172374 172395
 1145.984  1730955  1474.04  1731711  1482.47 173178 173192 173197 173154 173175 173171 173156 173171 173177 173140 173079 173103 173081 173135 173109 173064 173084 173118 173080 173102
 1150.984  1737949  1443.76  1738727  1452.42 173880 173893 173901 173855 173877 173872 173857 173872 173879 173841 173779 173800 173779 173834 173813 173762 173781 173821 173779 173801
 1155.984  1744964  1404.87  1745741  1410.97 174583 174598 174608 174552 174578 174576 174555 174572 174583 174536 174478 174503 174477 174535 174520 174465 174478 174524 174477 174507
 1160.984  1751620  1376.58  1752405  1375.81 175255 175264 175211 175230 175252 175247 175233 175244 175253 175216 175155 175171 175151 175201 175125 175142 175153 175194 175152 175176
 1165.984  1758559  1383.69  1759417  1382.95 175964 175906 175917 175937 175963 175957 175938 175951 175962 175922 175864 175810 175860 175844 175829 175846 175858 175904 175859 175885
 1170.984  1765585  1392.24  1766501  1393.34 176673 176613 176627 176646 176671 176666 176646 176660 176669 176630 176573 176521 176570 176548 176541 176554 176566 176614 176570 176528
 1175.984  1772283  1379.97  1773200  1378.56 177342 177282 177298 177316 177341 177336 177317 177330 177339 177299 177247 177191 177242 177218 177209 177224 177238 177282 177238 177194
 1180.984  1779016  1366.49  1779735  1366.79 177947 177955 177972 177990 177946 178010 177992 178005 177945 177973 177920 177866 177915 177893 177881 177898 177911 177955 177910 177867
 1185.984  1785606  1354.80  1786397  1357.52 178622 178627 178643 178663 178618 178615 178667 178678 178619 178645 178591 178539 178519 178562 178553 178573 178586 178560 178583 178540
 1190.984  1792846  1372.15  1793548  1372.21 179340 179350 179367 179390 179336 179331 179398 179325 179339 179372 179317 179264 179234 179287 179279 179302 179314 179278 179309 179262
