Test case: 
Description: 
	10 senders: persistent queues
	10 receivers: client acknowledge every 50 messages
Timestamp: 2011.11.1 21:40:29
Version: 
Setting up JMS benchmark connections... 

Start processing messages.
Thu Dec 01 21:40:29 EST 2011

  Seconds   Send   Send/Sec   Recv   Recv/Sec   RCV0   RCV1   RCV2   RCV3   RCV4   RCV5   RCV6   RCV7   RCV8   RCV9  SND10  SND11  SND12  SND13  SND14  SND15  SND16  SND17  SND18  SND19
  ------- -------- -------- -------- -------- ------ ------ ------ ------ ------ ------ ------ ------ ------ ------ ------ ------ ------ ------ ------ ------ ------ ------ ------ ------
    1.037        0     0.00        0     0.00      0      0      0      0      0      0      0      0      0      0      0      0      0      0      0      0      0      0      0      0
    6.037     5535  1203.26     5659  1230.22    563    566    567    567    567    566    566    563    566    568    559    550    550    558    544    558    557    547    550    562
   11.037    11722  1221.04    11824  1231.67   1183   1183   1181   1181   1182   1183   1183   1181   1182   1185   1174   1161   1171   1176   1158   1178   1180   1167   1173   1184
   16.037    18858  1291.64    18945  1297.60   1897   1895   1891   1892   1896   1894   1895   1894   1893   1898   1892   1875   1881   1888   1871   1895   1894   1880   1886   1896
   21.037    25835  1318.11    25912  1322.04   2593   2591   2585   2587   2594   2593   2591   2592   2590   2596   2591   2573   2576   2585   2570   2591   2593   2581   2585   2590
   26.037    32600  1325.20    32685  1328.66   3270   3269   3263   3264   3269   3270   3269   3268   3270   3273   3272   3251   3249   3265   3244   3266   3271   3256   3258   3268
   31.037    39504  1334.59    39584  1337.30   3960   3959   3952   3954   3957   3959   3959   3958   3962   3964   3963   3942   3936   3957   3934   3958   3962   3944   3947   3961
   36.037    46458  1373.30    46533  1369.41   4655   4655   4644   4648   4652   4655   4653   4654   4658   4659   4659   4636   4633   4653   4628   4658   4659   4638   4642   4652
   41.037    53294  1385.84    53359  1384.66   5339   5337   5324   5331   5333   5337   5335   5338   5342   5343   5341   5321   5317   5337   5310   5343   5343   5321   5325   5336
   46.037    60082  1365.23    60148  1369.06   6016   6015   6003   6009   6012   6016   6012   6020   6024   6021   6023   6001   5998   6011   5986   6024   6022   5999   6002   6016
   51.037    66960  1355.52    67015  1359.74   6702   6701   6689   6695   6700   6703   6700   6706   6710   6709   6710   6687   6686   6700   6673   6712   6709   6686   6692   6705
   56.037    73913  1363.24    73974  1364.72   7398   7399   7386   7390   7395   7398   7396   7401   7406   7405   7407   7380   7380   7396   7371   7407   7404   7383   7386   7399
   61.037    80775  1360.30    80825  1359.46   8082   8085   8072   8074   8080   8085   8081   8085   8092   8089   8097   8067   8064   8086   8055   8093   8089   8069   8072   8083
   66.037    87509  1357.16    87420  1356.15   8762   8764   8753   8755   8759   8763   8759   8698   8706   8701   8710   8744   8747   8764   8734   8775   8773   8750   8753   8759
   71.037    94135  1357.18    94183  1356.64   9378   9445   9435   9436   9442   9445   9442   9383   9390   9387   9394   9361   9430   9382   9416   9454   9457   9363   9437   9441
   76.037   101526  1388.19   101790  1387.32  10150  10148  10212  10214  10221  10149  10222  10155  10160  10159  10165  10133  10134  10153  10121  10158  10162  10136  10217  10147
   81.037   109476  1424.23   109599  1424.03  10945  10945  11008  11009  10941  10945  10942  10952  10956  10956  10959  10928  10930  10949  10915  10953  10958  10932  11011  10941
   86.037   117153  1451.01   117357  1450.70  11720  11719  11785  11785  11716  11721  11719  11728  11733  11731  11734  11704  11705  11725  11690  11726  11734  11707  11711  11717
   91.037   124806  1477.60   124861  1477.77  12486  12485  12475  12475  12482  12487  12485  12493  12497  12496  12499  12467  12470  12490  12456  12492  12501  12473  12476  12482
   96.037   132686  1516.01   132746  1521.01  13275  13273  13263  13263  13271  13274  13273  13282  13286  13286  13288  13256  13258  13277  13242  13281  13287  13262  13265  13270
  101.037   140399  1552.48   140456  1552.79  14046  14044  14035  14035  14041  14044  14044  14053  14057  14057  14060  14027  14030  14049  14013  14050  14059  14034  14036  14041
  106.037   148127  1563.79   148182  1556.78  14819  14817  14808  14808  14813  14817  14817  14826  14829  14828  14833  14798  14804  14820  14786  14824  14832  14807  14808  14815
  111.038   155722  1551.88   155781  1547.18  15578  15576  15568  15568  15574  15577  15577  15587  15589  15587  15591  15558  15564  15581  15546  15584  15590  15566  15566  15576
  116.037   163572  1555.20   163620  1545.03  16360  16360  16354  16353  16356  16359  16360  16372  16375  16371  16375  16343  16349  16367  16330  16371  16374  16352  16350  16361
  121.037   171257  1551.31   171303  1551.01  17129  17128  17122  17120  17125  17128  17128  17141  17143  17139  17143  17112  17118  17135  17097  17141  17144  17121  17116  17130
  126.037   178918  1533.32   178963  1540.57  17895  17894  17888  17887  17889  17894  17894  17909  17909  17904  17908  17879  17885  17902  17860  17906  17911  17889  17882  17896
  131.038   186466  1526.48   186512  1528.56  18650  18650  18643  18642  18645  18650  18650  18661  18663  18658  18661  18635  18639  18658  18615  18662  18665  18640  18638  18653
  136.037   194169  1520.30   194192  1519.66  19420  19416  19407  19409  19411  19416  19417  19431  19435  19430  19433  19407  19411  19430  19381  19431  19435  19414  19403  19424
  141.037   202042  1524.16   202068  1523.36  20206  20204  20195  20197  20199  20202  20205  20219  20223  20218  20219  20196  20197  20216  20169  20217  20221  20202  20192  20213
  146.038   209835  1526.23   209875  1526.02  20986  20986  20978  20979  20981  20984  20986  20997  21001  20997  20998  20973  20977  20994  20952  20997  21000  20978  20974  20992
  151.038   217257  1526.46   217382  1526.09  21761  21760  21755  21755  21757  21759  21760  21690  21695  21690  21692  21666  21750  21769  21727  21771  21774  21670  21752  21686
  156.037   225151  1539.01   225348  1538.98  22556  22556  22549  22548  22550  22556  22556  22490  22495  22492  22493  22467  22544  22488  22522  22566  22568  22471  22546  22486
  161.037   232629  1541.76   232685  1542.13  23244  23246  23311  23311  23312  23247  23246  23253  23259  23256  23256  23230  23231  23250  23284  23328  23257  23234  23309  23250
  166.037   240563  1551.19   240697  1552.17  24043  24044  24118  24118  24119  24044  24044  24053  24058  24056  24056  24030  24031  24052  24088  24053  24054  24034  24115  24050
  171.037   248226  1544.70   248131  1545.74  24810  24813  24806  24806  24805  24813  24813  24819  24824  24822  24822  24795  24800  24819  24849  24823  24823  24802  24878  24815
  176.037   256359  1561.26   256408  1561.56  25638  25641  25633  25633  25634  25641  25641  25645  25652  25650  25651  25623  25629  25648  25601  25652  25652  25630  25631  25642
  181.037   264521  1586.09   264583  1583.98  26456  26458  26451  26450  26453  26459  26459  26462  26469  26466  26467  26439  26447  26464  26419  26466  26469  26446  26447  26457
  186.037   272094  1575.27   272155  1570.70  27215  27216  27207  27206  27208  27216  27217  27220  27227  27223  27224  27197  27205  27220  27174  27223  27228  27205  27204  27214
  191.037   279671  1578.59   279728  1578.62  27971  27973  27965  27964  27965  27974  27973  27978  27985  27980  27983  27954  27963  27977  27931  27980  27986  27964  27962  27971
  196.037   287635  1579.60   287686  1576.81  28766  28768  28761  28761  28761  28769  28768  28774  28782  28776  28778  28749  28759  28776  28728  28776  28783  28761  28759  28766
  201.037   295810  1596.78   295862  1599.16  29585  29586  29577  29577  29577  29587  29586  29591  29602  29594  29596  29566  29576  29594  29544  29595  29601  29579  29576  29583
  206.037   303918  1586.21   303967  1589.46  30395  30395  30386  30385  30388  30397  30394  30404  30417  30406  30408  30377  30392  30407  30350  30403  30410  30392  30384  30395
  211.037   311617  1567.72   311673  1570.03  31167  31166  31159  31159  31159  31167  31166  31172  31184  31174  31176  31144  31160  31175  31126  31173  31180  31161  31159  31163
  216.037   319283  1566.14   319349  1571.31  31933  31933  31928  31928  31927  31934  31933  31940  31951  31942  31945  31910  31927  31941  31891  31941  31946  31927  31925  31930
  221.037   327620  1589.06   327687  1591.88  32766  32767  32762  32762  32761  32768  32768  32773  32785  32775  32780  32744  32760  32773  32725  32774  32781  32760  32759  32764
  226.037   335616  1584.93   335688  1579.43  33564  33567  33562  33562  33561  33569  33568  33573  33586  33576  33583  33543  33563  33574  33520  33573  33578  33561  33555  33566
  231.037   343344  1574.43   343341  1570.30  34335  34339  34336  34336  34335  34342  34341  34346  34281  34350  34354  34316  34337  34347  34294  34346  34351  34333  34328  34338
  236.037   351437  1569.23   351441  1570.17  35145  35148  35149  35146  35145  35153  35151  35154  35093  35157  35163  35126  35144  35157  35106  35155  35160  35140  35140  35146
  241.037   358722  1567.01   358926  1567.45  35900  35903  35904  35902  35899  35907  35907  35906  35853  35845  35851  35882  35831  35844  35865  35911  35914  35827  35896  35901
  246.037   365786  1548.74   365849  1548.81  36611  36616  36615  36615  36612  36551  36551  36552  36567  36559  36567  36528  36542  36559  36576  36623  36627  36539  36609  36616
  251.037   372511  1496.28   372359  1496.51  37221  37225  37225  37225  37297  37229  37229  37228  37243  37237  37242  37205  37220  37236  37260  37308  37310  37215  37292  37223
  256.037   379428  1465.67   379369  1465.81  37931  37933  37935  37933  37931  37936  37936  37936  37951  37947  37952  37912  37928  37946  37960  37939  37942  37924  37994  37931
  261.037   386506  1446.09   386505  1448.50  38643  38647  38650  38648  38643  38648  38651  38651  38665  38659  38666  38626  38646  38658  38680  38653  38650  38641  38641  38645
  266.037   394159  1433.67   394222  1435.65  39414  39418  39421  39420  39414  39420  39422  39421  39437  39435  39439  39398  39419  39429  39381  39425  39420  39415  39414  39419
  271.037   401919  1449.56   401997  1445.34  40190  40194  40200  40195  40188  40195  40201  40200  40218  40216  40217  40176  40197  40205  40151  40199  40194  40195  40187  40198
  276.037   410020  1484.41   410098  1484.92  41001  41006  41009  41006  41001  41006  41011  41009  41025  41024  41023  40984  41003  41013  40966  41012  41006  41003  41002  41008
  281.037   417754  1518.22   417832  1520.81  41774  41779  41783  41779  41775  41781  41784  41782  41797  41798  41797  41759  41775  41786  41739  41786  41779  41775  41776  41782
  286.038   425296  1539.19   425369  1538.52  42528  42532  42537  42532  42530  42534  42537  42538  42551  42550  42552  42512  42529  42541  42493  42540  42532  42530  42531  42536
  291.037   433123  1559.35   433193  1559.21  43310  43314  43320  43313  43314  43317  43319  43320  43333  43333  43333  43296  43311  43323  43277  43323  43316  43312  43314  43318
  296.037   440626  1546.83   440692  1551.93  44059  44064  44070  44064  44064  44067  44069  44070  44082  44083  44083  44045  44062  44073  44027  44073  44067  44062  44066  44068
  301.038   448206  1537.95   448279  1535.23  44818  44822  44829  44823  44824  44825  44826  44827  44842  44843  44841  44802  44820  44830  44784  44833  44824  44822  44823  44827
  306.037   455913  1522.58   455979  1514.70  45589  45592  45599  45593  45594  45596  45596  45596  45611  45613  45612  45571  45590  45601  45556  45604  45596  45592  45594  45597
  311.037   463607  1514.77   463669  1511.58  46355  46359  46369  46360  46362  46366  46364  46366  46383  46385  46384  46338  46361  46372  46323  46371  46365  46364  46363  46366
  316.037   471411  1522.74   471402  1522.47  47138  47141  47151  47142  47145  47147  47147  47145  47159  47087  47164  47119  47140  47150  47105  47153  47147  47142  47144  47147
  321.037   479204  1522.80   479188  1522.53  47926  47929  47938  47928  47932  47933  47933  47930  47869  47870  47952  47906  47928  47938  47892  47941  47932  47852  47930  47933
  326.037   486669  1524.82   486737  1524.88  48679  48683  48692  48682  48686  48690  48689  48686  48623  48627  48706  48661  48681  48615  48648  48693  48685  48607  48685  48688
  331.037   494006  1523.74   493921  1523.71  49434  49439  49372  49438  49369  49371  49369  49367  49379  49383  49385  49342  49362  49370  49406  49451  49440  49363  49443  49444
  336.037   501759  1528.04   501739  1527.77  50215  50221  50154  50219  50152  50153  50151  50149  50160  50165  50168  50125  50146  50153  50189  50234  50223  50145  50226  50150
  341.037   509337  1529.40   509239  1529.19  50912  50919  50926  50916  50924  50925  50924  50922  50933  50938  50941  50897  50918  50927  50964  50931  50995  50918  50923  50923
  346.037   516804  1523.31   516870  1525.82  51674  51681  51689  51679  51685  51689  51688  51686  51697  51702  51703  51658  51681  51689  51648  51694  51681  51679  51686  51685
  351.037   524893  1533.19   524957  1535.87  52482  52490  52498  52486  52494  52497  52498  52494  52507  52511  52511  52468  52492  52498  52458  52503  52489  52486  52494  52494
  356.037   532985  1554.23   533047  1554.03  53292  53299  53309  53296  53303  53305  53305  53305  53315  53318  53321  53276  53299  53306  53267  53313  53300  53297  53303  53303
  361.037   540694  1566.71   540750  1571.44  54062  54069  54080  54067  54072  54075  54075  54076  54086  54088  54092  54047  54068  54077  54040  54082  54072  54069  54075  54072
  366.037   548495  1568.32   548550  1570.84  54843  54849  54860  54846  54854  54855  54853  54855  54867  54868  54870  54828  54848  54857  54821  54862  54853  54848  54854  54854
  371.037   556333  1577.05   556384  1576.91  55627  55633  55644  55630  55636  55638  55636  55638  55651  55651  55653  55613  55632  55640  55605  55647  55638  55631  55637  55637
  376.037   563922  1578.62   563977  1575.74  56387  56393  56404  56388  56395  56397  56396  56397  56409  56411  56413  56372  56391  56397  56365  56405  56396  56391  56396  56396
  381.037   572223  1577.79   572284  1577.68  57218  57225  57235  57219  57225  57227  57227  57228  57239  57241  57245  57204  57220  57228  57195  57234  57226  57221  57225  57225
  386.037   579777  1557.68   579844  1555.30  57972  57980  57991  57975  57981  57984  57982  57986  57995  57998  58000  57959  57979  57984  57948  57991  57981  57977  57980  57978
  391.037   586691  1525.35   586730  1524.92  58662  58669  58679  58666  58670  58672  58670  58675  58683  58684  58691  58653  58666  58676  58638  58684  58670  58667  58674  58672
  396.038   593803  1497.63   593841  1497.06  59370  59382  59390  59378  59381  59382  59382  59385  59397  59394  59400  59360  59380  59388  59350  59398  59380  59381  59383  59383
  401.037   601021  1474.66   601054  1474.06  60090  60103  60111  60098  60101  60104  60104  60108  60118  60117  60123  60081  60104  60112  60072  60118  60101  60103  60102  60105
  406.037   608553  1473.96   608419  1472.92  60849  60861  60874  60858  60859  60864  60863  60792  60800  60799  60886  60842  60867  60874  60831  60878  60861  60787  60862  60865
  411.037   615991  1453.59   616014  1452.32  61615  61627  61564  61625  61627  61631  61629  61560  61570  61566  61576  61611  61557  61565  61595  61646  61628  61555  61628  61630
  416.037   624235  1478.66   624326  1476.95  62447  62458  62396  62456  62458  62461  62460  62392  62401  62397  62410  62367  62387  62397  62427  62477  62461  62387  62460  62462
  421.037   632255  1523.96   632348  1523.26  63272  63281  63219  63281  63209  63211  63209  63217  63227  63222  63234  63190  63212  63222  63251  63226  63211  63211  63286  63212
  426.037   639714  1537.53   639729  1536.76  64041  63956  63971  63956  63960  63961  63960  63970  63979  63975  63985  63945  63962  63975  64022  63977  63961  63964  63960  63963
  431.037   647569  1562.07   647669  1561.80  64819  64751  64766  64753  64757  64759  64756  64765  64773  64770  64779  64739  64755  64769  64725  64774  64758  64756  64756  64758
  436.037   655176  1564.58   655208  1570.15  65505  65513  65527  65513  65518  65519  65518  65528  65536  65531  65539  65499  65516  65528  65486  65537  65517  65516  65518  65520
  441.037   662834  1571.91   662873  1572.45  66272  66280  66293  66279  66284  66286  66284  66295  66302  66298  66307  66266  66282  66292  66253  66302  66283  66282  66281  66286
  446.037   670454  1550.92   670490  1549.08  67034  67043  67054  67041  67046  67047  67044  67057  67063  67061  67067  67029  67043  67054  67016  67066  67045  67044  67044  67046
  451.037   678088  1538.02   678129  1536.28  67798  67806  67819  67804  67809  67809  67808  67821  67828  67827  67830  67794  67805  67816  67780  67830  67808  67809  67807  67809
  456.037   686379  1565.99   686418  1564.18  68629  68636  68647  68634  68639  68639  68637  68648  68656  68653  68659  68621  68634  68643  68610  68661  68637  68638  68636  68640
  461.037   694011  1558.46   694052  1548.93  69395  69398  69411  69399  69402  69403  69401  69410  69418  69415  69422  69384  69397  69405  69374  69424  69400  69400  69401  69404
  466.037   702099  1571.73   702133  1563.04  70200  70204  70219  70207  70210  70211  70209  70220  70228  70225  70233  70193  70205  70214  70181  70235  70208  70210  70208  70212
  471.038   709847  1561.58   709885  1567.01  70976  70980  70994  70983  70986  70987  70986  70994  71001  70998  71009  70967  70980  70990  70957  71010  70981  70983  70983  70987
  476.037   718100  1583.56   718137  1581.04  71800  71805  71821  71807  71812  71812  71811  71820  71826  71823  71834  71792  71806  71817  71781  71835  71805  71809  71809  71812
  481.037   726019  1588.15   726046  1585.17  72591  72598  72612  72598  72602  72603  72601  72611  72617  72613  72627  72584  72599  72608  72573  72627  72596  72600  72601  72604
  486.037   733660  1562.55   733686  1559.36  73355  73362  73376  73361  73366  73367  73364  73376  73381  73378  73394  73347  73363  73373  73337  73391  73358  73366  73364  73367
  491.037   741275  1557.38   741319  1557.28  74113  74126  74140  74125  74130  74131  74126  74139  74145  74144  74156  74108  74126  74137  74098  74152  74115  74129  74123  74131
  496.037   749418  1562.05   749233  1562.45  74931  74941  74953  74942  74945  74946  74942  74874  74880  74879  74968  74923  74939  74951  74911  74965  74935  74939  74940  74947
  501.037   757428  1575.96   757325  1576.53  75748  75759  75692  75759  75760  75763  75759  75692  75696  75697  75707  75740  75757  75766  75727  75781  75752  75677  75757  75764
  506.037   765181  1569.75   765309  1570.25  76552  76564  76498  76564  76566  76493  76564  76500  76504  76504  76513  76472  76486  76497  76532  76511  76556  76486  76561  76567
  511.037   772683  1558.14   772654  1558.84  77310  77246  77256  77322  77248  77251  77246  77255  77259  77261  77270  77231  77242  77255  77291  77269  77314  77242  77320  77249
  516.037   780648  1571.61   780621  1572.42  78113  78051  78059  78050  78053  78055  78051  78060  78064  78065  78073  78035  78045  78059  78017  78074  78118  78047  78125  78055
  521.037   788494  1581.98   788462  1581.98  78829  78844  78851  78842  78845  78847  78842  78851  78855  78856  78864  78827  78837  78852  78809  78866  78911  78841  78840  78847
  526.037   796428  1577.52   796464  1584.93  79631  79645  79652  79644  79645  79646  79642  79650  79654  79655  79664  79625  79637  79651  79613  79668  79639  79641  79642  79648
  531.037   803314  1539.80   803347  1544.36  80318  80332  80343  80330  80331  80331  80331  80341  80345  80345  80350  80313  80326  80340  80302  80359  80328  80328  80330  80338
  536.037   810347  1515.59   810370  1512.06  81023  81034  81041  81032  81035  81034  81034  81043  81047  81047  81053  81013  81032  81041  81010  81061  81031  81031  81033  81042
  541.037   817551  1505.64   817561  1506.95  81742  81754  81761  81752  81752  81754  81754  81761  81765  81766  81771  81735  81752  81762  81729  81781  81751  81753  81753  81764
  546.037   824653  1476.68   824679  1471.61  82454  82466  82473  82463  82463  82465  82466  82474  82477  82478  82482  82446  82466  82472  82437  82492  82460  82465  82459  82474
  551.037   831690  1444.05   831723  1440.86  83156  83170  83178  83167  83166  83169  83169  83182  83183  83183  83185  83148  83171  83182  83136  83195  83159  83170  83165  83179
  556.037   838532  1398.69   838546  1400.50  83843  83854  83859  83851  83851  83851  83851  83862  83862  83862  83870  83833  83854  83863  83824  83877  83847  83851  83851  83862
  561.037   845575  1402.01   845587  1396.74  84547  84558  84563  84556  84554  84555  84556  84565  84566  84567  84575  84537  84560  84565  84525  84579  84550  84553  84562  84569
  566.037   853390  1423.02   853402  1417.55  85327  85340  85345  85337  85334  85335  85336  85348  85349  85351  85355  85317  85342  85350  85305  85362  85330  85336  85342  85351
  571.037   861573  1450.62   861577  1447.77  86145  86157  86162  86155  86151  86151  86154  86166  86167  86169  86174  86137  86163  86166  86124  86180  86146  86154  86160  86169
  576.037   869135  1467.42   868977  1466.34  86899  86912  86917  86909  86906  86906  86909  86848  86920  86851  86930  86893  86919  86923  86879  86935  86903  86910  86917  86926
  581.037   876621  1482.62   876385  1481.17  87648  87659  87665  87661  87654  87654  87659  87595  87592  87598  87680  87644  87667  87670  87627  87685  87653  87657  87665  87673
  586.037   884281  1510.32   884031  1509.75  88421  88433  88358  88435  88427  88428  88433  88367  88360  88369  88454  88419  88440  88442  88401  88460  88428  88351  88439  88447
  591.038   891764  1539.73   891740  1538.56  89207  89142  89148  89145  89213  89212  89217  89152  89150  89154  89165  89127  89151  89151  89188  89244  89214  89141  89228  89155
  596.037   899529  1540.64   899499  1539.33  89989  89925  89932  89930  89995  89995  89924  89937  89934  89938  89951  89912  89935  89934  89970  89954  89998  89926  90010  89939
  601.037   907027  1522.82   906922  1521.64  90678  90690  90697  90696  90684  90684  90688  90701  90699  90705  90718  90677  90702  90700  90658  90716  90687  90689  90773  90707
  606.037   914538  1523.59   914496  1527.48  91435  91448  91457  91455  91440  91439  91447  91457  91457  91461  91476  91436  91462  91459  91416  91475  91442  91448  91458  91466
  611.038   922381  1535.62   922337  1542.07  92220  92231  92241  92239  92223  92224  92230  92242  92241  92246  92261  92219  92245  92243  92201  92260  92227  92232  92243  92250
  616.037   930289  1543.94   930255  1551.19  93012  93023  93032  93031  93014  93019  93020  93034  93032  93038  93051  93009  93035  93032  92992  93053  93017  93023  93035  93042
  621.037   937822  1545.62   937778  1544.95  93765  93776  93783  93782  93767  93771  93772  93786  93786  93790  93804  93762  93789  93786  93744  93806  93770  93778  93789  93794
  626.037   945223  1533.36   945173  1532.68  94505  94516  94521  94520  94508  94512  94511  94525  94525  94530  94544  94501  94529  94526  94486  94544  94511  94518  94529  94535
  631.037   952169  1514.88   952115  1511.93  95200  95210  95216  95215  95201  95207  95206  95219  95218  95223  95241  95195  95223  95222  95179  95240  95203  95210  95224  95232
  636.037   959075  1483.07   959016  1484.88  95890  95900  95906  95905  95892  95897  95896  95909  95908  95913  95932  95888  95911  95911  95869  95930  95895  95901  95917  95921
  641.037   965859  1445.51   965784  1444.57  96567  96578  96583  96583  96568  96573  96572  96586  96584  96590  96613  96566  96588  96589  96546  96608  96575  96580  96595  96599
  646.037   972627  1405.01   972547  1403.34  97243  97253  97259  97259  97244  97250  97248  97262  97262  97267  97290  97245  97263  97264  97221  97288  97251  97257  97273  97275
  651.038   979529  1378.99   979440  1377.45  97933  97942  97949  97949  97934  97938  97937  97951  97951  97956  97982  97935  97951  97957  97906  97979  97941  97948  97966  97964
  656.037   986465  1361.07   986310  1359.77  98626  98635  98645  98644  98626  98633  98630  98645  98644  98650  98676  98624  98644  98650  98600  98674  98640  98644  98659  98654
  661.037   993284  1356.96   992916  1355.41  99306  99315  99259  99259  99305  99314  99309  99260  99325  99264  99360  99307  99328  99332  99279  99358  99319  99327  99341  99333
  666.037  1000353  1367.28  1000107  1366.14 100037 100044  99982  99982 100034 100042 100036  99982  99980  99988 100014  99962 100056  99987 100009 100088 100046 100057 100071 100063
  671.037  1007970  1394.66  1007778  1393.86 100812 100821 100741 100741 100805 100817 100809 100742 100740 100750 100774 100724 100831 100747 100781 100865 100819 100741 100848 100840
  676.037  1015673  1435.50  1015576  1434.90 101608 101526 101540 101540 101599 101525 101603 101541 101541 101553 101574 101524 101537 101546 101578 101573 101614 101540 101641 101546
  681.037  1023508  1470.62  1023406  1470.12 102317 102320 102335 102335 102381 102321 102387 102333 102333 102344 102367 102318 102334 102341 102361 102367 102398 102334 102348 102340
  686.037  1030933  1489.68  1030842  1489.55 103068 103069 103086 103086 103132 103072 103063 103086 103085 103095 103116 103069 103084 103091 103036 103118 103148 103084 103097 103090
  691.037  1038503  1517.42  1038495  1526.88 103832 103834 103854 103851 103899 103837 103826 103851 103851 103860 103879 103835 103849 103858 103800 103883 103835 103849 103861 103854
  696.037  1046238  1539.71  1046149  1544.98 104607 104607 104628 104625 104594 104611 104600 104623 104623 104631 104651 104608 104624 104630 104573 104657 104609 104623 104635 104628
  701.037  1054089  1547.57  1053995  1550.85 105391 105392 105415 105409 105379 105396 105385 105406 105407 105415 105437 105392 105410 105415 105358 105443 105395 105406 105420 105413
  706.037  1061577  1540.40  1061469  1532.21 106139 106139 106161 106155 106126 106146 106135 106153 106154 106161 106185 106140 106157 106163 106108 106191 106148 106155 106169 106161
  711.037  1069133  1528.29  1069027  1525.30 106893 106893 106919 106910 106883 106901 106892 106907 106909 106920 106941 106897 106912 106920 106862 106947 106904 106911 106923 106916
  716.037  1077086  1540.67  1076965  1534.46 107688 107686 107710 107705 107679 107697 107684 107702 107704 107710 107737 107691 107706 107714 107657 107742 107698 107708 107720 107713
  721.037  1084676  1539.46  1084556  1533.19 108447 108445 108470 108464 108438 108456 108442 108462 108463 108469 108496 108451 108466 108474 108418 108500 108456 108465 108479 108471
  726.037  1092297  1527.68  1092175  1529.16 109209 109206 109231 109226 109201 109220 109203 109225 109224 109230 109257 109215 109228 109236 109181 109265 109218 109226 109238 109233
  731.037  1099817  1516.01  1099694  1515.20 109962 109958 109983 109978 109952 109970 109956 109978 109975 109982 110007 109967 109980 109986 109934 110018 109972 109976 109991 109986
  736.037  1107702  1527.23  1107586  1527.16 110751 110750 110772 110767 110742 110758 110744 110766 110766 110770 110795 110756 110767 110772 110723 110808 110762 110765 110781 110773
  741.037  1115167  1520.03  1114978  1524.90 111496 111496 111449 111515 111488 111503 111490 111512 111513 111516 111540 111503 111514 111519 111470 111553 111509 111513 111527 111519
  746.037  1122567  1503.07  1122218  1503.14 112243 112241 112192 112188 112235 112251 112235 112183 112262 112188 112288 112176 112261 112267 112216 112302 112255 112261 112274 112267
  751.037  1130035  1501.56  1129693  1501.69 112999 112994 112948 112943 112990 113007 112988 112939 112942 112943 113043 112931 113014 113021 112970 112984 113009 113015 113028 113020
  756.037  1137503  1501.51  1137312  1501.74 113763 113756 113708 113705 113752 113770 113751 113701 113702 113704 113803 113693 113777 113707 113732 113746 113771 113777 113791 113706
  761.037  1145653  1525.27  1145384  1525.40 114510 114578 114530 114529 114573 114516 114572 114525 114525 114526 114625 114516 114599 114532 114554 114569 114592 114523 114614 114529
  766.037  1153588  1531.24  1153478  1531.38 115317 115387 115339 115339 115385 115323 115384 115336 115333 115335 115439 115327 115328 115341 115365 115378 115404 115328 115344 115334
  771.037  1161052  1533.79  1161029  1536.48 116071 116150 116092 116092 116144 116077 116143 116088 116086 116086 116111 116079 116082 116093 116125 116128 116165 116081 116099 116089
  776.037  1169096  1556.28  1169052  1563.89 116877 116943 116897 116898 116939 116884 116938 116893 116894 116889 116919 116884 116890 116899 116918 116936 116958 116890 116906 116896
  781.037  1177467  1589.13  1177423  1596.58 117720 117711 117743 117743 117784 117728 117782 117738 117740 117734 117767 117728 117735 117745 117687 117780 117801 117734 117750 117740
  786.037  1185323  1604.70  1185210  1607.32 118513 118504 118539 118538 118503 118522 118499 118531 118534 118527 118560 118520 118527 118542 118480 118573 118520 118527 118540 118534
  791.037  1192844  1583.59  1192729  1588.76 119265 119259 119291 119287 119256 119273 119251 119283 119286 119278 119314 119273 119279 119293 119233 119326 119272 119278 119291 119285
  796.037  1201020  1588.83  1200902  1582.75 120082 120075 120108 120104 120073 120090 120068 120101 120105 120096 120131 120092 120099 120111 120049 120143 120091 120094 120108 120102
  801.037  1209271  1615.59  1209147  1604.62 120907 120899 120932 120929 120898 120914 120893 120925 120929 120921 120956 120917 120924 120934 120874 120970 120916 120920 120933 120927
  806.037  1217113  1603.29  1216993  1595.54 121691 121682 121717 121714 121685 121697 121676 121710 121714 121707 121738 121702 121708 121721 121657 121757 121697 121703 121718 121712
  811.038  1224714  1571.95  1224597  1569.63 122452 122445 122476 122473 122446 122457 122439 122469 122473 122467 122500 122462 122467 122479 122418 122516 122459 122463 122477 122473
  816.037  1232246  1556.38  1232126  1558.83 123202 123198 123229 123227 123200 123209 123190 123223 123227 123221 123255 123216 123220 123233 123170 123270 123211 123216 123229 123226
  821.037  1240213  1571.48  1240096  1571.41 123999 123996 124024 124023 123999 124007 123986 124020 124024 124018 124052 124012 124018 124030 123967 124065 124007 124013 124027 124022
  826.037  1248295  1568.91  1248259  1566.26 124815 124812 124840 124839 124815 124821 124804 124837 124841 124835 124869 124745 124834 124847 124786 124879 124824 124830 124841 124840
  831.037  1256047  1546.74  1255740  1543.89 125591 125586 125523 125620 125590 125598 125573 125519 125524 125616 125646 125512 125613 125627 125559 125658 125594 125605 125616 125617
  836.037  1264062  1557.26  1263797  1557.53 126401 126398 126347 126347 126401 126406 126388 126342 126347 126420 126454 126335 126416 126356 126371 126465 126405 126411 126426 126423
  841.038  1272256  1577.84  1271998  1578.17 127227 127225 127176 127176 127227 127234 127214 127172 127176 127171 127283 127164 127241 127182 127197 127218 127231 127237 127251 127252
  846.038  1280244  1598.01  1280127  1598.14 128040 128038 127988 127988 128043 128047 128028 127984 127988 127983 128096 127976 127979 127996 128011 128031 128045 128052 128067 127991
  851.037  1287817  1586.31  1287775  1586.17 128805 128803 128752 128752 128807 128811 128794 128749 128753 128749 128782 128741 128743 128760 128777 128795 128811 128817 128833 128758
  856.037  1294729  1551.38  1294596  1548.19 129430 129496 129451 129450 129498 129437 129488 129447 129451 129448 129488 129442 129448 129461 129469 129498 129502 129443 129522 129456
  861.037  1301882  1531.28  1301682  1537.18 130145 130210 130166 130164 130146 130153 130204 130162 130170 130162 130207 130157 130161 130175 130184 130211 130218 130161 130239 130169
  866.037  1308793  1498.76  1308654  1503.02 130849 130847 130870 130868 130850 130857 130907 130864 130874 130868 130912 130859 130864 130879 130820 130914 130926 130868 130880 130871
  871.037  1315588  1454.09  1315443  1457.89 131534 131529 131558 131555 131533 131542 131522 131551 131564 131555 131599 131545 131549 131565 131505 131601 131545 131557 131565 131557
  876.037  1322601  1419.14  1322445  1420.11 132236 132232 132256 132254 132234 132242 132224 132251 132261 132255 132299 132242 132252 132265 132210 132299 132252 132258 132268 132256
  881.037  1329527  1397.42  1329369  1393.52 132928 132924 132949 132944 132926 132936 132917 132944 132952 132949 132993 132933 132942 132958 132903 132989 132945 132951 132963 132950
  886.037  1336434  1392.66  1336258  1388.97 133618 133612 133638 133632 133613 133626 133606 133633 133642 133638 133686 133623 133629 133648 133595 133681 133633 133642 133651 133646
  891.037  1343213  1379.87  1343027  1375.64 134295 134289 134316 134309 134289 134302 134284 134310 134319 134314 134361 134303 134308 134327 134274 134357 134311 134325 134327 134320
  896.037  1350224  1376.09  1350042  1374.69 134996 134992 135018 135010 134989 135004 134986 135011 135022 135014 135061 135004 135009 135029 134979 135057 135012 135027 135026 135020
  901.038  1356992  1375.60  1356812  1372.28 135674 135670 135693 135689 135666 135682 135663 135688 135698 135689 135735 135683 135688 135705 135657 135730 135691 135701 135704 135698
  906.037  1363892  1370.05  1363710  1369.11 136368 136365 136396 136387 136359 136377 136359 136388 136324 136387 136434 136309 136387 136405 136351 136429 136384 136398 136400 136395
  911.037  1371232  1383.62  1370976  1380.37 137103 137099 137057 137119 137095 137109 137096 137118 137062 137118 137170 137048 137120 137134 137085 137161 137118 137130 137137 137129
  916.037  1378600  1392.26  1378262  1391.93 137841 137836 137788 137856 137830 137846 137831 137783 137795 137856 137909 137781 137858 137871 137821 137899 137852 137867 137874 137868
  921.037  1386267  1425.81  1385920  1425.74 138626 138619 138566 138559 138612 138629 138612 138562 138575 138560 138689 138561 138641 138575 138606 138602 138634 138652 138656 138651
  926.037  1393729  1447.52  1393537  1447.15 139386 139379 139329 139322 139373 139389 139374 139324 139337 139324 139376 139326 139324 139338 139365 139365 139398 139410 139416 139411
  931.037  1401350  1476.73  1401084  1476.73 140077 140155 140095 140089 140149 140081 140152 140091 140105 140090 140141 140092 140089 140105 140142 140130 140173 140183 140193 140102
  936.037  1409006  1503.78  1408746  1503.74 140846 140915 140863 140859 140909 140850 140913 140858 140872 140861 140911 140859 140859 140875 140902 140899 140933 140942 140955 140871
  941.037  1416600  1514.75  1416414  1517.10 141611 141682 141629 141626 141677 141616 141682 141625 141638 141628 141677 141626 141627 141640 141670 141667 141701 141709 141644 141639
  946.037  1424164  1526.44  1423967  1531.17 142381 142376 142399 142397 142447 142387 142376 142397 142409 142398 142448 142397 142399 142411 142443 142439 142397 142405 142416 142409
  951.037  1431738  1525.87  1431533  1530.64 143144 143140 143165 143159 143137 143151 143140 143162 143172 143163 143211 143163 143165 143175 143131 143206 143162 143171 143182 143172
  956.037  1439373  1528.96  1439181  1531.68 143909 143905 143931 143924 143901 143915 143905 143927 143936 143928 143975 143929 143930 143936 143894 143970 143924 143935 143946 143934
  961.037  1447183  1535.50  1446985  1537.82 144688 144687 144711 144706 144683 144695 144687 144705 144716 144707 144758 144709 144712 144718 144677 144751 144703 144715 144727 144713
  966.037  1455408  1554.50  1455217  1554.19 145509 145509 145535 145530 145507 145519 145509 145529 145540 145530 145579 145533 145536 145540 145499 145574 145526 145536 145550 145535
  971.037  1463095  1554.40  1462909  1545.91 146276 146275 146308 146301 146272 146287 146275 146301 146313 146301 146348 146306 146306 146310 146265 146347 146291 146302 146318 146302
  976.037  1470684  1550.69  1470499  1548.51 147036 147037 147064 147059 147034 147046 147036 147058 147070 147059 147106 147058 147063 147069 147027 147103 147053 147063 147079 147063
  981.037  1478103  1543.39  1477915  1543.93 147778 147780 147807 147800 147777 147785 147779 147800 147810 147799 147848 147798 147806 147812 147768 147848 147791 147807 147821 147804
  986.037  1485899  1546.09  1485713  1548.74 148557 148560 148586 148580 148556 148565 148560 148579 148592 148578 148628 148579 148584 148592 148548 148627 148571 148585 148601 148584
  991.037  1493930  1551.44  1493830  1554.93 149368 149372 149398 149392 149366 149377 149372 149391 149404 149390 149438 149313 149397 149402 149360 149437 149382 149395 149411 149395
  996.037  1501471  1526.58  1501309  1524.77 150121 150127 150157 150151 150117 150131 150127 150151 150079 150148 150194 150067 150155 150161 150109 150196 150134 150145 150162 150148
 1001.037  1509643  1544.18  1509400  1539.68 150941 150945 150894 150963 150937 150950 150945 150963 150901 150961 151008 150887 150970 150973 150929 151009 150956 150964 150981 150966
 1006.037  1517672  1555.74  1517427  1556.41 151752 151756 151704 151773 151748 151758 151756 151699 151710 151771 151817 151699 151780 151779 151742 151745 151766 151774 151792 151778
 1011.037  1525541  1573.51  1525286  1574.42 152557 152562 152501 152492 152554 152564 152562 152495 152509 152490 152621 152500 152499 152500 152549 152542 152570 152578 152599 152583
 1016.037  1533130  1571.60  1532956  1571.97 153318 153324 153275 153265 153315 153327 153324 153268 153278 153262 153309 153270 153271 153272 153311 153315 153333 153340 153363 153346
 1021.037  1540903  1563.42  1540721  1560.74 154094 154099 154052 154042 154092 154102 154099 154047 154054 154040 154087 154047 154050 154050 154088 154093 154110 154117 154139 154122
 1026.037  1549075  1584.80  1548814  1584.03 154910 154916 154867 154858 154910 154844 154916 154864 154871 154858 154905 154865 154867 154868 154906 154909 154928 154934 154954 154939
 1031.037  1557033  1584.70  1556836  1586.31 155730 155655 155685 155677 155730 155658 155655 155682 155690 155674 155723 155685 155684 155687 155728 155729 155749 155676 155693 155679
 1036.037  1564638  1573.12  1564434  1574.50 156418 156425 156448 156444 156504 156428 156425 156446 156455 156441 156489 156452 156451 156454 156502 156494 156438 156446 156463 156449
 1041.037  1572375  1571.61  1572184  1573.76 157200 157210 157233 157228 157201 157211 157210 157230 157238 157223 157270 157232 157233 157237 157198 157278 157221 157227 157246 157233
 1046.037  1580530  1587.79  1580342  1590.13 158012 158026 158050 158046 158013 158026 158027 158046 158055 158041 158083 158049 158051 158054 158010 158096 158033 158043 158063 158048
 1051.037  1588416  1591.51  1588235  1591.54 158803 158814 158839 158835 158805 158816 158817 158834 158843 158829 158869 158838 158842 158842 158801 158885 158824 158830 158852 158833
 1056.037  1596099  1571.78  1595923  1571.54 159566 159580 159611 159607 159571 159584 159584 159605 159616 159599 159640 159611 159615 159615 159565 159656 159589 159592 159615 159601
 1061.037  1604042  1567.44  1603861  1568.01 160366 160378 160400 160397 160369 160380 160379 160396 160406 160390 160429 160399 160406 160408 160365 160443 160389 160389 160414 160400
 1066.037  1612127  1580.77  1611947  1581.61 161174 161186 161209 161207 161176 161188 161187 161205 161215 161200 161239 161207 161214 161219 161173 161253 161198 161197 161221 161206
 1071.037  1620322  1596.17  1620136  1596.28 161992 162006 162027 162026 161996 162007 162006 162024 162034 162018 162055 162025 162033 162038 161991 162073 162017 162018 162044 162028
 1076.037  1628057  1578.56  1627879  1578.93 162761 162779 162805 162804 162763 162779 162779 162803 162813 162793 162830 162804 162812 162816 162758 162851 162784 162785 162818 162799
 1081.037  1635830  1576.21  1635661  1571.64 163545 163559 163580 163579 163547 163559 163559 163578 163585 163570 163604 163576 163587 163592 163542 163623 163565 163569 163594 163578
 1086.037  1643635  1579.60  1643475  1577.68 164335 164348 164368 164368 164337 164347 164348 164367 164299 164358 164393 164291 164374 164379 164328 164412 164352 164358 164383 164365
 1091.037  1651439  1575.37  1651136  1573.69 165123 165139 165082 165081 165125 165135 165136 165081 165087 165147 165181 165078 165087 165167 165116 165198 165140 165149 165170 165153
 1096.037  1659061  1556.13  1658912  1557.07 165905 165923 165851 165849 165906 165918 165920 165852 165856 165932 165966 165846 165858 165864 165895 165892 165920 165930 165954 165936
 1101.037  1666797  1545.74  1666568  1546.54 166672 166687 166634 166634 166674 166683 166685 166634 166638 166627 166729 166625 166644 166648 166664 166679 166687 166697 166721 166703
 1106.037  1673806  1523.91  1673581  1524.61 167379 167329 167343 167343 167383 167390 167392 167341 167345 167336 167372 167329 167351 167357 167374 167387 167391 167403 167431 167411
 1111.037  1680833  1501.04  1680612  1501.58 168090 168037 168052 168051 168095 168099 168036 168051 168055 168046 168081 168039 168064 168066 168082 168097 168101 168111 168072 168120
 1116.037  1687707  1468.81  1687402  1468.94 168780 168721 168737 168737 168785 168714 168719 168737 168739 168733 168765 168729 168751 168751 168772 168781 168790 168802 168756 168810
 1121.037  1695393  1469.87  1695090  1474.97 169489 169503 169521 169523 169493 169499 169502 169521 169523 169516 169547 169514 169535 169533 169558 169564 169576 169508 169539 169519
 1126.038  1703433  1484.01  1703147  1484.45 170297 170309 170325 170328 170301 170304 170307 170326 170329 170321 170354 170319 170339 170335 170360 170367 170376 170313 170344 170326
 1131.038  1711083  1486.11  1710942  1486.78 171078 171088 171104 171107 171082 171084 171086 171105 171108 171100 171134 171101 171113 171113 171071 171147 171084 171090 171123 171107
 1136.037  1718004  1480.44  1717879  1478.46 171770 171779 171799 171803 171774 171776 171779 171801 171804 171794 171831 171795 171808 171810 171760 171839 171768 171779 171817 171797
 1141.037  1724862  1472.85  1724717  1470.87 172455 172465 172482 172485 172459 172460 172465 172484 172486 172476 172511 172478 172492 172491 172450 172525 172460 172470 172502 172483
 1146.037  1731931  1477.11  1731791  1478.02 173163 173171 173188 173192 173167 173170 173172 173192 173192 173184 173221 173186 173199 173199 173155 173232 173165 173176 173207 173191
 1151.037  1738946  1450.27  1738799  1455.50 173865 173872 173889 173894 173868 173870 173872 173891 173895 173883 173923 173884 173899 173896 173858 173931 173870 173876 173911 173898
 1156.037  1745972  1414.07  1745838  1413.94 174568 174575 174596 174600 174568 174571 174575 174597 174601 174587 174622 174590 174606 174598 174556 174640 174570 174576 174613 174601
 1161.037  1752692  1380.91  1752343  1376.04 175239 175247 175262 175204 175240 175245 175247 175200 175204 175255 175291 175257 175275 175267 175231 175308 175248 175254 175285 175276
 1166.038  1759707  1385.85  1759425  1378.23 175949 175956 175970 175910 175949 175956 175955 175906 175910 175964 176003 175901 175978 175976 175936 176020 175957 175961 175991 175984
 1171.037  1766789  1391.19  1766449  1386.93 176658 176665 176611 176619 176658 176665 176663 176616 176620 176674 176707 176611 176685 176682 176642 176725 176667 176672 176704 176694
 1176.037  1773411  1378.15  1773081  1374.16 177327 177333 177280 177288 177329 177336 177332 177287 177291 177278 177377 177284 177355 177352 177307 177324 177334 177338 177374 177366
 1181.037  1780097  1364.63  1779753  1364.97 178001 178007 177953 177962 178004 177943 178008 177960 177964 177951 178052 177958 177965 178022 177984 177999 178014 178015 178048 178040
 1186.037  1786682  1354.90  1786416  1354.87 178674 178678 178628 178633 178677 178618 178613 178634 178638 178623 178654 178629 178636 178625 178654 178676 178688 178689 178720 178711
 1191.037  1793939  1370.10  1793425  1378.59 179322 179327 179352 179357 179327 179339 179332 179359 179364 179346 179373 179355 179357 179346 179383 179400 179417 179418 179449 179441
