Test case: 
Description: 
	10 senders: persistent queues
	10 receivers: client acknowledge every 50 messages
Timestamp: 2011.11.1 22:1:6
Version: 
Setting up JMS benchmark connections... 

Start processing messages.
Thu Dec 01 22:01:06 EST 2011

  Seconds   Send   Send/Sec   Recv   Recv/Sec   RCV0   RCV1   RCV2   RCV3   RCV4   RCV5   RCV6   RCV7   RCV8   RCV9  SND10  SND11  SND12  SND13  SND14  SND15  SND16  SND17  SND18  SND19
  ------- -------- -------- -------- -------- ------ ------ ------ ------ ------ ------ ------ ------ ------ ------ ------ ------ ------ ------ ------ ------ ------ ------ ------ ------
    1.108        0     0.00        0     0.00      0      0      0      0      0      0      0      0      0      0      0      0      0      0      0      0      0      0      0      0
    6.108     4319   939.12     4476   973.26    450    446    446    446    449    449    449    449    446    446    433    430    435    432    433    434    433    430    428    431
   11.108     9007   938.33     9173   955.62    920    916    915    916    917    919    919    918    917    916    899    899    905    902    900    902    904    904    890    902
   16.108    13983   957.81    14162   970.07   1419   1415   1413   1415   1416   1419   1419   1416   1416   1414   1394   1399   1404   1401   1396   1400   1400   1401   1388   1400
   21.109    19081   973.57    19256   982.50   1928   1924   1923   1923   1925   1930   1929   1926   1924   1924   1904   1908   1915   1910   1905   1909   1911   1911   1897   1911
   26.109    24084   979.06    24256   986.06   2428   2424   2423   2423   2425   2430   2429   2426   2424   2424   2404   2408   2415   2410   2405   2409   2413   2410   2398   2412
   31.108    29146   983.04    29327   990.81   2935   2931   2931   2931   2932   2936   2935   2934   2931   2931   2910   2914   2923   2916   2911   2915   2919   2917   2903   2918
   36.108    34077   991.95    34262   991.14   3428   3424   3424   3425   3425   3430   3429   3428   3424   3425   3403   3408   3416   3410   3403   3408   3413   3409   3396   3411
   41.108    38949   987.35    39136   988.05   3915   3911   3911   3912   3913   3918   3917   3916   3911   3912   3890   3896   3903   3897   3890   3895   3899   3897   3883   3899
   46.108    44105   992.52    44298   992.85   4431   4427   4428   4429   4429   4433   4433   4432   4427   4429   4409   4412   4419   4414   4406   4409   4415   4411   4396   4414
   51.108    49274   996.17    49483   997.25   4950   4946   4946   4946   4947   4952   4952   4952   4946   4946   4926   4927   4937   4931   4921   4927   4931   4930   4913   4931
   56.108    54262  1001.38    54484  1003.05   5464   5459   5460   5460   5461   5420   5420   5420   5460   5460   5440   5437   5453   5397   5434   5444   5395   5439   5428   5395
   61.108    59160  1000.37    59189  1002.08   5920   5916   5916   5916   5918   5924   5923   5924   5916   5916   5943   5891   5908   5901   5941   5899   5900   5946   5933   5898
   66.108    63981  1003.52    64221  1005.37   6424   6420   6420   6420   6421   6425   6426   6425   6420   6420   6395   6392   6410   6404   6393   6401   6402   6398   6385   6401
   71.108    69193  1014.90    69451  1017.28   6945   6942   6941   6941   6944   6953   6950   6947   6944   6944   6915   6913   6931   6925   6915   6924   6925   6918   6904   6923
   76.108    74421  1017.32    74669  1019.16   7468   7464   7464   7463   7466   7474   7470   7468   7466   7466   7437   7434   7454   7446   7439   7446   7447   7443   7429   7446
   81.108    79528  1015.27    79779  1016.68   7979   7975   7975   7974   7978   7985   7982   7979   7976   7976   7948   7945   7964   7957   7951   7956   7957   7954   7939   7957
   86.108    84469  1013.66    84720  1014.63   8474   8470   8470   8469   8472   8477   8475   8473   8470   8470   8441   8440   8457   8451   8446   8450   8450   8448   8435   8451
   91.108    89716  1023.66    89950  1030.54   8996   8994   8992   8992   8996   9002   8998   8996   8992   8992   8964   8965   8982   8976   8969   8975   8977   8973   8961   8974
   96.109    94713  1016.58    94959  1023.19   9496   9495   9492   9492   9497   9505   9501   9497   9492   9492   9463   9465   9481   9474   9470   9474   9478   9476   9459   9473
  101.108    99787  1009.19   100051  1009.36  10007  10004  10001  10002  10006  10013  10009  10006  10001  10002   9973   9973   9988   9983   9977   9981   9984   9981   9966   9981
  106.108   104784  1002.35   105050  1002.92  10507  10505  10501  10502  10506  10512  10508  10505  10502  10502  10474  10474  10487  10484  10477  10479  10482  10482  10465  10480
  111.108   109978  1004.87   110210  1005.97  11027  11027  11021  11023  11026  10982  11029  11025  11024  11026  10991  10997  11005  11004  10997  10998  11001  11001  10983  11001
  116.108   114693  1010.91   115178  1012.05  11537  11489  11533  11536  11538  11493  11490  11537  11536  11489  11453  11457  11467  11466  11509  11460  11463  11461  11493  11464
  121.108   119592  1002.55   119898  1004.97  11989  11991  11985  11988  11990  11996  11992  11989  11988  11990  11953  11959  11967  11966  11957  11958  11965  11963  11941  11963
  126.109   124593  1002.72   124892  1004.50  12490  12492  12486  12484  12490  12495  12491  12489  12485  12490  12454  12459  12465  12465  12457  12457  12467  12462  12442  12465
  131.108   129646  1001.98   129942  1003.05  12994  12999  12990  12986  12995  13002  12997  12995  12987  12997  12959  12966  12968  12972  12963  12961  12973  12966  12947  12971
  136.108   134831  1008.32   135127  1009.33  13513  13516  13509  13505  13514  13519  13515  13514  13506  13516  13478  13483  13487  13489  13482  13480  13492  13485  13466  13489
  141.108   139805  1000.94   140106  1003.26  14011  14013  14007  14005  14010  14017  14013  14011  14006  14013  13975  13981  13984  13986  13979  13978  13989  13983  13965  13985
  146.108   145032  1010.17   145346  1006.34  14535  14539  14531  14528  14533  14541  14537  14533  14530  14539  14497  14502  14506  14509  14498  14502  14511  14506  14490  14511
  151.108   150021  1007.72   150328  1014.46  15033  15037  15029  15028  15031  15039  15035  15031  15029  15036  14996  14999  15007  15008  14998  15001  15010  15004  14990  15008
  156.108   155087  1006.88   155391  1007.05  15538  15543  15534  15534  15539  15545  15542  15539  15535  15542  15503  15505  15514  15513  15505  15509  15516  15511  15496  15515
  161.108   160273  1011.01   160584  1011.48  16058  16061  16054  16054  16059  16064  16062  16057  16054  16061  16021  16024  16031  16033  16024  16028  16035  16030  16014  16033
  166.109   165115  1002.89   165485  1003.66  16555  16553  16550  16549  16556  16509  16556  16554  16549  16554  16516  16467  16526  16526  16520  16524  16478  16525  16508  16525
  171.108   169863  1006.88   170234  1007.52  17015  17013  17011  17059  17015  17017  17016  17014  17061  17013  17028  16976  16986  16986  16980  16983  16987  16984  16968  16985
  176.108   175176  1011.51   175497  1011.74  17553  17549  17546  17544  17553  17553  17553  17551  17546  17549  17512  17513  17523  17523  17515  17520  17523  17521  17505  17521
  181.108   180178  1011.98   180491  1012.18  18052  18048  18046  18042  18053  18052  18053  18051  18046  18048  18012  18014  18024  18023  18015  18020  18023  18021  18005  18021
  186.108   185092  1006.88   185400  1007.01  18542  18539  18537  18534  18544  18543  18544  18543  18536  18538  18504  18505  18515  18515  18507  18512  18514  18512  18496  18512
  191.108   190539  1015.67   190857  1015.91  19088  19084  19084  19079  19090  19089  19090  19089  19080  19084  19050  19050  19060  19061  19049  19057  19057  19057  19041  19057
  196.108   195467  1015.27   195773  1016.41  19579  19576  19575  19570  19582  19581  19582  19581  19572  19575  19541  19545  19553  19557  19541  19549  19550  19549  19534  19548
  201.108   200852  1030.07   201155  1031.68  20117  20115  20113  20108  20121  20119  20121  20120  20108  20113  20079  20085  20092  20095  20078  20087  20088  20088  20073  20087
  206.108   205872  1012.68   206164  1015.37  20619  20616  20615  20609  20620  20620  20622  20620  20608  20615  20579  20589  20593  20601  20581  20589  20588  20588  20574  20590
  211.109   211236  1025.10   211541  1024.80  21157  21154  21153  21148  21157  21157  21158  21157  21147  21153  21118  21123  21129  21134  21120  21125  21126  21125  21110  21126
  216.108   216596  1042.45   216952  1042.48  21697  21695  21693  21689  21699  21699  21699  21699  21689  21693  21659  21615  21670  21672  21661  21666  21667  21667  21651  21668
  221.109   222042  1043.89   222458  1043.79  22246  22246  22244  22240  22250  22250  22250  22250  22240  22242  22210  22163  22219  22173  22211  22218  22217  22215  22199  22217
  226.108   226540  1042.72   227176  1043.15  22749  22686  22748  22743  22690  22690  22690  22690  22743  22747  22651  22652  22660  22662  22652  22657  22656  22655  22639  22656
  231.108   232020  1045.91   232443  1046.51  23234  23235  23232  23280  23238  23237  23239  23237  23279  23232  23200  23198  23207  23209  23200  23206  23205  23202  23188  23205
  236.108   237373  1057.08   237693  1058.02  23769  23773  23767  23763  23773  23771  23775  23772  23763  23767  23735  23736  23742  23747  23734  23740  23739  23736  23722  23742
  241.108   242466  1048.02   242788  1048.59  24278  24282  24277  24273  24282  24280  24284  24282  24273  24277  24243  24245  24253  24256  24243  24251  24248  24246  24230  24251
  246.108   247668  1042.72   247990  1041.58  24798  24802  24798  24794  24801  24801  24803  24801  24794  24798  24764  24766  24773  24775  24762  24771  24768  24767  24750  24772
  251.108   252563  1021.01   252876  1020.77  25287  25292  25286  25283  25289  25289  25292  25289  25283  25286  25252  25257  25263  25266  25250  25261  25257  25254  25240  25263
  256.108   257440  1032.05   257759  1024.66  25776  25780  25775  25772  25777  25777  25780  25777  25772  25773  25739  25746  25750  25753  25738  25748  25746  25741  25728  25751
  261.108   262571  1012.95   262890  1016.44  26289  26293  26287  26285  26290  26290  26295  26291  26284  26286  26254  26258  26263  26265  26251  26263  26259  26254  26240  26264
  266.108   267625   998.72   267940   998.52  26793  26799  26792  26789  26795  26795  26801  26797  26789  26790  26760  26764  26769  26770  26756  26769  26764  26759  26745  26769
  271.108   272858  1002.62   273204  1001.95  27316  27329  27319  27312  27321  27322  27332  27325  27312  27316  27288  27239  27299  27302  27282  27299  27293  27286  27272  27298
  276.108   277968  1003.99   278365  1003.42  27834  27843  27835  27830  27837  27838  27845  27840  27830  27833  27804  27760  27814  27768  27799  27813  27808  27802  27788  27812
  281.108   282849  1009.19   283358  1008.62  28344  28300  28345  28340  28347  28348  28302  28350  28340  28342  28262  28269  28271  28274  28308  28270  28317  28312  28297  28269
  286.108   287878  1019.73   288336  1019.26  28863  28818  28812  28859  28815  28815  28820  28815  28859  28860  28781  28788  28789  28792  28826  28789  28783  28779  28764  28787
  291.108   292930  1018.72   293237  1018.32  29322  29329  29323  29318  29326  29326  29331  29326  29318  29318  29290  29298  29300  29302  29284  29300  29294  29290  29275  29297
  296.108   298210  1026.34   298514  1025.97  29849  29856  29851  29845  29854  29854  29859  29854  29847  29845  29818  29826  29828  29830  29813  29827  29822  29818  29803  29825
  301.109   303353  1023.32   303672  1022.42  30364  30373  30368  30360  30368  30368  30376  30370  30365  30360  30329  30344  30342  30344  30325  30343  30336  30331  30317  30342
  306.108   308337  1017.48   308674  1017.11  30865  30872  30870  30862  30867  30867  30877  30869  30864  30861  30826  30842  30840  30842  30823  30841  30839  30829  30815  30840
  311.108   313431  1022.18   313767  1018.42  31373  31383  31381  31370  31375  31375  31389  31378  31374  31369  31336  31352  31351  31351  31328  31353  31349  31337  31325  31349
  316.108   318557  1019.56   318941  1021.98  31892  31898  31896  31888  31894  31894  31905  31895  31891  31888  31850  31864  31864  31860  31841  31864  31863  31852  31838  31861
  321.109   324038  1026.04   324439  1033.09  32442  32449  32445  32438  32443  32443  32456  32445  32440  32438  32399  32411  32413  32407  32390  32412  32410  32400  32385  32411
  326.108   328942  1017.32   329357  1019.43  32937  32943  32940  32933  32944  32944  32900  32943  32940  32933  32900  32856  32908  32902  32882  32907  32906  32895  32880  32906
  331.108   333864  1012.15   334372  1015.10  33439  33444  33442  33435  33445  33445  33401  33444  33442  33435  33401  33360  33409  33354  33386  33360  33407  33397  33382  33408
  336.108   339002  1024.06   339413  1026.51  33971  33929  33927  33967  33930  33930  33935  33930  33926  33968  33886  33892  33894  33889  33919  33893  33891  33930  33915  33893
  341.108   344336  1031.95   344750  1034.60  34506  34462  34461  34502  34463  34463  34469  34463  34459  34502  34419  34425  34428  34422  34454  34426  34423  34464  34449  34426
  346.108   349293  1029.26   349645  1030.34  34957  34968  34967  34954  34968  34968  34977  34968  34964  34954  34923  34931  34934  34929  34970  34931  34928  34917  34900  34930
  351.108   354608  1025.87   355023  1026.34  35498  35504  35503  35494  35505  35505  35511  35507  35501  35495  35461  35464  35470  35464  35448  35466  35466  35459  35442  35468
  356.108   359588  1028.42   360002  1028.39  35995  36004  36000  35992  36003  36003  36008  36006  35999  35992  35959  35961  35969  35961  35946  35966  35964  35958  35939  35965
  361.108   364789  1032.85   365194  1032.69  36514  36525  36518  36511  36521  36521  36529  36527  36518  36510  36478  36482  36489  36482  36466  36488  36482  36480  36458  36484
  366.108   370017  1031.91   370409  1033.49  37033  37048  37039  37029  37043  37043  37055  37051  37039  37029  37000  37008  37013  37008  36986  37014  37004  37002  36976  37006
  371.108   375152  1022.85   375557  1022.55  37550  37560  37553  37546  37558  37558  37567  37564  37553  37548  37513  37518  37525  37519  37503  37525  37519  37515  37494  37521
  376.109   380130  1019.73   380536  1024.90  38048  38058  38053  38043  38055  38055  38066  38061  38052  38045  38012  38015  38022  38017  38000  38023  38016  38013  37993  38019
  381.108   385242  1012.89   385648  1012.55  38564  38574  38570  38559  38571  38571  38533  38577  38569  38560  38528  38532  38538  38532  38516  38490  38533  38529  38509  38535
  386.108   390037  1011.81   390497  1011.58  39059  39019  39066  39053  39065  39065  39029  39022  39064  39055  39020  38978  38983  38977  39009  38987  39029  39021  39002  39031
  391.108   394881  1003.09   395245  1003.42  39554  39513  39510  39550  39510  39510  39524  39515  39508  39551  39516  39473  39476  39469  39504  39482  39473  39517  39497  39474
  396.108   400294  1012.65   400708  1013.42  40104  40064  40060  40100  40062  40062  40076  40067  40059  40054  40017  40024  40027  40020  40055  40034  40024  40018  40048  40027
  401.108   405182  1006.11   405645  1006.48  40596  40558  40554  40592  40555  40556  40571  40561  40553  40549  40512  40518  40519  40513  40548  40530  40517  40512  40494  40519
  406.108   410198  1009.03   410603  1008.99  41048  41066  41061  41044  41061  41062  41081  41067  41059  41054  41018  41028  41026  41019  41001  41039  41024  41018  40999  41026
  411.108   415338  1008.29   415746  1008.36  41565  41580  41575  41561  41576  41576  41591  41579  41574  41569  41533  41538  41540  41534  41518  41550  41538  41533  41514  41540
  416.108   420707  1025.91   421114  1025.77  42103  42116  42113  42099  42113  42113  42127  42115  42111  42104  42071  42075  42076  42072  42054  42086  42075  42070  42051  42077
  421.108   426003  1036.31   426406  1042.45  42632  42644  42642  42629  42642  42642  42655  42644  42641  42635  42600  42605  42605  42601  42583  42613  42605  42599  42584  42608
  426.108   431391  1028.56   431785  1030.03  43167  43183  43180  43163  43181  43179  43199  43183  43179  43171  43140  43147  43144  43142  43116  43155  43143  43136  43121  43147
  431.108   436300  1029.20   436661  1029.09  43663  43675  43671  43659  43672  43671  43639  43673  43671  43667  43631  43637  43634  43631  43611  43644  43632  43628  43614  43638
  436.108   441096  1025.30   441557  1025.60  44154  44166  44160  44148  44162  44161  44128  44163  44160  44155  44120  44078  44123  44121  44101  44084  44120  44118  44104  44127
  441.108   446374  1031.24   446842  1029.90  44688  44648  44694  44680  44696  44695  44660  44697  44694  44690  44654  44610  44657  44603  44633  44617  44654  44650  44637  44659
  446.108   451710  1029.26   452232  1029.40  45228  45185  45232  45220  45235  45234  45201  45235  45232  45230  45139  45148  45196  45141  45174  45158  45193  45189  45176  45196
  451.108   456417  1018.99   456884  1019.53  45720  45681  45678  45711  45681  45680  45697  45681  45678  45677  45637  45644  45641  45637  45666  45655  45638  45636  45621  45642
  456.108   461368  1004.30   461789  1005.20  46168  46177  46173  46207  46176  46174  46192  46177  46173  46172  46133  46138  46136  46132  46162  46150  46134  46130  46115  46138
  461.108   466339  1004.73   466759  1006.71  46664  46673  46669  46704  46673  46672  46691  46674  46670  46669  46630  46637  46632  46628  46659  46649  46630  46627  46613  46634
  466.108   471308  1012.15   471728  1010.77  47166  47174  47170  47156  47176  47175  47194  47175  47172  47170  47132  47138  47134  47131  47111  47152  47132  47128  47114  47136
  471.108   476206   997.79   476629   997.92  47659  47664  47659  47647  47667  47665  47685  47664  47660  47659  47622  47628  47623  47621  47602  47642  47621  47617  47603  47627
  476.108   481160   981.64   481588   980.13  48155  48160  48155  48142  48163  48160  48180  48161  48157  48155  48117  48123  48119  48116  48096  48137  48116  48113  48100  48123
  481.108   486068   983.26   486493   983.52  48651  48655  48651  48638  48658  48656  48625  48656  48653  48650  48613  48619  48615  48612  48593  48582  48611  48608  48597  48618
  486.108   490951   980.94   491424   981.04  49144  49148  49144  49132  49152  49149  49117  49149  49146  49143  49107  49064  49109  49106  49085  49074  49104  49101  49090  49111
  491.108   495949   978.52   496429   978.39  49645  49649  49644  49630  49654  49651  49610  49651  49650  49645  49610  49555  49611  49609  49582  49566  49605  49604  49592  49615
  496.108   501081   988.93   501600   988.89  50163  50166  50161  50148  50169  50166  50136  50165  50165  50161  50125  50081  50127  50123  50103  50092  50121  50120  50108  50081
  501.108   506272  1002.35   506790  1002.25  50697  50650  50696  50681  50652  50699  50671  50699  50649  50696  50609  50615  50612  50606  50636  50627  50655  50653  50642  50617
  506.108   511428  1014.09   511851  1013.93  51179  51181  51178  51210  51183  51181  51201  51181  51179  51178  51140  51144  51142  51136  51165  51158  51137  51135  51124  51147
  511.108   516429  1015.57   516851  1015.47  51678  51680  51678  51711  51682  51681  51703  51681  51679  51678  51639  51644  51641  51636  51666  51660  51638  51636  51623  51646
  516.108   521371  1017.62   521790  1015.80  52171  52175  52172  52203  52177  52175  52196  52175  52174  52172  52134  52140  52135  52131  52158  52155  52132  52129  52116  52141
  521.108   526577  1024.56   526998  1024.19  52697  52700  52698  52682  52702  52700  52722  52701  52698  52698  52659  52666  52659  52656  52638  52680  52658  52654  52642  52665
  526.108   531770  1026.44   532190  1024.80  53217  53219  53218  53199  53221  53219  53242  53219  53218  53218  53178  53186  53179  53175  53156  53200  53178  53173  53160  53185
  531.108   536930  1022.31   537343  1023.09  53732  53735  53733  53709  53737  53733  53765  53733  53733  53733  53695  53707  53694  53690  53666  53721  53694  53687  53672  53704
  536.108   542061  1016.07   542481  1019.46  54251  54252  54252  54233  54254  54253  54230  54253  54252  54251  54214  54222  54213  54206  54189  54183  54212  54209  54194  54219
  541.108   546972  1013.19   547443  1013.15  54746  54748  54748  54729  54750  54750  54726  54750  54750  54746  54711  54667  54710  54702  54685  54678  54708  54705  54691  54715
  546.108   551936  1013.86   552397  1013.66  55242  55243  55243  55226  55244  55245  55221  55245  55247  55241  55209  55164  55204  55198  55182  55174  55205  55202  55186  55212
  551.108   556831  1007.05   557389  1006.64  55743  55742  55742  55726  55742  55744  55722  55744  55745  55739  55660  55666  55702  55696  55681  55676  55702  55701  55685  55662
  556.108   561951  1002.75   562463  1002.48  56255  56254  56254  56237  56255  56256  56236  56256  56208  56252  56172  56179  56214  56207  56192  56189  56213  56214  56197  56174
  561.108   566951  1004.13   567454  1002.18  56774  56723  56723  56756  56773  56726  56755  56726  56727  56771  56693  56700  56684  56676  56711  56710  56685  56682  56716  56694
  566.108   571854   996.44   572247   995.50  57220  57217  57217  57252  57218  57219  57249  57218  57220  57217  57189  57196  57178  57172  57206  57206  57180  57176  57163  57188
  571.108   576812   996.38   577201   995.27  57716  57713  57712  57747  57714  57714  57746  57713  57714  57712  57686  57692  57674  57667  57703  57701  57676  57672  57658  57683
  576.108   581721   994.53   582113   993.89  58207  58204  58203  58239  58206  58205  58238  58204  58204  58203  58176  58182  58165  58158  58194  58190  58170  58163  58149  58174
  581.108   586602   994.03   586957   992.21  58699  58701  58697  58683  58701  58699  58684  58698  58700  58695  58668  58675  58658  58653  58640  58684  58660  58657  58641  58666
  586.108   591395   986.41   591844   985.94  59189  59189  59185  59171  59190  59189  59172  59187  59189  59183  59157  59119  59147  59141  59128  59125  59149  59146  59129  59154
  591.108   596291   979.70   596736   979.40  59678  59679  59674  59660  59678  59677  59662  59676  59679  59673  59648  59609  59636  59629  59617  59615  59639  59636  59618  59644
  596.109   601303   979.40   601750   982.99  60180  60183  60176  60158  60180  60179  60160  60178  60182  60174  60150  60109  60138  60130  60115  60115  60141  60139  60120  60146
  601.109   606446   979.66   606896   979.36  60696  60699  60692  60671  60694  60695  60674  60692  60696  60687  60665  60621  60654  60645  60628  60626  60656  60655  60634  60662
  606.108   611304   982.82   611789   982.62  61184  61188  61179  61164  61183  61183  61167  61180  61184  61177  61105  61116  61143  61135  61123  61122  61143  61143  61125  61149
  611.108   616207   983.93   616696   983.62  61677  61637  61673  61663  61677  61677  61665  61675  61681  61671  61602  61614  61635  61627  61618  61620  61637  61639  61618  61597
  616.109   621130   987.68   621687   987.75  62182  62137  62178  62167  62182  62182  62170  62180  62134  62175  62101  62117  62137  62130  62120  62120  62089  62095  62121  62100
  621.109   626077   994.93   626589   995.44  62642  62648  62638  62676  62642  62642  62680  62688  62647  62686  62612  62626  62597  62587  62629  62630  62599  62607  62628  62611
  626.108   631169   997.25   631589   998.02  63151  63158  63147  63185  63153  63153  63191  63149  63156  63146  63124  63133  63107  63099  63138  63138  63108  63116  63089  63117
  631.108   636070   990.91   636492   991.58  63647  63654  63644  63679  63647  63648  63638  63643  63651  63641  63618  63627  63602  63595  63585  63631  63607  63612  63582  63611
  636.108   640974   992.38   641410   993.99  64143  64151  64141  64128  64145  64145  64134  64138  64148  64137  64112  64123  64097  64092  64077  64078  64104  64109  64076  64106
  641.108   646011   994.93   646520   999.06  64655  64663  64653  64636  64655  64656  64645  64651  64657  64649  64624  64580  64608  64597  64584  64586  64614  64617  64583  64618
  646.108   651180  1000.07   651697  1003.69  65172  65182  65171  65154  65172  65173  65162  65169  65176  65166  65144  65096  65123  65113  65098  65100  65135  65133  65102  65136
  651.109   656148   995.57   656677   997.85  65669  65679  65669  65653  65672  65672  65661  65667  65673  65662  65638  65592  65620  65610  65596  65598  65631  65630  65598  65635
  656.108   661134   995.07   661728   997.45  66175  66184  66173  66159  66178  66177  66166  66172  66177  66167  66090  66095  66122  66114  66100  66103  66134  66135  66099  66142
  661.108   666185  1000.47   666779  1002.92  66685  66644  66683  66669  66688  66687  66676  66683  66686  66678  66605  66603  66632  66623  66611  66610  66645  66596  66609  66651
  666.108   671258  1007.82   671867  1010.13  67206  67161  67202  67189  67157  67206  67193  67203  67154  67196  67124  67123  67149  67139  67127  67130  67113  67112  67125  67116
  671.108   676191  1004.53   676708  1006.41  67657  67660  67653  67688  67657  67656  67692  67700  67653  67692  67627  67621  67602  67635  67621  67626  67610  67612  67621  67616
  676.109   681102   999.06   681685  1001.17  68159  68162  68155  68192  68159  68159  68195  68154  68155  68195  68128  68122  68104  68087  68120  68128  68111  68114  68075  68113
  681.108   686133  1001.14   686628  1003.39  68662  68667  68658  68696  68664  68665  68648  68661  68658  68649  68631  68625  68608  68591  68621  68631  68615  68614  68579  68618
  686.108   691087  1001.88   691652  1004.19  69170  69173  69166  69154  69170  69173  69156  69168  69166  69156  69137  69127  69114  69098  69078  69087  69121  69118  69086  69121
  691.108   696113  1002.65   696741  1005.44  69679  69681  69674  69661  69680  69684  69665  69679  69674  69664  69645  69585  69622  69606  69584  69592  69629  69627  69591  69632
  696.108   701091   997.82   701717   995.03  70175  70177  70171  70158  70180  70181  70162  70180  70171  70162  70141  70084  70121  70103  70082  70090  70127  70124  70088  70131
  701.108   705945   989.70   706584   990.30  70662  70663  70658  70645  70666  70668  70650  70666  70658  70648  70627  70568  70606  70589  70569  70572  70613  70610  70574  70617
  706.108   711030   994.40   711659   994.36  71169  71171  71165  71152  71174  71177  71157  71174  71165  71155  71136  71078  71114  71098  71078  71081  71121  71119  71081  71124
  711.108   716030   993.49   716716   998.19  71677  71676  71673  71657  71679  71682  71660  71680  71673  71659  71590  71583  71619  71603  71583  71587  71626  71624  71585  71630
  716.108   720875   989.66   721411   988.69  72166  72116  72163  72146  72119  72120  72151  72119  72162  72149  72078  72071  72107  72093  72075  72078  72116  72064  72073  72120
  721.108   725649   984.73   726182   983.12  72608  72610  72605  72637  72612  72612  72642  72612  72604  72640  72571  72563  72550  72585  72567  72569  72558  72559  72565  72562
  726.109   730635   984.83   731218   985.03  73111  73113  73108  73141  73115  73115  73146  73116  73107  73146  73075  73067  73053  73040  73073  73072  73061  73061  73069  73064
  731.108   735463   987.18   736145   986.95  73605  73605  73601  73633  73608  73608  73638  73608  73601  73638  73566  73561  73547  73533  73516  73565  73553  73552  73513  73557
  736.108   740442   983.69   740984   984.06  74105  74102  74100  74084  74106  74107  74087  74107  74100  74086  74062  74059  74047  74028  74015  74062  74052  74050  74011  74056
  741.108   745325   979.90   745862   978.05  74593  74589  74587  74572  74593  74594  74577  74594  74587  74576  74550  74546  74534  74517  74504  74550  74540  74539  74501  74544
  746.108   750140   978.76   750780   985.54  75086  75081  75079  75064  75084  75086  75069  75086  75079  75066  75042  74988  75026  75008  74993  74993  75034  75030  74990  75036
  751.108   755110   981.91   755757   984.09  75583  75579  75577  75563  75582  75583  75566  75583  75577  75564  75539  75486  75523  75505  75490  75490  75531  75527  75486  75533
  756.108   760085   979.90   760746   979.16  76084  76080  76073  76062  76083  76083  76063  76083  76073  76062  76034  75983  76020  76002  75987  75987  76032  76023  75983  76034
  761.108   765398   994.73   766058   992.28  76615  76611  76607  76593  76613  76613  76594  76613  76605  76594  76563  76517  76551  76533  76519  76521  76562  76553  76514  76565
  766.108   770519   997.82   771084   997.01  77079  77076  77118  77104  77126  77126  77107  77126  77118  77104  77075  77029  77064  77045  77032  77033  77074  77065  77025  77077
  771.108   775507  1005.13   776127  1005.97  77593  77591  77645  77625  77592  77592  77628  77592  77644  77625  77540  77546  77589  77569  77553  77549  77540  77531  77546  77544
  776.108   780502  1010.74   781070  1011.51  78101  78098  78094  78127  78100  78100  78130  78100  78093  78127  78050  78051  78039  78069  78054  78054  78046  78040  78047  78052
  781.108   785740  1021.17   786361  1021.91  78629  78629  78623  78655  78629  78629  78659  78629  78624  78655  78577  78580  78568  78548  78582  78583  78576  78570  78575  78581
  786.109   790764  1022.79   791385  1023.12  79131  79131  79127  79158  79131  79131  79161  79130  79127  79158  79080  79083  79071  79050  79085  79084  79078  79071  79078  79084
  791.109   795647  1011.58   796221  1012.18  79629  79631  79626  79606  79632  79631  79608  79626  79626  79606  79577  79582  79568  79546  79532  79584  79578  79571  79526  79583
  796.108   800612  1006.17   801187  1010.17  80125  80126  80121  80104  80129  80126  80107  80122  80121  80106  80074  80081  80062  80042  80029  80087  80071  80065  80023  80078
  801.108   805625  1007.52   806324  1010.17  80639  80639  80635  80617  80641  80639  80622  80637  80635  80620  80587  80539  80572  80556  80542  80544  80585  80576  80534  80590
  806.108   810640  1004.93   811340  1004.56  81140  81140  81138  81117  81141  81140  81124  81140  81138  81122  81089  81040  81074  81058  81044  81045  81087  81078  81035  81090
  811.108   815587   991.58   816279   992.21  81634  81634  81632  81610  81635  81634  81618  81634  81632  81616  81584  81535  81569  81555  81538  81539  81582  81572  81529  81584
  816.108   820611   988.72   821328   989.56  82140  82140  82138  82111  82141  82140  82121  82141  82137  82119  82088  82034  82070  82059  82039  82038  82088  82077  82029  82089
  821.108   825839  1001.75   826532  1002.48  82659  82659  82657  82637  82658  82659  82645  82660  82655  82643  82607  82562  82593  82582  82564  82566  82606  82595  82556  82608
  826.108   831134  1014.46   831648  1015.67  83153  83151  83149  83178  83151  83151  83186  83152  83194  83183  83146  83101  83132  83121  83103  83105  83144  83087  83096  83099
  831.108   836335  1020.74   836897  1020.97  83681  83683  83677  83710  83679  83679  83716  83682  83677  83713  83628  83631  83662  83650  83632  83636  83626  83615  83627  83628
  836.108   841233  1020.27   841901  1020.74  84182  84184  84177  84209  84180  84180  84216  84182  84178  84213  84127  84131  84113  84102  84131  84136  84127  84115  84125  84126
  841.108   846146  1018.93   846710  1019.50  84672  84673  84665  84702  84671  84670  84659  84673  84668  84657  84616  84623  84604  84593  84624  84629  84619  84604  84618  84616
  846.108   851189  1022.25   851790  1022.11  85185  85188  85178  85166  85184  85182  85172  85186  85180  85169  85129  85142  85116  85106  85086  85149  85132  85118  85083  85128
  851.108   856166  1017.65   856883  1018.46  85694  85697  85688  85676  85694  85691  85680  85696  85689  85678  85638  85596  85623  85615  85595  85604  85640  85627  85590  85638
  856.109   861099  1005.54   861817  1010.81  86187  86190  86180  86171  86186  86184  86175  86189  86182  86173  86132  86090  86116  86107  86089  86098  86133  86120  86084  86130
  861.108   866047   991.95   866772   992.28  86683  86689  86676  86663  86683  86681  86667  86686  86679  86665  86630  86583  86611  86603  86581  86590  86629  86617  86576  86627
  866.109   871102   994.09   871821   992.45  87189  87191  87181  87168  87187  87187  87172  87191  87185  87170  87136  87089  87117  87109  87087  87096  87133  87120  87083  87132
  871.108   876105   995.10   876829   998.83  87690  87690  87682  87668  87688  87688  87674  87691  87686  87672  87636  87587  87619  87610  87586  87595  87633  87620  87584  87635
  876.109   881066   992.82   881742   993.69  88186  88138  88177  88164  88184  88186  88169  88187  88183  88168  88133  88083  88114  88106  88082  88092  88129  88115  88079  88133
  881.108   886386  1005.70   887015   999.50  88723  88675  88714  88701  88721  88674  88707  88676  88719  88705  88670  88620  88652  88643  88619  88629  88666  88651  88616  88620
  886.108   891060   997.21   891694   996.04  89156  89158  89196  89184  89154  89157  89190  89159  89152  89188  89103  89101  89136  89126  89101  89111  89099  89085  89097  89101
  891.108   895935   994.70   896577   995.23  89649  89651  89640  89676  89647  89652  89683  89653  89645  89681  89596  89594  89628  89570  89593  89601  89592  89579  89588  89594
  896.108   901217  1003.89   901808  1004.63  90180  90185  90172  90209  90181  90184  90168  90186  90177  90166  90129  90128  90112  90102  90127  90134  90126  90112  90120  90127
  901.108   906189  1003.39   906738  1003.69  90678  90682  90669  90658  90680  90682  90666  90683  90676  90664  90628  90622  90611  90600  90622  90628  90625  90611  90616  90626
  906.108   911028  1000.27   911598  1001.91  91165  91167  91155  91146  91167  91167  91150  91169  91162  91150  91115  91114  91098  91087  91064  91121  91112  91097  91107  91113
  911.108   916092   993.29   916766   995.00  91683  91686  91671  91661  91685  91685  91664  91687  91680  91664  91634  91632  91614  91603  91580  91583  91632  91614  91570  91630
  916.108   921107  1001.85   921834  1004.97  92189  92191  92180  92172  92190  92189  92174  92191  92185  92173  92139  92084  92123  92111  92090  92091  92136  92119  92078  92136
  921.108   925969  1000.30   926689   999.90  92674  92675  92666  92659  92675  92674  92661  92676  92670  92659  92623  92573  92609  92597  92575  92579  92622  92605  92565  92621
  926.108   931140   994.77   931867   997.75  93192  93193  93184  93176  93195  93193  93178  93193  93187  93176  93141  93089  93126  93114  93092  93094  93140  93124  93081  93139
  931.108   936245   998.09   936982   999.33  93707  93704  93695  93686  93707  93705  93687  93705  93699  93687  93653  93598  93637  93624  93602  93601  93652  93636  93590  93652
  936.108   940993  1000.60   941682  1001.31  94152  94150  94188  94182  94153  94149  94182  94150  94193  94183  94099  94093  94130  94116  94097  94096  94098  94081  94085  94098
  941.108   945950   996.95   946587   993.96  94648  94646  94681  94678  94649  94644  94677  94646  94640  94678  94596  94587  94625  94612  94592  94592  94595  94577  94579  94595
  946.108   951023   997.28   951761   997.58  95165  95163  95199  95195  95165  95162  95196  95164  95157  95195  95111  95104  95092  95081  95111  95110  95113  95094  95097  95110
  951.108   956211  1006.71   956776  1007.65  95683  95683  95662  95657  95685  95678  95718  95680  95673  95657  95628  95626  95606  95596  95632  95630  95632  95612  95620  95629
  956.108   961143  1001.81   961730  1002.15  96183  96182  96166  96161  96184  96179  96162  96179  96173  96161  96128  96122  96108  96097  96077  96127  96130  96110  96116  96128
  961.108   966429  1007.95   967017  1007.89  96713  96709  96694  96690  96711  96710  96691  96708  96701  96690  96657  96650  96638  96627  96606  96655  96658  96638  96644  96656
  966.108   971708  1024.29   972403  1024.50  97251  97248  97232  97229  97249  97249  97228  97247  97241  97229  97195  97186  97176  97164  97144  97144  97196  97176  97132  97195
  971.108   976616  1021.18   977379  1021.44  97751  97747  97727  97724  97750  97748  97722  97746  97740  97724  97695  97629  97671  97661  97637  97636  97695  97674  97622  97696
  976.108   981730  1023.89   982477  1020.97  98259  98255  98240  98238  98257  98254  98236  98254  98248  98236  98203  98147  98182  98170  98151  98152  98201  98183  98138  98203
  981.108   987060  1025.17   987807  1027.18  98793  98789  98772  98770  98791  98788  98768  98788  98780  98768  98735  98679  98716  98704  98683  98683  98735  98716  98671  98738
  986.109   992393  1040.70   993094  1041.41  99283  99279  99310  99309  99329  99324  99309  99325  99318  99308  99271  99220  99254  99241  99222  99222  99273  99253  99210  99227
  991.108   997361  1030.10   998066  1030.07  99784  99780  99820  99819  99782  99837  99817  99777  99832  99818  99723  99725  99767  99752  99731  99728  99725  99765  99715  99730
  996.108  1002318  1022.28  1002973  1019.40 100290 100285 100318 100318 100287 100282 100316 100284 100277 100316 100229 100225 100263 100249 100231 100229 100232 100210 100216 100234
 1001.109  1007526  1034.06  1008286  1030.60 100820 100814 100850 100850 100816 100814 100848 100815 100809 100850 100760 100755 100744 100730 100762 100761 100761 100742 100746 100765
 1006.108  1012617  1030.13  1013230  1030.37 101330 101324 101310 101309 101326 101324 101356 101325 101318 101308 101270 101264 101254 101239 101270 101270 101270 101252 101254 101274
 1011.108  1017451  1013.29  1018009  1013.49 101813 101805 101794 101792 101807 101806 101792 101807 101801 101792 101751 101749 101738 101723 101756 101755 101751 101733 101739 101756
 1016.108  1022363  1000.77  1022971  1002.62 102308 102301 102290 102288 102303 102302 102290 102302 102299 102288 102246 102243 102238 102223 102202 102250 102246 102230 102234 102251
 1021.108  1027559  1008.29  1028209  1009.90 102832 102827 102813 102813 102825 102825 102813 102827 102821 102813 102771 102768 102763 102746 102727 102724 102769 102754 102759 102778
 1026.108  1032882  1019.36  1033632  1020.91 103373 103370 103355 103355 103369 103369 103355 103369 103363 103354 103312 103261 103305 103288 103270 103268 103310 103296 103252 103320
 1031.108  1037818  1006.68  1038579  1006.71 103868 103862 103849 103849 103864 103864 103851 103864 103859 103849 103806 103752 103800 103783 103763 103760 103808 103790 103743 103813
 1036.108  1042342   997.48  1043104  1002.48 104306 104302 104320 104320 104304 104304 104322 104304 104302 104320 104246 104225 104241 104226 104232 104230 104249 104231 104215 104247
 1041.108  1047472  1007.42  1048234  1007.82 104819 104814 104834 104834 104816 104816 104836 104817 104814 104834 104759 104737 104754 104739 104745 104744 104761 104743 104729 104761
 1046.108  1052365  1005.17  1053131  1005.54 105308 105303 105325 105325 105305 105305 105327 105306 105302 105325 105248 105227 105243 105228 105234 105235 105250 105232 105218 105250
 1051.109  1057702  1007.75  1058462  1007.68 105843 105835 105858 105858 105838 105838 105861 105838 105835 105858 105782 105760 105776 105762 105768 105768 105784 105765 105753 105784
 1056.108  1062724   996.17  1063500   992.95 106346 106337 106365 106365 106340 106339 106367 106339 106337 106365 106284 106259 106280 106265 106273 106272 106284 106267 106254 106286
 1061.108  1068005   998.69  1068570   998.49 106873 106866 106839 106840 106869 106868 106842 106868 106866 106839 106813 106787 106809 106793 106797 106800 106813 106796 106783 106814
 1066.108  1073292  1022.42  1073855  1022.25 107401 107394 107366 107369 107398 107396 107372 107398 107393 107368 107341 107318 107336 107321 107324 107330 107343 107325 107311 107343
 1071.108  1078470  1027.05  1079132  1026.98 107928 107924 107893 107895 107926 107926 107899 107926 107920 107895 107867 107847 107864 107847 107803 107808 107871 107854 107838 107871
 1076.108  1083517  1028.93  1084159  1029.03 108437 108430 108389 108391 108432 108435 108396 108432 108426 108391 108373 108355 108373 108355 108296 108302 108377 108363 108346 108377
 1081.108  1088314  1027.28  1089118  1027.08 108904 108898 108913 108916 108900 108903 108922 108900 108946 108916 108840 108822 108841 108824 108825 108829 108845 108830 108814 108844
 1086.108  1093617  1036.68  1094366  1035.77 109434 109427 109443 109446 109429 109435 109451 109429 109426 109446 109369 109353 109372 109354 109355 109360 109373 109361 109345 109375
 1091.108  1098585  1026.17  1099337  1032.45 109931 109924 109939 109944 109927 109931 109946 109927 109924 109944 109867 109850 109869 109850 109850 109856 109871 109859 109842 109871
 1096.108  1103478  1012.95  1104251  1013.96 110418 110412 110430 110440 110416 110425 110442 110416 110412 110440 110356 110338 110358 110339 110342 110346 110359 110352 110330 110358
 1101.108  1108710  1014.77  1109465  1011.34 110943 110936 110950 110958 110940 110946 110959 110939 110936 110958 110880 110860 110882 110863 110863 110867 110884 110874 110854 110883
 1106.108  1113919  1013.76  1114681  1016.17 111465 111458 111470 111481 111461 111466 111481 111461 111457 111481 111402 111380 111405 111384 111384 111387 111405 111395 111374 111403
 1111.108  1118762  1008.39  1119381  1008.19 111949 111942 111953 111918 111946 111949 111919 111945 111942 111918 111887 111864 111890 111867 111869 111871 111889 111878 111859 111888
 1116.109  1123792   992.11  1124376   992.72 112453 112444 112461 112409 112449 112452 112407 112446 112446 112409 112390 112368 112392 112371 112374 112373 112390 112382 112361 112391
 1121.108  1128921  1002.21  1129492  1002.45 112966 112958 112924 112933 112962 112965 112932 112959 112960 112933 112903 112881 112905 112884 112886 112886 112903 112895 112874 112904
 1126.109  1134203  1016.28  1134816  1015.84 113500 113491 113455 113466 113495 113499 113462 113492 113492 113464 113434 113414 113439 113418 113370 113419 113435 113428 113409 113437
 1131.108  1139309  1020.50  1140068  1020.64 113987 114026 113991 114001 114029 113986 113998 114025 114026 113999 113968 113949 113925 113905 113906 113907 113969 113913 113896 113971
 1136.108  1144088  1010.81  1144799  1010.67 114478 114471 114483 114493 114473 114478 114489 114473 114471 114490 114413 114395 114417 114397 114398 114398 114462 114405 114387 114416
 1141.108  1148945  1011.21  1149662  1016.14 114963 114957 114969 114980 114959 114965 114974 114960 114957 114978 114898 114881 114902 114884 114884 114884 114947 114890 114873 114902
 1146.108  1153923  1011.14  1154695  1014.09 115467 115460 115471 115483 115462 115468 115476 115465 115463 115480 115401 115384 115405 115387 115387 115387 115400 115392 115376 115404
 1151.108  1158858  1004.63  1159627  1006.71 115962 115953 115963 115974 115957 115962 115969 115959 115958 115970 115894 115878 115897 115881 115879 115881 115895 115885 115870 115898
 1156.108  1163881   994.30  1164651   994.73 116464 116455 116466 116477 116458 116464 116472 116462 116460 116473 116394 116380 116401 116384 116384 116384 116395 116387 116373 116399
 1161.108  1168772   977.28  1169492   975.97 116954 116943 116955 116967 116947 116953 116959 116951 116950 116961 116882 116868 116890 116873 116873 116873 116885 116877 116863 116888
 1166.109  1173643   979.16  1174320   978.02 117441 117431 117441 117406 117433 117444 117446 117439 117437 117402 117369 117355 117377 117360 117360 117360 117373 117364 117350 117375
 1171.109  1178690   982.42  1179365   984.16 117945 117935 117946 117913 117937 117949 117951 117943 117941 117905 117875 117860 117882 117863 117865 117864 117879 117869 117854 117879
 1176.109  1183476   977.65  1184057   977.48 118428 118418 118382 118397 118419 118386 118387 118427 118424 118389 118356 118344 118366 118346 118302 118348 118363 118353 118337 118361
 1181.108  1188148   977.89  1188870   977.99 118875 118915 118876 118893 118915 118880 118884 118875 118872 118885 118854 118792 118814 118794 118796 118795 118860 118801 118785 118857
 1186.108  1193092   975.37  1193823   975.67 119372 119409 119372 119388 119408 119376 119380 119370 119368 119380 119348 119286 119308 119290 119292 119291 119353 119294 119280 119350
 1191.109  1198040   982.18  1198868   980.84 119881 119871 119881 119899 119920 119885 119888 119878 119877 119888 119809 119795 119816 119799 119801 119801 119815 119804 119789 119811
 1196.108  1203235   993.05  1204019   995.00 120401 120392 120402 120418 120389 120405 120408 120398 120397 120409 120329 120315 120335 120319 120321 120320 120333 120324 120308 120331
