Test case: 
Description: 
	10 senders: persistent queues
	10 receivers: client acknowledge every 50 messages
Timestamp: 2011.11.1 22:1:6
Version: 
Setting up JMS benchmark connections... 

Start processing messages.
Thu Dec 01 22:01:06 EST 2011

  Seconds   Send   Send/Sec   Recv   Recv/Sec   RCV0   RCV1   RCV2   RCV3   RCV4   RCV5   RCV6   RCV7   RCV8   RCV9  SND10  SND11  SND12  SND13  SND14  SND15  SND16  SND17  SND18  SND19
  ------- -------- -------- -------- -------- ------ ------ ------ ------ ------ ------ ------ ------ ------ ------ ------ ------ ------ ------ ------ ------ ------ ------ ------ ------
    1.086        0     0.00        0     0.00      0      0      0      0      0      0      0      0      0      0      0      0      0      0      0      0      0      0      0      0
    6.086     4326   940.43     4439   965.00    445    441    443    445    444    443    444    446    443    445    434    429    426    435    435    436    433    432    433    433
   11.086     9012   938.75     9135   951.56    915    911    911    915    914    911    914    915    914    915    905    902    891    904    896    900    902    903    906    903
   16.086    14009   959.45    14123   967.26   1414   1410   1410   1414   1413   1409   1413   1414   1413   1413   1404   1403   1392   1403   1396   1400   1403   1401   1406   1401
   21.086    19109   974.95    19216   980.41   1924   1920   1919   1924   1923   1917   1923   1924   1921   1921   1914   1913   1901   1913   1907   1908   1913   1911   1917   1912
   26.086    24116   980.33    24220   984.55   2427   2420   2419   2425   2423   2417   2423   2424   2421   2421   2416   2413   2402   2415   2407   2408   2414   2410   2418   2413
   31.086    29177   977.36    29281   985.91   2933   2926   2926   2931   2929   2923   2929   2930   2927   2927   2922   2919   2909   2921   2914   2914   2920   2916   2923   2919
   36.086    34114   982.89    34216   985.87   3427   3419   3419   3425   3423   3415   3423   3424   3421   3420   3416   3413   3403   3415   3408   3407   3414   3410   3417   3411
   41.086    38989   988.46    39091   987.75   3913   3907   3907   3913   3910   3902   3911   3912   3909   3907   3904   3900   3890   3901   3896   3895   3902   3898   3904   3899
   46.086    44153   993.22    44251   992.65   4429   4423   4423   4429   4427   4418   4428   4427   4425   4422   4420   4415   4403   4418   4415   4414   4419   4412   4421   4416
   51.086    49168   996.78    49429   996.71   4947   4941   4940   4947   4945   4935   4947   4945   4943   4939   4936   4932   4916   4885   4934   4930   4886   4931   4888   4930
   56.086    54117  1001.88    54386  1002.58   5414   5456   5454   5414   5460   5451   5413   5412   5458   5454   5404   5442   5381   5403   5400   5438   5404   5443   5406   5396
   61.087    59005  1000.94    59237  1001.74   5917   5911   5910   5917   5916   5958   5918   5915   5913   5962   5907   5894   5883   5907   5906   5891   5908   5900   5910   5899
   66.086    64030  1003.89    64171  1005.20   6421   6415   6414   6420   6419   6411   6421   6418   6417   6415   6410   6397   6384   6410   6409   6396   6410   6401   6413   6400
   71.086    69265  1015.97    69397  1016.98   6946   6937   6936   6943   6942   6933   6943   6939   6941   6937   6931   6921   6909   6933   6929   6919   6930   6923   6941   6929
   76.086    74486  1017.92    74612  1018.86   7464   7458   7458   7463   7464   7458   7464   7462   7462   7459   7454   7444   7431   7454   7450   7440   7451   7448   7464   7450
   81.086    79597  1019.36    79720  1016.48   7974   7969   7969   7973   7975   7969   7975   7972   7972   7972   7965   7955   7942   7965   7962   7951   7961   7959   7976   7961
   86.086    84537  1014.06    84662  1015.94   8467   8464   8464   8467   8469   8463   8469   8466   8466   8467   8458   8449   8436   8458   8457   8445   8454   8454   8470   8456
   91.086    89772  1024.06    89900  1023.96   8991   8989   8989   8991   8992   8986   8993   8990   8989   8990   8982   8971   8960   8981   8982   8969   8977   8978   8993   8979
   96.086    94782  1015.50    94911  1015.17   9492   9490   9490   9492   9494   9486   9495   9491   9490   9491   9482   9472   9458   9484   9485   9470   9477   9479   9490   9485
  101.086    99824  1009.73    99992  1009.13  10000   9998   9998  10000  10001   9995  10003   9999   9999   9999   9990   9984   9965   9994   9945   9982   9987   9986   9998   9993
  106.086   104776  1003.29   104992  1002.92  10500  10498  10498  10500  10499  10496  10503  10499  10499  10500  10490  10484  10463  10496  10449  10482  10485  10488  10450  10489
  111.086   109886  1006.28   110155  1005.94  11022  11020  11020  11022  11019  11017  10976  11019  11019  11021  11012  11006  10983  10968  10968  11005  11004  11011  10969  10960
  116.086   114798  1012.08   115021  1012.05  11485  11482  11481  11483  11532  11527  11489  11481  11530  11531  11474  11517  11494  11481  11476  11466  11467  11472  11481  11470
  121.086   119717  1004.83   119840  1004.66  11987  11984  11982  11985  11984  11978  11993  11982  11983  11982  11977  11968  11944  11985  11979  11968  11967  11974  11982  11973
  126.086   124704  1004.09   124832  1004.06  12487  12484  12482  12484  12482  12476  12492  12481  12482  12482  12473  12467  12444  12483  12478  12466  12465  12475  12480  12473
  131.086   129763  1004.66   129886  1003.15  12993  12991  12988  12990  12986  12980  12998  12988  12987  12985  12978  12971  12950  12989  12985  12972  12969  12983  12985  12981
  136.086   134939  1010.30   135071  1009.36  13512  13508  13505  13507  13506  13499  13517  13507  13506  13504  13497  13490  13468  13507  13499  13489  13488  13500  13503  13498
  141.086   139917  1000.81   140054  1001.58  14008  14007  14004  14005  14004  13999  14016  14005  14003  14003  13995  13987  13965  14006  13998  13987  13985  13997  14000  13997
  146.086   145164  1006.81   145292  1009.83  14533  14530  14527  14528  14529  14523  14541  14529  14526  14526  14520  14508  14489  14531  14523  14514  14508  14521  14525  14525
  151.086   150145  1004.30   150282  1006.48  15033  15031  15025  15026  15027  15023  15038  15028  15025  15026  15019  15008  14987  15028  15019  15012  15009  15019  15022  15022
  156.086   155167  1007.45   155352  1007.68  15539  15538  15531  15533  15534  15530  15546  15536  15533  15532  15526  15516  15495  15535  15476  15519  15517  15525  15529  15529
  161.086   160250  1011.31   160490  1011.88  16057  16056  16050  16052  16053  16049  16016  16054  16051  16052  16044  16034  16014  16004  15994  16039  16035  16044  16045  15997
  166.086   165040  1003.39   165335  1003.89  16500  16501  16545  16547  16549  16545  16509  16547  16545  16547  16538  16529  16508  16498  16487  16483  16531  16488  16487  16491
  171.086   170036  1007.28   170136  1007.75  17009  17013  17004  17008  17009  17005  17019  17006  17005  17058  16997  17040  17018  17006  16998  16992  16992  16997  16996  17000
  176.086   175291  1010.94   175448  1011.91  17546  17549  17540  17545  17547  17540  17555  17542  17542  17542  17532  17523  17502  17543  17532  17528  17527  17534  17533  17537
  181.086   180289  1011.54   180446  1012.21  18049  18048  18040  18044  18046  18040  18054  18042  18042  18041  18032  18024  18000  18041  18032  18029  18027  18034  18033  18037
  186.086   185203  1007.95   185357  1006.91  18541  18539  18532  18534  18536  18532  18544  18533  18533  18533  18523  18517  18492  18533  18523  18520  18519  18525  18524  18527
  191.086   190655  1018.62   190816  1017.65  19087  19085  19077  19080  19080  19079  19090  19080  19078  19080  19068  19062  19035  19080  19070  19065  19065  19069  19068  19073
  196.086   195578  1019.80   195737  1015.27  19580  19579  19568  19571  19572  19570  19584  19571  19569  19573  19560  19554  19526  19574  19564  19558  19556  19559  19560  19567
  201.086   200962  1028.02   201114  1033.69  20120  20117  20106  20109  20110  20108  20122  20109  20105  20108  20096  20092  20062  20114  20103  20097  20094  20098  20099  20107
  206.086   205981  1017.48   206143  1014.36  20625  20623  20609  20611  20612  20609  20627  20611  20605  20611  20597  20590  20563  20619  20609  20599  20595  20599  20599  20611
  211.086   211294  1026.68   211511  1025.30  21158  21157  21147  21149  21150  21147  21160  21149  21144  21150  21134  21128  21102  21152  21091  21134  21134  21137  21137  21145
  216.086   216605  1042.32   216815  1042.55  21649  21695  21687  21690  21691  21687  21650  21690  21685  21691  21674  21669  21643  21642  21634  21675  21675  21680  21679  21634
  221.086   222107  1043.62   222265  1043.52  22199  22196  22237  22240  22240  22237  22200  22240  22235  22241  22224  22219  22193  22193  22182  22226  22225  22231  22229  22185
  226.087   226909  1042.99   227126  1042.79  22691  22684  22740  22680  22743  22739  22689  22680  22737  22743  22725  22720  22696  22683  22675  22666  22729  22671  22669  22675
  231.086   232293  1046.24   232339  1046.11  23238  23233  23224  23228  23228  23223  23237  23228  23272  23228  23262  23258  23234  23229  23222  23215  23214  23220  23217  23222
  236.086   237490  1057.38   237640  1056.98  23773  23768  23759  23764  23763  23757  23775  23763  23755  23763  23746  23742  23718  23764  23757  23749  23749  23756  23752  23757
  241.086   242583  1050.00   242734  1047.79  24282  24277  24270  24273  24272  24267  24284  24272  24265  24272  24258  24251  24228  24271  24267  24258  24258  24265  24262  24265
  246.086   247783  1043.13   247935  1044.47  24801  24797  24790  24793  24792  24787  24804  24793  24787  24791  24779  24772  24748  24791  24785  24778  24779  24784  24781  24786
  251.086   252681  1024.36   252826  1022.32  25292  25288  25277  25280  25280  25277  25294  25281  25276  25281  25268  25263  25238  25281  25274  25268  25268  25275  25269  25277
  256.086   257555  1021.95   257708  1021.41  25778  25776  25767  25768  25768  25766  25783  25768  25764  25770  25756  25750  25725  25768  25762  25756  25754  25762  25757  25765
  261.086   262689  1009.56   262834  1018.12  26291  26289  26280  26281  26280  26278  26296  26281  26275  26283  26270  26265  26236  26281  26274  26272  26268  26275  26270  26278
  266.086   267741  1000.40   267886  1000.17  26796  26795  26785  26786  26786  26783  26802  26786  26780  26787  26775  26769  26742  26787  26778  26778  26773  26780  26776  26783
  271.086   272965  1002.48   273097  1002.11  27328  27325  27311  27314  27311  27306  27275  27312  27305  27310  27302  27293  27268  27317  27252  27309  27299  27310  27302  27313
  276.086   277942  1004.16   278173  1003.66  27795  27791  27828  27830  27828  27824  27798  27829  27822  27828  27818  27810  27787  27785  27776  27777  27816  27777  27818  27778
  281.087   283022  1009.26   283265  1008.99  28301  28296  28338  28339  28339  28335  28307  28338  28333  28339  28328  28320  28297  28290  28285  28283  28326  28282  28327  28284
  286.086   288049  1019.87   288293  1019.50  28819  28815  28805  28805  28857  28853  28827  28805  28850  28857  28795  28838  28814  28809  28803  28800  28794  28800  28794  28802
  291.086   293097  1018.76   293240  1018.66  29329  29326  29315  29315  29315  29312  29336  29315  29361  29316  29304  29296  29323  29319  29313  29310  29304  29310  29305  29313
  296.086   298326  1026.34   298475  1026.48  29858  29856  29843  29844  29843  29840  29865  29844  29838  29844  29832  29825  29801  29846  29840  29837  29833  29839  29833  29840
  301.086   303481  1024.03   303636  1023.12  30376  30375  30358  30358  30358  30356  30383  30359  30354  30359  30348  30338  30316  30362  30354  30354  30350  30353  30350  30356
  306.086   308469  1022.79   308634  1017.32  30874  30874  30859  30857  30858  30856  30884  30859  30854  30859  30848  30838  30815  30861  30852  30851  30851  30848  30851  30854
  311.086   313577  1019.23   313736  1016.31  31387  31388  31369  31364  31368  31365  31398  31368  31362  31367  31354  31348  31325  31375  31365  31362  31360  31360  31362  31366
  316.086   318712  1017.25   318885  1021.54  31898  31901  31883  31881  31886  31882  31907  31884  31879  31884  31869  31865  31843  31887  31875  31872  31874  31874  31876  31877
  321.086   324210  1028.26   324326  1035.30  32449  32450  32433  32429  32437  32432  32400  32433  32429  32434  32418  32419  32389  32437  32426  32421  32424  32423  32426  32427
  326.086   329151  1018.86   329227  1019.93  32944  32893  32928  32923  32932  32927  32899  32929  32922  32930  32913  32914  32882  32927  32921  32916  32920  32917  32919  32922
  331.086   334023  1013.15   334205  1013.99  33395  33397  33430  33427  33434  33430  33403  33431  33425  33433  33415  33417  33385  33380  33372  33418  33421  33419  33421  33375
  336.086   339160  1024.93   339534  1025.17  33927  33931  33963  33961  33966  33963  33936  33963  33959  33965  33947  33949  33918  33914  33907  33903  33905  33904  33905  33908
  341.086   344496  1032.42   344869  1032.82  34460  34465  34496  34496  34499  34496  34468  34497  34493  34499  34482  34483  34452  34447  34440  34437  34438  34437  34439  34441
  346.086   349514  1029.36   349680  1029.09  34965  34973  34948  35010  34952  34948  34975  34948  35009  34952  34997  34935  34966  34953  34946  34943  34940  34942  34945  34947
  351.087   354762  1025.23   354946  1027.52  35500  35506  35489  35488  35494  35490  35509  35490  35486  35494  35475  35477  35444  35487  35480  35479  35479  35478  35481  35482
  356.086   359735  1026.31   359918  1029.90  35998  36003  35986  35985  35993  35987  36006  35986  35983  35991  35972  35974  35939  35984  35976  35978  35977  35975  35979  35981
  361.086   364934  1032.35   365106  1033.66  36517  36523  36504  36505  36512  36505  36526  36505  36500  36509  36491  36493  36457  36504  36497  36499  36497  36495  36499  36502
  366.086   370154  1029.06   370316  1026.41  37039  37048  37023  37025  37034  37024  37052  37023  37020  37028  37010  37012  36976  37026  37021  37023  37019  37017  37022  37028
  371.086   375299  1022.42   375468  1022.01  37552  37558  37541  37542  37549  37540  37561  37542  37539  37544  37526  37529  37496  37539  37534  37536  37532  37532  37536  37539
  376.086   380271  1018.76   380440  1025.54  38049  38055  38037  38039  38048  38037  38059  38039  38036  38041  38023  38027  37992  38036  38031  38033  38030  38030  38033  38036
  381.086   385428  1013.89   385498  1013.52  38565  38520  38553  38555  38564  38553  38526  38555  38550  38557  38538  38543  38507  38552  38547  38549  38547  38546  38547  38552
  386.086   390220  1011.38   390442  1011.11  39059  39015  39047  39049  39058  39047  39022  39049  39045  39051  39032  39036  39001  39045  38992  38994  39040  39041  39042  38997
  391.086   394969  1002.92   395304  1003.32  39504  39508  39544  39546  39504  39545  39517  39546  39541  39549  39528  39532  39498  39490  39485  39488  39486  39486  39487  39489
  396.087   400479  1012.68   400716  1013.49  40055  40059  40095  40097  40056  40047  40067  40097  40092  40051  40077  40082  40048  40040  40036  40039  40038  40038  40040  40041
  401.086   405377  1006.04   405514  1006.61  40550  40554  40540  40544  40550  40540  40561  40544  40586  40545  40572  40527  40545  40536  40529  40534  40532  40532  40535  40535
  406.086   410332  1008.79   410515  1009.26  41057  41061  41042  41049  41056  41043  41071  41049  41040  41047  41025  41029  40999  41042  41036  41040  41038  41039  41041  41043
  411.086   415486  1008.69   415663  1012.28  41571  41575  41557  41565  41571  41559  41581  41565  41556  41563  41542  41545  41517  41557  41552  41553  41553  41553  41557  41557
  416.087   420857  1023.15   421032  1023.22  42108  42113  42094  42101  42108  42096  42117  42102  42093  42100  42079  42083  42053  42095  42088  42090  42092  42089  42094  42094
  421.086   426156  1036.81   426334  1038.05  42637  42642  42625  42632  42638  42627  42646  42634  42622  42631  42608  42613  42584  42623  42619  42619  42622  42618  42625  42625
  426.086   431549  1027.69   431713  1031.65  43175  43182  43161  43170  43176  43165  43188  43171  43156  43169  43143  43150  43118  43162  43161  43159  43163  43159  43166  43168
  431.086   436460  1031.31   436638  1032.75  43666  43673  43653  43665  43668  43657  43677  43664  43653  43662  43638  43642  43612  43653  43650  43648  43653  43650  43656  43658
  436.086   441259  1027.92   441488  1026.27  44156  44163  44143  44155  44158  44146  44118  44154  44143  44152  44129  44132  44102  44143  44140  44137  44142  44139  44096  44099
  441.086   446539  1030.20   446774  1030.47  44690  44645  44678  44690  44692  44680  44649  44688  44676  44686  44662  44665  44635  44677  44621  44671  44676  44671  44629  44632
  446.086   451717  1029.80   452056  1029.80  45228  45184  45218  45174  45176  45220  45187  45228  45216  45225  45203  45206  45174  45162  45160  45154  45163  45156  45168  45171
  451.086   456671  1019.16   456906  1019.46  45674  45680  45710  45674  45676  45711  45684  45673  45707  45717  45694  45697  45665  45662  45655  45654  45660  45654  45664  45666
  456.086   461578  1004.40   461714  1005.10  46170  46174  46157  46170  46171  46158  46178  46169  46204  46163  46190  46145  46161  46158  46150  46150  46156  46150  46158  46160
  461.086   466455  1006.58   466636  1006.68  46667  46669  46654  46667  46668  46654  46678  46666  46653  46660  46637  46641  46611  46654  46646  46647  46654  46647  46659  46659
  466.086   471466  1010.37   471655  1010.64  47169  47172  47155  47169  47170  47156  47180  47169  47154  47161  47138  47143  47112  47155  47146  47148  47156  47148  47159  47161
  471.086   476368   997.68   476557   996.14  47657  47663  47645  47660  47659  47649  47670  47657  47644  47653  47629  47636  47603  47646  47636  47638  47645  47636  47649  47650
  476.086   481322   983.59   481512   983.52  48153  48158  48140  48156  48155  48144  48166  48153  48139  48148  48123  48131  48100  48142  48132  48134  48140  48131  48145  48144
  481.087   486278   981.78   486467   981.91  48648  48655  48635  48651  48651  48638  48661  48648  48635  48645  48620  48628  48596  48637  48627  48629  48635  48627  48640  48639
  486.087   491209   980.94   491351   984.50  49142  49148  49129  49144  49144  49132  49105  49141  49129  49137  49112  49120  49088  49131  49120  49123  49129  49121  49134  49131
  491.086   496099   981.78   496288   979.87  49644  49587  49627  49648  49646  49632  49598  49644  49626  49636  49610  49620  49585  49633  49623  49625  49632  49624  49576  49571
  496.086   501184   987.15   501425   987.25  50159  50114  50145  50112  50161  50150  50124  50159  50147  50154  50129  50137  50106  50098  50138  50141  50097  50139  50102  50097
  501.086   506377  1002.11   506617  1002.18  50643  50648  50678  50647  50645  50684  50658  50645  50681  50688  50661  50670  50640  50632  50622  50626  50631  50624  50637  50634
  506.086   511671  1013.59   511915  1013.79  51174  51179  51206  51178  51176  51213  51187  51175  51210  51217  51190  51198  51168  51161  51152  51157  51160  51155  51167  51163
  511.086   516623  1015.00   516815  1015.13  51674  51678  51707  51676  51675  51664  51687  51675  51711  51668  51690  51649  51670  51661  51651  51657  51659  51655  51667  51664
  516.086   521519  1015.57   521703  1016.98  52168  52173  52198  52171  52168  52156  52182  52170  52157  52160  52183  52143  52114  52156  52146  52152  52154  52150  52161  52160
  521.086   526729  1024.63   526912  1026.04  52694  52698  52677  52695  52693  52682  52708  52695  52684  52686  52662  52669  52642  52680  52672  52677  52679  52674  52687  52687
  526.086   531921  1028.09   532103  1027.79  53214  53218  53195  53215  53211  53200  53228  53215  53203  53204  53181  53189  53161  53198  53192  53196  53198  53193  53207  53206
  531.086   537081  1023.89   537252  1023.72  53729  53737  53705  53731  53726  53712  53748  53731  53717  53716  53690  53701  53675  53715  53709  53714  53714  53710  53727  53726
  536.086   542263  1014.63   542445  1015.97  54250  54253  54227  54251  54246  54233  54263  54249  54237  54236  54214  54221  54195  54231  54227  54230  54233  54229  54242  54241
  541.086   547178  1015.27   547357  1016.54  54747  54748  54722  54747  54741  54729  54709  54746  54735  54733  54710  54719  54691  54728  54724  54726  54730  54726  54737  54687
  546.086   552091  1015.77   552321  1017.35  55246  55244  55218  55245  55236  55225  55205  55243  55230  55229  55206  55214  55187  55223  55222  55225  55228  55224  55181  55181
  551.086   556891  1007.21   557172  1007.21  55699  55694  55719  55695  55736  55725  55706  55740  55729  55729  55706  55714  55687  55722  55671  55675  55678  55675  55682  55681
  556.086   562014  1003.19   562245  1003.19  56212  56206  56232  56209  56248  56238  56217  56201  56242  56240  56217  56227  56198  56235  56184  56188  56190  56187  56194  56194
  561.086   567167  1004.70   567445  1005.00  56733  56727  56751  56730  56767  56758  56738  56720  56762  56759  56735  56747  56717  56704  56705  56709  56712  56708  56714  56716
  566.086   572024   995.34   572188   996.38  57226  57219  57246  57224  57210  57203  57233  57212  57207  57208  57226  57191  57207  57192  57196  57200  57201  57199  57205  57207
  571.086   576987   997.05   577154   996.64  57722  57715  57742  57721  57706  57700  57731  57708  57704  57705  57723  57686  57704  57688  57691  57697  57698  57695  57702  57703
  576.086   581798   993.56   582019   994.93  58212  58205  58185  58211  58198  58192  58222  58199  58197  58198  58166  58177  58147  58180  58181  58187  58188  58185  58193  58194
  581.086   586726   996.24   586946   994.19  58704  58696  58678  58704  58691  58686  58715  58691  58690  58691  58660  58669  58640  58673  58674  58680  58681  58678  58685  58686
  586.086   591613   983.52   591834   988.12  59193  59184  59167  59193  59181  59174  59202  59180  59180  59180  59148  59158  59129  59164  59162  59169  59169  59166  59174  59174
  591.086   596513   975.03   596688   976.44  59684  59672  59657  59684  59670  59664  59646  59670  59670  59671  59638  59648  59619  59653  59650  59660  59658  59654  59667  59666
  596.086   601424   977.72   601703   979.87  60187  60174  60156  60187  60171  60166  60145  60172  60172  60173  60138  60149  60120  60154  60152  60164  60161  60156  60115  60115
  601.086   606502   979.83   606736   979.83  60644  60691  60668  60642  60687  60681  60658  60688  60688  60689  60652  60665  60633  60669  60666  60620  60677  60671  60624  60625
  606.086   611420   984.09   611652   984.50  61143  61180  61161  61141  61174  61170  61153  61177  61177  61176  61145  61152  61125  61156  61155  61119  61164  61159  61122  61123
  611.086   616236   983.93   616564   984.43  61642  61630  61656  61639  61668  61664  61651  61673  61671  61670  61641  61648  61620  61650  61603  61616  61609  61608  61621  61620
  616.086   621218   988.32   621537   988.25  62143  62130  62158  62139  62172  62168  62151  62127  62176  62173  62147  62153  62125  62105  62106  62118  62107  62112  62124  62121
  621.086   626271   995.50   626442   996.91  62654  62642  62668  62650  62633  62629  62661  62637  62635  62633  62657  62614  62632  62616  62617  62628  62616  62623  62634  62634
  626.086   631310   999.56   631548   998.15  63165  63153  63180  63162  63142  63138  63172  63147  63146  63143  63119  63124  63140  63124  63122  63137  63124  63133  63143  63144
  631.086   636203   991.81   636498   993.86  63658  63650  63672  63656  63638  63636  63665  63642  63642  63639  63615  63618  63586  63616  63615  63629  63617  63630  63638  63639
  636.086   641172   991.74   641415   992.21  64156  64147  64120  64153  64133  64131  64163  64139  64138  64135  64109  64115  64081  64113  64115  64131  64110  64130  64135  64133
  641.087   646263   998.89   646514   998.05  64666  64658  64626  64663  64642  64641  64673  64650  64649  64646  64617  64623  64587  64622  64625  64641  64622  64641  64642  64643
  646.086   651434  1003.86   651638  1005.03  65184  65176  65145  65181  65159  65157  65142  65167  65165  65162  65130  65140  65107  65138  65140  65158  65141  65160  65158  65162
  651.086   656237  1000.40   656555  1003.66  65629  65671  65641  65676  65657  65654  65637  65666  65666  65658  65625  65634  65606  65638  65635  65602  65637  65653  65600  65607
  656.086   661273   995.03   661547   996.24  66131  66175  66146  66129  66162  66158  66142  66171  66170  66163  66130  66138  66110  66142  66139  66105  66142  66155  66102  66110
  661.087   666387  1001.24   666606  1001.95  66644  66637  66657  66640  66672  66668  66654  66681  66680  66673  66643  66649  66621  66652  66646  66619  66655  66664  66616  66622
  666.087   671417  1008.29   671695  1010.97  67162  67156  67176  67160  67190  67186  67174  67150  67149  67192  67162  67165  67139  67169  67115  67135  67123  67129  67138  67142
  671.086   676382  1004.19   676683  1005.81  67661  67654  67674  67659  67688  67684  67674  67649  67650  67690  67657  67663  67632  67669  67615  67629  67619  67624  67636  67638
  676.086   681345   998.56   681704  1000.47  68163  68154  68178  68161  68191  68187  68176  68151  68151  68192  68158  68165  68137  68123  68114  68130  68120  68124  68137  68137
  681.086   686272  1004.53   686591  1004.53  68667  68658  68681  68666  68643  68639  68680  68654  68657  68646  68660  68616  68590  68628  68615  68633  68624  68627  68639  68640
  686.087   691287  1005.54   691661  1005.64  69173  69165  69187  69172  69151  69146  69186  69162  69164  69155  69117  69126  69098  69135  69121  69139  69128  69133  69144  69146
  691.087   696382  1001.64   696702  1003.39  69682  69677  69645  69681  69659  69654  69693  69673  69675  69663  69624  69636  69607  69643  69633  69648  69638  69645  69654  69654
  696.086   701354   994.73   701626   996.21  70179  70174  70143  70177  70156  70151  70142  70172  70172  70160  70122  70133  70104  70140  70132  70145  70136  70142  70149  70151
  701.086   706221   990.64   706486   991.21  70665  70661  70624  70664  70644  70638  70625  70659  70659  70647  70606  70621  70592  70627  70619  70632  70623  70629  70635  70637
  706.086   711251   995.34   711575   993.96  71175  71172  71135  71175  71152  71146  71134  71166  71167  71153  71115  71129  71100  71134  71128  71089  71131  71138  71143  71144
  711.086   716248   994.60   716475   996.41  71630  71627  71640  71630  71656  71650  71641  71672  71672  71657  71620  71634  71605  71637  71632  71595  71636  71642  71647  71600
  716.086   720940   988.62   721267   988.62  72118  72115  72130  72118  72147  72139  72129  72112  72112  72147  72109  72124  72094  72125  72071  72085  72076  72081  72087  72088
  721.086   725857   982.72   726193   984.83  72612  72609  72620  72612  72639  72631  72619  72606  72606  72639  72599  72616  72585  72617  72562  72576  72568  72574  72578  72582
  726.086   730890   984.56   731226   988.36  73116  73113  73123  73116  73143  73133  73121  73108  73109  73144  73102  73120  73089  73120  73066  73079  73070  73077  73081  73086
  731.086   735768   986.51   736048   988.69  73607  73605  73615  73607  73586  73627  73613  73600  73601  73587  73594  73564  73581  73613  73558  73573  73563  73569  73574  73579
  736.086   740649   983.22   740981   981.88  74106  74105  74112  74105  74085  74077  74110  74097  74099  74085  74091  74062  74029  74062  74057  74071  74061  74067  74072  74077
  741.086   745480   977.75   745861   978.29  74592  74592  74600  74592  74574  74565  74598  74587  74587  74574  74531  74551  74517  74550  74544  74559  74548  74554  74561  74565
  746.086   750396   983.56   750781   978.93  75085  75083  75093  75085  75065  75057  75089  75080  75079  75065  75020  75042  75009  75040  75038  75051  75040  75047  75053  75056
  751.086   755369   980.27   755706   980.20  75582  75580  75541  75581  75562  75556  75588  75577  75577  75562  75517  75540  75508  75536  75534  75549  75538  75545  75550  75552
  756.086   760335   978.02   760676   978.22  76079  76076  76038  76077  76059  76054  76083  76076  76076  76058  76015  76035  76005  76031  76030  76045  76034  76044  76048  76048
  761.086   765597   992.75   765938   994.80  76609  76606  76570  76607  76591  76587  76564  76607  76607  76590  76546  76566  76536  76563  76561  76526  76567  76575  76579  76578
  766.086   770569   997.52   770814   996.28  77073  77070  77082  77071  77102  77098  77076  77070  77070  77102  77058  77076  77048  77074  77072  77039  77079  77039  77043  77041
  771.086   775692  1008.09   775987  1005.20  77589  77586  77597  77586  77624  77620  77591  77585  77585  77624  77574  77596  77569  77591  77597  77553  77546  77553  77557  77556
  776.086   780698  1010.34   781043  1010.57  78096  78093  78104  78094  78126  78122  78098  78094  78091  78125  78083  78098  78070  78097  78047  78060  78052  78062  78064  78065
  781.086   785988  1020.84   786334  1022.75  78627  78624  78632  78623  78654  78650  78628  78624  78620  78652  78612  78626  78598  78626  78576  78589  78581  78591  78594  78595
  786.086   791013  1022.75   791352  1022.72  79129  79125  79134  79125  79156  79152  79128  79126  79123  79154  79114  79128  79101  79128  79080  79093  79084  79092  79096  79097
  791.086   795952  1013.25   796191  1013.42  79629  79625  79635  79625  79603  79599  79628  79625  79621  79601  79613  79630  79548  79628  79579  79594  79580  79588  79596  79596
  796.087   800878  1011.81   801167  1013.52  80127  80122  80136  80122  80101  80097  80123  80122  80117  80100  80113  80074  80045  80129  80075  80088  80079  80086  80094  80095
  801.086   805901  1007.38   806299  1005.94  80639  80635  80643  80636  80615  80611  80636  80636  80633  80615  80570  80591  80560  80590  80590  80599  80590  80599  80608  80604
  806.086   810910  1004.16   811262  1004.33  81141  81138  81096  81138  81116  81112  81136  81135  81134  81116  81069  81091  81059  81091  81092  81099  81093  81101  81110  81105
  811.086   815851   992.08   816208   992.42  81637  81633  81590  81633  81610  81606  81630  81630  81629  81610  81562  81582  81554  81586  81586  81596  81586  81595  81605  81599
  816.086   820828   989.63   821117   990.13  82080  82076  82086  82140  82110  82108  82134  82137  82135  82111  82061  82081  82056  82085  82092  82039  82091  82105  82112  82106
  821.086   825923  1002.45   826220  1004.43  82613  82609  82617  82610  82635  82633  82654  82607  82606  82636  82591  82609  82581  82613  82612  82572  82612  82575  82582  82576
  826.087   831273  1016.75   831567  1015.24  83153  83148  83157  83148  83174  83173  83146  83146  83146  83176  83129  83149  83122  83152  83104  83111  83153  83115  83122  83116
  831.086   836516  1022.48   836864  1020.77  83683  83678  83686  83678  83702  83702  83675  83677  83677  83706  83658  83679  83651  83682  83633  83639  83633  83644  83652  83645
  836.086   841519  1020.81   841865  1022.21  84184  84180  84185  84179  84200  84201  84176  84178  84177  84205  84160  84178  84150  84182  84134  84141  84132  84144  84153  84145
  841.086   846433  1019.80   846777  1020.91  84675  84670  84677  84669  84694  84694  84666  84668  84666  84698  84653  84671  84643  84675  84624  84632  84622  84634  84643  84636
  846.087   851528  1024.73   851821  1026.78  85188  85183  85192  85183  85213  85158  85180  85183  85179  85162  85169  85188  85107  85194  85136  85146  85135  85148  85156  85149
  851.086   856515  1023.32   856860  1023.32  85698  85693  85700  85692  85667  85667  85691  85692  85689  85671  85675  85644  85616  85650  85646  85656  85645  85658  85666  85659
  856.086   861394  1004.53   861788  1004.70  86190  86184  86192  86184  86161  86162  86185  86184  86182  86164  86120  86137  86110  86145  86138  86147  86137  86151  86157  86152
  861.086   866341   993.93   866754   990.81  86689  86684  86691  86681  86653  86654  86685  86681  86680  86656  86614  86629  86602  86637  86632  86646  86630  86648  86654  86649
  866.086   871390   994.06   871697   992.72  87144  87187  87145  87185  87160  87158  87188  87185  87183  87162  87119  87137  87108  87143  87136  87149  87136  87151  87158  87153
  871.086   876342   995.23   876645   995.60  87645  87638  87645  87684  87661  87657  87687  87684  87683  87661  87620  87636  87608  87641  87638  87600  87638  87650  87659  87652
  876.087   881212   991.24   881560   993.05  88140  88134  88143  88181  88156  88153  88135  88181  88180  88157  88117  88134  88104  88136  88136  88098  88135  88098  88106  88148
  881.086   886479  1002.21   886784  1004.19  88677  88672  88681  88669  88693  88691  88669  88669  88668  88695  88656  88671  88641  88672  88624  88635  88673  88632  88640  88635
  886.086   891261   997.32   891613   995.94  89158  89154  89162  89153  89175  89174  89155  89153  89151  89178  89139  89153  89123  89157  89107  89117  89107  89116  89124  89118
  891.087   896188   994.90   896539   994.53  89651  89647  89654  89646  89667  89665  89648  89646  89646  89669  89632  89645  89616  89648  89601  89609  89599  89610  89616  89612
  896.086   901516  1004.19   901864  1005.50  90184  90180  90188  90178  90200  90196  90180  90179  90179  90200  90165  90179  90148  90181  90133  90142  90131  90143  90150  90144
  901.086   906483  1005.27   906830  1006.78  90680  90677  90683  90676  90694  90693  90678  90677  90676  90696  90660  90673  90642  90676  90632  90640  90628  90641  90648  90643
  906.086   911267  1003.52   911610  1001.85  91167  91163  91174  91163  91186  91133  91164  91162  91162  91136  91152  91115  91082  91168  91118  91127  91115  91126  91134  91130
  911.086   916331   995.03   916741   993.19  91688  91685  91696  91682  91648  91648  91683  91680  91680  91651  91615  91628  91597  91631  91636  91649  91631  91644  91651  91649
  916.086   921393  1003.09   921739  1001.24  92192  92188  92147  92186  92156  92157  92187  92183  92184  92159  92122  92136  92105  92139  92142  92152  92140  92149  92155  92153
  921.086   926263  1000.10   926608   999.80  92678  92674  92637  92672  92644  92645  92673  92669  92669  92647  92610  92625  92593  92628  92628  92638  92626  92635  92642  92638
  926.086   931384   994.43   931687   994.46  93149  93144  93154  93189  93160  93163  93190  93187  93188  93163  93126  93141  93110  93144  93146  93107  93144  93150  93159  93157
  931.086   936483   998.02   936785   998.26  93657  93651  93663  93700  93669  93674  93701  93698  93700  93672  93634  93650  93617  93653  93660  93615  93653  93663  93669  93669
  936.086   941237  1004.09   941536  1002.62  94152  94146  94156  94146  94164  94169  94147  94145  94144  94167  94129  94146  94113  94148  94106  94111  94146  94109  94115  94114
  941.087   946186   998.52   946495   995.13  94649  94643  94650  94643  94660  94664  94644  94641  94639  94662  94625  94641  94608  94641  94601  94608  94639  94604  94610  94609
  946.086   951310   997.32   951665   999.23  95167  95159  95168  95158  95178  95182  95160  95157  95157  95179  95142  95159  95127  95159  95117  95124  95107  95120  95126  95129
  951.086   956501  1006.48   956859  1008.99  95684  95677  95687  95679  95700  95704  95680  95675  95673  95700  95664  95680  95648  95680  95635  95641  95622  95639  95642  95650
  956.086   961485  1003.42   961834  1003.46  96182  96175  96184  96178  96196  96198  96179  96174  96173  96195  96161  96175  96142  96178  96135  96139  96127  96137  96142  96149
  961.086   966776  1006.75   967066  1009.66  96710  96701  96714  96705  96724  96678  96706  96704  96701  96723  96689  96704  96670  96707  96664  96668  96656  96666  96673  96679
  966.086   971963  1023.02   972402  1022.92  97248  97241  97253  97244  97213  97217  97245  97241  97241  97259  97178  97192  97159  97195  97202  97207  97194  97206  97212  97218
  971.086   976924  1021.41   977269  1020.67  97751  97739  97694  97745  97703  97710  97746  97739  97741  97701  97667  97682  97649  97685  97700  97706  97692  97709  97712  97722
  976.086   982034  1021.21   982371  1020.64  98256  98246  98210  98251  98219  98225  98252  98246  98249  98217  98185  98199  98165  98202  98207  98213  98202  98215  98219  98227
  981.086   987316  1025.67   987655  1025.03  98740  98780  98742  98786  98751  98756  98787  98780  98783  98750  98717  98731  98698  98734  98741  98747  98735  98750  98754  98709
  986.086   992561  1039.63   992945  1039.16  99280  99317  99282  99275  99292  99296  99276  99317  99321  99289  99257  99270  99238  99274  99278  99236  99276  99239  99243  99250
  991.086   997554  1030.84   997830  1030.40  99783  99770  99785  99776  99797  99804  99778  99770  99774  99793  99763  99775  99744  99779  99728  99739  99787  99740  99744  99755
  996.086  1002574  1025.57  1002861  1020.50 100285 100274 100288 100281 100297 100304 100282 100276 100277 100297 100263 100276 100244 100280 100235 100243 100283 100244 100250 100256
 1001.086  1007836  1030.91  1008169  1032.11 100815 100804 100818 100811 100829 100834 100812 100808 100809 100829 100795 100807 100776 100811 100766 100773 100766 100774 100782 100786
 1006.086  1012928  1030.40  1013261  1031.81 101324 101314 101327 101319 101338 101343 101320 101318 101320 101338 101305 101317 101285 101320 101274 101280 101275 101284 101291 101297
 1011.086  1017764  1015.13  1018044  1014.87 101807 101797 101811 101801 101822 101779 101801 101800 101801 101825 101790 101803 101770 101806 101758 101761 101759 101765 101772 101780
 1016.086  1022727  1003.93  1022998  1001.88 102302 102292 102305 102295 102318 102275 102296 102295 102299 102321 102286 102299 102266 102302 102255 102257 102259 102260 102268 102275
 1021.087  1027776  1009.23  1028150  1012.45 102827 102817 102830 102820 102793 102800 102821 102820 102825 102797 102761 102774 102740 102777 102780 102783 102783 102787 102792 102799
 1026.086  1033201  1018.15  1033575  1019.56 103369 103359 103373 103362 103336 103344 103363 103362 103366 103341 103304 103316 103283 103320 103322 103326 103327 103329 103334 103340
 1031.087  1038143  1007.15  1038513  1006.71 103863 103852 103866 103856 103830 103837 103857 103855 103861 103836 103799 103810 103775 103813 103817 103820 103822 103824 103829 103834
 1036.086  1042655   997.55  1042989   997.58 104298 104294 104294 104298 104300 104306 104298 104298 104298 104305 104266 104282 104247 104284 104257 104260 104262 104261 104267 104269
 1041.086  1047781  1007.28  1048119  1007.62 104810 104806 104807 104811 104813 104821 104811 104810 104811 104819 104779 104794 104760 104797 104769 104773 104774 104774 104780 104781
 1046.086  1052680  1005.13  1053015  1005.64 105299 105296 105296 105300 105305 105311 105300 105299 105300 105309 105269 105285 105251 105288 105259 105262 105264 105263 105269 105270
 1051.087  1058027  1007.65  1058356  1008.02 105835 105828 105828 105835 105841 105846 105834 105835 105832 105842 105804 105821 105785 105823 105795 105796 105799 105798 105803 105803
 1056.086  1063046   989.56  1063381   988.19 106337 106329 106330 106338 106344 106352 106337 106337 106332 106345 106308 106324 106286 106326 106297 106297 106301 106300 106303 106304
 1061.086  1068327   997.01  1068610   995.74 106865 106858 106859 106865 106871 106828 106865 106866 106861 106872 106834 106852 106814 106853 106826 106826 106829 106828 106832 106833
 1066.086  1073603  1022.42  1073894  1022.58 107393 107388 107388 107393 107399 107356 107393 107395 107388 107401 107361 107380 107341 107380 107354 107354 107357 107356 107359 107361
 1071.086  1078736  1027.25  1079121  1027.21 107920 107916 107916 107920 107926 107884 107920 107923 107915 107881 107841 107859 107870 107860 107879 107884 107884 107883 107890 107886
 1076.086  1083705  1028.83  1084042  1028.96 108429 108422 108422 108429 108371 108376 108426 108369 108422 108376 108336 108353 108316 108354 108386 108392 108390 108390 108398 108390
 1081.086  1088670  1026.68  1089008  1026.95 108896 108889 108890 108896 108899 108903 108894 108897 108941 108903 108864 108881 108842 108881 108854 108859 108857 108858 108865 108909
 1086.086  1093925  1036.21  1094263  1036.31 109427 109419 109419 109427 109429 109434 109423 109428 109422 109435 109395 109413 109373 109412 109384 109390 109386 109389 109395 109388
 1091.086  1098890  1025.60  1099231  1027.55 109924 109916 109916 109924 109926 109929 109921 109925 109920 109930 109890 109908 109868 109908 109881 109887 109883 109887 109893 109885
 1096.086  1103780  1012.65  1104123  1014.40 110412 110401 110401 110413 110420 110421 110410 110416 110408 110421 110379 110398 110358 110398 110371 110375 110371 110376 110381 110373
 1101.086  1109017  1016.14  1109351  1012.82 110935 110924 110927 110936 110941 110940 110935 110939 110933 110941 110902 110920 110882 110920 110895 110899 110895 110900 110905 110899
 1106.086  1114227  1017.79  1114563  1017.75 111457 111445 111448 111457 111462 111461 111456 111461 111454 111462 111422 111441 111403 111442 111416 111422 111415 111420 111428 111418
 1111.086  1119067  1008.19  1119402  1009.46 111942 111928 111933 111942 111946 111945 111940 111943 111937 111946 111908 111923 111887 111925 111901 111905 111901 111904 111912 111901
 1116.086  1124097   994.09  1124430   993.89 112444 112426 112435 112445 112449 112452 112444 112447 112439 112449 112411 112427 112392 112429 112405 112409 112402 112408 112415 112399
 1121.086  1129228  1002.25  1129516  1002.05 112957 112943 112949 112958 112962 112916 112958 112959 112952 112962 112923 112940 112904 112941 112919 112922 112915 112920 112928 112916
 1126.086  1134470  1016.75  1134749  1016.24 113489 113477 113482 113492 113446 113448 113491 113493 113485 113446 113407 113474 113388 113475 113454 113456 113448 113454 113463 113451
 1131.086  1139528  1020.74  1139948  1020.47 114022 114010 114016 113979 113981 113984 113978 113979 114019 113980 113943 113961 113924 113961 113940 113943 113982 113940 113949 113985
 1136.087  1144400  1010.94  1144725  1010.57 114467 114501 114463 114470 114471 114476 114471 114470 114465 114471 114435 114453 114415 114451 114432 114434 114429 114433 114440 114478
 1141.086  1149216  1011.71  1149586  1011.24 114952 114988 114947 114956 114959 114961 114958 114958 114950 114957 114921 114940 114902 114939 114918 114920 114914 114918 114927 114917
 1146.086  1154246  1011.71  1154567  1011.31 115455 115443 115451 115458 115462 115463 115461 115461 115454 115459 115423 115444 115405 115440 115421 115424 115418 115421 115430 115420
 1151.086  1159188  1005.37  1159501  1006.21 115949 115936 115944 115952 115954 115956 115954 115954 115949 115953 115915 115937 115899 115935 115916 115919 115912 115916 115925 115914
 1156.086  1164212   996.44  1164522   997.52 116451 116435 116445 116455 116456 116460 116457 116457 116450 116456 116416 116440 116401 116438 116419 116422 116413 116419 116429 116415
 1161.086  1169103   979.46  1169419   979.16 116940 116924 116934 116946 116947 116948 116947 116946 116940 116947 116906 116928 116890 116929 116908 116911 116901 116907 116918 116905
 1166.086  1173973   978.19  1174289   979.50 117427 117411 117421 117433 117434 117434 117434 117433 117428 117434 117393 117416 117376 117416 117396 117399 117387 117395 117404 117391
 1171.086  1179021   984.40  1179336   984.13 117932 117917 117927 117937 117938 117939 117938 117937 117932 117939 117897 117923 117881 117922 117900 117903 117892 117899 117908 117896
 1176.086  1183761   977.82  1184118   979.13 118414 118399 118409 118421 118422 118376 118421 118420 118413 118423 118381 118359 118364 118359 118383 118387 118375 118383 118391 118379
 1181.086  1188429   977.95  1188839   977.89 118911 118897 118906 118869 118870 118870 118869 118867 118909 118871 118829 118853 118812 118854 118831 118834 118872 118831 118839 118874
 1186.087  1193378   975.50  1193743   975.74 119358 119392 119400 119365 119365 119367 119364 119364 119403 119365 119325 119348 119306 119348 119327 119331 119365 119326 119334 119368
 1191.086  1198421   982.11  1198740   982.21 119866 119904 119861 119875 119875 119875 119872 119873 119864 119875 119834 119858 119814 119857 119835 119839 119826 119835 119843 119880
 1196.086  1203570   993.19  1203893   993.42 120385 120374 120382 120395 120396 120396 120392 120393 120384 120396 120355 120377 120334 120376 120355 120360 120347 120355 120362 120349
