Test case: 
Description: 
	10 senders: persistent queues
	10 receivers: client acknowledge every 50 messages
Timestamp: 2011.11.1 22:1:6
Version: 
Setting up JMS benchmark connections... 

Start processing messages.
Thu Dec 01 22:01:06 EST 2011

  Seconds   Send   Send/Sec   Recv   Recv/Sec   RCV0   RCV1   RCV2   RCV3   RCV4   RCV5   RCV6   RCV7   RCV8   RCV9  SND10  SND11  SND12  SND13  SND14  SND15  SND16  SND17  SND18  SND19
  ------- -------- -------- -------- -------- ------ ------ ------ ------ ------ ------ ------ ------ ------ ------ ------ ------ ------ ------ ------ ------ ------ ------ ------ ------
    1.006        0     0.00        0     0.00      0      0      0      0      0      0      0      0      0      0      0      0      0      0      0      0      0      0      0      0
    6.006     4277   929.78     4807  1045.00    481    482    482    482    475    481    481    480    483    480    429    426    427    427    423    429    432    427    425    432
   11.006     9021   939.69     9520   991.67    951    953    954    954    947    953    951    951    953    953    901    904    902    898    899    901    905    904    904    903
   16.006    14038   961.51    14542   996.03   1454   1456   1456   1456   1448   1454   1454   1454   1456   1454   1403   1405   1404   1397   1402   1403   1406   1405   1406   1407
   21.007    19130   976.02    19631  1001.58   1963   1964   1965   1964   1957   1963   1962   1964   1966   1963   1912   1914   1913   1907   1910   1912   1916   1914   1914   1918
   26.006    24141   981.30    24645  1001.79   2465   2464   2467   2464   2459   2465   2462   2465   2469   2465   2412   2414   2414   2409   2410   2414   2418   2416   2414   2420
   31.006    29219   978.85    29725   992.64   2973   2972   2976   2972   2967   2973   2969   2974   2976   2973   2920   2922   2921   2918   2918   2921   2925   2924   2922   2928
   36.006    34156   986.21    34657   985.23   3466   3466   3469   3466   3460   3466   3463   3467   3468   3466   3414   3416   3414   3410   3412   3414   3421   3419   3416   3420
   41.006    39033   989.76    39533   989.76   3953   3955   3957   3955   3947   3953   3951   3954   3955   3953   3901   3904   3903   3897   3900   3901   3908   3907   3904   3908
   46.006    44197   993.66    44682   993.02   4468   4470   4474   4470   4461   4467   4466   4469   4470   4467   4416   4418   4420   4413   4418   4416   4425   4424   4422   4425
   51.006    49293   998.36    49762   997.25   4987   4989   4939   4939   4979   4985   4985   4987   4987   4985   4937   4938   4940   4931   4935   4937   4942   4893   4946   4894
   56.006    54083  1004.77    54538  1003.12   5453   5455   5457   5458   5447   5453   5453   5454   5455   5453   5409   5405   5406   5401   5404   5407   5410   5414   5412   5415
   61.006    59136  1003.93    59583  1001.95   5958   5960   5961   5962   5951   5959   5958   5958   5959   5957   5913   5912   5911   5903   5912   5913   5915   5919   5919   5919
   66.007    64183  1007.65    64617  1005.40   6463   6464   6464   6465   6453   6463   6463   6462   6461   6459   6420   6417   6414   6409   6413   6418   6420   6424   6425   6423
   71.006    69412  1019.43    69837  1016.91   6985   6986   6985   6988   6975   6985   6985   6984   6983   6981   6943   6940   6937   6933   6936   6939   6943   6948   6947   6946
   76.006    74511  1017.25    74952  1015.77   7497   7496   7494   7500   7488   7497   7497   7496   7493   7494   7453   7449   7449   7446   7445   7448   7451   7457   7457   7456
   81.006    79628  1016.28    80067  1016.98   8008   8008   8006   8012   7998   8009   8009   8008   8004   8005   7965   7961   7961   7958   7956   7959   7963   7969   7968   7968
   86.006    84567  1014.73    85005  1012.65   8501   8501   8501   8507   8492   8503   8502   8501   8498   8499   8460   8454   8455   8452   8450   8454   8456   8462   8462   8462
   91.006    89819  1013.29    90249  1012.75   9026   9026   9026   9030   9016   9028   9027   9024   9022   9024   8986   8980   8979   8977   8976   8979   8983   8985   8988   8986
   96.006    94849  1012.75    95271  1012.38   9529   9528   9528   9531   9520   9530   9530   9525   9525   9525   9491   9484   9480   9480   9478   9483   9484   9489   9491   9489
  101.006    99891  1006.88   100365  1006.64  10038  10038  10039  10041  10030  10039  10039  10034  10034  10033  10004   9994   9991   9990   9987   9991   9991   9999   9998   9946
  106.006   104660  1004.97   105073  1004.06  10489  10489  10489  10491  10531  10490  10490  10536  10536  10532  10457  10445  10492  10492  10438  10441  10495  10450  10500  10450
  111.006   109679  1008.42   110120  1006.78  11008  11008  11008  11011  11001  11010  11010  11006  11006  11052  10976  10967  10964  10962  10963  10964  10971  10972  10971  10969
  116.006   114800  1014.53   115192  1012.99  11519  11520  11520  11525  11514  11521  11522  11517  11520  11514  11487  11479  11474  11474  11477  11474  11485  11484  11484  11482
  121.006   119823  1006.85   120200  1005.07  12021  12021  12021  12026  12015  12021  12022  12016  12021  12016  11989  11983  11976  11975  11981  11976  11988  11984  11985  11986
  126.006   124821  1005.77   125192  1004.06  12520  12520  12520  12526  12515  12520  12523  12514  12520  12514  12488  12482  12476  12475  12484  12473  12490  12480  12484  12489
  131.006   129868  1005.94   130238  1002.45  13025  13025  13025  13031  13020  13025  13028  13017  13025  13017  12993  12985  12980  12980  12989  12977  12996  12984  12990  12994
  136.006   135061  1014.30   135433  1014.90  13544  13544  13544  13550  13539  13544  13547  13538  13545  13538  13513  13504  13500  13500  13508  13495  13515  13504  13510  13512
  141.006   140049  1006.11   140422  1003.72  14044  14043  14043  14047  14038  14044  14045  14037  14044  14037  14013  14005  13999  13999  14005  13995  14011  14002  14009  14011
  146.006   145274  1003.39   145652  1004.77  14568  14567  14567  14571  14561  14568  14569  14555  14566  14560  14537  14526  14520  14523  14530  14519  14534  14522  14531  14532
  151.007   150273  1005.24   150650  1005.10  15067  15067  15067  15070  15061  15067  15067  15056  15066  15062  15037  15027  15023  15023  15028  15020  15033  15021  15030  15031
  156.006   155295  1007.78   155710  1007.62  15575  15572  15572  15577  15566  15572  15572  15564  15571  15569  15545  15532  15530  15531  15535  15528  15541  15528  15537  15488
  161.006   160088  1012.45   160509  1012.48  16046  16042  16042  16045  16036  16042  16042  16084  16041  16089  16012  16002  16050  16001  16004  15997  16011  15997  16007  16007
  166.006   164994  1004.46   165412  1004.36  16540  16538  16538  16541  16532  16538  16537  16578  16536  16534  16507  16500  16496  16497  16499  16493  16507  16493  16502  16500
  171.006   170096  1008.32   170460  1008.02  17050  17049  17049  17049  17042  17049  17047  17038  17045  17042  17015  17010  17007  17007  17010  17004  17018  17003  17013  17009
  176.006   175463  1013.05   175831  1012.72  17588  17588  17587  17585  17578  17587  17583  17574  17581  17580  17552  17546  17544  17543  17546  17542  17555  17539  17549  17547
  181.007   180462  1013.09   180826  1012.65  18089  18089  18086  18085  18078  18086  18082  18073  18079  18079  18054  18045  18042  18042  18045  18040  18057  18040  18049  18048
  186.006   185380  1006.38   185740  1004.56  18580  18580  18576  18576  18570  18576  18573  18567  18571  18571  18546  18537  18534  18535  18536  18532  18549  18532  18540  18539
  191.006   190835  1018.72   191188  1019.73  19125  19125  19121  19121  19115  19123  19118  19110  19115  19115  19092  19083  19079  19081  19082  19077  19095  19078  19085  19083
  196.006   195758  1016.21   196108  1018.69  19618  19618  19612  19613  19606  19616  19611  19601  19605  19608  19583  19575  19571  19573  19574  19569  19590  19569  19579  19575
  201.006   201132  1021.88   201477  1023.29  20157  20157  20148  20151  20142  20155  20147  20135  20141  20144  20121  20114  20106  20111  20111  20105  20129  20106  20115  20114
  206.007   206103  1013.02   206445  1012.32  20608  20659  20651  20653  20645  20657  20648  20638  20642  20644  20623  20616  20608  20614  20611  20607  20582  20608  20618  20616
  211.006   211277  1025.54   211720  1024.73  21145  21143  21190  21191  21184  21142  21185  21176  21182  21182  21110  21103  21146  21101  21149  21146  21118  21146  21157  21101
  216.006   216505  1042.82   216991  1042.08  21688  21686  21682  21683  21676  21686  21727  21718  21722  21723  21653  21647  21687  21644  21641  21639  21660  21638  21650  21646
  221.007   222002  1044.13   222440  1043.39  22239  22236  22231  22231  22225  22237  22227  22268  22273  22273  22201  22197  22238  22192  22190  22190  22211  22189  22197  22197
  226.006   226857  1043.56   227246  1042.85  22727  22725  22721  22721  22715  22726  22718  22766  22714  22713  22691  22686  22680  22682  22682  22681  22700  22680  22688  22687
  231.006   232336  1047.15   232671  1046.81  23276  23274  23269  23270  23263  23274  23266  23255  23262  23262  23240  23235  23228  23231  23229  23229  23247  23227  23236  23234
  236.006   237692  1060.07   238023  1059.70  23812  23810  23803  23806  23797  23810  23801  23790  23797  23797  23774  23771  23763  23767  23764  23763  23785  23763  23772  23770
  241.006   242790  1055.77   243118  1051.95  24321  24320  24312  24316  24306  24320  24311  24298  24307  24307  24283  24281  24273  24277  24273  24273  24295  24272  24282  24281
  246.006   247992  1050.04   248317  1046.31  24841  24840  24831  24836  24825  24840  24831  24818  24828  24827  24803  24802  24795  24797  24794  24793  24813  24793  24802  24800
  251.006   252891  1022.35   253214  1023.22  25332  25329  25319  25324  25318  25329  25321  25308  25318  25316  25295  25291  25286  25285  25284  25283  25304  25281  25292  25290
  256.006   257769  1021.34   258093  1022.35  25820  25816  25807  25812  25806  25817  25810  25796  25806  25803  25783  25778  25774  25771  25773  25772  25794  25768  25780  25776
  261.006   262853  1008.42   263167  1009.56  26281  26330  26318  26326  26319  26330  26321  26307  26318  26317  26297  26291  26287  26285  26287  26286  26255  26282  26294  26289
  266.006   267859   999.16   268127  1000.40  26790  26787  26822  26831  26824  26787  26828  26813  26823  26822  26802  26796  26793  26789  26792  26743  26764  26787  26799  26794
  271.006   272837  1002.68   273253  1002.28  27311  27308  27347  27301  27295  27308  27353  27336  27346  27348  27273  27268  27319  27315  27319  27263  27287  27257  27271  27265
  276.006   277921  1004.33   278418  1003.83  27835  27832  27864  27826  27820  27832  27823  27856  27865  27865  27799  27793  27789  27785  27789  27788  27809  27782  27797  27790
  281.006   282969  1009.36   283330  1008.86  28341  28337  28322  28330  28324  28337  28327  28366  28323  28323  28303  28299  28293  28288  28293  28293  28318  28285  28302  28295
  286.006   288160  1018.15   288521  1019.33  28860  28855  28842  28849  28844  28855  28847  28885  28842  28842  28823  28818  28813  28808  28812  28811  28837  28804  28821  28813
  291.006   293260  1018.72   293573  1020.34  29371  29365  29352  29359  29355  29365  29357  29346  29352  29351  29334  29329  29323  29317  29322  29321  29346  29314  29331  29323
  296.006   298545  1028.12   298856  1029.56  29900  29893  29880  29887  29883  29893  29886  29875  29880  29879  29862  29858  29852  29845  29851  29849  29875  29843  29859  29851
  301.006   303710  1032.68   304014  1027.32  30418  30410  30395  30401  30399  30411  30401  30390  30395  30394  30379  30374  30367  30360  30369  30366  30394  30358  30373  30370
  306.006   308714  1025.37   309012  1020.27  30916  30910  30894  30902  30899  30910  30900  30889  30899  30893  30879  30874  30868  30859  30868  30870  30894  30860  30872  30870
  311.006   313761  1019.66   314100  1018.89  31429  31423  31401  31411  31410  31421  31407  31393  31407  31398  31388  31385  31377  31366  31377  31383  31348  31370  31387  31380
  316.006   318947  1018.19   319216  1018.56  31891  31937  31921  31930  31924  31935  31924  31914  31924  31916  31904  31900  31897  31886  31895  31899  31872  31891  31907  31896
  321.006   324441  1027.99   324640  1030.20  32434  32428  32471  32479  32473  32483  32475  32460  32474  32463  32454  32451  32449  32437  32446  32449  32413  32442  32458  32442
  326.006   329150  1020.23   329457  1018.56  32935  32930  32966  32928  32921  32927  32970  32955  32969  32956  32903  32895  32944  32931  32940  32895  32912  32937  32902  32891
  331.006   334130  1015.70   334487  1014.19  33437  33433  33469  33432  33425  33431  33472  33459  33470  33459  33406  33398  33447  33434  33392  33398  33416  33440  33405  33394
  336.006   339371  1027.11   339676  1025.67  33971  33968  33952  33966  33960  33966  33955  33992  33954  33992  33941  33932  33930  33966  33925  33933  33952  33923  33939  33930
  341.006   344658  1036.81   345008  1033.56  34505  34501  34483  34500  34493  34500  34489  34525  34487  34525  34474  34465  34465  34448  34459  34467  34485  34458  34473  34464
  346.006   349704  1030.27   350073  1029.56  35013  35006  34985  35006  34999  35006  34992  35038  34990  35038  34979  34969  34967  34953  34962  34972  34994  34960  34978  34970
  351.006   355096  1027.11   355340  1028.66  35547  35542  35528  35543  35535  35543  35534  35518  35532  35518  35518  35508  35509  35495  35504  35510  35527  35503  35516  35506
  356.006   360066  1027.75   360312  1027.25  36044  36040  36023  36043  36033  36042  36031  36013  36030  36013  36015  36006  36004  35993  36001  36007  36024  35999  36014  36003
  361.006   365250  1034.43   365507  1032.72  36565  36560  36542  36562  36553  36563  36549  36533  36548  36532  36533  36525  36523  36511  36519  36525  36543  36517  36533  36521
  366.006   370396  1023.89   370719  1026.48  37090  37084  37062  37087  37075  37088  37068  37049  37068  37048  37055  37047  37042  37031  37037  37047  37003  37037  37054  37043
  371.006   375569  1022.92   375745  1023.52  37554  37597  37583  37552  37590  37553  37585  37573  37585  37573  37569  37561  37561  37552  37554  37560  37532  37555  37568  37557
  376.006   380396  1020.03   380609  1019.80  38050  38044  38080  38047  38037  38049  38082  38069  38082  38069  38018  38059  38058  38050  38051  38010  38026  38053  38066  38005
  381.006   385452  1011.95   385768  1012.75  38566  38560  38595  38564  38553  38564  38598  38585  38598  38585  38535  38524  38574  38565  38567  38525  38541  38569  38532  38520
  386.006   390297  1011.24   390617  1012.05  39061  39056  39089  39059  39047  39059  39043  39080  39043  39080  39030  39018  39020  39058  39061  39019  39036  39014  39026  39015
  391.006   395152  1003.42   395514  1003.66  39554  39550  39536  39552  39542  39551  39539  39575  39539  39576  39526  39513  39516  39505  39509  39514  39529  39508  39522  39510
  396.006   400669  1015.87   401017  1013.42  40105  40101  40085  40102  40094  40102  40089  40124  40089  40126  40079  40064  40067  40056  40060  40066  40081  40060  40074  40062
  401.006   405619  1008.39   405865  1009.13  40602  40596  40580  40597  40589  40596  40582  40569  40583  40571  40574  40558  40564  40550  40557  40562  40575  40554  40568  40557
  406.006   410665  1011.81   410914  1007.01  41112  41104  41083  41105  41096  41104  41085  41069  41085  41071  41081  41063  41068  41050  41060  41068  41082  41056  41074  41063
  411.006   415820  1010.87   416076  1008.89  41623  41618  41601  41619  41612  41618  41601  41591  41601  41592  41597  41578  41584  41567  41576  41583  41596  41572  41589  41578
  416.006   421188  1026.74   421448  1026.38  42159  42155  42138  42157  42149  42156  42138  42128  42138  42130  42134  42113  42120  42106  42112  42119  42132  42110  42127  42115
  421.006   426489  1037.08   426701  1035.30  42640  42684  42669  42687  42678  42687  42669  42657  42669  42661  42662  42645  42652  42635  42643  42648  42662  42641  42656  42645
  426.006   431808  1025.87   431878  1027.35  43168  43224  43205  43166  43156  43166  43205  43189  43205  43194  43202  43182  43190  43170  43180  43186  43141  43179  43195  43183
  431.006   436695  1029.43   436800  1031.51  43669  43663  43697  43670  43661  43669  43697  43686  43697  43691  43642  43675  43683  43666  43672  43678  43647  43672  43686  43674
  436.006   441399  1024.90   441701  1026.81  44158  44153  44187  44161  44151  44159  44189  44174  44189  44180  44133  44116  44172  44158  44161  44119  44137  44161  44127  44115
  441.006   446678  1030.47   447028  1030.34  44690  44684  44722  44693  44683  44691  44722  44708  44723  44712  44666  44649  44656  44692  44694  44651  44668  44695  44659  44648
  446.006   451872  1029.70   452242  1029.40  45228  45219  45205  45231  45222  45229  45204  45247  45205  45252  45201  45185  45188  45174  45177  45187  45206  45177  45194  45183
  451.006   456873  1019.63   457211  1020.64  45724  45718  45706  45727  45718  45725  45704  45739  45706  45744  45699  45685  45688  45676  45680  45687  45703  45677  45695  45683
  456.006   461823  1005.60   462118  1009.87  46219  46214  46202  46221  46213  46220  46200  46236  46202  46191  46195  46180  46182  46171  46176  46183  46198  46172  46189  46177
  461.006   466793  1008.46   467044  1008.56  46716  46710  46699  46720  46710  46720  46698  46684  46699  46688  46692  46678  46679  46667  46674  46680  46695  46668  46685  46675
  466.006   471811  1012.11   472056  1010.30  47216  47212  47201  47221  47212  47221  47199  47184  47200  47190  47194  47180  47181  47169  47177  47181  47196  47171  47186  47176
  471.006   476713   998.32   476964   996.41  47707  47701  47693  47711  47702  47711  47689  47675  47693  47682  47685  47668  47671  47660  47666  47670  47687  47664  47676  47666
  476.006   481675   985.27   481818   984.30  48202  48197  48188  48157  48197  48157  48183  48170  48188  48179  48181  48165  48168  48156  48162  48167  48182  48160  48172  48162
  481.006   486583   981.91   486672   981.98  48646  48693  48682  48651  48643  48653  48679  48664  48685  48676  48676  48660  48665  48652  48658  48662  48627  48656  48669  48658
  486.006   491463   981.14   491552   981.01  49139  49136  49176  49143  49136  49147  49173  49157  49177  49168  49119  49153  49157  49147  49150  49155  49120  49148  49163  49151
  491.006   496133   978.02   496490   979.43  49627  49623  49676  49634  49628  49638  49671  49652  49676  49665  49607  49590  49658  49649  49588  49593  49608  49649  49601  49590
  496.006   501245   987.75   501628   987.48  50156  50153  50144  50160  50154  50167  50189  50175  50144  50186  50134  50120  50126  50117  50120  50124  50135  50117  50132  50120
  501.006   506587  1002.52   506927  1002.21  50692  50688  50678  50696  50691  50701  50674  50709  50679  50719  50670  50655  50659  50650  50653  50658  50669  50653  50666  50654
  506.006   511900  1014.26   512176  1015.57  51222  51218  51208  51225  51222  51230  51203  51239  51209  51200  51201  51186  51189  51183  51186  51189  51200  51184  51197  51185
  511.006   516898  1017.32   517175  1018.76  51720  51718  51707  51725  51722  51731  51703  51741  51708  51700  51702  51685  51688  51683  51686  51690  51699  51683  51697  51685
  516.006   521841  1019.40   522066  1019.19  52215  52213  52200  52220  52216  52225  52195  52188  52200  52194  52197  52178  52180  52177  52180  52185  52194  52178  52191  52181
  521.007   527096  1032.58   527321  1026.54  52740  52738  52726  52744  52742  52751  52721  52713  52726  52720  52722  52702  52707  52702  52706  52710  52719  52704  52717  52707
  526.006   532288  1026.74   532458  1027.92  53259  53258  53244  53263  53263  53221  53239  53230  53244  53237  53241  53223  53225  53222  53224  53230  53238  53222  53237  53226
  531.006   537440  1014.36   537519  1020.23  53775  53774  53756  53781  53719  53727  53748  53738  53756  53745  53756  53738  53740  53737  53739  53746  53753  53737  53752  53742
  536.006   542635  1014.53   542686  1018.76  54293  54289  54276  54245  54246  54254  54272  54266  54277  54268  54276  54259  54259  54257  54259  54263  54273  54257  54273  54259
  541.006   547445  1013.49   547601  1016.07  54740  54786  54773  54742  54743  54751  54767  54762  54773  54764  54723  54754  54756  54751  54755  54760  54720  54750  54720  54756
  546.006   552305  1014.09   552511  1015.24  55237  55231  55269  55239  55238  55248  55263  55257  55269  55260  55220  55250  55251  55247  55251  55205  55217  55245  55216  55203
  551.006   557161  1005.64   557519  1005.27  55738  55730  55770  55741  55739  55750  55763  55759  55769  55760  55721  55700  55752  55699  55701  55705  55718  55745  55716  55704
  556.006   562181  1003.12   562544  1003.15  56250  56241  56234  56254  56253  56262  56275  56270  56233  56272  56234  56212  56215  56211  56211  56216  56230  56208  56227  56217
  561.006   567379  1004.66   567741  1005.97  56770  56761  56753  56775  56773  56783  56794  56789  56752  56791  56755  56731  56733  56730  56732  56736  56751  56727  56747  56737
  566.006   572332   996.54   572642   996.88  57262  57256  57250  57269  57268  57278  57239  57284  57250  57286  57251  57226  57229  57224  57227  57231  57249  57222  57241  57232
  571.006   577298   998.56   577510   998.76  57758  57751  57747  57766  57766  57774  57737  57731  57747  57733  57747  57723  57726  57720  57724  57726  57747  57719  57737  57729
  576.006   582212   998.66   582420   997.01  58250  58242  58239  58256  58256  58264  58228  58222  58239  58224  58237  58214  58218  58211  58216  58218  58237  58212  58228  58221
  581.007   587142   997.92   587250   992.79  58741  58735  58731  58751  58699  58706  58721  58716  58731  58719  58728  58707  58711  58705  58709  58712  58730  58704  58723  58713
  586.006   592035   987.32   592093   985.13  59230  59226  59220  59192  59187  59195  59209  59205  59221  59208  59217  59198  59199  59196  59198  59201  59219  59193  59212  59202
  591.006   596880   975.67   596992   975.23  59720  59714  59708  59683  59679  59684  59698  59698  59710  59698  59706  59688  59688  59687  59688  59689  59660  59683  59701  59690
  596.006   601847   976.54   601936   977.85  60169  60216  60211  60181  60178  60182  60196  60196  60211  60196  60155  60190  60192  60187  60190  60192  60160  60185  60204  60192
  601.006   606792   978.99   607054   978.83  60674  60730  60725  60690  60690  60692  60709  60710  60725  60709  60661  60704  60705  60703  60704  60647  60669  60699  60655  60645
  606.006   611646   982.79   611945   982.75  61176  61169  61215  61188  61186  61189  61202  61203  61214  61203  61161  61145  61194  61191  61193  61149  61169  61140  61157  61147
  611.006   616484   984.66   616821   985.80  61673  61665  61662  61686  61684  61687  61701  61701  61661  61701  61661  61645  61642  61641  61641  61646  61667  61637  61656  61648
  616.006   621504   987.28   621838   988.15  62173  62165  62163  62187  62186  62188  62205  62205  62161  62205  62162  62148  62142  62142  62141  62148  62173  62141  62159  62148
  621.006   626634   996.98   626809   996.11  62684  62675  62675  62698  62695  62699  62670  62668  62675  62670  62675  62661  62658  62655  62654  62660  62685  62652  62674  62660
  626.006   631754  1001.95   631900  1000.54  63193  63184  63184  63209  63206  63211  63177  63175  63184  63177  63187  63171  63172  63164  63165  63174  63199  63165  63186  63171
  631.006   636719   997.95   636850   993.42  63689  63680  63680  63702  63698  63704  63674  63670  63679  63674  63683  63668  63668  63660  63663  63672  63693  63661  63682  63669
  636.006   641648   997.01   641715   995.74  64186  64176  64176  64198  64147  64153  64169  64165  64176  64169  64184  64163  64166  64156  64159  64172  64144  64157  64181  64166
  641.006   646758  1001.95   646757   997.62  64696  64687  64687  64656  64653  64661  64681  64671  64687  64678  64694  64675  64676  64665  64670  64682  64655  64669  64694  64678
  646.006   651895  1006.58   651935  1001.78  65214  65201  65201  65177  65173  65181  65198  65192  65202  65196  65211  65191  65194  65183  65187  65202  65177  65188  65165  65197
  651.006   656817  1001.01   656848   998.15  65660  65698  65698  65670  65667  65676  65697  65691  65698  65693  65708  65688  65694  65680  65684  65648  65670  65688  65662  65695
  656.006   661765   998.32   661893   996.21  66163  66202  66202  66174  66170  66180  66204  66198  66202  66198  66164  66193  66198  66185  66191  66152  66175  66193  66165  66149
  661.006   666754  1004.63   666999  1001.75  66674  66712  66712  66685  66682  66690  66714  66709  66712  66709  66677  66653  66663  66697  66703  66667  66689  66655  66685  66665
  666.006   671850  1013.52   671988  1012.48  67193  67181  67181  67203  67200  67210  67181  67229  67181  67229  67192  67174  67185  67166  67171  67186  67211  67174  67204  67187
  671.006   676860  1008.56   676891  1009.63  67694  67682  67682  67704  67698  67709  67682  67680  67681  67679  67696  67674  67683  67669  67673  67686  67709  67673  67707  67690
  676.007   681899  1005.17   681897  1000.44  68195  68182  68182  68206  68199  68210  68182  68180  68182  68179  68199  68180  68185  68171  68178  68190  68214  68177  68208  68197
  681.006   686952  1007.89   686936  1004.73  68699  68687  68687  68709  68703  68711  68687  68683  68687  68683  68704  68687  68691  68678  68685  68695  68719  68681  68710  68702
  686.006   692029  1007.35   692009  1004.09  69206  69195  69195  69214  69209  69217  69194  69192  69195  69192  69212  69196  69198  69187  69194  69202  69223  69190  69218  69209
  691.006   697085  1008.19   697098  1003.49  69716  69703  69703  69725  69719  69726  69703  69700  69703  69700  69723  69707  69709  69695  69703  69713  69686  69700  69731  69718
  696.006   702055  1002.08   701921  1002.82  70214  70200  70200  70173  70167  70173  70200  70197  70200  70197  70220  70203  70206  70193  70200  70211  70182  70197  70227  70216
  701.007   706863   992.95   706775   990.81  70700  70687  70687  70657  70649  70655  70685  70684  70687  70684  70706  70689  70693  70680  70687  70697  70665  70682  70661  70703
  706.006   711849   995.30   711811   994.19  71158  71195  71194  71168  71161  71167  71192  71191  71194  71191  71214  71196  71203  71187  71195  71155  71175  71190  71173  71161
  711.007   716757   995.44   716857   994.60  71664  71699  71698  71672  71666  71672  71696  71695  71699  71696  71672  71653  71662  71692  71698  71660  71681  71694  71678  71667
  716.006   721644   988.93   721748   988.19  72153  72189  72187  72160  72154  72159  72185  72185  72189  72187  72161  72142  72149  72181  72188  72150  72169  72182  72166  72156
  721.006   726471   984.53   726481   982.82  72645  72633  72630  72654  72648  72654  72677  72677  72632  72631  72653  72633  72641  72625  72632  72642  72662  72673  72660  72650
  726.006   731450   984.93   731418   985.34  73148  73137  73132  73158  73153  73158  73130  73132  73136  73134  73156  73135  73143  73127  73135  73144  73165  73128  73164  73153
  731.006   736375   988.72   736334   986.98  73641  73629  73623  73651  73643  73649  73622  73623  73628  73625  73650  73627  73637  73618  73627  73638  73657  73619  73656  73646
  736.006   741363   985.47   741322   983.72  74140  74128  74123  74149  74141  74148  74120  74123  74127  74123  74149  74124  74134  74117  74126  74137  74156  74120  74155  74145
  741.006   746248   981.78   746208   978.66  74629  74618  74611  74636  74630  74636  74608  74611  74616  74613  74637  74613  74623  74606  74615  74625  74644  74610  74643  74632
  746.006   751116   979.36   751118   979.03  75120  75109  75103  75127  75121  75127  75098  75102  75107  75104  75130  75104  75115  75097  75105  75116  75086  75101  75136  75126
  751.006   756087   980.47   755986   983.46  75617  75607  75601  75573  75616  75573  75594  75601  75603  75601  75627  75601  75612  75594  75602  75614  75583  75598  75633  75623
  756.006   760913   978.69   760861   979.66  76068  76103  76097  76068  76064  76070  76090  76100  76101  76100  76079  76097  76109  76091  76099  76110  76081  76094  76081  76072
  761.006   766182   992.11   766176   993.39  76600  76634  76628  76601  76595  76601  76622  76631  76633  76631  76611  76629  76640  76625  76631  76592  76612  76626  76613  76603
  766.006   771265   996.98   771297   996.17  77113  77147  77141  77114  77108  77113  77133  77142  77144  77142  77125  77140  77104  77137  77145  77105  77126  77140  77127  77116
  771.007   776442  1005.67   776371  1004.73  77629  77613  77660  77630  77623  77629  77649  77665  77610  77663  77639  77662  77619  77658  77666  77620  77642  77661  77643  77632
  776.006   781307  1013.09   781338  1010.84  78138  78120  78163  78139  78131  78138  78156  78118  78119  78116  78149  78116  78128  78111  78119  78129  78148  78114  78152  78141
  781.006   786592  1022.05   786587  1021.98  78669  78651  78643  78668  78661  78669  78686  78646  78651  78643  78678  78647  78656  78637  78646  78656  78678  78640  78682  78672
  786.006   791614  1023.73   791560  1023.69  79170  79153  79147  79171  79163  79170  79138  79148  79153  79147  79181  79150  79157  79140  79147  79158  79181  79143  79184  79173
  791.006   796601  1013.86   796547  1012.32  79671  79651  79644  79671  79663  79671  79636  79645  79651  79644  79680  79649  79654  79636  79644  79656  79683  79641  79683  79675
  796.006   801589  1009.50   801522  1007.75  80169  80149  80142  80168  80158  80169  80134  80142  80149  80142  80177  80149  80152  80137  80142  80154  80184  80138  80184  80172
  801.006   806646  1005.67   806654  1009.87  80681  80663  80656  80679  80671  80681  80648  80656  80663  80656  80691  80667  80668  80654  80656  80670  80650  80652  80700  80638
  806.006   811614  1010.57   811570  1008.05  81135  81165  81157  81179  81171  81135  81149  81157  81165  81157  81193  81169  81171  81156  81156  81171  81150  81153  81156  81139
  811.006   816507   995.64   816415   992.72  81628  81661  81651  81623  81616  81628  81644  81651  81662  81651  81637  81662  81666  81649  81651  81666  81643  81649  81650  81634
  816.006   821488   990.40   821393   991.01  82122  82165  82153  82114  82107  82121  82142  82151  82165  82153  82128  82165  82171  82148  82149  82169  82136  82149  82144  82129
  821.006   826627  1002.72   826583  1001.48  82655  82638  82679  82650  82642  82654  82671  82677  82638  82679  82663  82643  82644  82675  82677  82641  82670  82675  82677  82662
  826.007   832027  1016.51   831986  1015.74  83194  83178  83219  83190  83182  83194  83213  83218  83178  83220  83204  83183  83184  83215  83218  83181  83208  83216  83216  83202
  831.006   837277  1021.41   837190  1021.48  83725  83708  83700  83722  83711  83725  83743  83747  83709  83700  83734  83712  83713  83746  83747  83710  83738  83698  83746  83733
  836.006   842239  1022.92   842147  1021.31  84227  84209  84200  84222  84212  84227  84242  84197  84210  84201  84234  84213  84214  84198  84247  84212  84240  84199  84248  84234
  841.006   847104  1022.05   847009  1022.01  84718  84700  84691  84712  84702  84718  84687  84689  84700  84692  84724  84704  84705  84689  84692  84702  84732  84689  84739  84728
  846.006   852241  1027.05   852133  1026.71  85231  85212  85204  85226  85214  85231  85199  85200  85212  85204  85235  85218  85220  85203  85205  85216  85246  85202  85253  85243
  851.006   857284  1022.32   857228  1021.91  85740  85721  85714  85735  85723  85739  85709  85711  85722  85714  85745  85728  85729  85712  85715  85725  85755  85711  85763  85701
  856.006   862168  1003.66   862153  1003.05  86231  86213  86208  86227  86215  86231  86201  86205  86215  86207  86237  86221  86222  86206  86209  86218  86201  86205  86254  86195
  861.006   867063   992.92   866997   993.59  86677  86708  86700  86723  86712  86678  86694  86697  86708  86700  86733  86716  86717  86698  86701  86715  86696  86697  86700  86690
  866.007   872120   994.50   872008   992.18  87184  87214  87206  87177  87217  87186  87200  87204  87214  87206  87238  87222  87221  87204  87207  87220  87203  87203  87206  87196
  871.006   877028   995.67   876961   996.54  87684  87716  87706  87676  87667  87686  87699  87705  87716  87706  87689  87723  87723  87704  87707  87671  87704  87702  87707  87698
  876.006   881902   990.60   881931   990.47  88181  88211  88203  88174  88165  88183  88197  88202  88211  88204  88188  88172  88172  88200  88204  88170  88200  88197  88204  88195
  881.006   887268   997.92   887201   999.23  88718  88698  88739  88712  88701  88720  88735  88739  88698  88741  88724  88707  88706  88737  88741  88706  88739  88734  88741  88733
  886.006   892094   996.11   891936   996.14  89199  89183  89222  89196  89184  89201  89217  89175  89183  89176  89208  89189  89191  89221  89222  89189  89220  89216  89223  89215
  891.006   896970   995.20   896812   995.47  89692  89677  89664  89689  89677  89694  89708  89665  89677  89669  89702  89681  89683  89665  89713  89681  89712  89709  89716  89708
  896.007   902196  1003.99   902091  1003.99  90225  90209  90197  90222  90211  90228  90192  90197  90209  90201  90234  90213  90215  90196  90196  90213  90245  90192  90249  90243
  901.006   907128  1005.34   907073  1004.06  90723  90706  90696  90719  90710  90726  90690  90696  90707  90700  90733  90711  90713  90695  90695  90711  90740  90691  90747  90692
  906.006   911944  1003.42   911938  1000.64  91209  91193  91184  91205  91197  91213  91176  91183  91193  91185  91219  91197  91198  91182  91183  91196  91181  91177  91233  91178
  911.006   917109   993.22   917054   993.52  91730  91708  91699  91723  91715  91681  91691  91698  91709  91700  91738  91712  91713  91699  91697  91711  91699  91691  91755  91694
  916.006   922136  1001.68   922081  1003.52  92184  92218  92209  92227  92219  92189  92198  92208  92218  92211  92243  92222  92223  92209  92204  92220  92206  92199  92209  92201
  921.006   926966  1000.50   926901  1000.54  92672  92704  92696  92667  92704  92676  92687  92694  92704  92697  92683  92708  92709  92696  92692  92706  92695  92688  92698  92691
  926.006   932139   998.66   932031   997.01  93190  93222  93214  93184  93176  93193  93203  93212  93223  93214  93201  93227  93226  93212  93209  93225  93212  93204  93215  93208
  931.006   937084   998.62   937019   998.22  93697  93682  93723  93691  93683  93700  93711  93723  93683  93726  93709  93687  93686  93722  93718  93687  93721  93713  93723  93718
  936.006   942033  1001.54   941928  1001.44  94192  94177  94218  94189  94180  94197  94206  94218  94178  94173  94207  94182  94180  94216  94212  94183  94214  94209  94218  94212
  941.006   946976   993.89   946771   993.89  94688  94669  94663  94685  94676  94692  94700  94663  94670  94665  94703  94676  94672  94710  94706  94679  94708  94703  94714  94705
  946.007   952103   997.35   951949   998.96  95204  95187  95182  95201  95194  95210  95219  95182  95186  95184  95218  95192  95191  95179  95224  95197  95227  95221  95231  95223
  951.006   957274  1006.78   957113  1003.69  95721  95700  95695  95722  95715  95729  95740  95695  95700  95696  95735  95705  95705  95689  95745  95714  95747  95742  95748  95744
  956.006   962128   999.90   962075  1001.74  96220  96204  96199  96220  96214  96226  96187  96201  96204  96200  96234  96212  96209  96193  96193  96215  96244  96189  96246  96193
  961.006   967374  1011.51   967361  1011.64  96750  96732  96728  96748  96744  96753  96716  96729  96732  96729  96764  96740  96738  96724  96723  96746  96726  96719  96774  96720
  966.007   972758  1024.66   972695  1027.62  97289  97269  97267  97287  97283  97244  97253  97267  97269  97267  97303  97278  97277  97262  97260  97285  97265  97256  97313  97259
  971.007   977650  1021.61   977471  1021.07  97730  97764  97761  97728  97725  97733  97744  97761  97764  97761  97804  97775  97773  97756  97750  97786  97756  97746  97754  97750
  976.006   982685  1021.44   982624  1021.34  98248  98276  98275  98244  98243  98251  98260  98275  98277  98275  98262  98286  98284  98273  98265  98245  98271  98261  98272  98266
  981.006   988017  1026.71   987948  1026.54  98780  98808  98808  98777  98775  98785  98792  98808  98809  98806  98794  98819  98817  98806  98798  98778  98804  98796  98805  98800
  986.006   993415  1045.20   993342  1039.80  99321  99347  99346  99316  99314  99324  99333  99347  99348  99346  99335  99359  99356  99345  99338  99318  99344  99336  99345  99339
  991.006   998347  1035.44   998405  1030.07  99825  99857  99854  99817  99816  99828  99838  99857  99857  99856  99837  99810  99807  99856  99842  99816  99848  99840  99847  99844
  996.006  1003335  1019.67  1003168  1021.01 100328 100307 100305 100320 100319 100330 100339 100307 100307 100306 100340 100318 100315 100307 100344 100323 100351 100342 100351 100344
 1001.006  1008659  1034.16  1008485  1037.59 100857 100840 100837 100851 100849 100861 100872 100840 100839 100839 100872 100849 100847 100840 100877 100855 100884 100876 100881 100878
 1006.006  1013752  1034.50  1013575  1032.21 101366 101349 101345 101361 101359 101371 101380 101349 101347 101348 101383 101357 101357 101347 101388 101364 101394 101385 101391 101386
 1011.006  1018541  1016.24  1018361  1014.13 101848 101833 101830 101843 101840 101853 101818 101833 101831 101832 101866 101840 101840 101833 101873 101847 101877 101821 101873 101871
 1016.006  1023341   999.30  1023319   999.36 102343 102330 102327 102339 102335 102347 102313 102330 102327 102328 102361 102334 102336 102329 102318 102346 102321 102313 102368 102315
 1021.006  1028585  1009.70  1028508  1001.95 102867 102853 102851 102863 102859 102823 102837 102853 102851 102851 102888 102857 102859 102853 102842 102869 102845 102837 102894 102841
 1026.006  1034016  1021.68  1033934  1019.77 103408 103395 103393 103406 103402 103367 103381 103395 103394 103393 103430 103400 103402 103396 103386 103411 103388 103381 103435 103387
 1031.006  1038856  1006.64  1038728  1006.48 103854 103889 103887 103851 103847 103859 103874 103890 103889 103888 103877 103893 103897 103891 103879 103907 103880 103874 103879 103879
 1036.006  1043572   997.95  1043487   999.23 104340 104359 104356 104340 104334 104340 104345 104359 104357 104357 104362 104364 104366 104360 104351 104349 104356 104347 104367 104350
 1041.006  1048703  1007.32  1048617  1005.67 104853 104873 104869 104853 104846 104852 104857 104874 104871 104869 104875 104878 104880 104874 104864 104863 104868 104859 104880 104862
 1046.006  1053548   998.99  1053369   996.91 105343 105315 105359 105342 105335 105341 105348 105315 105313 105358 105364 105368 105323 105363 105353 105352 105358 105348 105369 105350
 1051.006  1058772  1000.17  1058576   999.80 105879 105841 105837 105876 105868 105874 105884 105841 105840 105836 105900 105846 105848 105841 105889 105887 105893 105883 105902 105883
 1056.006  1063806   987.95  1063618   987.68 106383 106347 106344 106376 106369 106376 106388 106347 106345 106343 106401 106353 106354 106348 106391 106389 106395 106385 106405 106385
 1061.006  1069098  1003.83  1068822  1005.17 106863 106879 106877 106905 106898 106905 106867 106878 106877 106873 106930 106883 106885 106878 106920 106917 106924 106914 106934 106913
 1066.006  1074183  1022.35  1074110  1022.75 107392 107408 107406 107434 107428 107434 107396 107407 107405 107400 107457 107411 107413 107406 107400 107397 107450 107394 107414 107441
 1071.006  1079315  1027.21  1079240  1027.58 107919 107935 107932 107913 107907 107914 107925 107935 107932 107928 107936 107940 107941 107934 107927 107923 107929 107922 107940 107923
 1076.006  1084270  1029.19  1084200  1031.11 108414 108433 108429 108409 108401 108409 108419 108433 108429 108424 108430 108435 108438 108432 108421 108418 108425 108417 108435 108419
 1081.006  1089551  1031.21  1089470  1030.13 108941 108958 108954 108939 108930 108938 108947 108958 108954 108951 108958 108962 108964 108956 108950 108948 108954 108945 108965 108949
 1086.007  1094859  1037.11  1094770  1035.47 109472 109487 109483 109469 109459 109469 109478 109487 109484 109482 109488 109492 109494 109487 109481 109479 109485 109477 109497 109479
 1091.006  1099826  1026.11  1099728  1027.01 109967 109983 109978 109966 109956 109965 109974 109983 109979 109977 109985 109988 109991 109983 109979 109975 109981 109974 109994 109976
 1096.006  1104670  1013.69  1104649  1009.33 110459 110478 110471 110457 110443 110452 110467 110477 110474 110471 110473 110480 110427 110476 110467 110463 110469 110466 110484 110465
 1101.006  1109895  1011.68  1109665  1011.24 110982 110947 110990 110982 110968 110976 110988 110946 110943 110943 110996 111002 110954 110995 110990 110986 110992 110987 111006 110987
 1106.006  1115058  1020.27  1114830  1019.76 111502 111469 111463 111502 111489 111497 111508 111468 111466 111466 111518 111522 111478 111468 111510 111506 111512 111509 111528 111507
 1111.006  1119861  1006.71  1119644  1006.61 111986 111955 111953 111986 111974 111982 111948 111954 111953 111953 112003 111961 111963 111959 111993 111990 111997 111992 112011 111992
 1116.006  1124726   992.05  1124471   992.62 112429 112443 112443 112429 112475 112485 112438 112443 112443 112443 112505 112448 112454 112449 112495 112492 112499 112435 112453 112496
 1121.006  1129784  1002.15  1129603  1002.52 112956 112967 112968 112956 112942 112951 112962 112967 112967 112967 113018 112976 112977 112974 113009 113006 112965 112962 112981 112963
 1126.006  1135003  1017.89  1134913  1015.57 113488 113497 113498 113488 113473 113482 113493 113498 113498 113498 113502 113506 113509 113505 113493 113490 113496 113495 113513 113494
 1131.006  1140361  1020.77  1140265  1026.88 114022 114032 114033 114023 114009 114017 114029 114033 114033 114034 114037 114043 114045 114041 114029 114026 114032 114030 114049 114029
 1136.006  1145284  1011.07  1145183  1010.50 114512 114524 114525 114514 114502 114509 114521 114525 114525 114526 114529 114535 114536 114533 114523 114519 114525 114522 114541 114521
 1141.006  1150142  1011.17  1150036  1009.97 114999 115009 115010 115001 114985 114995 115006 115010 115010 115011 115015 115022 115023 115019 115007 115003 115010 115008 115028 115007
 1146.006  1155171  1013.29  1155064  1016.58 115502 115511 115513 115503 115489 115498 115508 115513 115514 115513 115518 115525 115525 115521 115511 115505 115513 115511 115532 115510
 1151.007  1160109  1006.71  1159994  1005.87 115996 116004 116005 115996 115983 115992 116000 116006 116006 116006 116013 116018 116017 116013 116006 116001 116007 116004 116026 116004
 1156.006  1165077   997.89  1164879   994.23 116501 116507 116508 116500 116485 116493 116502 116461 116461 116461 116514 116520 116470 116516 116507 116502 116509 116507 116528 116504
 1161.006  1169921   979.03  1169663   978.42 116990 116947 116947 116989 116973 116982 116991 116948 116948 116948 117004 117008 116959 116956 116996 116992 116998 116996 117018 116994
 1166.006  1174662   977.99  1174401   977.35 117432 117435 117435 117429 117461 117468 117433 117436 117436 117436 117492 117450 117448 117444 117484 117481 117486 117436 117461 117480
 1171.006  1179711   984.33  1179452   983.96 117937 117940 117940 117933 117965 117973 117938 117942 117942 117942 117998 117955 117952 117950 117989 117986 117991 117940 117966 117984
 1176.006  1184309   977.82  1184185   977.25 118420 118423 118423 118416 118402 118408 118421 118424 118424 118424 118435 118439 118435 118432 118425 118422 118428 118424 118449 118420
 1181.006  1189252   977.99  1189138   978.02 118914 118918 118921 118911 118895 118901 118915 118921 118921 118921 118928 118933 118932 118927 118920 118915 118922 118919 118943 118913
 1186.006  1194208   975.87  1194084   980.03 119408 119413 119416 119406 119389 119395 119410 119416 119415 119416 119424 119429 119428 119423 119415 119411 119418 119414 119438 119408
 1191.006  1199301   982.85  1199172   984.06 119918 119921 119925 119914 119898 119904 119919 119925 119924 119924 119934 119938 119936 119932 119925 119920 119927 119924 119948 119917
 1196.006  1204505   993.29  1204373   994.36 120438 120442 120447 120433 120417 120423 120440 120447 120443 120443 120454 120457 120458 120451 120445 120441 120448 120446 120467 120438
