Test case: 
Description: 
	10 senders: persistent queues
	10 receivers: client acknowledge every 50 messages
Timestamp: 2011.11.1 22:1:6
Version: 
Setting up JMS benchmark connections... 

Start processing messages.
Thu Dec 01 22:01:06 EST 2011

  Seconds   Send   Send/Sec   Recv   Recv/Sec   RCV0   RCV1   RCV2   RCV3   RCV4   RCV5   RCV6   RCV7   RCV8   RCV9  SND10  SND11  SND12  SND13  SND14  SND15  SND16  SND17  SND18  SND19
  ------- -------- -------- -------- -------- ------ ------ ------ ------ ------ ------ ------ ------ ------ ------ ------ ------ ------ ------ ------ ------ ------ ------ ------ ------
    1.075        0     0.00        0     0.00      0      0      0      0      0      0      0      0      0      0      0      0      0      0      0      0      0      0      0      0
    6.075     4338   943.04     4549   988.91    455    457    455    454    458    454    455    455    453    453    430    432    432    434    436    430    439    435    433    437
   11.075     9058   943.54     9251   963.65    926    928    925    924    929    924    925    924    923    923    902    910    902    906    909    902    907    903    904    913
   16.075    14061   963.08    14237   975.14   1424   1428   1424   1422   1428   1423   1423   1423   1421   1421   1402   1410   1404   1406   1410   1402   1408   1403   1404   1412
   21.075    19153   977.14    19328   986.07   1932   1937   1934   1931   1938   1932   1932   1932   1930   1930   1911   1920   1914   1915   1919   1911   1918   1912   1912   1921
   26.076    24163   982.24    24335   989.23   2432   2436   2435   2432   2438   2434   2433   2434   2430   2431   2413   2421   2414   2416   2420   2413   2419   2413   2413   2421
   31.075    29233   985.95    29409   988.48   2939   2942   2943   2939   2944   2943   2940   2943   2938   2938   2921   2928   2921   2925   2927   2921   2925   2919   2918   2928
   36.075    34159   984.23    34335   983.05   3431   3434   3436   3433   3437   3436   3432   3436   3430   3430   3414   3420   3414   3419   3420   3413   3417   3412   3410   3420
   41.075    39033   988.42    39210   987.89   3918   3921   3924   3920   3924   3924   3920   3924   3918   3917   3901   3907   3901   3907   3908   3901   3905   3899   3897   3907
   46.075    44191   992.62    44365   992.55   4433   4436   4440   4436   4440   4441   4436   4440   4432   4431   4418   4423   4415   4423   4425   4416   4420   4414   4414   4423
   51.075    49385   997.25    49552   996.95   4951   4954   4959   4956   4960   4959   4955   4959   4950   4949   4942   4944   4933   4943   4943   4934   4938   4933   4932   4943
   56.075    54399  1003.26    54462  1002.95   5467   5469   5426   5423   5426   5425   5469   5427   5465   5465   5411   5458   5447   5411   5459   5447   5454   5450   5399   5463
   61.075    59157  1002.42    59264  1001.85   5924   5926   5929   5928   5930   5928   5925   5930   5922   5922   5917   5912   5904   5915   5913   5956   5911   5907   5902   5920
   66.075    64151  1006.44    64312  1005.94   6431   6432   6433   6432   6434   6431   6430   6433   6428   6428   6419   6416   6410   6421   6415   6408   6416   6411   6410   6425
   71.075    69381  1018.39    69546  1017.99   6954   6955   6957   6955   6956   6957   6953   6957   6951   6951   6942   6938   6935   6943   6937   6929   6939   6936   6934   6948
   76.075    74606  1020.64    74763  1020.07   7475   7477   7478   7476   7477   7478   7475   7478   7473   7476   7464   7461   7457   7463   7460   7452   7463   7456   7457   7473
   81.075    79720  1017.95    79868  1017.32   7985   7987   7989   7987   7988   7989   7985   7989   7983   7986   7975   7972   7969   7974   7972   7963   7974   7968   7969   7984
   86.076    84661  1013.86    84811  1010.24   8480   8482   8483   8481   8483   8483   8479   8482   8478   8480   8468   8466   8464   8469   8466   8456   8469   8460   8463   8480
   91.075    89908  1021.91    90050  1016.44   9005   9005   9007   9004   9006   9007   9003   9006   9003   9004   8993   8991   8989   8994   8990   8980   8993   8984   8988   9006
   96.075    94936  1016.64    95063  1015.60   9506   9507   9508   9506   9507   9508   9504   9508   9503   9506   9497   9495   9491   9496   9492   9487   9497   9484   9489   9508
  101.075   100033  1010.94   100156  1009.46  10016  10017  10017  10014  10016  10017  10013  10017  10014  10015  10010  10006  10004  10006  10004   9994  10006   9991   9996  10016
  106.075   104987  1004.56   104962  1003.49  10468  10515  10469  10514  10516  10517  10513  10517  10466  10467  10510  10505  10504  10459  10506  10497  10507  10491  10493  10515
  111.075   110002  1007.65   109867  1006.68  10988  10986  10990  10983  10986  10987  10984  10987  10988  10988  10981  11026  10978  10980  11023  11019  10981  11015  11014  10985
  116.075   114874  1013.86   114990  1012.72  11499  11498  11502  11496  11498  11499  11497  11499  11501  11501  11495  11487  11488  11493  11484  11482  11493  11478  11477  11497
  121.075   119897  1006.34   120013  1005.47  12001  12000  12004  11998  12000  12001  11999  12001  12004  12005  11998  11989  11991  11997  11985  11986  11994  11981  11978  11998
  126.076   124896  1005.40   125014  1005.10  12503  12500  12503  12497  12498  12503  12500  12503  12503  12504  12499  12488  12492  12497  12486  12482  12494  12481  12479  12498
  131.075   129947  1003.83   130067  1003.72  13009  13006  13009  13000  13001  13009  13006  13008  13009  13010  13005  12993  12996  13005  12991  12986  13000  12984  12985  13002
  136.075   135135  1011.68   135252  1010.64  13528  13525  13527  13519  13520  13527  13524  13527  13526  13529  13522  13513  13515  13524  13510  13506  13519  13502  13504  13520
  141.075   140120  1005.74   140232  1005.70  14026  14024  14024  14016  14019  14024  14023  14025  14023  14028  14020  14013  14013  14021  14010  14005  14017  14002  14002  14017
  146.075   145357  1011.11   145469  1005.00  14551  14547  14548  14539  14541  14548  14545  14549  14548  14553  14545  14536  14538  14545  14534  14529  14539  14525  14524  14542
  151.075   150352  1005.30   150455  1004.83  15049  15043  15045  15039  15042  15047  15044  15049  15047  15050  15042  15036  15036  15045  15036  15030  15038  15025  15022  15042
  156.075   155420  1007.89   155473  1007.35  15555  15550  15552  15547  15548  15553  15552  15555  15553  15508  15550  15542  15543  15551  15544  15537  15545  15531  15529  15548
  161.075   160513  1012.28   160464  1011.64  16025  16069  16070  16066  16068  16022  16070  16024  16023  16027  16068  16061  16013  16019  16064  16057  16064  16051  16049  16067
  166.075   165159  1004.23   165153  1003.39  16518  16515  16514  16511  16513  16515  16513  16517  16517  16520  16513  16507  16506  16513  16509  16551  16509  16497  16542  16512
  171.075   170152  1007.79   170247  1007.21  17026  17025  17022  17020  17023  17024  17023  17026  17028  17030  17023  17015  17015  17022  17018  17011  17019  17005  17002  17022
  176.075   175519  1012.15   175615  1011.61  17562  17563  17558  17556  17559  17561  17561  17563  17565  17567  17561  17551  17552  17559  17556  17547  17555  17542  17538  17558
  181.075   180517  1012.25   180618  1012.18  18062  18064  18057  18056  18060  18062  18060  18065  18066  18066  18062  18051  18053  18059  18055  18046  18054  18043  18037  18057
  186.076   185430  1007.05   185530  1005.40  18553  18555  18548  18547  18552  18553  18550  18556  18558  18558  18553  18542  18544  18550  18547  18538  18545  18535  18529  18547
  191.076   190885  1019.19   190984  1019.23  19098  19100  19094  19093  19097  19098  19096  19102  19103  19103  19098  19089  19089  19095  19092  19084  19091  19079  19074  19094
  196.075   195809  1021.95   195912  1022.28  19590  19594  19586  19584  19589  19591  19587  19596  19597  19598  19591  19581  19581  19587  19584  19575  19586  19571  19568  19585
  201.075   201189  1025.70   201299  1022.42  20128  20133  20124  20120  20127  20130  20125  20137  20137  20138  20130  20120  20119  20126  20122  20112  20125  20109  20104  20122
  206.075   206204  1012.72   206212  1012.95  20629  20633  20627  20622  20628  20631  20627  20641  20587  20587  20630  20620  20620  20626  20623  20612  20628  20612  20609  20624
  211.075   211576  1025.10   211533  1025.44  21166  21170  21165  21161  21166  21167  21164  21124  21125  21125  21166  21159  21156  21163  21160  21151  21162  21150  21146  21163
  216.075   216988  1042.62   216851  1042.85  21659  21663  21706  21703  21707  21708  21705  21664  21668  21668  21708  21700  21697  21704  21702  21692  21702  21691  21688  21704
  221.075   222148  1043.99   222153  1044.30  22210  22213  22206  22203  22256  22209  22205  22215  22218  22218  22211  22249  22198  22206  22203  22242  22204  22192  22238  22205
  226.075   226898  1043.29   227003  1043.36  22699  22701  22696  22692  22697  22698  22696  22704  22710  22710  22700  22690  22688  22696  22692  22683  22693  22683  22678  22695
  231.075   232378  1046.65   232481  1046.41  23247  23249  23244  23240  23246  23248  23244  23251  23256  23256  23248  23237  23236  23244  23240  23232  23240  23231  23227  23243
  236.075   237732  1057.95   237835  1061.14  23781  23783  23779  23775  23782  23784  23779  23788  23792  23792  23784  23773  23771  23778  23776  23767  23775  23767  23762  23779
  241.075   242823  1048.52   242931  1050.10  24292  24294  24288  24284  24292  24293  24288  24298  24301  24301  24292  24282  24280  24287  24284  24277  24286  24275  24271  24289
  246.075   248026  1041.54   248129  1044.56  24813  24815  24809  24803  24812  24813  24809  24817  24819  24819  24813  24803  24801  24806  24806  24798  24806  24796  24790  24807
  251.076   252916  1030.91   253019  1026.21  25302  25304  25297  25292  25301  25303  25296  25308  25308  25308  25302  25292  25290  25295  25295  25288  25294  25286  25280  25294
  256.075   257801  1027.35   257900  1025.47  25791  25793  25784  25780  25789  25791  25783  25795  25797  25797  25789  25781  25779  25783  25784  25777  25783  25774  25769  25782
  261.075   262933  1008.02   262927  1009.50  26304  26306  26297  26290  26303  26304  26297  26308  26259  26259  26303  26295  26293  26297  26298  26289  26296  26287  26281  26294
  266.075   267989   998.93   267936   998.69  26809  26811  26802  26796  26809  26810  26802  26765  26766  26766  26808  26800  26799  26803  26803  26794  26802  26793  26787  26800
  271.075   273265  1002.68   273027  1002.52  27281  27283  27328  27322  27337  27283  27328  27286  27290  27289  27337  27326  27328  27332  27331  27319  27331  27321  27313  27327
  276.075   278135  1004.09   278187  1003.96  27806  27808  27845  27840  27805  27807  27845  27810  27811  27810  27804  27843  27795  27799  27798  27836  27799  27789  27829  27843
  281.075   283151  1009.30   283155  1009.53  28311  28313  28301  28351  28310  28312  28301  28315  28322  28319  28309  28299  28302  28304  28303  28346  28303  28295  28338  28352
  286.075   288185  1019.60   288288  1019.73  28829  28831  28821  28818  28828  28830  28821  28832  28841  28837  28828  28819  28821  28822  28822  28814  28822  28813  28805  28819
  291.076   293287  1018.59   293391  1020.64  29339  29342  29331  29328  29339  29341  29331  29343  29351  29346  29337  29329  29333  29333  29332  29323  29332  29324  29315  29329
  296.075   298571  1026.24   298675  1029.90  29868  29870  29860  29857  29867  29869  29860  29871  29879  29874  29865  29858  29861  29861  29860  29851  29860  29852  29844  29859
  301.075   303739  1022.62   303839  1030.60  30385  30387  30374  30373  30383  30386  30374  30389  30397  30391  30381  30373  30377  30377  30379  30367  30378  30371  30361  30375
  306.075   308745  1027.18   308838  1018.79  30884  30886  30873  30874  30886  30885  30873  30889  30896  30892  30885  30873  30877  30879  30881  30870  30876  30873  30858  30873
  311.075   313852  1020.30   313953  1019.26  31395  31397  31381  31384  31399  31397  31380  31402  31410  31408  31395  31382  31392  31393  31390  31379  31387  31385  31365  31384
  316.075   319014  1022.92   319046  1018.79  31908  31912  31901  31900  31913  31911  31900  31916  31869  31916  31911  31898  31907  31909  31905  31897  31901  31898  31884  31904
  321.075   324504  1027.35   324423  1027.35  32458  32462  32450  32449  32464  32462  32449  32411  32410  32408  32459  32445  32458  32459  32453  32444  32449  32449  32434  32454
  326.075   329462  1019.30   329234  1018.52  32952  32905  32946  32944  32907  32906  32945  32911  32909  32909  32954  32941  32952  32953  32953  32939  32946  32945  32929  32950
  331.075   334180  1014.70   334215  1014.30  33404  33410  33448  33446  33410  33412  33447  33414  33412  33412  33406  33443  33403  33405  33404  33442  33397  33397  33431  33452
  336.075   339519  1026.01   339549  1025.57  33939  33944  33980  33979  33944  33946  33980  33947  33945  33945  33940  33976  33939  33939  33939  33975  33933  33932  33963  33983
  341.075   344654  1033.66   344733  1032.92  34473  34477  34464  34462  34477  34480  34463  34480  34479  34478  34472  34459  34473  34473  34473  34458  34467  34466  34447  34466
  346.075   349702  1029.83   349787  1031.61  34979  34983  34965  34963  34982  34987  34965  34987  34989  34987  34976  34963  34977  34979  34980  34962  34973  34973  34949  34970
  351.075   355090  1026.41   355155  1029.73  35516  35519  35508  35505  35518  35521  35508  35520  35521  35519  35513  35505  35516  35515  35517  35503  35511  35509  35492  35509
  356.075   360062  1026.85   360126  1030.07  36014  36016  36004  36002  36016  36018  36005  36018  36018  36015  36010  36002  36015  36013  36014  35999  36008  36007  35987  36007
  361.075   365256  1032.95   365321  1032.28  36534  36535  36522  36520  36535  36539  36524  36538  36539  36535  36531  36521  36536  36532  36534  36518  36528  36526  36505  36525
  366.075   370471  1025.50   370549  1024.87  37058  37058  37041  37040  37057  37064  37043  37064  37064  37060  37053  37040  37059  37054  37058  37038  37051  37048  37025  37045
  371.075   375622  1026.31   375684  1024.13  37571  37571  37560  37556  37570  37575  37560  37575  37574  37572  37568  37557  37572  37569  37570  37554  37565  37561  37544  37562
  376.075   380595  1020.00   380459  1019.26  38068  38068  38058  38052  38067  38023  38058  38023  38023  38019  38066  38056  38069  38066  38067  38051  38062  38058  38041  38059
  381.075   385605  1012.21   385525  1012.35  38535  38535  38573  38568  38583  38540  38574  38540  38542  38535  38582  38572  38535  38582  38533  38567  38529  38574  38557  38574
  386.075   390400  1011.51   390423  1011.74  39031  39029  39067  39063  39027  39036  39067  39036  39037  39030  39026  39067  39030  39026  39028  39060  39025  39018  39052  39068
  391.075   395251  1003.22   395370  1003.36  39525  39523  39562  39561  39522  39531  39562  39530  39531  39523  39520  39513  39524  39520  39522  39558  39518  39513  39498  39565
  396.075   400666  1013.29   400731  1012.85  40076  40074  40063  40063  40073  40082  40063  40081  40082  40074  40072  40064  40075  40072  40074  40060  40070  40065  40049  40065
  401.075   405607  1006.21   405679  1004.90  40570  40567  40560  40557  40567  40577  40560  40575  40578  40568  40565  40560  40570  40566  40567  40554  40564  40559  40542  40560
  406.075   410662  1008.99   410745  1010.24  41076  41073  41065  41059  41073  41086  41065  41084  41088  41076  41071  41066  41076  41073  41074  41057  41072  41066  41044  41063
  411.076   415813  1010.40   415888  1010.67  41592  41588  41581  41575  41588  41599  41581  41596  41598  41590  41586  41581  41592  41587  41588  41573  41587  41580  41560  41579
  416.075   421181  1027.95   421257  1024.80  42130  42126  42117  42112  42125  42134  42117  42133  42135  42128  42123  42117  42128  42123  42125  42111  42124  42116  42097  42117
  421.075   426484  1036.71   426553  1035.07  42660  42655  42647  42643  42655  42662  42648  42662  42663  42658  42653  42649  42658  42653  42652  42643  42655  42646  42628  42647
  426.075   431879  1030.30   431888  1026.44  43201  43192  43184  43181  43195  43205  43184  43202  43144  43200  43195  43188  43198  43191  43193  43181  43197  43187  43164  43185
  431.075   436745  1029.83   436660  1029.70  43689  43684  43677  43673  43685  43646  43677  43642  43647  43640  43687  43680  43689  43683  43682  43674  43636  43677  43658  43679
  436.075   441592  1024.90   441504  1024.09  44128  44174  44167  44162  44175  44135  44165  44132  44136  44130  44176  44170  44129  44173  44172  44163  44126  44167  44148  44168
  441.076   446721  1030.50   446732  1030.03  44659  44657  44702  44696  44658  44667  44698  44664  44670  44661  44659  44703  44660  44656  44655  44697  44658  44649  44682  44702
  446.076   451988  1030.00   452058  1029.80  45197  45192  45188  45235  45194  45205  45238  45201  45209  45199  45195  45187  45197  45192  45190  45183  45196  45184  45222  45242
  451.075   456867  1019.56   456925  1019.19  45693  45692  45689  45678  45693  45701  45683  45698  45703  45695  45693  45687  45694  45691  45690  45684  45693  45684  45666  45685
  456.075   461821  1004.77   461874  1004.56  46189  46188  46184  46173  46188  46195  46178  46192  46199  46188  46188  46182  46190  46187  46185  46179  46188  46180  46162  46180
  461.075   466789  1008.15   466847  1009.66  46686  46685  46681  46669  46684  46694  46676  46689  46697  46686  46684  46680  46686  46685  46682  46676  46683  46677  46660  46676
  466.075   471810  1012.38   471866  1012.22  47186  47187  47184  47171  47187  47194  47179  47191  47199  47188  47187  47182  47188  47187  47184  47178  47184  47179  47163  47178
  471.075   476707   999.83   476770   998.25  47676  47675  47673  47665  47677  47685  47669  47683  47689  47678  47677  47671  47677  47678  47673  47667  47673  47667  47653  47671
  476.075   481666   982.75   481681   980.94  48173  48172  48169  48161  48173  48180  48166  48178  48136  48173  48173  48166  48172  48174  48170  48164  48168  48164  48148  48167
  481.075   486619   981.61   486635   981.88  48668  48667  48665  48658  48669  48675  48663  48673  48629  48668  48668  48661  48667  48669  48665  48659  48663  48660  48643  48664
  486.075   491550   980.84   491418   981.34  49163  49160  49158  49150  49162  49119  49156  49116  49122  49112  49161  49154  49161  49162  49159  49152  49157  49153  49135  49156
  491.075   496256   977.92   496333   978.59  49602  49662  49661  49651  49663  49612  49660  49607  49614  49601  49601  49655  49600  49602  49663  49653  49596  49593  49636  49657
  496.075   501426   987.11   501345   987.55  50130  50127  50125  50169  50128  50138  50124  50135  50141  50128  50129  50171  50127  50131  50127  50168  50125  50122  50152  50174
  501.075   506576  1002.32   506647  1002.58  50666  50663  50661  50653  50663  50672  50659  50671  50676  50663  50664  50655  50662  50665  50663  50652  50660  50656  50639  50660
  506.075   511887  1014.16   511951  1015.81  51196  51194  51192  51184  51193  51202  51190  51201  51206  51193  51196  51186  51193  51195  51194  51184  51192  51186  51170  51191
  511.075   516880  1015.50   516952  1015.74  51695  51694  51692  51684  51693  51703  51690  51701  51707  51693  51696  51685  51693  51694  51692  51682  51691  51686  51670  51691
  516.075   521821  1015.81   521894  1017.92  52190  52189  52187  52178  52188  52196  52184  52196  52198  52188  52190  52179  52188  52189  52186  52175  52186  52181  52163  52184
  521.075   527071  1034.06   527147  1029.19  52714  52714  52712  52702  52714  52723  52710  52722  52724  52712  52715  52704  52713  52714  52710  52701  52710  52706  52688  52710
  526.075   532270  1026.74   532341  1031.81  53233  53233  53231  53223  53233  53242  53229  53242  53244  53231  53235  53225  53232  53234  53230  53220  53231  53225  53209  53229
  531.075   537429  1022.58   537514  1016.71  53751  53749  53747  53738  53749  53761  53744  53762  53765  53748  53753  53740  53749  53750  53747  53735  53749  53740  53724  53742
  536.075   542614  1014.20   542584  1014.43  54268  54268  54264  54258  54266  54276  54265  54226  54227  54266  54269  54258  54267  54268  54265  54256  54265  54258  54244  54264
  541.075   547578  1013.42   547495  1013.22  54764  54765  54760  54754  54761  54722  54762  54722  54724  54761  54765  54752  54763  54765  54763  54753  54761  54755  54742  54759
  546.075   552242  1014.19   552303  1013.72  55211  55212  55255  55249  55256  55216  55259  55216  55220  55209  55210  55248  55210  55211  55211  55249  55208  55203  55238  55254
  551.075   557245  1006.01   557256  1005.47  55712  55713  55753  55748  55756  55718  55707  55718  55721  55710  55711  55747  55711  55713  55711  55749  55708  55705  55737  55753
  556.075   562222  1003.46   562221  1002.72  56222  56225  56214  56211  56218  56229  56218  56230  56232  56222  56224  56261  56223  56225  56223  56212  56220  56216  56200  56218
  561.075   567371  1004.77   567421  1003.59  56742  56746  56733  56731  56738  56749  56736  56751  56752  56743  56746  56730  56742  56745  56742  56732  56739  56736  56721  56738
  566.075   572277   995.40   572354   997.32  57237  57240  57225  57224  57229  57242  57228  57245  57248  57236  57237  57222  57232  57236  57232  57221  57230  57226  57211  57230
  571.075   577240   995.37   577316   997.45  57733  57737  57721  57719  57725  57738  57724  57742  57744  57733  57734  57717  57728  57732  57731  57716  57725  57724  57707  57726
  576.075   582142  1000.07   582223   995.74  58224  58227  58213  58210  58216  58228  58215  58232  58234  58224  58223  58208  58218  58222  58221  58206  58216  58214  58198  58216
  581.075   587067   990.94   587145   993.12  58715  58718  58707  58703  58710  58720  58707  58725  58726  58714  58717  58701  58709  58714  58712  58698  58708  58706  58693  58709
  586.075   591960   986.61   591984   990.67  59203  59208  59196  59191  59199  59209  59196  59213  59165  59204  59207  59191  59199  59204  59201  59188  59196  59194  59182  59198
  591.075   596857   973.36   596836   975.81  59691  59699  59685  59681  59689  59699  59685  59656  59656  59695  59698  59680  59688  59694  59692  59678  59685  59683  59672  59687
  596.075   601819   975.54   601796   975.74  60194  60201  60188  60182  60191  60150  60186  60153  60154  60197  60148  60181  60190  60196  60193  60178  60186  60185  60174  60188
  601.075   606839   978.39   606808   978.96  60708  60655  60704  60697  60708  60658  60702  60662  60663  60651  60657  60695  60705  60650  60708  60692  60700  60640  60689  60703
  606.075   611614   982.42   611746   982.48  61196  61154  61192  61187  61196  61157  61191  61161  61160  61152  61156  61185  61144  61149  61146  61183  61188  61140  61130  61193
  611.075   616518   983.56   616614   984.16  61643  61653  61687  61681  61642  61655  61685  61659  61658  61651  61651  61680  61639  61644  61645  61676  61635  61638  61624  61686
  616.075   621385   987.45   621477   989.73  62144  62154  62141  62133  62142  62155  62138  62161  62157  62152  62151  62132  62140  62146  62144  62131  62138  62138  62125  62140
  621.076   626510   995.10   626586   998.36  62654  62664  62651  62645  62653  62667  62649  62672  62668  62663  62662  62645  62652  62662  62658  62644  62650  62651  62635  62651
  626.075   631617   999.93   631687   998.15  63163  63175  63160  63154  63163  63179  63158  63182  63179  63174  63172  63156  63163  63173  63169  63157  63158  63162  63145  63162
  631.075   636578   994.77   636634   992.75  63658  63670  63656  63649  63660  63672  63653  63676  63672  63668  63667  63654  63656  63668  63665  63655  63654  63658  63642  63659
  636.075   641551   998.12   641602   993.69  64155  64167  64152  64144  64156  64169  64150  64174  64169  64166  64164  64151  64151  64166  64165  64151  64151  64156  64137  64159
  641.075   646649  1000.74   646704   999.30  64666  64678  64662  64654  64666  64680  64660  64684  64679  64675  64676  64662  64660  64675  64674  64663  64658  64665  64649  64667
  646.075   651821  1008.09   651778  1008.46  65184  65196  65177  65172  65183  65198  65175  65151  65148  65194  65194  65178  65177  65193  65193  65180  65173  65184  65166  65183
  651.075   656689   999.26   656635   998.39  65681  65691  65673  65668  65679  65643  65672  65645  65643  65640  65640  65676  65677  65692  65690  65676  65671  65625  65662  65680
  656.075   661677   996.58   661628   996.04  66185  66143  66178  66174  66183  66147  66177  66149  66147  66145  66144  66180  66180  66142  66193  66181  66177  66129  66166  66185
  661.075   666697  1002.38   666738  1001.88  66695  66657  66687  66684  66692  66660  66686  66662  66658  66657  66658  66692  66687  66654  66653  66693  66640  66644  66679  66697
  666.075   671791  1009.70   671877  1009.09  67163  67175  67206  67202  67212  67178  67207  67180  67177  67177  67177  67210  67154  67173  67172  67162  67160  67165  67200  67218
  671.075   676661  1007.11   676719  1005.57  67665  67674  67703  67652  67660  67678  67656  67679  67676  67676  67676  67659  67662  67672  67675  67664  67658  67670  67656  67669
  676.076   681681  1002.01   681681  1003.46  68167  68173  68155  68153  68160  68181  68156  68181  68178  68177  68177  68162  68164  68174  68178  68168  68160  68172  68155  68171
  681.075   686722  1004.36   686722  1003.05  68672  68677  68660  68657  68665  68685  68660  68686  68681  68679  68683  68665  68667  68678  68684  68675  68664  68674  68659  68673
  686.075   691795  1007.38   691789  1005.57  69178  69184  69167  69165  69173  69192  69167  69191  69188  69184  69191  69171  69173  69184  69194  69182  69173  69182  69167  69178
  691.075   696895  1005.27   696885  1001.88  69689  69694  69675  69674  69682  69702  69675  69700  69698  69696  69701  69679  69687  69691  69704  69693  69683  69693  69677  69687
  696.076   701868   996.14   701858   996.17  70188  70191  70172  70171  70179  70200  70172  70197  70196  70192  70199  70177  70184  70188  70200  70192  70179  70190  70174  70185
  701.075   706725   993.05   706563   994.43  70675  70678  70658  70656  70665  70634  70658  70631  70630  70678  70685  70662  70669  70675  70685  70677  70664  70676  70661  70671
  706.075   711706   994.46   711599   994.26  71183  71187  71166  71163  71173  71143  71166  71141  71140  71137  71144  71169  71178  71182  71193  71184  71172  71135  71170  71179
  711.075   716759   994.90   716549   994.56  71639  71643  71669  71667  71677  71650  71670  71646  71646  71642  71650  71673  71684  71687  71698  71689  71678  71641  71676  71683
  716.075   721402   988.59   721440   988.49  72128  72131  72158  72157  72168  72139  72158  72135  72136  72130  72138  72163  72122  72127  72137  72129  72167  72130  72117  72172
  721.075   726224   982.62   726316   982.82  72622  72625  72649  72649  72612  72631  72649  72628  72627  72624  72632  72654  72613  72619  72629  72622  72609  72621  72610  72615
  726.075   731260   984.70   731308   985.00  73125  73129  73152  73106  73115  73137  73152  73132  73133  73127  73136  73159  73116  73121  73132  73126  73112  73125  73115  73118
  731.075   736138   987.01   736228   988.83  73617  73619  73645  73598  73607  73629  73645  73623  73625  73620  73628  73601  73608  73615  73626  73618  73605  73618  73609  73610
  736.075   741120   983.76   741107   983.66  74114  74117  74093  74097  74104  74127  74093  74122  74121  74119  74126  74100  74104  74114  74125  74117  74103  74117  74106  74108
  741.075   745998   978.09   745983   979.87  74602  74605  74581  74586  74592  74613  74581  74608  74609  74606  74613  74589  74592  74602  74613  74604  74592  74603  74593  74597
  746.075   750919   980.74   750896   978.66  75094  75098  75071  75077  75081  75104  75072  75100  75101  75098  75106  75081  75082  75095  75107  75095  75084  75095  75087  75087
  751.075   755890   983.76   755871   981.58  75592  75595  75568  75573  75579  75602  75569  75598  75599  75596  75602  75578  75578  75592  75605  75593  75581  75593  75584  75584
  756.075   760860   978.25   760639   980.94  76091  76092  76064  76071  76075  76049  76064  76045  76046  76042  76098  76075  76075  76088  76104  76087  76077  76089  76085  76082
  761.075   765978   991.61   765856   991.04  76574  76575  76596  76603  76607  76579  76596  76576  76578  76572  76579  76607  76607  76621  76585  76619  76609  76570  76567  76614
  766.075   771055   996.38   770983   999.36  77087  77088  77108  77114  77118  77093  77109  77089  77092  77085  77091  77119  77121  77084  77096  77132  77121  77084  77080  77127
  771.075   776134  1005.60   776152  1005.03  77603  77604  77624  77635  77639  77608  77624  77606  77609  77600  77606  77641  77643  77599  77611  77598  77645  77601  77595  77595
  776.075   781147  1011.11   781214  1010.94  78110  78112  78131  78137  78141  78115  78131  78113  78116  78108  78115  78143  78144  78106  78120  78107  78096  78108  78105  78103
  781.075   786389  1021.78   786507  1021.41  78640  78642  78660  78665  78669  78645  78660  78643  78645  78638  78644  78671  78625  78637  78648  78636  78623  78638  78636  78631
  786.075   791360  1023.49   791435  1028.42  79144  79144  79162  79118  79122  79147  79163  79145  79149  79141  79147  79122  79128  79138  79150  79139  79125  79141  79137  79133
  791.075   796354  1015.91   796382  1012.28  79645  79645  79663  79616  79619  79646  79611  79645  79650  79642  79646  79620  79626  79638  79650  79637  79625  79641  79637  79634
  796.075   801328  1011.01   801307  1007.62  80144  80142  80111  80114  80117  80143  80110  80140  80150  80136  80141  80119  80124  80137  80149  80133  80121  80139  80134  80131
  801.075   806464  1009.83   806384  1006.51  80655  80655  80625  80628  80631  80655  80624  80652  80611  80648  80655  80631  80639  80655  80664  80646  80635  80651  80644  80644
  806.075   811478  1006.54   811395  1004.73  81156  81157  81126  81129  81131  81156  81125  81155  81111  81149  81156  81131  81140  81156  81166  81149  81136  81153  81144  81147
  811.075   816375   992.95   816139   992.68  81601  81602  81619  81622  81626  81601  81619  81601  81605  81643  81650  81626  81637  81650  81660  81644  81632  81598  81637  81641
  816.075   821410   991.14   821042   989.63  82094  82095  82117  82122  82126  82093  82117  82093  82102  82083  82156  82126  82141  82156  82166  82148  82136  82091  82144  82146
  821.076   826439  1001.41   826354  1002.58  82627  82628  82646  82647  82652  82628  82646  82628  82633  82619  82628  82652  82663  82626  82637  82669  82658  82625  82614  82667
  826.075   831649  1015.87   831748  1014.97  83166  83167  83185  83187  83192  83167  83186  83167  83172  83159  83170  83193  83154  83167  83179  83159  83150  83164  83154  83159
  831.075   836951  1021.44   837047  1022.48  83696  83698  83714  83715  83722  83697  83716  83697  83703  83689  83702  83723  83684  83697  83710  83689  83680  83694  83683  83689
  836.075   841962  1021.38   842047  1020.74  84195  84200  84213  84213  84221  84199  84215  84199  84203  84189  84203  84221  84186  84198  84213  84191  84182  84195  84184  84189
  841.075   846864  1021.51   846913  1026.28  84685  84691  84706  84706  84665  84689  84709  84690  84694  84678  84694  84713  84675  84688  84703  84681  84672  84686  84674  84678
  846.076   851943  1021.38   851949  1028.83  85199  85204  85223  85169  85178  85202  85172  85203  85209  85190  85209  85174  85188  85200  85216  85194  85186  85200  85186  85190
  851.075   857043  1023.76   856990  1019.97  85708  85714  85678  85679  85689  85711  85682  85713  85716  85700  85719  85684  85699  85710  85727  85704  85696  85709  85696  85699
  856.075   861967  1011.14   861918  1002.99  86201  86205  86174  86172  86182  86201  86176  86206  86209  86192  86210  86177  86191  86202  86220  86196  86189  86200  86188  86194
  861.075   866929   990.77   866827   990.54  86700  86704  86666  86664  86674  86700  86669  86705  86656  86689  86708  86669  86688  86698  86716  86688  86686  86698  86686  86692
  866.075   871982   992.48   871772   992.48  87202  87157  87171  87170  87178  87202  87176  87160  87162  87194  87212  87177  87194  87203  87221  87194  87192  87200  87191  87198
  871.075   876886   995.50   876765   996.71  87700  87656  87671  87669  87676  87700  87675  87661  87663  87694  87662  87678  87696  87703  87719  87695  87692  87650  87693  87698
  876.075   881710   992.42   881583   994.43  88146  88154  88168  88165  88173  88146  88171  88158  88159  88143  88160  88174  88192  88152  88167  88191  88189  88148  88142  88195
  881.075   886927   999.46   886957   998.99  88682  88692  88707  88704  88712  88682  88708  88695  88696  88679  88697  88711  88677  88689  88704  88728  88677  88683  88678  88683
  886.075   891705   996.31   891778   995.54  89164  89174  89189  89186  89194  89165  89189  89177  89178  89162  89180  89193  89161  89171  89187  89162  89160  89165  89160  89166
  891.075   896639   995.30   896700   994.09  89657  89667  89681  89678  89685  89657  89681  89670  89670  89654  89673  89685  89654  89664  89682  89655  89654  89659  89653  89660
  896.075   901966  1004.53   902028  1005.10  90191  90199  90214  90210  90217  90190  90214  90204  90203  90186  90206  90218  90185  90197  90216  90186  90186  90192  90185  90195
  901.075   906946  1005.54   906948  1003.52  90689  90697  90709  90706  90665  90689  90709  90701  90698  90685  90704  90714  90684  90695  90715  90684  90685  90690  90682  90693
  906.075   911762  1002.11   911685  1002.01  91176  91184  91149  91147  91152  91175  91149  91192  91190  91171  91191  91155  91171  91181  91200  91169  91171  91177  91167  91180
  911.075   916938   996.98   916755   993.15  91694  91705  91665  91662  91667  91694  91663  91660  91657  91688  91713  91669  91688  91699  91718  91684  91689  91696  91684  91698
  916.075   921999  1003.66   921823  1001.74  92200  92208  92173  92169  92177  92199  92172  92167  92165  92193  92216  92177  92196  92205  92221  92194  92194  92201  92191  92204
  921.075   926813  1000.44   926651  1000.54  92686  92647  92661  92658  92666  92684  92661  92656  92654  92678  92655  92666  92683  92691  92706  92680  92680  92686  92677  92689
  926.075   931946   995.13   931822   995.10  93204  93165  93177  93174  93184  93202  93177  93173  93170  93196  93172  93183  93202  93210  93225  93198  93198  93156  93195  93207
  931.075   936848   998.26   936767   998.99  93663  93672  93686  93683  93695  93663  93686  93682  93680  93657  93679  93693  93713  93669  93687  93711  93658  93662  93708  93668
  936.076   941710  1003.32   941717  1004.50  94159  94167  94180  94177  94189  94161  94181  94175  94174  94154  94175  94188  94158  94166  94185  94204  94155  94160  94152  94167
  941.075   946617   994.26   946669   997.11  94655  94664  94675  94672  94684  94657  94675  94671  94667  94649  94672  94683  94654  94661  94681  94647  94650  94656  94649  94664
  946.076   951787   997.95   951845   997.52  95173  95182  95193  95189  95201  95174  95193  95189  95185  95166  95190  95201  95171  95179  95197  95165  95166  95172  95166  95180
  951.075   956960  1009.56   957042  1007.42  95691  95700  95714  95709  95722  95695  95712  95710  95706  95683  95708  95720  95687  95697  95717  95679  95682  95689  95681  95700
  956.075   961955  1000.57   961961   999.97  96190  96197  96211  96207  96166  96194  96207  96206  96201  96182  96206  96216  96187  96196  96217  96183  96182  96188  96181  96199
  961.075   967197  1010.30   967153  1009.90  96719  96725  96691  96686  96695  96723  96736  96735  96730  96713  96736  96697  96716  96724  96746  96711  96714  96714  96711  96728
  966.076   972586  1023.36   972389  1022.85  97259  97263  97228  97223  97233  97261  97224  97224  97221  97253  97273  97235  97257  97263  97285  97248  97254  97253  97251  97267
  971.076   977579  1022.92   977328  1020.81  97758  97767  97718  97713  97723  97761  97713  97714  97710  97751  97777  97725  97755  97762  97789  97744  97753  97754  97750  97770
  976.076   982521  1021.71   982400  1020.50  98265  98224  98235  98227  98238  98267  98229  98230  98226  98259  98233  98243  98264  98270  98246  98256  98261  98262  98260  98226
  981.075   987857  1026.78   987629  1024.77  98749  98756  98767  98760  98770  98751  98762  98763  98759  98792  98766  98776  98799  98803  98778  98789  98796  98796  98795  98759
  986.076   993011  1040.60   992975  1040.74  99288  99295  99307  99300  99310  99290  99301  99303  99298  99283  99307  99316  99289  99294  99318  99327  99287  99287  99286  99300
  991.076   998041  1033.09   997997  1035.03  99789  99796  99811  99803  99813  99791  99805  99806  99801  99782  99813  99822  99789  99796  99823  99837  99786  99789  99785  99801
  996.076  1003071  1019.80  1003025  1024.83 100293 100299 100312 100304 100314 100293 100310 100307 100304 100289 100315 100323 100295 100300 100324 100335 100292 100292 100291 100304
 1001.076  1008328  1028.66  1008341  1031.11 100825 100829 100843 100835 100845 100824 100843 100840 100836 100821 100847 100853 100827 100829 100855 100820 100822 100823 100821 100831
 1006.075  1013423  1033.79  1013436  1031.95 101336 101339 101352 101344 101354 101334 101353 101349 101345 101330 101357 101362 101335 101338 101364 101330 101333 101332 101332 101340
 1011.075  1018250  1015.07  1018271  1018.59 101817 101821 101836 101829 101838 101816 101840 101833 101829 101812 101841 101848 101817 101820 101845 101813 101816 101814 101814 101822
 1016.075  1023159  1006.78  1023124  1001.88 102312 102316 102330 102322 102285 102315 102286 102328 102322 102308 102337 102294 102313 102316 102340 102310 102312 102310 102310 102317
 1021.075  1028396  1005.44  1028272  1005.97 102837 102841 102805 102848 102808 102839 102809 102804 102848 102833 102863 102817 102838 102839 102865 102832 102835 102832 102833 102842
 1026.075  1033763  1018.89  1033599  1019.63 103378 103383 103349 103342 103351 103381 103352 103346 103342 103375 103355 103360 103379 103380 103406 103373 103376 103375 103374 103385
 1031.075  1038706  1007.85  1038526  1006.34 103872 103876 103840 103834 103844 103876 103844 103838 103834 103868 103847 103854 103872 103877 103900 103867 103870 103869 103870 103880
 1036.075  1043210   998.66  1043129   996.41 104313 104314 104314 104310 104315 104314 104315 104314 104310 104310 104323 104325 104315 104319 104336 104337 104313 104312 104312 104318
 1041.075  1048339  1008.09  1048258  1006.28 104826 104827 104826 104823 104828 104827 104828 104827 104823 104823 104836 104838 104827 104832 104849 104851 104826 104824 104825 104831
 1046.075  1053237  1006.07  1053151  1006.01 105315 105316 105315 105312 105317 105315 105320 105317 105312 105312 105326 105331 105316 105321 105338 105342 105316 105313 105314 105320
 1051.075  1058580   999.93  1058489  1006.61 105849 105848 105851 105846 105852 105848 105856 105851 105844 105844 105859 105867 105848 105856 105873 105876 105850 105846 105850 105855
 1056.075  1063551   984.50  1063508   986.98 106349 106350 106354 106348 106354 106349 106360 106354 106345 106345 106361 106371 106349 106358 106375 106327 106353 106347 106353 106357
 1061.075  1068838   996.91  1068790   999.77 106878 106879 106881 106877 106882 106878 106886 106881 106874 106874 106890 106898 106878 106887 106903 106859 106881 106876 106881 106885
 1066.075  1074077  1022.92  1074030  1022.45 107407 107408 107409 107405 107410 107407 107367 107409 107404 107404 107420 107379 107409 107415 107432 107386 107411 107405 107406 107414
 1071.075  1079212  1027.82  1079310  1027.25 107935 107936 107936 107934 107936 107936 107895 107936 107932 107934 107899 107908 107937 107943 107960 107911 107890 107936 107886 107942
 1076.075  1083915  1029.43  1083821  1029.16 108382 108383 108383 108380 108383 108382 108390 108381 108378 108379 108396 108402 108384 108389 108405 108405 108385 108382 108379 108388
 1081.075  1089197  1027.38  1089111  1027.55 108912 108913 108912 108909 108913 108911 108917 108909 108906 108909 108923 108929 108913 108918 108934 108933 108913 108912 108907 108915
 1086.075  1094504  1038.73  1094419  1037.32 109443 109444 109443 109440 109443 109442 109449 109439 109436 109440 109454 109459 109444 109448 109465 109464 109444 109443 109438 109445
 1091.075  1099472  1026.31  1099385  1026.71 109939 109941 109939 109937 109940 109939 109944 109936 109933 109937 109952 109954 109941 109945 109961 109959 109942 109939 109934 109945
 1096.075  1104378  1014.90  1104288  1015.40 110427 110435 110427 110430 110428 110428 110436 110424 110422 110431 110447 110446 110429 110436 110448 110452 110433 110428 110423 110436
 1101.075  1109605  1011.85  1109520  1007.35 110951 110957 110951 110952 110952 110952 110956 110949 110947 110953 110968 110967 110953 110960 110973 110972 110955 110951 110947 110959
 1106.075  1114819  1020.94  1114730  1022.72 111473 111478 111473 111471 111473 111473 111477 111469 111469 111474 111489 111488 111474 111480 111496 111495 111475 111472 111469 111481
 1111.075  1119611  1007.21  1119566  1007.11 111958 111960 111958 111956 111957 111956 111959 111953 111953 111956 111972 111971 111957 111963 111981 111935 111959 111956 111952 111965
 1116.075  1124633   992.65  1124599   992.25 112461 112464 112461 112460 112461 112460 112463 112454 112455 112460 112475 112474 112461 112466 112486 112425 112463 112460 112456 112467
 1121.076  1129634  1002.72  1129547  1002.72 112974 112932 112974 112927 112974 112973 112929 112968 112968 112928 112941 112940 112974 112981 112998 112949 112929 112973 112969 112980
 1126.075  1134673  1016.61  1134674  1016.38 113459 113463 113459 113458 113458 113456 113461 113501 113500 113459 113472 113474 113459 113465 113483 113480 113462 113458 113455 113465
 1131.075  1140031  1021.04  1139930  1020.50 113995 113997 113995 113995 113993 113991 113995 113988 113988 113993 114007 114009 113995 114001 114018 114016 113999 113993 113991 114002
 1136.075  1144949  1011.11  1144845  1010.60 114487 114488 114486 114487 114483 114483 114487 114481 114479 114484 114499 114501 114487 114493 114509 114508 114491 114485 114482 114494
 1141.075  1149814  1013.52  1149704  1011.34 114973 114974 114971 114973 114971 114968 114973 114965 114966 114970 114987 114988 114974 114979 114996 114993 114977 114972 114969 114979
 1146.075  1154844  1012.11  1154740  1011.44 115476 115477 115474 115478 115475 115471 115477 115468 115471 115473 115490 115491 115477 115482 115499 115495 115481 115476 115472 115481
 1151.075  1159780  1005.44  1159676  1009.53 115969 115970 115968 115971 115969 115965 115970 115963 115965 115966 115983 115983 115971 115976 115994 115987 115974 115969 115968 115975
 1156.075  1164806   995.07  1164705   994.83 116472 116473 116472 116473 116473 116466 116472 116465 116470 116469 116484 116486 116475 116479 116496 116490 116476 116472 116470 116478
 1161.075  1169697   979.26  1169599   980.87 116962 116963 116962 116962 116963 116954 116962 116953 116959 116959 116972 116975 116965 116969 116985 116978 116965 116960 116959 116969
 1166.075  1174574   978.32  1174468   978.26 117448 117450 117449 117450 117450 117441 117448 117440 117446 117446 117460 117464 117452 117456 117472 117464 117455 117448 117446 117457
 1171.075  1179436   984.56  1179467   984.56 117952 117954 117953 117908 117954 117946 117953 117946 117951 117950 117965 117923 117956 117960 117978 117922 117914 117953 117950 117915
 1176.075  1183989   978.02  1183964   977.58 118388 118389 118389 118390 118390 118428 118389 118428 118388 118385 118402 118406 118393 118397 118415 118405 118396 118390 118386 118399
 1181.075  1188934   978.35  1188914   977.82 118882 118884 118883 118884 118885 118925 118883 118925 118883 118880 118897 118904 118886 118892 118910 118898 118890 118883 118880 118894
 1186.075  1193889   975.94  1193771   975.37 119378 119380 119379 119380 119379 119371 119379 119371 119378 119376 119391 119399 119382 119387 119405 119394 119385 119380 119376 119390
 1191.075  1198980   982.78  1198857   981.94 119887 119888 119887 119889 119887 119880 119888 119880 119887 119884 119899 119908 119891 119896 119915 119904 119893 119889 119885 119900
 1196.075  1204181   991.91  1204058   992.95 120408 120407 120406 120410 120407 120399 120408 120400 120409 120404 120419 120427 120412 120416 120435 120423 120414 120409 120405 120421
