Test case: 
Description: 
	10 senders: persistent queues
	10 receivers: client acknowledge every 50 messages
Timestamp: 2011.11.2 1:7:54
Version: 
Setting up JMS benchmark connections... 

Start processing messages.
Fri Dec 02 01:07:54 EST 2011

  Seconds   Send   Send/Sec   Recv   Recv/Sec   RCV0   RCV1   RCV2   RCV3   RCV4   RCV5   RCV6   RCV7   RCV8   RCV9  SND10  SND11  SND12  SND13  SND14  SND15  SND16  SND17  SND18  SND19
  ------- -------- -------- -------- -------- ------ ------ ------ ------ ------ ------ ------ ------ ------ ------ ------ ------ ------ ------ ------ ------ ------ ------ ------ ------
    1.121        0     0.00        0     0.00      0      0      0      0      0      0      0      0      0      0      0      0      0      0      0      0      0      0      0      0
    6.121     5425  1179.35     5547  1205.87    557    554    557    553    557    557    553    553    553    553    542    544    543    536    538    542    547    548    546    539
   11.121    11447  1192.40    11579  1206.15   1160   1157   1160   1157   1160   1161   1156   1156   1156   1156   1147   1145   1149   1137   1141   1146   1150   1148   1142   1142
   16.121    18727  1282.67    18864  1292.05   1889   1885   1891   1885   1889   1889   1884   1884   1884   1884   1876   1875   1873   1866   1864   1875   1883   1877   1868   1870
   21.121    25909  1321.82    26069  1329.98   2610   2605   2610   2607   2610   2610   2604   2605   2604   2604   2592   2591   2592   2582   2583   2596   2599   2596   2588   2590
   26.121    33034  1342.85    33198  1349.51   3323   3317   3324   3321   3323   3325   3315   3318   3315   3317   3301   3303   3307   3295   3295   3305   3316   3308   3303   3301
   31.122    39961  1350.03    40132  1355.81   4017   4009   4018   4016   4017   4018   4008   4012   4007   4010   3995   3996   3994   3984   3989   3997   4013   4000   3999   3994
   36.121    47062  1397.21    47238  1399.03   4727   4721   4728   4725   4727   4728   4721   4723   4717   4721   4701   4706   4704   4692   4700   4710   4728   4708   4708   4705
   41.121    54341  1439.40    54538  1441.58   5458   5452   5458   5455   5458   5458   5450   5452   5447   5450   5431   5435   5430   5420   5429   5438   5457   5436   5433   5432
   46.121    61519  1433.79    61728  1431.74   6176   6172   6177   6173   6176   6178   6169   6172   6166   6169   6147   6157   6147   6141   6145   6159   6170   6153   6150   6150
   51.121    68604  1410.81    68824  1409.97   6885   6883   6887   6882   6885   6888   6878   6882   6876   6878   6857   6862   6855   6852   6848   6869   6881   6861   6856   6863
   56.121    75682  1407.65    75923  1410.23   7594   7592   7596   7591   7594   7597   7590   7592   7588   7589   7562   7569   7565   7560   7557   7578   7591   7567   7564   7569
   61.121    82835  1414.34    83079  1416.73   8309   8307   8311   8306   8309   8311   8307   8307   8305   8307   8277   8283   8280   8276   8275   8294   8307   8281   8278   8284
   66.122    90000  1418.15    90273  1421.31   9027   9026   9032   9023   9028   9031   9028   9026   9024   9028   8995   9001   8995   8994   8989   9009   9022   9001   8998   8996
   71.122    97149  1408.52    97437  1411.54   9742   9741   9750   9739   9744   9748   9746   9742   9740   9745   9709   9717   9707   9708   9706   9721   9739   9715   9713   9714
   76.121   103859  1402.50   104293  1405.55  10429  10429  10434  10426  10429  10433  10431  10428  10426  10428  10399  10331  10391  10393  10392  10404  10425  10398  10397  10329
   81.121   110680  1407.32   111263  1410.17  11155  11083  11090  11152  11154  11088  11088  11151  11151  11151  11057  11053  11112  11049  11116  11061  11078  11053  11047  11054
   86.121   117795  1410.87   118043  1413.42  11806  11803  11810  11801  11803  11806  11808  11802  11802  11802  11777  11771  11829  11767  11769  11777  11802  11768  11764  11771
   91.121   124915  1412.08   125229  1414.43  12525  12521  12527  12520  12522  12526  12527  12521  12520  12520  12497  12491  12480  12487  12488  12496  12520  12487  12480  12489
   96.121   131814  1403.20   132135  1404.81  13218  13211  13219  13210  13213  13217  13219  13210  13209  13209  13186  13183  13166  13176  13180  13185  13210  13178  13169  13181
  101.122   138971  1403.47   139313  1405.28  13934  13930  13936  13927  13932  13934  13935  13929  13928  13928  13902  13894  13884  13889  13895  13902  13925  13898  13883  13899
  106.121   146192  1420.62   146541  1417.77  14656  14652  14659  14649  14656  14656  14658  14650  14652  14653  14625  14613  14602  14614  14617  14623  14649  14621  14606  14622
  111.121   153702  1443.69   154067  1436.38  15408  15403  15413  15402  15408  15409  15410  15402  15405  15407  15373  15367  15352  15365  15370  15372  15402  15372  15358  15371
  116.121   161728  1474.26   162092  1478.15  16209  16205  16217  16204  16209  16211  16214  16204  16208  16211  16177  16170  16154  16167  16173  16176  16203  16173  16162  16173
  121.121   169656  1501.43   170036  1503.64  17005  17000  17012  16999  17004  17005  17008  16999  17001  17003  16968  16962  16949  16962  16966  16969  16998  16965  16951  16966
  126.121   177110  1515.47   177510  1518.09  17752  17748  17759  17747  17752  17753  17754  17745  17750  17750  17710  17706  17692  17708  17713  17717  17744  17709  17698  17713
  131.121   183931  1492.77   184347  1504.38  18435  18432  18442  18432  18435  18437  18438  18430  18433  18433  18392  18392  18370  18391  18396  18399  18424  18392  18381  18394
  136.121   190753  1474.77   191178  1475.00  19118  19115  19125  19115  19120  19119  19121  19113  19116  19116  19073  19074  19054  19075  19077  19083  19104  19075  19066  19072
  141.122   197782  1455.47   198210  1457.62  19822  19819  19829  19819  19825  19822  19823  19815  19818  19818  19776  19777  19755  19779  19779  19786  19807  19781  19766  19776
  146.121   204772  1421.48   205218  1424.26  20523  20520  20531  20520  20526  20522  20524  20516  20518  20518  20478  20477  20456  20480  20474  20484  20507  20483  20459  20474
  151.121   211648  1386.22   212102  1388.74  21212  21209  21219  21208  21215  21212  21211  21204  21206  21206  21165  21163  21145  21165  21158  21173  21198  21172  21149  21160
  156.121   218337  1364.97   218868  1367.01  21895  21892  21835  21891  21899  21896  21894  21888  21889  21889  21845  21775  21829  21851  21839  21855  21881  21854  21833  21775
  161.121   224952  1369.60   225721  1372.05  22594  22592  22532  22591  22528  22596  22524  22586  22588  22590  22471  22469  22524  22481  22537  22481  22507  22551  22460  22471
  166.122   231828  1376.07   232392  1378.42  23227  23226  23233  23223  23229  23229  23226  23287  23289  23223  23171  23169  23224  23182  23172  23182  23208  23186  23163  23171
  171.121   238689  1370.42   239125  1373.03  23914  23911  23920  23911  23916  23916  23913  23906  23908  23910  23857  23859  23913  23869  23856  23868  23893  23871  23848  23855
  176.121   245512  1367.11   246030  1369.53  24605  24600  24610  24600  24608  24607  24603  24597  24599  24601  24545  24548  24532  24563  24541  24559  24582  24562  24535  24545
  181.121   252476  1370.07   253010  1372.75  25302  25299  25308  25298  25306  25303  25301  25295  25297  25301  25243  25245  25227  25261  25239  25255  25278  25256  25229  25243
  186.121   259411  1378.37   259962  1379.04  25998  25995  26002  25993  26001  25998  25997  25989  25992  25997  25932  25939  25925  25955  25930  25944  25973  25954  25922  25937
  191.121   266358  1389.46   266912  1382.25  26693  26688  26698  26688  26697  26694  26691  26685  26687  26691  26626  26634  26620  26652  26626  26636  26671  26650  26617  26626
  196.121   273235  1389.54   273769  1388.54  27380  27373  27386  27373  27382  27381  27376  27370  27372  27376  27312  27326  27310  27338  27317  27324  27356  27340  27302  27310
  201.121   280102  1387.38   280645  1393.29  28068  28060  28071  28061  28070  28070  28064  28057  28060  28064  27999  28012  27998  28024  28003  28008  28045  28023  27993  27997
  206.121   287538  1402.92   288084  1411.21  28812  28802  28816  28805  28814  28815  28808  28799  28805  28808  28742  28759  28740  28768  28747  28751  28787  28767  28736  28741
  211.121   295453  1431.74   295996  1434.63  29603  29593  29608  29596  29605  29606  29599  29590  29597  29599  29534  29550  29531  29561  29538  29543  29577  29559  29525  29535
  216.121   303048  1444.16   303609  1444.36  30364  30355  30367  30358  30365  30366  30362  30351  30359  30362  30295  30310  30290  30318  30296  30304  30338  30318  30284  30295
  221.121   310602  1462.65   311169  1462.99  31120  31111  31124  31115  31122  31121  31118  31107  31114  31117  31051  31068  31045  31073  31052  31059  31094  31072  31040  31048
  226.121   318516  1494.45   319094  1495.86  31912  31904  31916  31908  31914  31913  31911  31899  31907  31910  31841  31859  31834  31863  31846  31851  31885  31865  31833  31839
  231.121   326439  1528.93   327028  1530.34  32706  32697  32709  32703  32707  32708  32704  32691  32699  32704  32634  32652  32626  32655  32639  32643  32677  32657  32625  32631
  236.121   334085  1539.80   334752  1541.28  33479  33468  33482  33476  33479  33482  33475  33464  33472  33475  33405  33349  33399  33429  33411  33414  33448  33430  33397  33403
  241.121   341483  1528.69   342291  1530.70  34232  34223  34235  34231  34234  34234  34228  34220  34226  34228  34090  34106  34152  34181  34163  34167  34204  34183  34150  34087
  246.121   348243  1504.61   348643  1506.46  34855  34916  34854  34851  34855  34853  34850  34911  34848  34850  34778  34792  34845  34800  34857  34862  34823  34876  34838  34772
  251.121   354928  1485.25   355616  1487.06  35552  35610  35552  35550  35552  35551  35548  35605  35547  35549  35477  35491  35540  35500  35482  35488  35519  35503  35459  35469
  256.121   361919  1454.19   362478  1455.84  36251  36242  36251  36249  36251  36252  36248  36238  36248  36248  36180  36190  36236  36197  36179  36188  36219  36207  36153  36170
  261.121   368688  1417.75   369321  1419.23  36935  36925  36936  36933  36935  36937  36932  36922  36933  36933  36865  36876  36854  36880  36862  36871  36898  36893  36837  36852
  266.121   375502  1389.83   376137  1388.76  37617  37605  37618  37615  37617  37619  37614  37602  37615  37615  37545  37558  37536  37566  37543  37553  37578  37576  37517  37530
  271.121   383251  1401.61   383892  1396.01  38394  38379  38394  38391  38394  38395  38390  38375  38390  38390  38321  38334  38307  38342  38316  38327  38355  38351  38291  38307
  276.121   391201  1441.54   391836  1449.43  39189  39174  39187  39185  39189  39189  39184  39170  39183  39186  39115  39130  39104  39137  39108  39122  39151  39146  39087  39101
  281.121   398822  1472.95   399451  1470.97  39950  39934  39950  39946  39950  39951  39946  39931  39945  39948  39877  39893  39865  39898  39871  39883  39914  39906  39851  39864
  286.121   406423  1488.30   407057  1495.99  40712  40694  40710  40706  40712  40712  40705  40693  40705  40708  40636  40653  40627  40659  40630  40645  40673  40665  40611  40624
  291.122   414203  1519.53   414837  1527.38  41490  41472  41489  41484  41489  41490  41482  41470  41484  41487  41413  41433  41404  41439  41409  41423  41449  41441  41389  41403
  296.121   422064  1550.10   422705  1547.89  42276  42261  42276  42270  42274  42276  42269  42259  42271  42273  42199  42218  42192  42224  42197  42212  42235  42226  42172  42189
  301.121   429700  1538.19   430350  1538.59  43042  43024  43041  43034  43039  43040  43034  43022  43036  43038  42962  42981  42955  42987  42960  42977  43000  42988  42937  42953
  306.121   437368  1525.40   438020  1528.42  43808  43789  43809  43802  43805  43807  43802  43789  43803  43806  43730  43747  43721  43754  43727  43744  43767  43755  43704  43719
  311.121   445107  1527.28   445757  1531.01  44581  44561  44585  44576  44580  44580  44576  44560  44576  44582  44503  44526  44491  44528  44497  44517  44540  44528  44477  44500
  316.121   452829  1534.33   453569  1535.34  45363  45346  45362  45357  45361  45361  45357  45346  45357  45359  45282  45299  45275  45306  45281  45298  45321  45310  45257  45200
  321.121   460752  1536.13   461627  1537.67  46170  46149  46171  46161  46168  46168  46163  46149  46163  46165  46082  46010  46076  46109  46085  46103  46127  46115  46060  45985
  326.121   468595  1540.60   469443  1542.35  46951  46932  46951  46944  46949  46950  46945  46931  46945  46945  46864  46804  46858  46891  46866  46883  46908  46896  46844  46781
  331.122   476635  1562.32   477185  1563.96  47702  47761  47701  47770  47700  47700  47698  47760  47696  47697  47691  47633  47686  47641  47693  47634  47659  47721  47669  47608
  336.121   484636  1581.04   485348  1583.09  48526  48585  48524  48520  48523  48524  48521  48584  48520  48521  48440  48455  48508  48465  48517  48455  48482  48467  48417  48430
  341.121   492237  1576.33   492948  1578.34  49285  49348  49283  49280  49283  49283  49280  49347  49279  49280  49201  49216  49269  49225  49277  49216  49242  49226  49176  49189
  346.121   499869  1576.01   500507  1575.10  50059  50040  50055  50052  50054  50055  50051  50039  50051  50051  49974  49987  50036  49998  49968  49987  50014  49998  49948  49959
  351.122   507876  1579.03   508545  1574.43  50862  50846  50858  50854  50858  50858  50855  50844  50855  50855  50774  50786  50832  50797  50772  50787  50816  50801  50750  50761
  356.121   515186  1563.46   515925  1559.80  51600  51583  51596  51591  51597  51597  51593  51580  51594  51594  51510  51525  51497  51537  51511  51527  51555  51537  51486  51501
  361.121   522976  1555.12   523707  1561.19  52380  52359  52374  52370  52375  52375  52371  52359  52372  52372  52291  52306  52272  52316  52289  52306  52332  52316  52265  52283
  366.121   530954  1554.35   531709  1555.79  53180  53162  53173  53170  53174  53175  53171  53162  53171  53171  53090  53100  53078  53113  53088  53104  53129  53114  53061  53077
  371.121   538758  1561.11   539525  1562.99  53961  53943  53956  53951  53956  53956  53953  53943  53953  53953  53870  53879  53855  53894  53869  53886  53909  53897  53841  53858
  376.121   546778  1568.81   547550  1578.57  54762  54746  54758  54753  54759  54759  54756  54745  54756  54756  54671  54683  54656  54696  54670  54690  54711  54698  54642  54661
  381.121   554668  1560.96   555450  1570.89  55553  55538  55546  55544  55548  55548  55546  55535  55546  55546  55461  55471  55443  55485  55461  55479  55499  55485  55433  55451
  386.121   562299  1562.95   563084  1567.05  56316  56301  56308  56306  56312  56311  56309  56299  56311  56311  56224  56234  56210  56248  56224  56240  56261  56247  56196  56215
  391.121   569972  1557.15   570763  1559.19  57083  57069  57077  57074  57080  57079  57077  57068  57078  57078  56990  57002  56978  57015  56991  57007  57029  57015  56961  56984
  396.121   578200  1562.08   578996  1560.84  57906  57892  57899  57898  57904  57901  57901  57891  57902  57902  57812  57825  57799  57837  57813  57830  57853  57840  57784  57807
  401.121   586216  1567.52   587023  1565.81  58708  58695  58703  58700  58705  58704  58705  58693  58705  58705  58613  58630  58600  58639  58613  58631  58654  58640  58586  58610
  406.121   593291  1540.07   594098  1538.89  59415  59403  59411  59408  59412  59411  59413  59401  59412  59412  59323  59337  59308  59349  59322  59340  59362  59345  59291  59314
  411.121   600341  1514.71   601293  1516.02  60135  60122  60131  60128  60131  60130  60131  60121  60132  60132  60040  59991  60024  60069  60041  60058  60086  60061  60007  59964
  416.121   607494  1500.17   608536  1501.95  60859  60847  60855  60851  60855  60855  60856  60846  60856  60856  60760  60711  60748  60721  60768  60779  60810  60788  60728  60681
  421.121   614340  1478.15   615350  1479.87  61492  61560  61568  61564  61568  61569  61490  61560  61490  61489  61470  61412  61459  61423  61475  61489  61444  61419  61360  61389
  426.121   621135  1436.17   622005  1438.62  62191  62249  62187  62185  62189  62189  62189  62250  62189  62187  62090  62106  62149  62122  62161  62105  62139  62118  62060  62085
  431.121   628072  1402.30   628880  1404.64  62893  62881  62888  62885  62890  62891  62892  62881  62892  62887  62790  62809  62851  62820  62793  62806  62836  62818  62762  62787
  436.121   634905  1394.08   635719  1396.63  63577  63564  63572  63568  63572  63576  63576  63565  63576  63573  63474  63490  63534  63503  63475  63491  63520  63506  63445  63467
  441.122   641848  1392.85   642740  1390.84  64279  64264  64274  64270  64273  64278  64280  64267  64280  64275  64172  64190  64167  64203  64175  64193  64224  64206  64146  64172
  446.121   648702  1382.82   649596  1377.85  64965  64952  64958  64955  64958  64963  64966  64952  64966  64961  64858  64874  64851  64886  64859  64878  64908  64895  64831  64862
  451.121   655585  1384.06   656482  1380.27  65653  65639  65646  65644  65647  65652  65657  65638  65657  65649  65547  65564  65537  65577  65544  65563  65600  65584  65519  65550
  456.122   663352  1416.73   664251  1417.70  66431  66417  66422  66420  66424  66428  66435  66415  66433  66426  66324  66342  66314  66354  66321  66338  66377  66360  66296  66326
  461.121   671364  1447.52   672277  1451.04  67234  67220  67223  67221  67227  67232  67237  67218  67236  67229  67128  67145  67114  67157  67121  67138  67177  67163  67097  67124
  466.121   679101  1473.05   680017  1478.96  68010  67994  67997  67995  68000  68007  68010  67993  68009  68002  67904  67919  67886  67930  67894  67912  67951  67937  67871  67897
  471.121   686475  1484.85   687386  1485.62  68750  68730  68734  68731  68736  68743  68747  68730  68746  68739  68641  68659  68624  68668  68630  68645  68688  68676  68611  68633
  476.121   694154  1504.55   695074  1511.29  69519  69498  69501  69499  69504  69513  69518  69497  69516  69509  69411  69431  69389  69436  69397  69412  69455  69446  69378  69399
  481.121   702242  1547.10   703173  1543.37  70326  70311  70313  70311  70316  70322  70325  70309  70322  70318  70220  70236  70206  70244  70208  70224  70264  70250  70185  70205
  486.121   709819  1539.08   710826  1537.67  71095  71074  71077  71076  71080  71087  71092  71073  71089  71083  70984  70925  70967  71012  70972  70988  71030  71017  70952  70972
  491.121   717484  1523.99   718506  1524.97  71862  71841  71844  71846  71850  71856  71859  71840  71856  71852  71751  71693  71732  71777  71740  71754  71796  71783  71718  71740
  496.121   725069  1522.28   726091  1523.29  72627  72608  72611  72612  72616  72620  72550  72608  72621  72618  72516  72463  72499  72468  72507  72519  72562  72548  72482  72505
  501.121   732451  1527.58   733549  1528.86  73306  73361  73365  73365  73369  73374  73303  73361  73373  73372  73270  73217  73251  73222  73260  73273  73312  73228  73235  73183
  506.121   740148  1534.06   741176  1535.30  74093  74144  74149  74149  74151  74087  74090  74143  74086  74084  73983  74003  74033  74010  74042  74054  74092  74013  73949  73969
  511.122   747028  1493.76   747997  1494.97  74782  74831  74838  74768  74839  74779  74779  74831  74775  74775  74673  74691  74721  74698  74731  74741  74778  74701  74636  74658
  516.122   753882  1473.54   754780  1472.43  75482  75537  75466  75465  75468  75477  75478  75461  75473  75473  75366  75392  75425  75400  75358  75446  75409  75397  75335  75354
  521.121   761806  1484.88   762797  1483.84  76284  76334  76267  76267  76270  76280  76279  76263  76276  76277  76165  76193  76224  76202  76159  76168  76209  76196  76136  76154
  526.121   769534  1492.16   770544  1491.76  77066  77041  77050  77048  77053  77062  77061  77046  77058  77059  76946  76971  76931  76981  76937  76948  76991  76978  76916  76935
  531.121   777125  1499.13   778142  1496.41  77826  77802  77810  77807  77814  77821  77821  77806  77817  77818  77706  77728  77692  77739  77700  77707  77749  77737  77674  77693
  536.121   785041  1503.93   786063  1506.28  78619  78594  78604  78599  78605  78613  78614  78597  78609  78609  78496  78518  78479  78531  78493  78499  78541  78528  78469  78487
  541.121   793183  1546.26   794213  1550.92  79436  79410  79418  79415  79418  79428  79429  79411  79425  79423  79312  79331  79293  79346  79305  79313  79354  79341  79284  79304
  546.121   800836  1570.56   801874  1577.80  80202  80177  80184  80180  80184  80193  80197  80177  80191  80189  80077  80097  80059  80110  80070  80079  80120  80106  80049  80069
  551.121   808558  1562.38   809610  1564.46  80979  80949  80957  80953  80958  80967  80972  80949  80964  80962  80850  80875  80827  80888  80841  80849  80888  80876  80822  80842
  556.121   815721  1540.60   816788  1540.23  81692  81670  81676  81672  81676  81685  81686  81669  81681  81681  81566  81585  81547  81601  81559  81568  81607  81592  81537  81559
  561.121   822569  1511.17   823641  1515.34  82376  82358  82362  82357  82362  82370  82371  82355  82365  82365  82251  82273  82232  82282  82243  82253  82290  82277  82224  82244
  566.121   829425  1473.26   830516  1473.22  83063  83046  83048  83043  83049  83058  83059  83042  83054  83054  82939  82958  82919  82968  82927  82938  82975  82966  82907  82928
  571.121   836451  1433.69   837615  1433.66  83773  83756  83758  83752  83758  83768  83767  83754  83765  83764  83648  83600  83629  83676  83639  83647  83680  83677  83616  83639
  576.121   843546  1415.08   844729  1417.70  84426  84473  84476  84471  84475  84485  84485  84473  84483  84482  84360  84319  84348  84324  84354  84363  84396  84396  84330  84356
  581.121   850490  1386.48   851680  1388.52  85115  85169  85171  85165  85168  85184  85183  85168  85180  85177  85056  85007  85047  85012  85048  85057  85091  85094  85029  85049
  586.121   857494  1386.01   858540  1387.52  85830  85877  85877  85872  85876  85819  85817  85874  85816  85882  85761  85725  85755  85726  85752  85762  85797  85800  85734  85682
  591.121   864557  1397.40   865687  1399.41  86552  86597  86600  86593  86596  86540  86541  86596  86537  86535  86486  86442  86475  86444  86471  86481  86520  86449  86388  86401
  596.121   871738  1408.66   872824  1410.67  87271  87251  87320  87313  87317  87261  87262  87316  87258  87255  87202  87162  87192  87163  87190  87196  87240  87169  87105  87119
  601.121   878502  1403.02   879439  1403.49  87963  87938  87941  87932  87936  87950  87951  87937  87948  87943  87818  87852  87889  87853  87812  87891  87934  87854  87792  87807
  606.121   885459  1404.24   886572  1404.17  88675  88651  88656  88648  88650  88662  88663  88650  88661  88656  88534  88560  88593  88561  88527  88527  88569  88565  88503  88520
  611.121   892544  1411.16   893729  1410.99  89392  89366  89370  89364  89366  89377  89379  89365  89378  89372  89248  89273  89240  89274  89241  89244  89288  89281  89220  89235
  616.121   899824  1417.80   901022  1425.62  90120  90095  90097  90092  90094  90108  90109  90095  90110  90102  89977  90003  89965  90001  89965  89971  90016  90011  89948  89967
  621.121   906688  1411.24   907892  1413.76  90810  90781  90782  90780  90779  90796  90799  90780  90798  90787  90662  90693  90653  90691  90648  90656  90705  90696  90633  90651
  626.121   913886  1409.65   915098  1416.23  91528  91504  91505  91503  91500  91515  91517  91503  91515  91508  91382  91406  91378  91409  91371  91378  91428  91415  91349  91370
  631.122   921036  1422.72   922273  1430.50  92245  92221  92223  92219  92219  92234  92236  92220  92232  92224  92098  92120  92091  92125  92088  92090  92145  92131  92065  92083
  636.122   928270  1429.77   929519  1432.01  92967  92947  92948  92945  92943  92959  92960  92946  92956  92948  92825  92840  92813  92846  92808  92813  92872  92858  92788  92807
  641.121   935215  1418.26   936487  1421.11  93668  93641  93646  93639  93637  93658  93659  93639  93655  93645  93519  93540  93503  93544  93500  93506  93568  93550  93481  93504
  646.121   942287  1408.69   943579  1407.11  94374  94353  94357  94349  94347  94367  94365  94350  94362  94355  94229  94245  94213  94249  94206  94217  94276  94254  94189  94209
  651.121   949514  1420.91   950886  1419.63  95104  95085  95086  95080  95079  95097  95095  95081  95093  95086  94955  94906  94944  94978  94935  94944  95005  94986  94921  94940
  656.121   956544  1415.40   957921  1416.31  95747  95796  95796  95790  95788  95807  95805  95791  95804  95797  95672  95622  95653  95620  95643  95651  95711  95695  95628  95649
  661.121   963613  1406.99   964854  1409.75  96449  96507  96505  96500  96495  96438  96435  96501  96515  96509  96381  96321  96362  96319  96351  96360  96418  96407  96337  96357
  666.121   970599  1401.99   971785  1404.51  97156  97201  97202  97198  97194  97147  97143  97198  97142  97204  97075  97027  97060  97029  97048  97060  97114  97105  97032  97049
  671.121   977498  1407.43   978829  1409.51  97867  97912  97913  97909  97905  97859  97855  97909  97853  97847  97788  97737  97764  97739  97760  97769  97826  97747  97673  97695
  676.121   984607  1413.34   985944  1414.78  98593  98569  98638  98567  98629  98584  98580  98634  98578  98572  98442  98463  98490  98462  98479  98494  98487  98470  98400  98420
  681.122   991615  1407.45   992888  1406.78  99302  99275  99276  99273  99344  99292  99288  99272  99285  99281  99145  99171  99204  99169  99114  99210  99191  99178  99108  99125
  686.121   998451  1403.99   999809  1403.36  99992  99972  99970  99967 100028  99983  99979  99968  99976  99974  99836  99863  99887  99858  99807  99828  99882  99869  99802  99819
  691.121  1005655  1408.46  1006955  1412.79 100713 100693 100692 100689 100681 100705 100699 100689 100698 100696 100560 100583 100607 100576 100528 100545 100603 100589 100524 100540
  696.121  1012810  1416.48  1014174  1422.45 101436 101416 101414 101411 101405 101427 101419 101410 101419 101417 101283 101304 101264 101296 101251 101266 101326 101311 101247 101262
  701.121  1019963  1422.42  1021329  1423.66 102152 102132 102129 102126 102119 102144 102134 102126 102134 102133 102000 102022 101979 102010 101967 101979 102042 102026 101963 101975
  706.121  1027217  1424.77  1028597  1426.21 102880 102861 102854 102850 102844 102871 102862 102853 102861 102861 102722 102751 102702 102737 102694 102706 102766 102752 102688 102699
  711.121  1034928  1448.27  1036304  1451.73 103651 103630 103626 103621 103615 103642 103633 103624 103631 103631 103495 103522 103473 103508 103466 103476 103536 103522 103460 103470
  716.121  1043217  1497.20  1044603  1490.42 104480 104460 104456 104453 104444 104470 104464 104454 104461 104461 104323 104351 104301 104334 104296 104305 104364 104353 104291 104299
  721.121  1051301  1521.26  1052697  1519.18 105290 105270 105266 105262 105253 105280 105275 105263 105270 105268 105129 105160 105109 105142 105106 105115 105173 105161 105100 105106
  726.121  1059027  1533.52  1060440  1526.41 106064 106045 106040 106036 106026 106055 106049 106037 106045 106043 105900 105935 105882 105916 105878 105885 105946 105935 105872 105878
  731.121  1066500  1541.41  1067924  1543.15 106745 106801 106796 106793 106784 106810 106802 106793 106800 106800 106655 106614 106640 106669 106633 106640 106699 106691 106625 106634
  736.121  1074043  1550.32  1075476  1552.13 107500 107555 107552 107548 107538 107567 107557 107549 107555 107555 107410 107371 107394 107423 107388 107394 107455 107444 107378 107386
  741.121  1081530  1545.70  1083048  1545.13 108256 108312 108310 108308 108295 108323 108314 108306 108312 108312 108165 108124 108150 108103 108144 108150 108215 108201 108136 108142
  746.121  1089128  1520.81  1090563  1522.48 109018 109069 109069 109067 109056 109008 109071 109065 109070 109070 108925 108884 108914 108863 108905 108909 108973 108959 108895 108901
  751.121  1096651  1501.88  1097869  1503.36 109769 109822 109821 109819 109809 109761 109751 109817 109749 109751 109678 109634 109666 109615 109657 109662 109726 109710 109648 109655
  756.121  1104295  1500.97  1105564  1502.11 110543 110518 110608 110606 110593 110533 110520 110604 110519 110520 110464 110405 110447 110386 110441 110449 110512 110406 110342 110443
  761.121  1111850  1516.68  1113239  1518.09 111336 111313 111313 111311 111379 111328 111317 111310 111315 111317 111168 111199 111232 111179 111145 111231 111217 111201 111134 111144
  766.121  1119648  1527.75  1121126  1529.30 112125 112101 112102 112100 112167 112116 112107 112099 112103 112106 111956 111987 112019 111967 111934 111941 112005 111986 111922 111931
  771.121  1127353  1535.20  1128841  1534.19 112896 112873 112876 112873 112936 112886 112879 112872 112872 112878 112732 112759 112785 112735 112701 112713 112775 112757 112692 112704
  776.121  1134898  1533.42  1136317  1535.37 113650 113629 113631 113628 113615 113641 113634 113628 113627 113634 113486 113512 113538 113489 113455 113468 113531 113512 113448 113459
  781.121  1142479  1537.85  1143979  1544.83 114416 114395 114397 114394 114379 114408 114401 114395 114393 114401 114251 114279 114227 114253 114221 114233 114295 114280 114214 114226
  786.121  1150331  1542.21  1151841  1550.30 115204 115182 115182 115178 115166 115193 115188 115182 115178 115188 115034 115066 115014 115038 115010 115017 115077 115066 115000 115009
  791.121  1158007  1546.38  1159541  1551.24 115971 115953 115952 115948 115935 115963 115959 115952 115949 115959 115802 115832 115782 115804 115778 115785 115843 115833 115770 115778
  796.121  1165617  1540.10  1167159  1534.80 116732 116714 116714 116710 116700 116725 116720 116713 116711 116720 116563 116593 116542 116563 116539 116546 116605 116595 116531 116540
  801.121  1173278  1538.26  1174843  1532.55 117504 117485 117480 117476 117462 117497 117489 117482 117478 117490 117329 117365 117304 117329 117303 117309 117371 117364 117299 117305
  806.121  1181023  1537.68  1182575  1537.21 118273 118259 118255 118252 118238 118267 118262 118255 118252 118262 118105 118134 118081 118101 118080 118087 118148 118137 118071 118079
  811.121  1188675  1534.06  1190251  1528.52 119043 119026 119023 119018 119001 119038 119030 119021 119021 119030 118869 118899 118843 118868 118844 118850 118910 118905 118839 118848
  816.121  1196432  1528.96  1198027  1526.51 119819 119805 119802 119797 119780 119815 119806 119798 119798 119807 119644 119673 119623 119647 119618 119627 119685 119679 119611 119625
  821.121  1204100  1526.24  1205779  1528.52 120593 120579 120578 120571 120556 120590 120583 120573 120573 120583 120418 120372 120399 120421 120392 120402 120459 120452 120386 120399
  826.121  1211784  1524.90  1213321  1527.89 121279 121350 121350 121343 121326 121273 121355 121345 121346 121354 121186 121134 121167 121190 121160 121171 121229 121220 121155 121172
  831.121  1219684  1531.38  1221071  1534.19 122076 122140 122140 122133 122117 122071 122063 122134 122136 122061 121976 121930 121957 121980 121949 121959 122018 122009 121945 121961
  836.121  1227180  1531.04  1228666  1533.79 122844 122828 122906 122900 122881 122841 122833 122900 122901 122832 122740 122697 122722 122744 122715 122723 122781 122699 122710 122649
  841.121  1234620  1528.72  1236047  1531.58 123605 123589 123590 123659 123642 123602 123596 123584 123586 123594 123499 123461 123481 123426 123472 123482 123539 123460 123391 123409
  846.121  1242243  1524.41  1243601  1526.76 124368 124352 124356 124346 124407 124364 124357 124348 124348 124355 124261 124225 124243 124190 124234 124245 124299 124222 124153 124171
  851.121  1250013  1533.04  1251535  1532.90 125162 125145 125150 125140 125199 125156 125151 125142 125141 125149 124977 125019 125035 124984 125025 125038 125014 125015 124944 124962
  856.121  1257485  1530.99  1259160  1535.62 125924 125908 125913 125902 125964 125919 125914 125904 125902 125910 125739 125782 125799 125746 125711 125724 125776 125778 125705 125725
  861.121  1265221  1525.62  1266906  1535.62 126700 126683 126688 126676 126737 126694 126690 126678 126676 126684 126511 126556 126571 126520 126487 126498 126551 126550 126477 126500
  866.121  1272632  1525.23  1274327  1532.25 127450 127434 127437 127426 127412 127442 127439 127428 127426 127433 127260 127302 127246 127270 127237 127247 127301 127296 127225 127248
  871.121  1280522  1537.82  1282229  1547.25 128242 128224 128229 128215 128202 128233 128228 128217 128214 128225 128049 128092 128037 128060 128026 128035 128090 128083 128013 128037
  876.121  1288186  1539.26  1289908  1551.48 129011 128992 128996 128982 128968 129002 128997 128986 128981 128993 128814 128858 128803 128827 128790 128800 128856 128851 128782 128805
  881.121  1295832  1535.00  1297572  1537.18 129777 129759 129762 129748 129735 129768 129764 129753 129748 129758 129579 129622 129567 129593 129552 129565 129618 129619 129548 129569
  886.121  1303483  1538.42  1305218  1530.20 130542 130523 130526 130513 130501 130532 130530 130516 130512 130523 130343 130388 130333 130356 130320 130331 130385 130383 130312 130332
  891.121  1311115  1532.55  1312856  1526.91 131305 131289 131289 131276 131265 131296 131294 131280 131274 131288 131103 131152 131098 131120 131082 131096 131147 131148 131074 131095
  896.121  1318703  1533.22  1320447  1529.60 132063 132046 132048 132035 132023 132057 132053 132041 132034 132047 131862 131911 131856 131879 131841 131855 131906 131908 131832 131853
  901.122  1326524  1533.39  1328356  1524.63 132854 132837 132838 132828 132812 132847 132844 132832 132827 132837 132651 132624 132648 132669 132631 132643 132696 132696 132625 132641
  906.121  1334162  1532.60  1335919  1523.61 133543 133601 133601 133593 133576 133611 133608 133596 133591 133599 133414 133390 133410 133432 133395 133406 133459 133461 133390 133405
  911.121  1341702  1518.86  1343314  1519.60 134297 134354 134356 134348 134329 134291 134288 134351 134347 134353 134170 134144 134163 134185 134147 134160 134213 134214 134144 134162
  916.121  1349290  1519.19  1350988  1520.67 135063 135122 135125 135115 135098 135058 135055 135119 135113 135120 134937 134911 134930 134952 134911 134927 134980 134979 134910 134853
  921.121  1357089  1522.42  1358652  1523.96 135846 135828 135831 135896 135878 135839 135835 135901 135896 135902 135715 135692 135712 135733 135691 135705 135760 135761 135688 135632
  926.121  1364701  1524.53  1366187  1526.88 136615 136597 136600 136664 136649 136608 136604 136593 136664 136593 136485 136461 136483 136427 136457 136473 136530 136528 136455 136402
  931.121  1372211  1519.35  1373768  1518.27 137379 137361 137364 137352 137420 137372 137368 137357 137438 137357 137256 137221 137251 137190 137225 137243 137300 137217 137143 137165
  936.121  1380107  1528.86  1381610  1530.67 138170 138155 138158 138145 138207 138166 138163 138149 138146 138151 138041 138012 138039 137985 138012 138029 138088 138010 137935 137956
  941.121  1388315  1551.41  1389844  1558.86 138997 138978 138980 138968 139030 138991 138987 138972 138968 138973 138863 138835 138857 138806 138831 138850 138907 138830 138756 138780
  946.121  1395957  1556.49  1397636  1562.16 139779 139755 139756 139745 139819 139771 139767 139750 139744 139750 139558 139616 139645 139584 139620 139638 139600 139604 139533 139559
  951.121  1403812  1562.65  1405600  1572.82 140574 140553 140554 140546 140606 140566 140562 140548 140543 140548 140357 140409 140429 140379 140407 140347 140401 140400 140331 140352
  956.121  1411770  1579.50  1413645  1590.07 141386 141364 141367 141358 141343 141379 141373 141360 141355 141360 141170 141219 141162 141188 141144 141161 141213 141209 141141 141163
  961.121  1419346  1579.19  1421229  1590.13 142146 142121 142124 142115 142103 142138 142133 142118 142113 142118 141928 141978 141920 141945 141903 141916 141970 141966 141899 141921
  966.121  1427033  1571.68  1428935  1579.13 142915 142893 142895 142886 142871 142909 142905 142887 142884 142890 142696 142748 142685 142715 142670 142684 142739 142735 142669 142692
  971.121  1434633  1549.16  1436543  1559.50 143677 143654 143655 143645 143632 143670 143667 143648 143645 143650 143455 143506 143444 143477 143430 143443 143500 143495 143430 143453
  976.121  1442632  1558.56  1444551  1566.71 144477 144454 144458 144446 144433 144470 144468 144449 144445 144451 144257 144305 144246 144276 144230 144240 144300 144293 144229 144256
  981.121  1450730  1566.99  1452659  1564.11 145288 145265 145269 145256 145245 145281 145279 145258 145256 145262 145066 145114 145055 145086 145040 145051 145111 145103 145040 145064
  986.121  1458495  1555.27  1460469  1549.03 146075 146044 146053 146034 146018 146067 146066 146037 146032 146043 145839 145899 145826 145866 145813 145822 145883 145879 145820 145848
  991.121  1466438  1567.58  1468311  1559.70 146787 146835 146844 146827 146817 146855 146855 146830 146827 146834 146637 146686 146622 146656 146613 146620 146679 146672 146613 146640
  996.121  1474195  1570.12  1475995  1561.60 147562 147610 147619 147604 147593 147630 147556 147607 147604 147610 147415 147459 147395 147432 147390 147396 147457 147447 147390 147414
 1001.121  1481848  1571.64  1483743  1568.36 148342 148394 148403 148386 148376 148336 148337 148390 148385 148394 148194 148166 148175 148214 148173 148176 148236 148227 148170 148117
 1006.121  1489850  1562.58  1491770  1562.42 149135 149203 149210 149191 149178 149131 149134 149197 149191 149200 148997 148957 148973 149017 148978 148979 149035 149027 148975 148912
 1011.121  1497401  1551.01  1499317  1550.64 149905 149959 149891 149950 149941 149905 149904 149955 149951 149956 149757 149731 149734 149697 149740 149740 149798 149787 149732 149685
 1016.121  1505224  1550.34  1507081  1551.34 150689 150666 150674 150732 150725 150689 150688 150740 150737 150741 150539 150510 150520 150478 150524 150523 150580 150569 150514 150467
 1021.121  1513391  1557.82  1515116  1562.95 151509 151485 151493 151551 151544 151507 151506 151482 151555 151484 151354 151328 151332 151296 151340 151342 151396 151386 151332 151285
 1026.121  1521252  1560.34  1522940  1569.03 152300 152270 152278 152354 152344 152297 152299 152266 152263 152269 152152 152119 152128 152081 152141 152141 152194 152184 152039 152073
 1031.121  1528716  1562.75  1530541  1567.89 153066 153043 153050 153033 153101 153064 153064 153041 153037 153042 152911 152884 152891 152851 152819 152897 152949 152864 152811 152839
 1036.121  1536535  1561.49  1538521  1566.22 153864 153842 153848 153831 153898 153862 153862 153839 153834 153841 153632 153683 153684 153651 153615 153619 153747 153660 153608 153636
 1041.121  1544285  1570.82  1546287  1576.23 154649 154624 154630 154615 154607 154649 154647 154623 154618 154625 154416 154466 154468 154432 154398 154401 154455 154443 154389 154417
 1046.121  1551776  1559.66  1553791  1559.80 155399 155376 155380 155366 155357 155400 155397 155372 155368 155376 155164 155214 155216 155182 155144 155151 155203 155196 155138 155168
 1051.121  1559648  1549.75  1561669  1554.68 156185 156163 156169 156153 156146 156188 156184 156160 156157 156164 155949 156001 156005 155969 155930 155939 155990 155982 155926 155957
 1056.121  1567466  1545.64  1569576  1557.32 156977 156953 156960 156943 156935 156979 156974 156951 156947 156957 156736 156791 156717 156759 156719 156729 156782 156770 156716 156747
 1061.122  1575114  1549.33  1577237  1559.19 157745 157719 157725 157708 157702 157747 157741 157718 157711 157721 157502 157556 157481 157523 157484 157495 157548 157533 157479 157513
 1066.121  1583195  1557.75  1585314  1559.53 158555 158526 158532 158514 158509 158555 158549 158525 158519 158530 158310 158365 158289 158331 158293 158303 158356 158340 158286 158322
 1071.121  1590874  1555.76  1593005  1554.95 159323 159296 159302 159284 159277 159323 159317 159294 159288 159301 159077 159132 159057 159099 159063 159071 159123 159109 159054 159089
 1076.121  1598552  1561.98  1600528  1555.40 160015 160064 160067 160051 160047 160015 160085 160061 160055 160068 159846 159898 159825 159862 159831 159840 159892 159879 159822 159857
 1081.121  1606258  1550.20  1608203  1549.83 160795 160839 160840 160823 160822 160795 160788 160834 160827 160840 160619 160670 160599 160633 160600 160611 160661 160649 160591 160625
 1086.121  1613027  1515.92  1614986  1510.79 161473 161518 161518 161502 161502 161472 161466 161511 161505 161519 161295 161348 161276 161311 161279 161289 161338 161326 161267 161298
 1091.121  1619822  1483.37  1621932  1483.14 162165 162213 162213 162196 162196 162167 162160 162207 162201 162214 161988 161975 161970 162004 161976 161982 162031 162016 161960 161920
 1096.121  1626720  1446.71  1628842  1446.85 162862 162910 162911 162895 162893 162863 162857 162907 162901 162843 162687 162671 162668 162630 162670 162678 162726 162715 162655 162620
 1101.121  1633556  1418.56  1635606  1418.05 163545 163525 163593 163577 163577 163549 163543 163589 163584 163524 163373 163355 163351 163312 163355 163363 163411 163393 163342 163301
 1106.121  1640473  1390.97  1642405  1398.52 164238 164219 164219 164270 164270 164242 164236 164216 164277 164218 164063 164048 164044 164007 164045 164055 164105 164087 164030 163989
 1111.122  1647323  1366.58  1649315  1375.07 164935 164916 164916 164969 164970 164941 164933 164912 164907 164916 164758 164745 164737 164707 164679 164753 164806 164719 164733 164686
 1116.121  1653925  1367.92  1656065  1376.24 165615 165599 165598 165584 165652 165622 165614 165594 165589 165598 165372 165425 165418 165389 165359 165369 165482 165399 165346 165366
 1121.121  1661719  1403.66  1663888  1405.40 166404 166389 166386 166373 166372 166412 166404 166383 166377 166388 166160 166210 166205 166174 166145 166154 166206 166183 166132 166150
 1126.121  1668562  1401.48  1670730  1400.50 167089 167072 167070 167054 167054 167101 167093 167066 167058 167073 166844 166899 166897 166854 166830 166838 166883 166866 166814 166837
 1131.121  1675682  1411.38  1677863  1411.14 167801 167786 167785 167769 167770 167809 167802 167781 167773 167787 167558 167605 167602 167566 167548 167551 167600 167578 167528 167546
 1136.121  1682779  1417.42  1685036  1423.83 168518 168504 168501 168488 168487 168526 168517 168498 168492 168505 168277 168321 168252 168280 168267 168265 168317 168296 168244 168260
 1141.121  1689928  1425.25  1692196  1429.91 169234 169220 169216 169204 169203 169243 169232 169215 169208 169221 168991 169041 168965 168994 168983 168983 169029 169008 168961 168973
 1146.121  1696833  1432.11  1699139  1432.48 169931 169914 169912 169897 169893 169941 169927 169908 169903 169913 169683 169734 169650 169687 169673 169672 169722 169699 169649 169664
 1151.121  1703810  1405.62  1706043  1398.74 170625 170611 170610 170596 170595 170566 170621 170606 170603 170610 170385 170427 170348 170380 170369 170376 170420 170396 170349 170360
 1156.121  1710886  1409.06  1713127  1406.91 171333 171319 171318 171305 171304 171275 171330 171314 171311 171318 171098 171136 171058 171086 171071 171089 171130 171097 171056 171065
 1161.121  1718030  1405.23  1720153  1405.44 171982 172035 172034 172020 172019 171993 171978 172030 172028 172034 171815 171853 171770 171797 171785 171807 171844 171809 171771 171779
 1166.121  1725111  1399.50  1727241  1397.79 172685 172749 172745 172730 172728 172697 172680 172741 172740 172746 172523 172564 172472 172504 172491 172517 172555 172520 172479 172486
 1171.122  1732504  1410.91  1734789  1411.48 173442 173501 173499 173483 173482 173453 173436 173496 173496 173501 173278 173241 173227 173260 173244 173274 173307 173276 173233 173164
 1176.121  1740356  1442.48  1742487  1441.81 174225 174209 174285 174269 174269 174237 174220 174282 174282 174209 174063 174025 174009 174048 174030 174060 174091 174063 174018 173949
 1181.121  1748386  1483.32  1750481  1486.21 175048 175032 175031 175091 175089 175061 175043 175027 175027 175032 174880 174843 174827 174790 174845 174879 174909 174808 174835 174770
 1186.122  1756388  1511.04  1758456  1514.77 175844 175824 175823 175902 175898 175862 175839 175819 175819 175826 175686 175634 175627 175582 175653 175687 175716 175600 175641 175562
 1191.121  1764073  1532.01  1766127  1540.13 176619 176604 176604 176591 176663 176630 176613 176599 176599 176605 176449 176408 176394 176361 176416 176450 176478 176377 176404 176336
 1196.121  1772016  1566.44  1774312  1574.50 177439 177421 177422 177410 177479 177453 177431 177416 177418 177423 177191 177224 177214 177178 177157 177188 177297 177195 177218 177154
