Test case: 
Description: 
	10 senders: persistent queues
	10 receivers: client acknowledge every 50 messages
Timestamp: 2011.11.2 1:7:54
Version: 
Setting up JMS benchmark connections... 

Start processing messages.
Fri Dec 02 01:07:54 EST 2011

  Seconds   Send   Send/Sec   Recv   Recv/Sec   RCV0   RCV1   RCV2   RCV3   RCV4   RCV5   RCV6   RCV7   RCV8   RCV9  SND10  SND11  SND12  SND13  SND14  SND15  SND16  SND17  SND18  SND19
  ------- -------- -------- -------- -------- ------ ------ ------ ------ ------ ------ ------ ------ ------ ------ ------ ------ ------ ------ ------ ------ ------ ------ ------ ------
    1.080        0     0.00        0     0.00      0      0      0      0      0      0      0      0      0      0      0      0      0      0      0      0      0      0      0      0
    6.080     5360  1165.22     5460  1186.96    546    546    546    546    546    546    546    546    546    546    533    540    539    531    531    536    538    533    543    536
   11.080    11368  1184.17    11499  1197.81   1150   1149   1150   1150   1150   1150   1150   1150   1150   1150   1132   1143   1145   1131   1132   1140   1136   1132   1142   1135
   16.080    18639  1276.64    18781  1286.37   1877   1877   1878   1878   1878   1878   1878   1879   1879   1879   1854   1871   1873   1858   1858   1869   1863   1862   1869   1862
   21.080    25841  1318.42    25987  1325.87   2597   2597   2599   2599   2598   2599   2600   2599   2599   2600   2577   2589   2591   2579   2580   2591   2577   2581   2592   2584
   26.080    32975  1340.45    33127  1346.63   3309   3312   3313   3313   3312   3313   3315   3313   3312   3315   3291   3307   3307   3292   3291   3301   3294   3292   3302   3298
   31.080    39901  1348.01    40061  1353.41   4001   4006   4008   4007   4006   4008   4008   4006   4003   4008   3984   4002   3999   3983   3983   3994   3982   3987   3998   3989
   36.081    46997  1397.21    47170  1399.66   4713   4717   4719   4716   4717   4719   4719   4716   4715   4719   4693   4709   4707   4694   4693   4705   4691   4696   4710   4699
   41.080    54293  1440.48    54472  1437.46   5443   5446   5448   5448   5446   5448   5451   5446   5445   5451   5424   5440   5435   5421   5424   5434   5421   5424   5440   5430
   46.080    61476  1432.97    61662  1427.77   6161   6165   6168   6166   6165   6168   6171   6165   6163   6170   6142   6160   6149   6139   6144   6151   6136   6145   6158   6152
   51.080    68585  1412.28    68765  1407.92   6871   6875   6878   6875   6875   6878   6882   6875   6873   6883   6852   6868   6859   6851   6856   6863   6847   6856   6871   6862
   56.080    75681  1411.96    75859  1410.52   7583   7584   7589   7584   7584   7589   7589   7584   7584   7589   7564   7574   7570   7562   7569   7568   7558   7567   7579   7570
   61.080    82850  1416.74    83014  1416.88   8299   8299   8305   8299   8299   8305   8305   8299   8299   8305   8278   8293   8291   8281   8283   8285   8276   8283   8294   8286
   66.080    90039  1421.46    90205  1421.36   9019   9019   9023   9018   9019   9024   9023   9019   9018   9023   8994   9015   9006   8997   9009   9002   8995   9004   9012   9005
   71.080    97203  1411.91    97382  1411.71   9736   9736   9741   9736   9736   9744   9741   9736   9735   9741   9710   9735   9725   9715   9725   9718   9713   9719   9725   9718
   76.080   103998  1406.41   103960  1405.70  10421  10422  10358  10421  10422  10359  10357  10422  10421  10357  10396  10353  10408  10401  10413  10406  10399  10405  10414  10403
   81.080   110969  1410.65   110786  1410.15  11075  11077  11081  11076  11078  11083  11082  11077  11075  11082  11120  11081  11128  11122  11140  11130  11054  11062  11070  11062
   86.080   117880  1413.84   117988  1413.77  11796  11798  11801  11797  11798  11804  11801  11796  11796  11801  11768  11799  11776  11842  11793  11779  11771  11783  11785  11784
   91.080   125014  1414.90   125172  1414.70  12515  12516  12519  12516  12516  12522  12519  12515  12515  12519  12487  12525  12494  12493  12515  12496  12491  12505  12504  12504
   96.080   131928  1405.67   132085  1405.37  13206  13208  13210  13208  13209  13212  13209  13207  13207  13209  13175  13217  13184  13185  13211  13191  13179  13196  13198  13192
  101.080   139103  1406.09   139250  1405.01  13923  13925  13926  13925  13925  13928  13925  13924  13924  13925  13895  13932  13902  13905  13930  13908  13895  13913  13915  13908
  106.080   146330  1420.58   146480  1426.89  14646  14648  14650  14648  14648  14651  14648  14646  14646  14649  14620  14656  14625  14627  14649  14631  14619  14636  14637  14630
  111.080   153850  1438.91   154008  1450.35  15400  15401  15402  15401  15401  15403  15401  15399  15399  15401  15371  15406  15377  15380  15402  15383  15373  15387  15390  15381
  116.080   161882  1476.58   162047  1478.49  16205  16205  16205  16205  16205  16208  16205  16202  16202  16205  16174  16209  16179  16184  16205  16186  16176  16191  16194  16184
  121.080   169827  1503.79   169991  1503.99  17001  16999  17000  16998  16999  17001  17000  16996  16997  17000  16970  17003  16975  16979  17000  16983  16967  16985  16987  16978
  126.080   177314  1520.82   177458  1511.23  17748  17745  17747  17745  17745  17748  17747  17743  17743  17747  17724  17750  17726  17725  17750  17731  17714  17738  17731  17725
  131.080   184159  1493.67   184299  1493.41  18434  18429  18432  18429  18429  18433  18432  18426  18426  18429  18410  18438  18411  18409  18432  18416  18395  18420  18418  18410
  136.080   191004  1478.52   191133  1475.57  19117  19113  19116  19112  19114  19116  19116  19109  19109  19111  19094  19121  19095  19094  19118  19102  19080  19105  19104  19091
  141.080   198039  1459.19   198160  1457.92  19819  19815  19819  19814  19817  19819  19819  19812  19812  19814  19797  19825  19800  19797  19821  19802  19788  19810  19806  19793
  146.080   205060  1425.89   205171  1424.28  20521  20516  20521  20514  20518  20521  20521  20512  20512  20515  20499  20529  20502  20498  20523  20504  20490  20514  20505  20496
  151.080   211966  1391.21   212052  1388.56  21209  21205  21209  21202  21205  21209  21209  21200  21202  21202  21189  21224  21187  21191  21211  21196  21179  21205  21197  21187
  156.080   218666  1368.99   218615  1367.21  21824  21888  21825  21886  21889  21825  21824  21882  21886  21886  21872  21835  21868  21877  21895  21881  21864  21891  21812  21871
  161.080   225438  1373.70   225315  1371.76  22520  22517  22522  22516  22517  22524  22520  22579  22584  22516  22571  22531  22564  22575  22522  22581  22494  22520  22509  22571
  166.080   232182  1379.61   232270  1378.17  23222  23219  23226  23219  23220  23226  23222  23281  23216  23219  23204  23233  23200  23275  23223  23213  23199  23220  23212  23203
  171.080   239055  1374.03   239075  1372.99  23910  23906  23913  23906  23907  23913  23910  23900  23904  23906  23891  23918  23890  23963  23908  23900  23888  23910  23899  23888
  176.080   245896  1370.34   245980  1369.43  24601  24597  24603  24596  24598  24603  24601  24590  24594  24597  24580  24608  24580  24584  24601  24592  24580  24599  24591  24581
  181.080   252865  1372.45   252958  1372.68  25298  25293  25304  25293  25295  25304  25300  25286  25291  25294  25277  25303  25274  25279  25297  25290  25280  25297  25289  25279
  186.080   259818  1380.94   259906  1385.60  25992  25988  25999  25988  25988  25999  25993  25982  25986  25991  25972  25999  25969  25972  25993  25987  25977  25990  25987  25972
  191.080   266770  1386.98   266856  1393.99  26687  26683  26693  26683  26684  26694  26687  26678  26681  26686  26668  26693  26664  26672  26688  26681  26669  26686  26682  26667
  196.080   273622  1390.60   273715  1390.77  27372  27369  27379  27369  27369  27381  27372  27364  27367  27373  27358  27379  27347  27357  27373  27366  27352  27370  27364  27356
  201.080   280510  1388.79   280595  1388.66  28059  28058  28067  28057  28058  28070  28059  28051  28056  28060  28048  28068  28035  28050  28061  28054  28041  28054  28052  28047
  206.080   287950  1403.83   288034  1406.34  28804  28801  28811  28801  28801  28814  28803  28795  28800  28804  28789  28814  28779  28792  28807  28798  28785  28797  28797  28792
  211.080   295867  1432.67   295954  1429.88  29595  29593  29603  29592  29593  29605  29595  29589  29593  29596  29582  29606  29569  29584  29601  29591  29575  29588  29588  29583
  216.080   303469  1444.66   303560  1442.18  30356  30354  30363  30355  30354  30365  30356  30348  30353  30356  30343  30367  30328  30344  30359  30353  30335  30348  30349  30343
  221.081   311036  1463.22   311122  1460.87  31111  31109  31120  31110  31110  31125  31112  31104  31109  31112  31099  31124  31084  31101  31116  31108  31091  31105  31107  31101
  226.080   318964  1496.43   319042  1495.89  31904  31900  31912  31904  31901  31916  31904  31897  31900  31904  31892  31916  31877  31896  31909  31900  31884  31897  31900  31893
  231.080   326893  1530.49   326897  1530.35  32697  32693  32705  32697  32695  32633  32697  32689  32694  32697  32684  32711  32670  32688  32704  32694  32676  32689  32693  32684
  236.080   334468  1541.16   334551  1541.36  33470  33466  33404  33469  33469  33406  33470  33461  33466  33470  33454  33410  33442  33460  33477  33468  33448  33462  33391  33456
  241.080   341953  1530.62   342097  1530.22  34222  34220  34162  34224  34224  34163  34224  34214  34220  34224  34207  34168  34197  34216  34162  34223  34203  34216  34151  34210
  246.080   348713  1506.29   348655  1506.09  34843  34913  34852  34844  34845  34851  34844  34906  34913  34844  34896  34856  34888  34909  34852  34840  34896  34837  34838  34901
  251.080   355672  1486.59   355489  1486.63  35540  35539  35551  35544  35544  35549  35541  35601  35539  35541  35589  35554  35583  35604  35552  35536  35592  35533  35534  35595
  256.081   362396  1455.17   362420  1455.64  36241  36238  36251  36243  36244  36249  36242  36232  36238  36242  36219  36256  36213  36304  36252  36233  36224  36231  36235  36229
  261.081   369161  1418.39   369264  1421.71  36925  36922  36937  36927  36927  36936  36926  36915  36922  36927  36901  36937  36898  36919  36935  36916  36909  36915  36918  36913
  266.081   375974  1392.82   376082  1393.66  37607  37604  37618  37609  37609  37618  37608  37596  37604  37609  37584  37614  37577  37600  37614  37596  37593  37596  37604  37596
  271.080   383729  1401.83   383843  1400.83  38384  38379  38396  38384  38385  38396  38384  38371  38379  38385  38357  38392  38351  38374  38391  38373  38366  38373  38382  38370
  276.080   391687  1442.03   391790  1447.43  39177  39176  39190  39179  39179  39191  39179  39165  39174  39180  39153  39187  39147  39170  39188  39169  39161  39168  39178  39166
  281.081   399309  1464.33   399407  1468.52  39941  39937  39951  39938  39941  39953  39941  39927  39936  39942  39915  39952  39910  39931  39950  39932  39921  39930  39940  39928
  286.080   406918  1486.24   407013  1491.24  40702  40697  40713  40699  40702  40713  40701  40688  40697  40701  40675  40713  40672  40691  40711  40693  40683  40690  40700  40690
  291.080   414703  1520.47   414797  1522.72  41481  41475  41492  41477  41481  41492  41480  41465  41474  41480  41452  41494  41449  41469  41490  41471  41459  41469  41481  41469
  296.080   422581  1551.63   422661  1545.89  42266  42263  42277  42264  42266  42277  42266  42254  42262  42266  42241  42279  42239  42258  42277  42259  42248  42256  42268  42256
  301.080   430220  1544.66   430300  1535.94  43030  43027  43041  43029  43031  43041  43030  43016  43025  43030  43004  43043  43002  43021  43041  43024  43011  43022  43031  43021
  306.080   437895  1534.77   437977  1526.04  43798  43795  43808  43796  43799  43808  43798  43783  43794  43798  43772  43810  43770  43788  43808  43792  43778  43790  43798  43789
  311.080   445646  1531.83   445748  1526.13  44576  44569  44589  44570  44577  44592  44576  44555  44568  44576  44542  44591  44541  44559  44589  44566  44550  44567  44577  44564
  316.080   453376  1536.17   453383  1535.77  45353  45350  45290  45351  45353  45292  45353  45339  45350  45352  45326  45293  45323  45343  45365  45347  45335  45344  45354  45346
  321.080   461207  1537.89   461403  1538.02  46158  46156  46076  46159  46158  46080  46158  46142  46157  46159  46126  46078  46128  46142  46077  46153  46138  46150  46066  46149
  326.080   469076  1542.28   469248  1542.45  46938  46937  46873  46940  46940  46876  46939  46925  46939  46941  46910  46876  46911  46926  46873  46934  46922  46932  46863  46929
  331.081   477211  1563.99   477067  1564.26  47689  47763  47702  47691  47691  47704  47691  47753  47691  47692  47740  47706  47740  47755  47701  47687  47750  47683  47691  47758
  336.080   485461  1583.34   485228  1583.00  48514  48514  48524  48513  48514  48529  48514  48577  48514  48515  48564  48532  48565  48580  48526  48511  48575  48508  48516  48584
  341.080   492999  1578.58   492829  1577.30  49274  49273  49284  49272  49274  49289  49274  49340  49274  49275  49329  49292  49327  49341  49288  49272  49338  49267  49278  49267
  346.080   500550  1578.04   500468  1580.09  50047  50045  50054  50044  50046  50059  50046  50033  50046  50048  50097  50062  50019  50107  50059  50045  50033  50039  50050  50039
  351.080   508508  1585.02   508495  1580.32  50850  50848  50857  50847  50848  50861  50849  50837  50848  50850  50826  50864  50824  50908  50861  50847  50839  50843  50854  50842
  356.080   515814  1568.44   515884  1565.02  51590  51586  51596  51585  51586  51603  51587  51575  51586  51590  51565  51608  51559  51573  51598  51583  51576  51578  51594  51580
  361.080   523598  1556.66   523676  1564.11  52370  52364  52379  52363  52364  52385  52365  52352  52364  52370  52342  52392  52334  52346  52380  52361  52355  52357  52375  52356
  366.080   531613  1545.97   531667  1555.60  53170  53163  53177  53163  53163  53181  53162  53155  53163  53170  53146  53190  53139  53150  53177  53161  53159  53159  53174  53158
  371.080   539421  1555.13   539486  1560.37  53953  53945  53960  53944  53946  53961  53944  53936  53945  53952  53927  53970  53921  53928  53957  53943  53940  53940  53954  53941
  376.080   547446  1565.93   547513  1570.96  54756  54749  54764  54746  54749  54765  54746  54735  54749  54754  54730  54774  54724  54733  54759  54743  54744  54741  54755  54743
  381.080   555348  1559.41   555405  1561.80  55546  55539  55553  55536  55538  55556  55534  55521  55538  55544  55522  55566  55513  55520  55549  55534  55534  55531  55546  55533
  386.080   562984  1572.65   563039  1561.74  56309  56302  56316  56300  56301  56319  56298  56285  56301  56308  56286  56328  56278  56285  56313  56296  56298  56294  56309  56297
  391.080   570666  1567.00   570720  1556.19  57078  57071  57085  57068  57069  57086  57067  57052  57069  57075  57055  57096  57046  57055  57080  57063  57065  57063  57077  57066
  396.080   578912  1566.63   578950  1563.58  57900  57894  57907  57891  57893  57909  57891  57874  57892  57899  57879  57921  57871  57877  57906  57888  57889  57888  57901  57892
  401.080   586862  1569.52   586900  1568.91  58705  58696  58712  58693  58695  58634  58693  58675  58695  58702  58682  58647  58674  58678  58710  58690  58692  58691  58704  58694
  406.080   593959  1542.40   593905  1540.66  59411  59402  59346  59400  59402  59348  59401  59384  59402  59409  59395  59360  59381  59389  59419  59402  59399  59400  59410  59404
  411.080   601033  1519.78   601043  1515.82  60064  60122  60069  60120  60122  60071  60119  60106  60122  60128  60116  60082  60096  60114  60075  60121  60121  60118  60065  60125
  416.080   608269  1505.62   608218  1502.13  60786  60847  60791  60844  60847  60796  60845  60832  60847  60783  60841  60807  60823  60838  60796  60844  60841  60840  60789  60850
  421.080   615304  1481.51   615074  1480.23  61490  61480  61495  61557  61481  61502  61558  61544  61481  61486  61551  61512  61540  61555  61505  61560  61550  61475  61492  61564
  426.080   622098  1439.93   621894  1438.76  62189  62179  62194  62177  62180  62199  62177  62234  62180  62185  62242  62208  62231  62243  62204  62182  62238  62176  62191  62183
  431.080   628913  1408.83   628906  1407.28  62890  62880  62894  62877  62882  62901  62878  62935  62882  62887  62877  62911  62862  62943  62906  62885  62871  62877  62894  62887
  436.080   635750  1400.13   635742  1401.68  63573  63566  63579  63559  63566  63583  63561  63618  63567  63570  63562  63598  63546  63625  63590  63568  63550  63559  63580  63572
  441.080   642793  1399.07   642696  1397.80  64276  64267  64283  64263  64267  64287  64262  64251  64268  64272  64266  64304  64249  64329  64294  64275  64253  64261  64285  64277
  446.080   649642  1383.72   649557  1384.90  64963  64953  64970  64948  64953  64972  64948  64940  64953  64957  64950  64987  64936  65014  64982  64957  64935  64947  64971  64963
  451.080   656453  1375.92   656447  1383.44  65653  65641  65660  65636  65641  65663  65636  65628  65641  65648  65639  65675  65622  65631  65675  65644  65622  65638  65661  65646
  456.080   664225  1405.77   664222  1412.52  66431  66417  66441  66413  66417  66443  66412  66407  66417  66424  66417  66453  66398  66409  66455  66420  66398  66414  66439  66422
  461.080   672254  1443.83   672240  1446.21  67233  67219  67242  67215  67219  67244  67215  67208  67219  67226  67220  67254  67201  67211  67258  67224  67202  67217  67241  67226
  466.080   679995  1474.77   679978  1474.40  68007  67992  68015  67989  67994  68018  67989  67982  67992  68000  67993  68028  67975  67987  68031  67999  67976  67990  68014  68002
  471.080   687368  1485.77   687352  1485.97  68745  68727  68753  68726  68733  68756  68725  68720  68729  68738  68734  68764  68712  68723  68769  68736  68710  68731  68753  68736
  476.080   695070  1509.23   694962  1505.77  69518  69495  69525  69494  69503  69439  69493  69488  69498  69509  69502  69538  69482  69487  69543  69504  69478  69501  69527  69508
  481.080   703165  1553.44   703068  1545.72  70322  70306  70330  70305  70312  70263  70305  70301  70308  70316  70312  70344  70295  70306  70347  70315  70289  70307  70331  70319
  486.080   710661  1540.54   710646  1537.62  71091  71071  71022  71070  71079  71025  71068  71065  71073  71082  71076  71034  71061  71065  71038  71079  71052  71074  71098  71084
  491.080   718261  1528.09   718248  1525.40  71780  71840  71790  71839  71848  71791  71836  71832  71842  71850  71846  71802  71827  71830  71806  71847  71820  71842  71788  71853
  496.080   725930  1526.17   725906  1523.42  72550  72604  72556  72604  72613  72558  72603  72596  72608  72614  72614  72569  72594  72597  72573  72616  72587  72606  72555  72619
  501.080   733397  1531.88   733301  1529.19  73305  73358  73312  73358  73293  73313  73358  73350  73360  73294  73369  73324  73348  73353  73328  73370  73340  73285  73310  73370
  506.080   741247  1537.82   741149  1538.15  74092  74140  74099  74141  74080  74100  74140  74133  74143  74081  74152  74111  74128  74138  74116  74154  74125  74072  74099  74152
  511.080   748082  1495.92   748031  1497.40  74783  74828  74787  74827  74770  74789  74827  74821  74829  74770  74842  74800  74820  74829  74811  74844  74812  74761  74790  74773
  516.080   754952  1478.61   754750  1477.47  75484  75458  75487  75455  75469  75489  75458  75525  75456  75469  75470  75500  75528  75535  75511  75472  75519  75459  75488  75470
  521.080   762889  1492.63   762762  1491.33  76286  76260  76288  76256  76271  76289  76260  76323  76259  76270  76270  76304  76325  76336  76313  76273  76245  76262  76289  76272
  526.080   770632  1497.47   770502  1496.56  77065  77041  77068  77039  77053  77070  77042  77030  77042  77052  77050  77085  77033  77120  77094  77055  77028  77043  77069  77055
  531.080   778234  1502.06   778106  1500.99  77826  77801  77827  77799  77813  77833  77803  77791  77803  77810  77811  77845  77793  77882  77853  77816  77789  77800  77829  77816
  536.080   786158  1499.45   786022  1500.72  78617  78594  78618  78592  78604  78622  78596  78582  78595  78602  78602  78639  78586  78672  78644  78608  78582  78595  78621  78609
  541.080   794321  1543.67   794176  1540.49  79436  79407  79436  79406  79420  79438  79409  79398  79410  79416  79418  79457  79401  79488  79462  79424  79398  79413  79437  79423
  546.080   801898  1567.68   801829  1572.18  80200  80173  80200  80172  80185  80202  80176  80162  80176  80183  80182  80221  80167  80177  80226  80188  80164  80179  80205  80189
  551.080   809640  1559.13   809576  1561.34  80978  80947  80980  80946  80959  80980  80948  80932  80949  80957  80956  81001  80939  80942  81004  80962  80936  80953  80984  80963
  556.080   816818  1540.54   816737  1539.93  81689  81666  81691  81665  81675  81691  81666  81656  81666  81672  81675  81712  81659  81668  81716  81682  81661  81670  81697  81678
  561.080   823661  1515.20   823584  1514.56  82373  82351  82375  82350  82359  82375  82351  82342  82351  82357  82357  82397  82345  82348  82400  82367  82350  82353  82382  82362
  566.081   830540  1475.34   830463  1470.40  83063  83039  83064  83036  83047  83064  83039  83027  83039  83045  83043  83089  83030  83034  83089  83053  83041  83040  83069  83052
  571.080   837574  1433.12   837358  1435.37  83703  83749  83706  83746  83757  83706  83749  83738  83749  83755  83756  83732  83740  83745  83799  83761  83748  83752  83779  83762
  576.080   844629  1420.35   844536  1417.30  84420  84466  84425  84463  84475  84425  84466  84457  84466  84473  84472  84449  84459  84463  84448  84485  84468  84469  84432  84484
  581.080   851544  1390.77   851470  1387.92  85110  85162  85113  85158  85172  85113  85159  85151  85162  85170  85167  85137  85152  85153  85131  85182  85161  85164  85120  85177
  586.080   858578  1390.00   858487  1387.42  85823  85869  85825  85865  85810  85825  85867  85859  85869  85875  85874  85852  85863  85865  85844  85892  85869  85798  85837  85884
  591.080   865792  1402.23   865640  1399.74  86545  86591  86546  86586  86533  86546  86590  86583  86591  86529  86594  86574  86584  86583  86565  86616  86587  86521  86562  86606
  596.080   872927  1410.99   872639  1410.79  87266  87243  87266  87305  87252  87266  87243  87304  87243  87251  87320  87289  87302  87305  87288  87335  87308  87241  87281  87258
  601.080   879715  1406.22   879475  1410.68  87958  87930  87960  87924  87940  87960  87931  88002  87930  87940  88017  87980  87924  88000  87979  88036  87930  87933  87975  87941
  606.080   886685  1409.01   886521  1408.94  88666  88644  88670  88638  88652  88670  88646  88638  88645  88652  88655  88691  88641  88705  88688  88670  88644  88644  88688  88659
  611.081   893839  1417.03   893683  1416.59  89382  89359  89388  89354  89367  89388  89363  89354  89360  89368  89367  89406  89357  89421  89408  89389  89359  89358  89405  89369
  616.080   901123  1425.15   900978  1420.48  90110  90087  90118  90082  90098  90118  90094  90081  90092  90098  90094  90133  90083  90148  90138  90113  90091  90091  90135  90097
  621.080   908013  1409.23   907854  1409.03  90800  90770  90808  90771  90786  90807  90781  90768  90777  90786  90783  90825  90768  90844  90828  90800  90778  90777  90826  90784
  626.080   915144  1409.80   915047  1416.17  91516  91492  91524  91494  91504  91523  91501  91490  91499  91504  91507  91540  91490  91491  91547  91526  91498  91498  91541  91506
  631.080   922330  1423.22   922229  1427.75  92237  92209  92242  92213  92222  92242  92218  92209  92215  92222  92227  92259  92205  92216  92265  92242  92215  92219  92258  92224
  636.080   929562  1429.70   929475  1427.65  92959  92932  92966  92939  92949  92965  92945  92932  92939  92949  92952  92982  92927  92939  92986  92965  92937  92946  92979  92949
  641.080   936523  1421.42   936446  1418.67  93660  93626  93667  93632  93647  93666  93641  93626  93635  93646  93645  93681  93622  93630  93688  93657  93631  93644  93680  93645
  646.080   943622  1409.93   943393  1409.40  94365  94338  94302  94342  94355  94301  94351  94337  94347  94355  94355  94385  94332  94346  94393  94370  94342  94354  94388  94357
  651.081   950795  1421.76   950631  1421.62  95027  95069  95034  95075  95086  95031  95081  95067  95076  95085  95089  95050  95064  95078  95123  95101  95073  95083  95048  95086
  656.080   957910  1418.93   957740  1416.58  95739  95778  95743  95786  95797  95743  95792  95778  95789  95795  95801  95764  95771  95788  95833  95817  95785  95792  95758  95801
  661.080   964911  1412.42   964731  1409.87  96439  96485  96445  96495  96428  96445  96503  96485  96499  96507  96509  96467  96485  96494  96464  96528  96489  96499  96462  96514
  666.080   971918  1407.35   971674  1404.50  97147  97183  97151  97192  97138  97151  97198  97183  97196  97135  97206  97177  97183  97194  97170  97223  97191  97193  97167  97214
  671.080   979025  1412.45   978647  1409.23  97858  97894  97861  97903  97849  97863  97841  97894  97839  97845  97916  97890  97892  97903  97881  97933  97904  97900  97878  97928
  676.080   986217  1415.54   985828  1419.43  98584  98618  98587  98559  98574  98588  98565  98618  98565  98570  98644  98619  98616  98629  98607  98659  98628  98557  98607  98651
  681.080   993171  1411.49   992920  1413.77  99292  99331  99297  99264  99281  99298  99270  99332  99274  99281  99362  99328  99328  99341  99313  99373  99263  99261  99317  99285
  686.080   999854  1405.32   999762  1407.90  99982 100016  99988  99959  99973  99989  99963  99950  99968  99974  99977 100019  99942 100029 100002  99992  99957  99951 100006  99979
  691.080  1007068  1410.22  1006909  1410.85 100702 100669 100709 100682 100695 100711 100685 100672 100688 100696 100695 100742 100665 100751 100723 100712 100679 100673 100724 100704
  696.080  1014292  1417.35  1014130  1420.07 101423 101393 101430 101403 101417 101434 101406 101397 101410 101417 101421 101463 101384 101475 101444 101433 101401 101392 101452 101427
  701.080  1021428  1415.50  1021286  1423.29 102139 102106 102145 102119 102134 102149 102121 102113 102126 102134 102135 102176 102096 102188 102157 102143 102116 102107 102168 102142
  706.080  1028638  1415.81  1028566  1423.86 102867 102831 102877 102845 102860 102881 102849 102840 102854 102862 102862 102906 102823 102842 102888 102872 102842 102833 102899 102871
  711.080  1036349  1441.07  1036273  1441.78 103638 103602 103647 103617 103631 103650 103619 103611 103625 103633 103632 103675 103595 103615 103660 103644 103614 103604 103668 103642
  716.080  1044645  1495.55  1044566  1488.34 104465 104431 104476 104449 104459 104479 104450 104440 104457 104460 104464 104504 104425 104443 104488 104476 104444 104434 104496 104471
  721.081  1052736  1524.70  1052664  1514.33 105274 105242 105288 105258 105269 105289 105258 105250 105267 105269 105273 105314 105236 105250 105297 105286 105253 105244 105304 105279
  726.080  1060384  1540.86  1060229  1529.41 106048 106013 105976 106033 106044 105981 106030 106020 106041 106043 106045 106086 106009 106020 106072 106060 106026 106017 105996 106053
  731.080  1067952  1548.56  1067797  1545.47 106803 106770 106739 106786 106798 106744 106785 106778 106796 106798 106802 106841 106764 106779 106828 106818 106781 106774 106759 106806
  736.080  1075431  1554.60  1075352  1551.74 107558 107525 107493 107541 107556 107498 107541 107534 107553 107553 107558 107521 107519 107533 107583 107573 107537 107530 107515 107562
  741.080  1082926  1547.60  1082847  1544.85 108238 108282 108249 108298 108313 108254 108300 108291 108311 108311 108317 108278 108276 108290 108264 108330 108294 108287 108271 108319
  746.080  1090545  1525.10  1090228  1522.28 109001 109043 109010 109057 108998 109017 109059 109052 108995 108996 109078 109040 109040 109053 109026 109091 109057 109049 109032 109079
  751.080  1098068  1506.16  1097752  1503.07 109754 109795 109762 109810 109750 109770 109813 109803 109747 109748 109829 109791 109794 109806 109779 109841 109808 109802 109784 109834
  756.080  1105855  1508.15  1105424  1507.79 110525 110575 110535 110598 110520 110545 110508 110584 110516 110518 110611 110564 110577 110583 110546 110623 110592 110585 110557 110617
  761.080  1113747  1521.43  1113269  1520.86 111320 111360 111332 111303 111314 111340 111304 111370 111313 111313 111398 111361 111362 111375 111343 111406 111378 111370 111352 111402
  766.080  1121404  1532.32  1121159  1531.95 112108 112150 112121 112093 112103 112128 112093 112159 112102 112102 112187 112149 112151 112163 112131 112195 112090 112084 112138 112116
  771.080  1129047  1540.20  1128795  1536.88 112881 112919 112892 112866 112873 112899 112866 112854 112871 112874 112882 112920 112922 112936 112902 112966 112864 112856 112912 112887
  776.080  1136446  1537.90  1136345  1540.12 113635 113674 113647 113621 113629 113653 113622 113610 113625 113629 113638 113674 113602 113690 113657 113646 113618 113610 113667 113644
  781.080  1144099  1539.68  1143937  1544.85 114401 114364 114412 114387 114397 114419 114389 114376 114394 114398 114402 114440 114365 114456 114424 114412 114385 114376 114430 114409
  786.080  1151965  1542.15  1151797  1551.01 115188 115150 115200 115172 115182 115206 115175 115163 115178 115183 115189 115227 115152 115242 115210 115199 115170 115162 115219 115195
  791.080  1159657  1535.66  1159494  1543.68 115958 115919 115969 115942 115953 115973 115945 115934 115948 115953 115959 115994 115921 116009 115980 115970 115940 115931 115986 115967
  796.080  1167284  1532.20  1167113  1529.68 116720 116683 116730 116703 116715 116734 116708 116695 116710 116715 116721 116754 116685 116770 116741 116735 116704 116695 116748 116731
  801.080  1174863  1529.06  1174806  1527.08 117493 117447 117504 117470 117487 117506 117476 117459 117478 117486 117484 117525 117447 117458 117510 117499 117469 117457 117520 117494
  806.080  1182619  1541.88  1182525  1532.11 118262 118223 118272 118245 118257 118273 118248 118237 118251 118257 118260 118297 118224 118236 118284 118278 118247 118234 118288 118271
  811.080  1190263  1540.97  1190038  1530.84 119030 118987 118959 119014 119026 118959 119015 119001 119019 119028 119022 119067 118989 118997 119049 119039 119010 118997 119059 119034
  816.080  1197975  1536.17  1197817  1528.72 119806 119767 119741 119790 119802 119742 119793 119778 119796 119802 119801 119845 119767 119779 119829 119819 119789 119776 119758 119812
  821.080  1205739  1530.86  1205492  1528.21 120506 120541 120515 120566 120576 120516 120568 120555 120571 120578 120578 120622 120544 120554 120603 120597 120566 120552 120534 120589
  826.080  1213360  1530.57  1213006  1527.79 121267 121309 121279 121338 121260 121279 121344 121325 121344 121261 121349 121309 121312 121323 121378 121369 121337 121323 121299 121361
  831.080  1221283  1540.09  1220779  1537.00 122065 122101 122075 122127 122057 122075 122053 122116 122053 122057 122139 122107 122107 122118 122168 122159 122128 122114 122093 122150
  836.080  1228867  1536.76  1228459  1533.81 122835 122865 122842 122893 122827 122841 122823 122883 122823 122827 122904 122877 122870 122883 122858 122924 122893 122881 122861 122916
  841.080  1236482  1535.37  1235991  1536.88 123597 123625 123602 123575 123590 123601 123585 123644 123583 123589 123667 123639 123630 123644 123622 123686 123654 123640 123622 123678
  846.080  1244111  1532.62  1243615  1531.64 124358 124390 124365 124338 124351 124363 124347 124407 124345 124351 124430 124402 124394 124408 124385 124446 124416 124403 124386 124441
  851.080  1251826  1536.28  1251476  1540.50 125151 125184 125158 125132 125146 125156 125141 125124 125139 125145 125224 125195 125191 125201 125178 125165 125133 125197 125181 125161
  856.080  1259381  1536.34  1259105  1544.30 125914 125950 125922 125895 125909 125919 125903 125885 125901 125907 125990 125957 125955 125964 125940 125927 125896 125883 125945 125924
  861.080  1267126  1530.75  1266847  1543.37 126689 126721 126696 126669 126684 126693 126677 126658 126677 126683 126762 126732 126728 126739 126716 126701 126670 126659 126721 126698
  866.080  1274551  1525.60  1274336  1534.53 127438 127470 127445 127418 127433 127441 127425 127409 127425 127432 127438 127482 127476 127488 127465 127451 127422 127409 127471 127449
  871.080  1282390  1535.54  1282174  1544.73 128227 128188 128237 128208 128224 128233 128216 128201 128216 128224 128230 128274 128195 128280 128255 128243 128212 128200 128261 128240
  876.080  1290067  1534.80  1289864  1542.08 128998 128956 129006 128977 128991 129001 128986 128969 128986 128994 128997 129045 128962 129048 129026 129010 128979 128964 129030 129006
  881.080  1297730  1532.72  1297525  1532.52 129764 129719 129773 129744 129758 129769 129752 129737 129751 129758 129760 129812 129727 129814 129794 129777 129747 129729 129796 129774
  886.080  1305306  1533.36  1305171  1527.82 130528 130485 130538 130507 130524 130534 130517 130501 130515 130522 130526 130578 130495 130502 130557 130543 130511 130493 130561 130540
  891.080  1312961  1530.50  1312813  1524.83 131292 131251 131300 131270 131288 131299 131283 131264 131280 131286 131291 131344 131262 131272 131324 131307 131274 131257 131327 131303
  896.080  1320469  1535.74  1320325  1525.27 132051 132009 131983 132029 132047 132056 132042 132024 132039 132045 132048 132102 132019 132029 132083 132068 132033 132014 132010 132063
  901.080  1328385  1535.70  1328157  1525.00 132843 132802 132773 132820 132837 132770 132833 132817 132828 132834 132841 132892 132812 132821 132872 132860 132826 132808 132797 132856
  906.080  1335955  1529.82  1335730  1524.01 133533 133567 133540 133584 133601 133536 133596 133582 133591 133600 133604 133582 133576 133585 133635 133626 133591 133572 133563 133621
  911.080  1343487  1522.75  1343122  1519.90 134286 134323 134293 134337 134280 134290 134350 134338 134345 134280 134353 134334 134329 134336 134389 134380 134346 134326 134318 134376
  916.080  1351160  1523.27  1350790  1518.07 135052 135089 135059 135106 135047 135057 135117 135104 135112 135047 135120 135100 135098 135102 135159 135147 135114 135093 135085 135142
  921.080  1358906  1526.58  1358537  1524.09 135836 135870 135842 135890 135828 135839 135824 135887 135893 135828 135902 135884 135880 135883 135863 135927 135897 135875 135870 135925
  926.080  1366606  1531.88  1366150  1529.73 136604 136642 136609 136657 136597 136608 136596 136656 136583 136598 136672 136653 136653 136652 136632 136698 136665 136646 136641 136694
  931.080  1374291  1523.72  1373730  1523.66 137368 137410 137375 137345 137360 137375 137359 137429 137348 137361 137442 137416 137423 137415 137396 137474 137436 137416 137405 137468
  936.080  1382103  1535.74  1381570  1535.67 138162 138198 138166 138139 138154 138166 138152 138137 138141 138155 138231 138207 138211 138209 138192 138183 138221 138202 138195 138252
  941.080  1390186  1556.81  1389805  1563.99 138987 139020 138990 138962 138978 138990 138976 138959 138962 138981 139053 139033 139033 139036 139013 139006 138968 139025 139019 139000
  946.080  1397824  1559.50  1397607  1567.89 139769 139808 139773 139738 139757 139772 139755 139735 139739 139761 139843 139816 139731 139823 139793 139780 139741 139721 139802 139774
  951.080  1405798  1565.87  1405559  1570.20 140564 140595 140565 140537 140553 140565 140551 140535 140538 140556 140629 140610 140535 140613 140590 140582 140543 140524 140593 140579
  956.080  1413859  1580.54  1413606  1584.93 141376 141330 141377 141349 141365 141379 141363 141349 141350 141368 141365 141423 141350 141428 141402 141395 141358 141339 141407 141392
  961.080  1421449  1574.87  1421195  1582.72 142135 142091 142136 142107 142125 142139 142121 142106 142107 142128 142125 142182 142110 142186 142159 142152 142116 142098 142170 142151
  966.080  1429143  1570.03  1428894  1576.48 142906 142857 142907 142877 142894 142907 142893 142876 142878 142899 142893 142954 142879 142955 142930 142922 142883 142867 142939 142921
  971.080  1436760  1555.30  1436507  1551.81 143667 143618 143669 143639 143654 143670 143653 143637 143640 143660 143655 143715 143639 143716 143693 143684 143643 143628 143701 143686
  976.080  1444688  1564.90  1444514  1558.76 144467 144418 144472 144439 144453 144472 144454 144437 144442 144460 144458 144516 144438 144439 144493 144485 144442 144429 144501 144487
  981.080  1452735  1570.10  1452623  1564.36 145277 145231 145283 145249 145263 145282 145265 145249 145253 145271 145271 145327 145250 145253 145306 145296 145253 145241 145239 145299
  986.080  1460506  1558.93  1460254  1549.46 146063 146005 145977 146025 146046 145974 146050 146026 146031 146057 146046 146115 146025 146027 146090 146074 146029 146015 146008 146077
  991.080  1468384  1567.45  1468122  1559.53 146773 146802 146781 146819 146836 146779 146842 146822 146823 146845 146843 146824 146823 146825 146879 146868 146825 146814 146811 146872
  996.080  1476143  1569.60  1475807  1561.64 147549 147577 147559 147596 147611 147553 147617 147599 147600 147546 147619 147601 147599 147599 147653 147645 147602 147588 147588 147649
 1001.080  1483970  1573.98  1483546  1568.17 148331 148359 148340 148379 148393 148334 148323 148380 148381 148326 148401 148386 148379 148382 148438 148428 148382 148370 148371 148433
 1006.080  1491997  1565.28  1491460  1565.85 149126 149159 149136 149185 149109 149131 149119 149186 149188 149121 149205 149183 149185 149178 149246 149234 149187 149173 149167 149239
 1011.080  1499552  1555.96  1499133  1550.79 149897 149924 149905 149945 149884 149899 149891 149945 149948 149895 149970 149953 149948 149946 149924 149993 149949 149938 149933 149998
 1016.080  1507394  1558.22  1506975  1557.62 150681 150710 150689 150730 150666 150683 150672 150730 150734 150680 150754 150737 150731 150732 150708 150777 150733 150721 150717 150784
 1021.080  1515590  1566.29  1515088  1568.48 151500 151527 151508 151548 151486 151502 151492 151548 151477 151500 151576 151555 151552 151549 151528 151597 151553 151542 151535 151603
 1026.080  1523381  1572.55  1522836  1575.03 152293 152324 152301 152257 152274 152296 152281 152257 152260 152293 152379 152346 152356 152341 152314 152306 152355 152343 152327 152314
 1031.081  1531013  1568.59  1530502  1573.22 153058 153082 153063 153030 153042 153059 153048 153030 153032 153058 153134 153110 153112 153102 153088 153080 153109 153099 153091 153088
 1036.080  1538775  1564.66  1538489  1573.12 153856 153881 153861 153828 153841 153856 153847 153830 153832 153857 153857 153907 153837 153901 153886 153879 153833 153897 153891 153887
 1041.080  1546551  1572.03  1546331  1571.03 154643 154666 154647 154611 154623 154642 154630 154612 154615 154642 154643 154692 154622 154686 154671 154664 154616 154607 154677 154673
 1046.080  1554054  1558.17  1553833  1559.78 155393 155416 155397 155362 155374 155391 155381 155362 155366 155391 155394 155443 155372 155437 155419 155415 155368 155356 155427 155423
 1051.080  1561940  1547.68  1561639  1551.95 156180 156131 156186 156150 156162 156179 156167 156151 156154 156179 156184 156232 156161 156227 156207 156204 156160 156142 156215 156208
 1056.080  1569835  1551.16  1569547  1554.65 156971 156919 156975 156941 156954 156971 156960 156941 156945 156970 156973 157022 156949 157015 157001 156993 156948 156931 157004 156999
 1061.080  1577488  1551.83  1577212  1551.93 157739 157685 157743 157706 157720 157739 157726 157705 157711 157738 157737 157788 157714 157784 157766 157756 157714 157697 157768 157764
 1066.080  1585561  1559.33  1585295  1554.66 158548 158492 158551 158514 158528 158549 158534 158512 158519 158548 158542 158596 158523 158591 158575 158564 158520 158501 158578 158571
 1071.080  1593167  1556.49  1592902  1547.40 159316 159260 159243 159283 159298 159317 159301 159281 159289 159314 159311 159364 159292 159283 159342 159333 159289 159269 159345 159339
 1076.080  1600858  1562.79  1600344  1550.37 160006 160028 160008 160051 160065 160008 160069 160049 160055 160005 160079 160133 160062 160050 160108 160103 160059 160040 160115 160109
 1081.080  1608448  1553.69  1608098  1547.35 160785 160804 160788 160824 160836 160788 160840 160821 160827 160785 160851 160833 160832 160830 160882 160876 160832 160817 160814 160881
 1086.080  1615247  1515.17  1614872  1510.13 161462 161482 161464 161502 161515 161464 161516 161499 161506 161462 161533 161511 161511 161509 161562 161556 161513 161498 161493 161561
 1091.080  1622189  1487.94  1621812  1484.88 162157 162176 162158 162196 162207 162158 162209 162194 162201 162156 162225 162207 162202 162203 162261 162247 162209 162190 162187 162258
 1096.080  1629169  1447.18  1628650  1447.92 162854 162873 162854 162895 162836 162854 162840 162890 162901 162853 162924 162908 162900 162901 162959 162944 162909 162888 162883 162953
 1101.080  1635934  1421.48  1635421  1419.97 163538 163557 163539 163578 163518 163538 163524 163573 163517 163539 163607 163594 163587 163586 163574 163629 163587 163571 163564 163635
 1106.080  1642871  1396.31  1642292  1403.15 164232 164251 164234 164204 164212 164232 164218 164264 164211 164234 164305 164289 164281 164284 164265 164319 164281 164263 164256 164328
 1111.080  1649728  1376.07  1649270  1377.01 164928 164947 164932 164903 164910 164931 164917 164962 164908 164932 165004 164987 164987 164979 164962 164956 164979 164962 164953 164959
 1116.080  1656479  1374.68  1656009  1378.23 165609 165626 165612 165585 165590 165612 165598 165577 165589 165611 165687 165667 165602 165661 165641 165639 165661 165643 165635 165643
 1121.080  1664240  1406.41  1663900  1402.42 166398 166415 166401 166373 166380 166400 166388 166365 166379 166401 166477 166457 166390 166454 166432 166427 166385 166364 166423 166431
 1126.080  1671013  1398.96  1670771  1400.50 167087 167108 167091 167057 167065 167090 167074 167046 167062 167091 167090 167147 167079 167145 167117 167110 167063 167046 167107 167109
 1131.080  1678162  1410.17  1677885  1413.59 167796 167814 167799 167772 167778 167799 167787 167764 167777 167799 167809 167858 167797 167849 167835 167825 167782 167763 167819 167825
 1136.080  1685333  1418.20  1684988  1421.56 168512 168462 168516 168491 168496 168515 168503 168481 168496 168516 168523 168579 168512 168567 168550 168541 168500 168482 168536 168543
 1141.080  1692492  1428.15  1692144  1427.35 169228 169177 169232 169208 169212 169231 169217 169196 169212 169231 169241 169296 169224 169285 169266 169254 169218 169197 169252 169259
 1146.080  1699336  1430.40  1699078  1427.11 169922 169863 169929 169900 169904 169927 169911 169887 169906 169929 169931 169993 169913 169903 169959 169943 169907 169890 169948 169949
 1151.080  1706324  1405.42  1705903  1395.92 170616 170566 170553 170597 170602 170620 170606 170587 170602 170554 170632 170688 170609 170604 170656 170645 170603 170592 170645 170650
 1156.080  1713355  1416.31  1712920  1403.12 171324 171275 171262 171305 171311 171261 171314 171295 171311 171262 171341 171328 171318 171314 171365 171353 171313 171303 171358 171362
 1161.080  1720456  1414.70  1720015  1404.63 171971 171994 171978 172022 172027 171977 172031 172010 172027 171978 172056 172048 172035 172032 172086 172069 172030 172020 172006 172074
 1166.080  1727534  1403.03  1727090  1399.64 172675 172702 172682 172734 172737 172680 172743 172718 172737 172682 172762 172755 172747 172736 172795 172780 172739 172727 172708 172785
 1171.080  1735088  1414.36  1734559  1413.09 173430 173454 173437 173487 173493 173436 173420 173472 173493 173437 173516 173511 173501 173493 173550 173535 173494 173483 173465 173540
 1176.080  1742938  1447.60  1742244  1443.31 174213 174236 174219 174273 174201 174219 174204 174258 174202 174219 174301 174293 174285 174275 174336 174323 174279 174271 174249 174326
 1181.080  1751156  1487.01  1750396  1490.57 175037 175058 175043 175020 175024 175043 175027 175077 175025 175042 175124 175119 175106 175098 175156 175141 175100 175092 175074 175146
 1186.080  1759116  1516.51  1758369  1518.72 175830 175862 175841 175814 175817 175841 175820 175886 175818 175840 175928 175916 175916 175897 175871 175949 175910 175902 175872 175955
 1191.080  1766805  1539.72  1766104  1541.49 176606 176631 176612 176593 176594 176613 176598 176650 176597 176610 176695 176688 176681 176668 176654 176713 176677 176667 176642 176720
 1196.080  1774995  1577.72  1774288  1578.79 177425 177451 177432 177410 177413 177431 177416 177466 177415 177429 177514 177505 177502 177490 177471 177531 177495 177486 177464 177537
