Test case: 
Description: 
	10 senders: persistent queues
	10 receivers: client acknowledge every 50 messages
Timestamp: 2011.11.1 22:21:51
Version: 
Setting up JMS benchmark connections... 

Start processing messages.
Thu Dec 01 22:21:51 EST 2011

  Seconds   Send   Send/Sec   Recv   Recv/Sec   RCV0   RCV1   RCV2   RCV3   RCV4   RCV5   RCV6   RCV7   RCV8   RCV9  SND10  SND11  SND12  SND13  SND14  SND15  SND16  SND17  SND18  SND19
  ------- -------- -------- -------- -------- ------ ------ ------ ------ ------ ------ ------ ------ ------ ------ ------ ------ ------ ------ ------ ------ ------ ------ ------ ------
    1.011        0     0.00        0     0.00      0      0      0      0      0      0      0      0      0      0      0      0      0      0      0      0      0      0      0      0
    6.011     2641   574.13     2953   641.96    297    294    296    296    296    294    293    295    296    296    262    265    263    264    262    261    269    265    267    263
   11.011     5529   575.94     5834   607.71    586    583    583    585    584    582    582    582    584    583    549    553    552    553    550    548    560    555    555    554
   16.011     8641   589.73     8943   612.53    897    894    894    896    895    893    893    892    895    894    859    866    863    865    863    860    871    866    864    864
   21.011    11746   586.63    12045   606.63   1208   1204   1205   1205   1205   1203   1203   1201   1206   1205   1171   1177   1174   1175   1175   1170   1183   1176   1173   1172
   26.011    14908   590.57    15206   602.68   1525   1520   1522   1521   1521   1518   1519   1516   1523   1521   1487   1493   1490   1490   1492   1487   1499   1493   1490   1487
   31.011    18008   600.00    18371   610.17   1842   1836   1839   1838   1836   1835   1835   1832   1840   1838   1802   1810   1806   1776   1808   1804   1784   1808   1806   1804
   36.011    20832   610.44    21168   610.23   2118   2113   2115   2116   2113   2113   2112   2138   2116   2114   2080   2086   2083   2083   2084   2079   2090   2084   2082   2081
   41.011    23845   614.63    24147   614.53   2419   2414   2416   2416   2413   2414   2413   2410   2417   2415   2381   2387   2384   2385   2386   2381   2391   2385   2383   2382
   46.011    26902   610.77    27199   612.62   2724   2720   2720   2722   2719   2719   2719   2715   2722   2719   2686   2691   2689   2693   2691   2685   2699   2691   2688   2689
   51.011    30034   610.34    30328   611.24   3039   3032   3032   3035   3031   3031   3031   3029   3037   3031   2997   3004   3002   3006   3007   2997   3015   3003   3001   3002
   56.011    33270   606.61    33567   606.48   3361   3357   3358   3359   3356   3355   3355   3352   3359   3355   3320   3327   3325   3327   3331   3322   3337   3328   3325   3328
   61.011    36241   603.56    36604   601.44   3665   3660   3662   3662   3659   3659   3659   3657   3663   3658   3625   3630   3628   3630   3604   3625   3610   3631   3627   3631
   66.011    39236   613.37    39622   611.86   3945   3972   3942   3974   3969   3971   3970   3968   3943   3968   3938   3940   3909   3911   3918   3936   3921   3943   3909   3911
   71.011    42335   620.47    42621   619.93   4266   4262   4263   4264   4260   4261   4261   4259   4266   4259   4229   4232   4232   4234   4241   4226   4244   4234   4230   4233
   76.011    45379   620.03    45665   619.66   4572   4566   4569   4568   4564   4565   4565   4563   4570   4563   4534   4536   4537   4539   4545   4530   4548   4538   4534   4538
   81.012    48436   615.39    48724   617.34   4879   4872   4876   4874   4869   4870   4871   4868   4877   4868   4840   4843   4842   4844   4851   4836   4855   4844   4839   4842
   86.012    51652   612.40    51954   613.71   5203   5195   5200   5197   5191   5192   5195   5190   5201   5190   5162   5164   5165   5166   5172   5156   5176   5165   5162   5164
   91.011    54721   612.91    55057   613.01   5512   5506   5509   5508   5502   5502   5506   5501   5510   5501   5471   5474   5475   5476   5482   5466   5457   5474   5472   5474
   96.011    57801   615.50    58198   612.65   5824   5821   5823   5823   5816   5817   5820   5814   5824   5816   5787   5789   5789   5759   5764   5781   5770   5788   5786   5788
  101.011    60928   618.89    61294   619.56   6112   6139   6111   6141   6136   6136   6138   6134   6112   6135   6105   6108   6077   6079   6083   6099   6089   6108   6104   6076
  106.011    63904   621.64    64203   622.08   6424   6421   6424   6423   6417   6417   6420   6416   6425   6416   6387   6390   6392   6392   6397   6381   6401   6390   6386   6388
  111.011    67021   622.62    67313   623.79   6736   6734   6735   6736   6726   6728   6732   6725   6736   6725   6699   6702   6704   6704   6709   6690   6714   6701   6698   6700
  116.011    70168   615.69    70461   617.64   7054   7048   7050   7050   7040   7042   7046   7039   7052   7040   7014   7014   7021   7017   7023   7004   7028   7015   7013   7019
  121.011    73358   619.16    73651   617.72   7372   7366   7368   7368   7361   7361   7365   7360   7370   7360   7333   7335   7339   7335   7341   7327   7346   7335   7331   7336
  126.012    76437   615.10    76762   611.58   7684   7677   7679   7679   7672   7671   7676   7671   7682   7671   7645   7646   7651   7646   7653   7638   7624   7645   7642   7647
  131.011    79376   613.59    79728   610.91   7957   7983   7952   7985   7979   7978   7982   7977   7957   7978   7951   7953   7926   7920   7927   7944   7933   7952   7949   7921
  136.011    82672   626.67    82986   626.13   8294   8286   8290   8288   8313   8313   8285   8312   8293   8312   8256   8288   8264   8256   8263   8277   8270   8288   8253   8257
  141.012    85985   635.27    86236   635.00   8632   8623   8628   8625   8620   8619   8622   8619   8631   8617   8593   8594   8601   8594   8602   8615   8607   8594   8590   8595
  146.011    89323   640.26    89598   642.20   8969   8961   8965   8961   8956   8954   8960   8952   8968   8952   8930   8929   8941   8931   8938   8918   8947   8928   8928   8933
  151.011    92591   639.99    92866   641.57   9294   9288   9291   9287   9282   9282   9287   9280   9295   9280   9256   9257   9266   9258   9265   9246   9272   9256   9255   9260
  156.012    95766   642.50    96048   642.07   9609   9606   9606   9605   9601   9600   9606   9600   9615   9600   9574   9575   9584   9575   9581   9563   9590   9575   9573   9576
  161.011    98833   646.48    99143   643.99   9923   9920   9920   9919   9912   9911   9920   9911   9896   9911   9888   9886   9865   9889   9895   9875   9871   9888   9886   9890
  166.011   102003   642.14   102281   640.96  10216  10213  10213  10248  10242  10239  10212  10238  10219  10241  10219  10214  10187  10181  10188  10202  10194  10218  10217  10183
  171.011   105203   641.77   105541   642.47  10544  10542  10541  10570  10565  10563  10541  10563  10548  10564  10508  10539  10517  10511  10517  10527  10523  10541  10507  10513
  176.012   108515   642.91   108757   642.94  10883  10880  10880  10873  10870  10869  10879  10868  10885  10870  10844  10844  10855  10850  10855  10867  10860  10846  10843  10851
  181.011   111945   647.40   112219   649.45  11228  11226  11225  11220  11218  11216  11224  11215  11230  11217  11189  11190  11202  11197  11201  11181  11206  11193  11189  11197
  186.011   115398   652.81   115666   653.51  11574  11572  11571  11565  11562  11559  11570  11558  11574  11561  11533  11534  11548  11542  11548  11526  11552  11538  11533  11544
  191.011   118621   658.66   118885   657.21  11897  11893  11892  11886  11884  11882  11892  11880  11896  11883  11856  11858  11869  11863  11870  11850  11873  11860  11855  11867
  196.011   121885   658.22   122152   658.83  12224  12220  12219  12212  12210  12209  12219  12207  12223  12209  12182  12185  12194  12189  12196  12177  12199  12187  12181  12195
  201.011   125222   666.01   125485   663.56  12541  12536  12536  12562  12560  12559  12535  12557  12540  12559  12533  12535  12511  12505  12513  12528  12516  12537  12532  12512
  206.011   128428   663.04   128698   663.91  12863  12858  12857  12882  12882  12879  12856  12878  12862  12881  12851  12854  12834  12826  12835  12849  12839  12856  12851  12833
  211.011   131554   658.02   131822   657.82  13192  13186  13185  13177  13177  13175  13185  13174  13192  13179  13147  13150  13162  13157  13164  13145  13167  13152  13147  13163
  216.011   134641   643.59   134908   644.63  13500  13494  13493  13488  13485  13484  13493  13484  13499  13488  13457  13461  13470  13466  13472  13454  13474  13461  13456  13470
  221.011   137612   632.27   137874   635.22  13794  13790  13789  13786  13783  13782  13789  13782  13794  13785  13755  13759  13767  13761  13768  13752  13772  13759  13754  13765
  226.011   140565   621.83   140827   620.66  14090  14085  14085  14082  14078  14076  14084  14077  14089  14081  14050  14054  14062  14057  14064  14047  14067  14055  14049  14060
  231.011   143472   607.24   143833   607.40  14366  14392  14391  14388  14385  14382  14391  14384  14366  14388  14357  14359  14336  14334  14339  14353  14341  14361  14356  14336
  236.011   146580   604.06   146822   604.06  14677  14672  14671  14701  14697  14693  14671  14696  14676  14668  14667  14670  14647  14645  14650  14664  14651  14671  14668  14647
  241.011   149635   603.72   149846   603.83  14990  14983  14982  14982  14977  15005  14982  14976  14988  14981  14977  14981  14958  14957  14962  14974  14964  14953  14949  14960
  246.011   152547   600.87   152823   601.17  15292  15283  15284  15282  15277  15276  15282  15276  15290  15281  15248  15251  15257  15258  15260  15245  15265  15253  15249  15261
  251.012   155645   600.56   155923   603.41  15602  15591  15594  15593  15588  15587  15591  15587  15600  15590  15556  15560  15567  15568  15570  15554  15575  15564  15560  15571
  256.011   158789   606.16   159045   608.11  15914  15903  15906  15905  15900  15900  15903  15899  15913  15902  15872  15879  15880  15881  15884  15870  15887  15879  15873  15884
  261.011   161944   612.68   162234   609.30  16209  16227  16232  16229  16226  16225  16227  16225  16208  16226  16198  16202  16204  16176  16210  16195  16181  16203  16197  16178
  266.011   165053   614.19   165366   614.30  16523  16543  16515  16547  16543  16543  16545  16542  16522  16543  16516  16521  16489  16493  16493  16515  16498  16521  16514  16493
  271.012   168146   617.20   168333   618.41  16837  16854  16828  16828  16824  16853  16826  16853  16836  16824  16826  16831  16803  16807  16808  16824  16813  16802  16824  16808
  276.011   171100   622.60   171341   621.43  17143  17131  17135  17133  17132  17130  17134  17129  17142  17132  17104  17108  17111  17116  17115  17103  17120  17109  17099  17115
  281.012   174483   629.92   174724   628.65  17481  17470  17474  17472  17470  17469  17472  17468  17479  17469  17443  17449  17448  17455  17452  17442  17459  17447  17438  17450
  286.011   177847   634.60   178089   636.14  17816  17807  17811  17809  17807  17806  17807  17805  17815  17806  17781  17786  17785  17791  17787  17778  17796  17783  17775  17785
  291.011   181048   631.05   181291   628.27  18136  18128  18129  18130  18127  18127  18128  18126  18134  18126  18102  18107  18104  18110  18108  18099  18116  18103  18095  18104
  296.011   184101   630.39   184347   628.11  18415  18439  18442  18442  18439  18439  18440  18438  18413  18440  18414  18418  18417  18388  18422  18411  18394  18415  18407  18415
  301.011   187338   638.28   187619   639.32  18749  18775  18741  18775  18773  18772  18741  18772  18747  18774  18748  18752  18717  18721  18721  18746  18727  18749  18741  18716
  306.011   190660   655.27   190884   655.81  19095  19087  19088  19089  19087  19086  19088  19086  19092  19086  19061  19065  19063  19065  19066  19059  19072  19062  19086  19061
  311.011   194118   658.91   194368   659.22  19443  19437  19436  19438  19435  19435  19436  19434  19440  19434  19412  19415  19411  19413  19414  19408  19419  19413  19403  19410
  316.011   197328   653.72   197584   654.19  19765  19760  19759  19759  19756  19756  19758  19755  19762  19754  19732  19734  19733  19735  19737  19729  19741  19734  19723  19730
  321.011   200735   658.27   200991   656.32  20106  20102  20101  20100  20097  20097  20096  20095  20102  20095  20072  20074  20074  20078  20076  20070  20083  20075  20063  20070
  326.011   204136   663.60   204401   661.99  20446  20444  20443  20441  20437  20438  20437  20435  20444  20436  20411  20414  20414  20419  20416  20410  20425  20415  20402  20410
  331.011   207382   664.06   207579   663.46  20746  20744  20743  20770  20766  20767  20767  20767  20744  20765  20741  20746  20744  20719  20746  20741  20725  20745  20734  20741
  336.011   210557   658.58   210625   659.85  21061  21059  21058  21094  21088  21052  21053  21053  21059  21087  21065  21068  21068  21034  21069  21026  21040  21067  21055  21065
  341.011   213846   660.00   214043   660.23  21410  21408  21407  21406  21399  21402  21403  21402  21408  21398  21378  21380  21378  21381  21381  21376  21389  21408  21398  21377
  346.011   217296   670.04   217553   670.08  21763  21758  21760  21757  21749  21752  21754  21752  21761  21747  21729  21729  21729  21734  21734  21728  21740  21728  21717  21728
  351.011   220755   671.81   221014   668.39  22110  22103  22107  22102  22095  22098  22099  22098  22108  22094  22076  22074  22077  22078  22081  22075  22084  22074  22061  22075
  356.011   224182   668.80   224417   666.32  22451  22445  22448  22443  22434  22437  22438  22439  22449  22433  22418  22417  22419  22420  22424  22417  22428  22417  22403  22419
  361.012   227521   667.79   227755   666.68  22784  22778  22781  22776  22769  22771  22770  22773  22783  22770  22750  22751  22752  22753  22757  22750  22764  22753  22739  22752
  366.011   230634   665.56   230808   668.75  23067  23093  23063  23091  23083  23086  23085  23088  23066  23086  23064  23065  23067  23068  23070  23065  23047  23067  23054  23067
  371.011   233886   666.36   234123   667.74  23404  23397  23399  23424  23417  23420  23420  23421  23402  23419  23398  23399  23401  23371  23404  23368  23383  23403  23388  23371
  376.011   237010   658.99   237183   658.72  23728  23722  23725  23717  23710  23714  23714  23715  23726  23712  23691  23727  23693  23695  23697  23692  23708  23697  23716  23694
  381.011   240134   649.30   240349   645.81  24044  24038  24040  24035  24027  24031  24031  24033  24041  24029  24007  24006  24010  24013  24013  24009  24025  24014  24027  24010
  386.011   243466   645.94   243714   642.82  24382  24376  24377  24373  24361  24368  24367  24372  24376  24362  24341  24339  24345  24353  24351  24347  24363  24350  24330  24347
  391.011   246976   647.17   247214   645.02  24731  24726  24725  24722  24712  24719  24718  24722  24726  24713  24693  24693  24696  24703  24701  24698  24712  24701  24681  24698
  396.011   250393   655.47   250592   656.44  25041  25066  25066  25063  25052  25061  25060  25062  25068  25053  25034  25036  25038  25043  25043  25040  25052  25044  25024  25039
  401.011   253549   653.09   253719   650.84  25361  25356  25355  25387  25373  25385  25384  25385  25357  25376  25355  25357  25357  25366  25366  25330  25340  25369  25345  25364
  406.011   256667   656.59   256836   657.46  25687  25681  25679  25679  25697  25677  25676  25677  25683  25700  25679  25681  25680  25659  25660  25657  25665  25661  25669  25656
  411.011   259823   656.51   259954   656.85  26002  25997  25995  25993  26012  25993  25990  25990  25998  25984  25994  25996  25996  25976  25975  25973  25983  25976  25984  25970
  416.012   262762   646.41   262958   643.56  26305  26301  26300  26296  26284  26297  26293  26293  26303  26286  26264  26268  26266  26279  26278  26278  26289  26279  26288  26273
  421.011   265840   630.00   266060   627.38  26616  26610  26609  26606  26595  26607  26604  26603  26613  26597  26576  26582  26579  26589  26588  26586  26599  26589  26568  26584
  426.011   268981   617.15   269171   615.87  26900  26925  26924  26919  26910  26920  26918  26917  26927  26911  26889  26896  26894  26903  26902  26899  26914  26904  26882  26898
  431.011   272106   617.52   272233   616.11  27215  27211  27208  27235  27224  27236  27234  27232  27212  27226  27203  27211  27209  27219  27218  27214  27200  27219  27198  27215
  436.011   275493   626.41   275623   626.21  27561  27558  27554  27578  27568  27551  27550  27576  27556  27571  27549  27557  27553  27534  27562  27529  27545  27563  27542  27559
  441.011   278658   628.24   278819   630.52  27888  27884  27878  27871  27898  27873  27874  27871  27882  27900  27879  27887  27883  27858  27853  27853  27868  27855  27870  27852
  446.011   281974   640.42   282138   639.35  28219  28216  28210  28205  28227  28207  28208  28204  28215  28227  28208  28215  28212  28190  28187  28187  28201  28189  28200  28185
  451.011   285280   650.20   285478   647.32  28560  28556  28550  28545  28537  28547  28548  28544  28555  28536  28516  28522  28520  28531  28528  28527  28541  28530  28539  28526
  456.011   288591   654.90   288815   653.02  28892  28889  28883  28880  28872  28881  28881  28877  28889  28871  28850  28856  28856  28864  28863  28860  28874  28867  28842  28859
  461.011   291771   653.49   291901   654.66  29179  29177  29199  29199  29191  29199  29199  29193  29176  29189  29167  29176  29175  29182  29181  29178  29191  29184  29160  29177
  466.012   294903   644.90   294970   644.97  29496  29495  29483  29517  29507  29483  29485  29510  29490  29504  29483  29492  29492  29499  29498  29495  29475  29501  29474  29494
  471.011   297918   642.81   298116   644.05  29813  29814  29800  29802  29826  29800  29803  29828  29806  29824  29801  29811  29812  29784  29782  29780  29793  29785  29791  29779
  476.011   301352   647.05   301516   645.97  30157  30156  30145  30147  30167  30144  30148  30137  30149  30166  30143  30151  30154  30129  30126  30124  30139  30128  30134  30124
  481.011   304600   644.66   304723   643.39  30484  30483  30474  30475  30461  30472  30475  30463  30476  30460  30473  30480  30447  30457  30452  30452  30467  30456  30463  30453
  486.011   307843   643.74   308029   639.04  30815  30813  30805  30804  30792  30802  30806  30794  30807  30791  30771  30778  30779  30789  30782  30782  30798  30787  30794  30783
  491.011   311123   644.83   311275   644.40  31111  31110  31138  31135  31123  31133  31139  31124  31140  31122  31102  31111  31110  31121  31113  31113  31131  31117  31091  31114
  496.011   314245   643.55   314314   645.83  31424  31424  31419  31449  31436  31446  31420  31440  31421  31435  31420  31427  31427  31435  31428  31427  31412  31433  31406  31430
  501.011   317503   649.56   317542   648.59  31753  31753  31748  31746  31766  31743  31749  31768  31751  31765  31751  31756  31755  31732  31756  31755  31741  31763  31736  31758
  506.011   320582   640.74   320706   640.54  32067  32069  32064  32063  32084  32059  32065  32086  32066  32083  32071  32075  32072  32050  32074  32040  32057  32047  32052  32044
  511.011   323825   642.95   323974   643.79  32398  32399  32394  32393  32414  32390  32394  32383  32396  32413  32370  32406  32400  32381  32371  32371  32388  32379  32383  32376
  516.011   327166   647.15   327317   644.66  32741  32741  32736  32734  32719  32731  32736  32722  32738  32719  32710  32712  32706  32721  32711  32713  32730  32720  32725  32718
  521.011   330244   636.61   330391   634.43  33046  33046  33043  33042  33028  33039  33043  33031  33045  33028  33018  33021  33016  33029  33021  33020  33037  33027  33030  33025
  526.011   333665   645.84   333812   646.07  33391  33389  33386  33384  33368  33381  33387  33372  33387  33367  33360  33362  33358  33371  33361  33362  33382  33368  33372  33369
  531.011   336924   645.37   336976   648.96  33690  33688  33687  33718  33701  33714  33687  33703  33688  33700  33693  33695  33689  33703  33692  33697  33681  33700  33673  33701
  536.011   340069   647.97   340142   648.71  34011  34011  34008  34009  34027  34004  34010  34027  34009  34026  34019  34020  34014  33994  34017  33985  34004  34028  33996  33992
  541.011   343452   653.86   343568   653.96  34355  34352  34352  34352  34369  34346  34352  34370  34353  34367  34359  34362  34356  34337  34357  34329  34347  34332  34338  34335
  546.011   346747   654.98   346889   654.68  34690  34689  34687  34689  34703  34682  34688  34673  34688  34700  34661  34695  34689  34675  34660  34666  34684  34670  34675  34672
  551.011   349841   655.36   349991   650.89  35007  35006  35004  35006  34987  34997  35005  34989  35005  34985  34977  34979  34971  34991  34976  34982  35001  34986  34991  34987
  556.011   353064   645.70   353199   644.60  35326  35325  35323  35327  35310  35319  35324  35313  35324  35308  35300  35302  35296  35314  35301  35304  35319  35309  35309  35310
  561.011   356259   645.53   356407   646.53  35655  35622  35652  35655  35634  35643  35621  35638  35653  35634  35626  35628  35622  35611  35626  35627  35648  35632  35607  35632
  566.011   359547   647.82   359599   648.26  35954  35953  35951  35953  35969  35977  35952  35970  35952  35968  35959  35960  35955  35942  35959  35959  35945  35963  35941  35964
  571.011   362690   637.99   362733   639.30  36271  36269  36268  36271  36287  36257  36268  36288  36268  36286  36278  36281  36273  36259  36278  36278  36261  36280  36257  36245
  576.011   365989   639.46   366049   640.47  36608  36606  36603  36608  36620  36590  36604  36585  36606  36619  36611  36614  36605  36594  36608  36573  36597  36612  36593  36582
  581.011   369201   645.20   369260   641.24  36934  36933  36931  36935  36914  36920  36931  36916  36933  36913  36906  36940  36931  36922  36902  36902  36927  36938  36920  36913
  586.011   372451   647.48   372615   645.30  37269  37269  37266  37271  37250  37255  37267  37250  37269  37249  37239  37242  37234  37256  37237  37239  37262  37240  37254  37248
  591.012   375542   642.84   375636   640.99  37577  37575  37575  37555  37555  37561  37574  37557  37553  37554  37546  37551  37544  37566  37545  37546  37573  37548  37565  37558
  596.011   378765   641.78   378794   643.09  37873  37872  37871  37884  37883  37890  37871  37885  37883  37882  37876  37880  37873  37893  37874  37875  37869  37878  37861  37886
  601.011   381973   642.05   382029   644.50  38197  38196  38194  38207  38206  38213  38195  38209  38207  38205  38202  38205  38197  38185  38199  38200  38192  38201  38183  38209
  606.011   384972   631.87   385055   632.67  38502  38500  38500  38514  38512  38488  38499  38516  38513  38511  38510  38511  38504  38489  38506  38476  38496  38508  38487  38485
  611.012   388198   633.19   388279   633.93  38827  38825  38827  38840  38837  38813  38824  38811  38839  38836  38805  38838  38832  38813  38831  38802  38820  38835  38813  38809
  616.011   391286   631.06   391359   624.99  39147  39146  39146  39130  39127  39133  39144  39133  39128  39125  39126  39129  39122  39134  39121  39122  39141  39125  39133  39133
  621.011   394465   633.91   394542   629.99  39465  39465  39466  39447  39445  39451  39463  39452  39445  39443  39444  39449  39438  39452  39438  39441  39458  39441  39452  39452
  626.011   397741   631.54   397815   634.09  39792  39790  39792  39775  39773  39779  39789  39780  39773  39772  39773  39777  39765  39781  39766  39769  39786  39767  39778  39779
  631.011   400825   626.88   400806   628.22  40072  40071  40072  40087  40084  40090  40070  40092  40085  40083  40084  40089  40077  40092  40077  40081  40097  40080  40058  40090
  636.012   404141   634.15   404110   633.75  40401  40400  40401  40418  40416  40421  40399  40424  40415  40415  40415  40419  40409  40424  40409  40414  40429  40412  40389  40421
  641.011   407178   632.77   407268   632.03  40720  40718  40720  40738  40735  40740  40717  40711  40734  40735  40735  40709  40729  40711  40728  40701  40716  40732  40710  40707
  646.012   410337   636.07   410426   635.54  41039  41037  41039  41057  41054  41026  41036  41030  41054  41054  41023  41027  41048  41029  41047  41019  41036  41052  41030  41026
  651.011   413563   638.76   413590   638.09  41370  41367  41368  41354  41350  41354  41366  41360  41351  41350  41354  41358  41344  41358  41374  41348  41366  41348  41357  41356
  656.012   416815   637.48   416870   634.23  41700  41698  41698  41680  41675  41681  41696  41689  41677  41676  41684  41686  41669  41687  41669  41676  41697  41674  41688  41685
  661.011   420115   641.61   420200   645.07  42030  42028  42031  42015  42009  42015  42028  42021  42011  42012  42017  42019  42003  42020  42003  42009  42029  42010  41988  42017
  666.011   423288   636.98   423275   640.91  42319  42317  42317  42336  42329  42336  42316  42341  42332  42332  42337  42339  42323  42340  42323  42329  42319  42331  42310  42337
  671.011   426625   646.34   426614   643.99  42654  42652  42651  42669  42662  42668  42651  42675  42666  42666  42671  42672  42656  42673  42656  42662  42654  42664  42647  42670
  676.011   429567   642.34   429668   640.73  42963  42961  42960  42976  42971  42977  42959  42953  42975  42973  42949  42950  42966  42952  42966  42941  42963  42973  42956  42951
  681.011   432646   636.01   432708   637.21  43270  43268  43267  43283  43279  43251  43267  43261  43281  43281  43258  43256  43274  43261  43275  43247  43271  43281  43264  43259
  686.011   435736   632.71   435763   629.58  43590  43587  43586  43569  43565  43567  43587  43580  43566  43566  43579  43574  43560  43582  43560  43564  43590  43565  43583  43579
  691.011   438911   625.54   438938   623.59  43906  43904  43905  43886  43883  43884  43904  43899  43884  43883  43897  43892  43878  43899  43879  43882  43907  43882  43899  43896
  696.011   442119   627.33   442144   628.57  44231  44229  44196  44209  44207  44208  44228  44222  44208  44206  44221  44218  44201  44222  44202  44207  44233  44205  44190  44220
  701.011   445268   619.90   445220   623.22  44516  44514  44515  44525  44523  44526  44513  44541  44525  44522  44539  44535  44518  44541  44518  44527  44518  44523  44509  44540
  706.011   448303   625.57   448326   625.03  44828  44828  44830  44839  44836  44842  44827  44822  44839  44835  44820  44846  44833  44821  44832  44839  44831  44838  44824  44819
  711.011   451447   626.30   451502   624.85  45145  45146  45147  45157  45155  45160  45145  45137  45157  45153  45137  45164  45152  45138  45149  45124  45150  45157  45140  45136
  716.011   454490   624.97   454534   624.50  45452  45451  45453  45463  45463  45435  45452  45445  45461  45459  45445  45440  45458  45446  45455  45434  45457  45464  45447  45444
  721.011   457565   622.83   457666   620.11  45768  45764  45765  45776  45774  45749  45766  45759  45774  45771  45759  45754  45741  45761  45768  45747  45770  45746  45761  45758
  726.011   460948   626.68   460955   626.17  46109  46104  46106  46087  46084  46091  46107  46101  46084  46082  46100  46096  46082  46102  46079  46087  46112  46088  46102  46100
  731.011   464159   630.20   464121   631.78  46401  46434  46398  46412  46409  46418  46401  46431  46410  46407  46430  46421  46407  46432  46406  46413  46405  46417  46397  46431
  736.011   467208   631.22   467206   632.50  46720  46714  46717  46726  46723  46732  46718  46711  46724  46721  46712  46735  46722  46712  46721  46727  46724  46732  46714  46709
  741.011   470434   631.97   470426   634.01  47043  47035  47040  47048  47045  47053  47040  47033  47046  47043  47033  47058  47045  47034  47045  47048  47047  47053  47038  47033
  746.011   473675   638.11   473705   638.81  47375  47365  47372  47379  47376  47353  47372  47363  47377  47373  47362  47358  47376  47364  47375  47347  47379  47383  47369  47362
  751.011   477001   648.15   477051   643.29  47709  47702  47704  47713  47710  47691  47705  47700  47710  47707  47699  47696  47709  47701  47708  47685  47712  47689  47702  47700
  756.011   480055   636.41   480084   634.73  48024  48014  48018  47994  47992  47999  48018  48012  47990  48023  48011  48006  47990  48009  47990  47993  48028  47997  48018  48013
  761.011   483301   639.13   483321   640.10  48322  48344  48345  48328  48325  48329  48346  48343  48321  48318  48342  48337  48322  48341  48322  48326  48324  48329  48315  48343
  766.011   486465   643.02   486422   643.76  48641  48663  48633  48649  48644  48650  48633  48631  48641  48637  48630  48657  48642  48662  48641  48646  48643  48648  48634  48662
  771.011   489709   643.68   489665   643.55  48968  48960  48962  48977  48971  48977  48959  48958  48968  48965  48958  48984  48970  48988  48968  48974  48972  48975  48961  48959
  776.011   492915   640.32   492900   640.86  49290  49285  49285  49303  49293  49300  49284  49283  49290  49287  49284  49308  49294  49279  49291  49297  49295  49299  49284  49284
  781.011   495925   629.73   495963   629.43  49597  49592  49591  49608  49599  49605  49592  49590  49596  49593  49591  49583  49600  49585  49599  49574  49603  49605  49593  49592
  786.011   499198   639.16   499254   634.70  49931  49928  49927  49911  49934  49908  49928  49927  49931  49929  49925  49920  49907  49922  49906  49909  49940  49910  49929  49930
  791.011   502610   643.84   502631   640.72  50271  50269  50268  50253  50244  50250  50269  50267  50271  50269  50265  50263  50249  50263  50247  50252  50279  50252  50268  50272
  796.011   505736   643.36   505696   644.63  50563  50592  50560  50573  50567  50570  50561  50587  50563  50560  50590  50583  50569  50584  50567  50576  50571  50572  50560  50564
  801.011   508960   642.72   508883   644.90  50888  50885  50885  50899  50892  50896  50886  50879  50888  50885  50885  50909  50894  50909  50893  50902  50897  50898  50884  50889
  806.011   512077   639.90   511990   638.52  51201  51196  51197  51208  51203  51205  51196  51190  51198  51196  51195  51221  51205  51220  51205  51214  51210  51210  51195  51202
  811.011   515194   641.15   515163   641.05  51519  51514  51513  51525  51521  51522  51514  51507  51515  51513  51513  51538  51522  51506  51522  51500  51531  51527  51513  51522
  816.011   518413   638.12   518407   634.97  51845  51838  51837  51850  51845  51847  51837  51832  51839  51837  51839  51831  51848  51830  51846  51827  51856  51850  51838  51848
  821.011   521506   627.68   521462   623.39  52157  52151  52148  52130  52156  52127  52150  52144  52151  52148  52152  52144  52128  52144  52157  52141  52168  52162  52150  52160
  826.011   524538   626.03   524555   625.42  52438  52468  52466  52444  52435  52441  52467  52461  52469  52466  52470  52457  52442  52468  52437  52462  52451  52442  52468  52441
  831.011   527708   626.97   527609   627.34  52762  52756  52754  52767  52759  52764  52755  52782  52756  52754  52758  52782  52766  52788  52762  52784  52778  52767  52755  52768
  836.011   530813   627.74   530745   629.38  53078  53073  53071  53084  53076  53081  53072  53066  53073  53071  53075  53098  53083  53073  53079  53070  53094  53085  53072  53084
  841.011   534119   631.99   534047   631.66  53408  53403  53402  53414  53405  53411  53402  53397  53403  53402  53406  53430  53413  53404  53409  53402  53424  53414  53404  53413
  846.011   537240   626.43   537198   626.30  53724  53719  53716  53729  53722  53726  53718  53710  53717  53717  53721  53713  53729  53717  53725  53716  53739  53731  53718  53731
  851.011   540481   629.84   540471   628.67  54050  54046  54043  54058  54049  54055  54045  54036  54044  54045  54049  54039  54057  54043  54053  54044  54034  54057  54046  54059
  856.011   543672   635.10   543621   632.75  54370  54367  54364  54348  54371  54345  54366  54359  54365  54366  54370  54364  54350  54367  54374  54363  54361  54377  54367  54379
  861.011   546810   635.81   546791   636.41  54690  54688  54683  54667  54661  54664  54687  54680  54685  54686  54689  54683  54671  54688  54664  54683  54680  54697  54688  54667
  866.011   549792   634.84   549737   634.27  54967  54965  54989  54974  54969  54971  54963  54986  54990  54963  54966  54990  54977  54994  54973  54989  54988  54974  54965  54976
  871.011   552831   623.52   552709   626.24  55273  55272  55264  55281  55275  55278  55269  55262  55265  55270  55272  55296  55284  55270  55278  55296  55299  55281  55273  55282
  876.012   556162   631.16   556077   629.69  55610  55609  55600  55619  55613  55616  55604  55599  55601  55606  55607  55634  55620  55606  55615  55598  55637  55617  55609  55619
  881.011   559374   629.31   559319   627.83  55934  55933  55922  55945  55937  55942  55931  55922  55924  55929  55931  55959  55944  55931  55940  55924  55928  55941  55933  55943
  886.011   562685   633.46   562632   631.11  56271  56271  56260  56248  56274  56244  56269  56263  56265  56267  56270  56262  56247  56270  56277  56263  56265  56279  56273  56279
  891.011   566028   637.10   565932   635.66  56604  56605  56592  56581  56575  56577  56602  56597  56599  56600  56604  56597  56580  56605  56610  56597  56601  56614  56608  56612
  896.011   569206   647.01   569171   645.50  56931  56899  56921  56910  56903  56905  56928  56924  56924  56926  56931  56929  56908  56933  56903  56925  56929  56909  56902  56937
  901.011   572293   650.92   572217   652.36  57216  57217  57239  57226  57220  57222  57213  57209  57244  57211  57217  57246  57226  57219  57223  57244  57247  57228  57219  57224
  906.011   575619   650.93   575507   650.99  57551  57551  57543  57563  57556  57558  57550  57544  57544  57547  57552  57581  57563  57554  57560  57548  57582  57564  57556  57559
  911.012   578852   650.60   578764   649.50  57877  57877  57868  57889  57881  57883  57877  57870  57870  57872  57878  57879  57888  57879  57886  57874  57908  57890  57883  57887
  916.011   582122   647.85   582028   645.34  58203  58204  58193  58217  58207  58212  58204  58196  58195  58197  58206  58205  58219  58205  58212  58199  58235  58216  58212  58213
  921.011   585129   636.21   585034   635.17  58509  58511  58502  58490  58514  58485  58511  58504  58503  58505  58513  58513  58492  58514  58520  58506  58507  58523  58520  58521
  926.011   588343   636.98   588279   632.89  58833  58836  58827  58816  58835  58812  58835  58828  58828  58829  58837  58838  58819  58839  58813  58830  58834  58847  58841  58845
  931.011   591342   635.34   591276   634.70  59141  59114  59137  59126  59113  59121  59113  59137  59136  59138  59147  59148  59128  59146  59123  59139  59145  59125  59119  59122
  936.011   594500   630.30   594375   632.11  59432  59437  59428  59448  59436  59444  59436  59428  59457  59429  59438  59470  59451  59438  59444  59460  59468  59446  59441  59444
  941.011   597582   623.39   597419   623.52  59737  59745  59734  59757  59746  59753  59744  59735  59733  59735  59746  59782  59760  59745  59753  59771  59779  59751  59747  59748
  946.011   600939   628.32   600851   628.49  60082  60088  60079  60096  60088  60094  60087  60080  60078  60079  60091  60088  60100  60091  60095  60077  60117  60095  60092  60093
  951.011   604087   633.04   604022   631.93  60398  60406  60395  60414  60405  60412  60405  60396  60396  60395  60410  60405  60418  60408  60412  60396  60402  60415  60410  60411
  956.011   607408   633.14   607306   631.87  60734  60741  60732  60715  60740  60714  60740  60730  60733  60727  60747  60740  60719  60743  60749  60731  60736  60750  60746  60747
  961.012   610610   639.89   610471   636.10  61058  61027  61056  61037  61065  61037  61026  61056  61057  61052  61075  61065  61041  61067  61034  61054  61056  61075  61072  61071
  966.011   613785   642.94   613709   643.48  61384  61358  61381  61366  61357  61366  61357  61381  61382  61377  61367  61391  61372  61393  61366  61381  61386  61368  61365  61396
  971.011   616863   645.03   616726   646.88  61667  61673  61664  61680  61672  61679  61672  61664  61665  61690  61683  61705  61686  61677  61680  61694  61698  61683  61679  61678
  976.012   620015   636.13   619846   635.42  61980  61989  61977  61997  61988  61995  61986  61979  61980  61975  61999  62020  62002  61991  61995  62009  62015  61997  61995  61992
  981.011   623032   632.65   622931   630.44  62289  62297  62286  62306  62297  62303  62292  62287  62290  62284  62306  62297  62312  62299  62301  62286  62323  62305  62303  62300
  986.011   626174   626.21   626070   625.03  62608  62618  62605  62594  62618  62590  62614  62607  62612  62604  62627  62619  62600  62619  62623  62606  62610  62626  62623  62621
  991.011   629505   629.05   629392   629.92  62939  62949  62936  62929  62948  62926  62947  62940  62943  62935  62958  62953  62935  62951  62956  62940  62946  62956  62955  62955
  996.011   632520   624.65   632382   621.56  63247  63227  63244  63236  63226  63233  63226  63248  63251  63244  63234  63260  63242  63260  63233  63248  63252  63264  63262  63265
 1001.011   635572   625.23   635476   625.30  63567  63541  63564  63552  63541  63549  63540  63529  63531  63562  63546  63575  63559  63578  63544  63566  63570  63544  63545  63545
 1006.011   638772   625.16   638600   627.20  63853  63864  63852  63874  63864  63871  63863  63855  63855  63849  63872  63896  63882  63867  63869  63886  63891  63868  63870  63871
 1011.011   642171   638.15   642001   636.81  64194  64203  64193  64214  64204  64211  64202  64195  64194  64191  64212  64236  64222  64208  64211  64224  64231  64207  64210  64210
 1016.011   645430   642.75   645380   642.52  64532  64540  64531  64552  64541  64549  64539  64533  64532  64531  64550  64543  64530  64546  64549  64530  64538  64545  64550  64549
 1021.011   648557   634.92   648452   632.97  64846  64853  64845  64832  64856  64829  64852  64848  64846  64845  64864  64855  64842  64858  64863  64844  64848  64858  64862  64863
 1026.011   651746   639.53   651622   637.65  65165  65175  65166  65151  65142  65148  65174  65169  65166  65166  65183  65173  65161  65174  65183  65162  65169  65176  65180  65185
 1031.011   654933   645.32   654777   643.34  65490  65466  65490  65477  65474  65474  65465  65460  65491  65490  65474  65501  65487  65499  65475  65487  65496  65502  65504  65508
 1036.011   658052   644.90   657835   645.47  65777  65784  65778  65795  65791  65792  65783  65780  65778  65777  65794  65818  65804  65816  65795  65802  65814  65821  65793  65795
 1041.011   661189   632.29   660995   633.84  66091  66100  66094  66112  66108  66110  66099  66096  66092  66093  66110  66137  66122  66136  66111  66118  66130  66105  66109  66111
 1046.011   664368   630.91   664217   626.34  66409  66422  66417  66435  66431  66433  66421  66417  66416  66416  66430  66461  66441  66423  66432  66441  66453  66425  66429  66433
 1051.011   667778   638.51   667582   634.52  66752  66764  66762  66744  66772  66744  66763  66760  66761  66760  66775  66772  66784  66768  66778  66786  66795  66769  66773  66778
 1056.012   671085   644.60   670951   642.11  67092  67104  67101  67085  67080  67084  67103  67101  67101  67100  67117  67112  67092  67107  67118  67093  67104  67109  67114  67119
 1061.011   673994   639.63   673811   638.72  67380  67379  67377  67391  67386  67388  67378  67377  67378  67377  67393  67416  67399  67398  67394  67400  67410  67396  67393  67395
 1066.011   677280   645.26   677102   646.57  67711  67709  67708  67718  67715  67715  67708  67708  67706  67704  67721  67746  67727  67726  67722  67730  67738  67723  67723  67724
 1071.011   680660   651.21   680487   650.87  68050  68048  68047  68055  68053  68052  68047  68047  68045  68043  68060  68082  68063  68064  68062  68067  68075  68063  68062  68062
 1076.011   683982   654.03   683811   649.19  68383  68381  68380  68387  68385  68384  68380  68379  68377  68375  68391  68415  68397  68395  68394  68400  68407  68395  68395  68393
 1081.011   687096   638.18   686960   638.95  68697  68696  68694  68703  68700  68700  68694  68694  68692  68690  68706  68698  68712  68709  68708  68714  68722  68709  68710  68708
 1086.012   690377   636.03   690135   635.02  69025  69025  69022  68995  68992  68992  69022  69022  69021  69019  69035  69022  69041  69037  69035  69042  69050  69039  69039  69037
 1091.011   693455   648.76   693213   648.93  69317  69315  69314  69321  69317  69318  69312  69313  69344  69342  69359  69349  69331  69362  69358  69334  69341  69361  69330  69330
 1096.011   696522   645.70   696343   645.67  69637  69634  69632  69641  69636  69637  69633  69632  69632  69629  69647  69667  69653  69651  69645  69654  69659  69649  69648  69649
 1101.011   699772   641.34   699585   640.87  69960  69958  69957  69966  69960  69961  69957  69956  69956  69954  69972  69990  69977  69976  69973  69978  69983  69975  69974  69974
 1106.011   702956   633.77   702765   633.10  70278  70275  70275  70283  70279  70280  70275  70274  70274  70272  70291  70307  70296  70295  70292  70297  70300  70294  70292  70292
 1111.011   706099   632.43   705909   630.55  70594  70589  70588  70599  70594  70595  70590  70587  70588  70585  70604  70623  70611  70609  70605  70614  70614  70608  70605  70606
 1116.011   709130   620.23   708896   621.51  70897  70894  70893  70874  70898  70870  70894  70893  70892  70891  70912  70928  70917  70915  70911  70891  70919  70915  70911  70911
 1121.011   712340   625.57   712137   626.85  71226  71224  71222  71198  71193  71193  71223  71220  71219  71219  71240  71223  71210  71244  71238  71216  71246  71244  71240  71239
 1126.011   715428   632.35   715248   631.28  71518  71516  71514  71524  71519  71519  71515  71541  71541  71541  71531  71550  71535  71536  71533  71544  71568  71537  71532  71562
 1131.011   718509   628.76   718303   628.12  71834  71831  71829  71840  71834  71833  71830  71824  71825  71823  71844  71866  71851  71850  71846  71858  71851  71853  71845  71845
 1136.011   721673   626.01   721466   625.47  72149  72147  72145  72157  72151  72149  72146  72140  72142  72140  72161  72183  72167  72166  72162  72174  72167  72169  72161  72163
 1141.011   724802   624.50   724585   623.59  72461  72459  72458  72467  72463  72460  72458  72451  72454  72454  72473  72496  72481  72479  72474  72486  72479  72481  72475  72478
 1146.011   727926   621.31   727706   623.12  72773  72771  72770  72780  72776  72772  72771  72763  72765  72765  72785  72809  72793  72791  72788  72799  72791  72793  72786  72791
 1151.011   731166   623.18   730943   622.50  73104  73101  73101  73077  73073  73103  73101  73092  73096  73095  73114  73106  73123  73123  73121  73096  73120  73124  73117  73122
 1156.011   734119   622.18   733843   620.97  73378  73375  73375  73384  73381  73378  73376  73396  73401  73399  73419  73413  73397  73398  73423  73403  73424  73397  73420  73425
 1161.011   737037   620.74   736816   620.20  73681  73679  73679  73686  73682  73682  73680  73700  73674  73673  73693  73715  73701  73702  73699  73706  73726  73701  73694  73700
 1166.011   740147   619.93   739921   619.30  73995  73993  73992  73999  73996  73996  73994  73982  73988  73986  74007  74029  74015  74016  74013  74019  74009  74015  74009  74015
 1171.011   743294   618.22   743061   617.72  74309  74307  74308  74313  74308  74310  74307  74295  74303  74301  74319  74344  74331  74330  74327  74335  74322  74331  74324  74331
 1176.011   746383   612.10   746177   610.59  74619  74619  74617  74626  74618  74622  74618  74608  74616  74614  74631  74655  74642  74642  74639  74619  74633  74644  74636  74642
 1181.011   749702   613.05   749458   612.42  74950  74950  74949  74925  74948  74953  74950  74940  74947  74946  74964  74987  74975  74974  74971  74948  74963  74977  74967  74976
 1186.011   752656   618.18   752437   618.11  75256  75229  75253  75235  75254  75231  75227  75247  75253  75252  75272  75265  75253  75279  75278  75256  75273  75254  75272  75254
 1191.011   755789   628.28   755532   627.07  75551  75555  75548  75559  75549  75554  75550  75570  75548  75548  75567  75591  75577  75575  75574  75581  75597  75580  75568  75579
