Test case: 
Description: 
	10 senders: persistent queues
	10 receivers: client acknowledge every 50 messages
Timestamp: 2011.11.1 22:21:51
Version: 
Setting up JMS benchmark connections... 

Start processing messages.
Thu Dec 01 22:21:51 EST 2011

  Seconds   Send   Send/Sec   Recv   Recv/Sec   RCV0   RCV1   RCV2   RCV3   RCV4   RCV5   RCV6   RCV7   RCV8   RCV9  SND10  SND11  SND12  SND13  SND14  SND15  SND16  SND17  SND18  SND19
  ------- -------- -------- -------- -------- ------ ------ ------ ------ ------ ------ ------ ------ ------ ------ ------ ------ ------ ------ ------ ------ ------ ------ ------ ------
    1.111        0     0.00        0     0.00      0      0      0      0      0      0      0      0      0      0      0      0      0      0      0      0      0      0      0      0
    6.111     2669   580.22     2995   651.09    294    293    301    301    305    298    305    297    301    300    266    272    265    268    267    267    269    265    267    263
   11.111     5535   576.56     5878   612.29    583    582    590    589    593    586    592    585    589    589    551    558    552    554    551    553    559    552    554    551
   16.111     8644   592.05     8989   615.68    895    893    901    902    904    898    903    895    899    899    862    867    862    866    861    863    870    863    866    864
   21.112    11749   585.20    12097   607.70   1206   1203   1212   1213   1215   1210   1214   1205   1210   1209   1172   1179   1172   1177   1170   1172   1180   1175   1177   1175
   26.111    14898   591.71    15255   604.67   1522   1518   1527   1528   1532   1526   1531   1521   1526   1524   1488   1492   1488   1492   1485   1488   1494   1490   1491   1490
   31.112    18057   599.56    18414   611.62   1837   1834   1843   1845   1849   1841   1848   1836   1840   1841   1805   1807   1803   1809   1799   1804   1811   1807   1806   1806
   36.111    20847   608.99    21175   610.07   2112   2112   2119   2121   2125   2117   2124   2113   2116   2116   2081   2084   2078   2085   2075   2109   2087   2083   2082   2083
   41.111    23829   613.89    24184   614.30   2413   2413   2420   2422   2426   2418   2425   2413   2417   2417   2383   2386   2379   2385   2377   2380   2388   2385   2383   2383
   46.111    26885   612.11    27231   612.15   2717   2719   2725   2727   2731   2721   2730   2719   2721   2721   2690   2690   2684   2693   2683   2686   2694   2690   2688   2687
   51.111    30023   611.03    30361   612.91   3029   3033   3039   3041   3046   3033   3044   3031   3033   3032   3003   3003   2997   3008   2997   3000   3009   3003   3001   3002
   56.111    33253   607.38    33602   607.08   3351   3359   3363   3365   3370   3357   3367   3356   3357   3357   3326   3325   3321   3331   3320   3323   3331   3326   3325   3325
   61.111    36256   601.44    36638   601.14   3655   3663   3667   3669   3674   3660   3671   3659   3660   3660   3629   3629   3622   3605   3624   3626   3634   3630   3628   3629
   66.111    39183   612.17    39597   612.91   3965   3943   3948   3949   3954   3973   3952   3969   3973   3971   3909   3939   3933   3915   3904   3938   3916   3911   3908   3910
   71.111    42314   620.28    42732   620.18   4290   4266   4271   4272   4277   4263   4275   4293   4263   4262   4231   4230   4223   4237   4227   4230   4239   4234   4230   4233
   76.111    45358   619.92    45702   619.85   4561   4569   4574   4575   4581   4567   4578   4564   4567   4566   4535   4534   4527   4541   4532   4534   4544   4539   4534   4538
   81.111    48418   617.28    48762   617.48   4866   4875   4881   4882   4886   4873   4885   4869   4873   4872   4842   4840   4832   4847   4838   4840   4850   4845   4841   4843
   86.111    51652   610.77    51994   613.86   5188   5198   5204   5206   5209   5198   5208   5191   5197   5195   5166   5162   5155   5170   5162   5162   5174   5169   5165   5167
   91.111    54751   613.49    55096   612.21   5499   5507   5516   5514   5518   5507   5520   5502   5508   5505   5477   5473   5464   5479   5472   5472   5484   5480   5474   5476
   96.111    57730   617.05    58176   614.90   5813   5822   5799   5829   5833   5821   5803   5815   5822   5819   5759   5787   5778   5792   5754   5785   5767   5762   5787   5759
  101.111    60858   619.26    61246   617.25   6133   6111   6119   6117   6122   6139   6123   6134   6111   6137   6077   6106   6098   6080   6072   6105   6086   6081   6076   6077
  106.111    63986   621.96    64307   622.23   6415   6423   6430   6429   6434   6421   6435   6446   6425   6449   6390   6418   6410   6394   6385   6417   6399   6394   6390   6389
  111.112    67001   623.59    67358   624.03   6724   6734   6741   6742   6745   6734   6747   6726   6736   6729   6701   6697   6687   6707   6698   6695   6708   6705   6703   6700
  116.111    70149   613.86    70514   615.77   7040   7051   7056   7057   7062   7049   7061   7042   7053   7043   7015   7011   7003   7021   7012   7011   7024   7019   7017   7016
  121.111    73324   615.99    73693   616.80   7358   7368   7373   7374   7379   7367   7379   7362   7371   7362   7332   7330   7322   7338   7329   7328   7341   7336   7335   7333
  126.112    76434   618.59    76808   614.97   7669   7680   7685   7684   7691   7678   7691   7673   7683   7674   7641   7641   7633   7650   7640   7638   7652   7648   7645   7646
  131.111    79265   614.38    79711   614.18   7977   7954   7960   7988   7965   7984   7964   7980   7957   7982   7915   7948   7940   7922   7913   7944   7925   7921   7918   7919
  136.111    82621   622.15    83000   624.13   8311   8289   8296   8291   8301   8288   8299   8315   8292   8318   8252   8284   8275   8257   8248   8278   8260   8258   8255   8254
  141.111    85933   634.22    86278   634.92   8617   8627   8634   8627   8638   8624   8637   8621   8630   8623   8589   8590   8580   8595   8586   8615   8597   8595   8594   8592
  146.111    89267   641.54    89648   642.08   8951   8965   8971   8965   8976   8961   8975   8956   8967   8961   8925   8923   8917   8933   8924   8917   8934   8932   8932   8930
  151.112    92532   640.19    92917   640.69   9279   9292   9298   9292   9303   9288   9302   9283   9292   9288   9253   9251   9242   9260   9250   9245   9259   9258   9258   9256
  156.111    95722   640.00    96107   640.34   9599   9612   9618   9610   9623   9606   9622   9602   9609   9606   9570   9572   9560   9580   9570   9566   9575   9577   9577   9575
  161.111    98842   649.56    99201   646.61   9910   9925   9900   9923   9936   9919   9934   9913   9922   9919   9883   9883   9871   9892   9882   9877   9888   9890   9889   9887
  166.111   101919   642.32   102350   642.68  10240  10216  10225  10255  10227  10252  10225  10242  10215  10253  10176  10213  10202  10185  10173  10208  10219  10182  10181  10180
  171.111   105151   641.64   105516   643.39  10565  10545  10555  10546  10556  10542  10555  10565  10544  10543  10505  10537  10525  10513  10502  10531  10508  10511  10510  10509
  176.112   108460   642.89   108826   643.56  10869  10883  10892  10885  10893  10881  10891  10870  10881  10881  10842  10841  10864  10849  10839  10837  10847  10848  10848  10845
  181.111   111883   649.38   112283   648.85  11216  11228  11238  11230  11238  11226  11236  11218  11227  11226  11185  11188  11176  11196  11184  11185  11192  11192  11194  11191
  186.111   115331   651.98   115740   652.82  11560  11572  11585  11576  11584  11572  11582  11563  11574  11572  11532  11532  11520  11540  11529  11528  11538  11537  11539  11536
  191.111   118549   653.77   118953   654.24  11881  11893  11905  11898  11906  11893  11903  11884  11896  11894  11854  11853  11843  11863  11850  11849  11861  11859  11859  11858
  196.111   121810   659.72   122188   657.91  12207  12220  12199  12225  12232  12220  12230  12210  12223  12222  12181  12179  12168  12189  12176  12175  12187  12185  12185  12185
  201.111   125111   665.13   125489   666.74  12557  12537  12547  12542  12548  12538  12547  12560  12573  12540  12533  12529  12518  12504  12492  12527  12504  12501  12501  12502
  206.111   128286   662.18   128667   663.69  12878  12859  12867  12864  12870  12860  12869  12882  12858  12860  12818  12850  12839  12826  12814  12845  12826  12820  12824  12824
  211.111   131512   657.57   131928   658.11  13208  13188  13196  13193  13199  13189  13198  13180  13188  13189  13147  13180  13137  13155  13143  13142  13155  13148  13152  13153
  216.111   134560   645.29   134975   645.49  13483  13496  13503  13501  13507  13497  13506  13489  13496  13497  13455  13454  13446  13463  13451  13451  13464  13457  13460  13459
  221.111   137522   631.64   137925   632.62  13780  13790  13800  13795  13801  13791  13801  13786  13790  13791  13751  13752  13744  13758  13746  13748  13760  13753  13756  13754
  226.111   140477   619.34   140881   619.21  14075  14086  14094  14091  14097  14087  14098  14079  14087  14087  14048  14046  14038  14054  14041  14042  14056  14049  14052  14051
  231.111   143450   608.10   143885   608.97  14382  14393  14371  14397  14404  14393  14375  14385  14393  14392  14354  14352  14344  14361  14348  14349  14332  14355  14327  14328
  236.111   146434   605.91   146813   606.85  14695  14673  14682  14677  14684  14673  14686  14698  14673  14672  14633  14663  14658  14641  14627  14660  14642  14635  14637  14638
  241.112   149517   602.20   149868   602.03  14976  14985  14994  14989  14996  14986  14997  14979  14983  14983  14944  14975  14938  14953  14939  14971  14954  14945  14949  14949
  246.111   152463   600.79   152872   600.59  15276  15285  15295  15290  15296  15286  15297  15279  15284  15284  15245  15246  15238  15254  15240  15242  15253  15245  15250  15250
  251.111   155568   602.17   155971   603.31  15587  15595  15604  15600  15606  15596  15607  15590  15592  15594  15555  15557  15549  15565  15551  15553  15562  15554  15561  15561
  256.111   158692   604.73   159096   604.73  15899  15909  15918  15913  15918  15909  15920  15901  15904  15905  15869  15868  15861  15877  15862  15866  15875  15867  15874  15873
  261.111   161936   612.08   162311   609.06  16223  16233  16212  16237  16244  16235  16245  16226  16227  16229  16195  16193  16185  16203  16186  16190  16200  16190  16198  16196
  266.111   164933   615.07   165343   616.11  16540  16516  16526  16555  16527  16518  16528  16543  16544  16546  16478  16509  16503  16486  16469  16506  16516  16505  16482  16479
  271.111   167994   617.03   168410   619.25  16851  16830  16841  16836  16842  16833  16842  16853  16855  16827  16792  16819  16783  16801  16783  16816  16795  16815  16797  16793
  276.111   171003   621.09   171392   621.50  17129  17136  17149  17143  17150  17141  17148  17128  17133  17135  17098  17126  17091  17107  17090  17093  17102  17092  17103  17101
  281.111   174342   630.00   174768   629.63  17467  17473  17488  17479  17486  17479  17485  17466  17471  17474  17435  17431  17428  17446  17426  17429  17439  17431  17439  17438
  286.111   177702   634.97   178125   635.64  17804  17809  17824  17815  17821  17813  17820  17802  17808  17809  17771  17768  17763  17783  17760  17767  17775  17768  17774  17773
  291.111   180897   628.56   181321   627.99  18124  18128  18143  18135  18141  18132  18138  18122  18128  18130  18091  18090  18083  18102  18080  18085  18094  18087  18093  18092
  296.111   183984   630.44   184409   629.87  18435  18440  18423  18447  18454  18443  18451  18435  18439  18442  18403  18403  18393  18381  18393  18397  18407  18399  18405  18403
  301.111   187255   638.31   187714   638.61  18770  18774  18756  18780  18753  18776  18784  18770  18775  18776  18703  18737  18726  18715  18728  18733  18741  18732  18738  18702
  306.111   190571   653.34   190932   654.62  19084  19085  19101  19092  19098  19088  19095  19114  19088  19087  19048  19081  19039  19060  19040  19078  19052  19076  19049  19048
  311.111   193955   658.15   194382   658.19  19432  19434  19449  19440  19446  19436  19443  19430  19436  19436  19395  19396  19389  19408  19388  19395  19400  19392  19397  19395
  316.111   197161   652.99   197590   651.98  19753  19755  19771  19760  19769  19756  19762  19750  19757  19757  19718  19713  19708  19731  19709  19716  19720  19711  19717  19718
  321.111   200568   656.57   200997   657.94  20094  20096  20110  20100  20111  20096  20102  20092  20098  20098  20061  20055  20048  20071  20049  20056  20061  20050  20056  20061
  326.112   203970   665.22   204403   664.42  20434  20437  20451  20440  20452  20436  20444  20433  20438  20438  20402  20395  20388  20412  20388  20397  20401  20389  20397  20401
  331.111   207247   663.43   207676   660.28  20765  20766  20752  20770  20782  20766  20774  20764  20769  20768  20733  20727  20718  20712  20719  20727  20731  20721  20728  20731
  336.111   210385   655.81   210862   658.36  21090  21090  21071  21092  21066  21088  21096  21084  21093  21092  21017  21048  21040  21027  21043  21048  21055  21040  21052  21015
  341.111   213728   659.50   214169   659.97  21400  21401  21419  21434  21415  21429  21437  21426  21404  21404  21366  21391  21381  21374  21353  21389  21366  21383  21363  21362
  346.111   217182   669.57   217589   668.80  21751  21751  21772  21754  21767  21749  21756  21778  21756  21755  21718  21743  21701  21725  21705  21709  21717  21737  21715  21712
  351.111   220571   671.24   221014   670.54  22097  22097  22118  22101  22111  22095  22104  22090  22101  22100  22063  22054  22046  22070  22051  22056  22063  22049  22061  22058
  356.111   223944   667.67   224416   670.26  22437  22437  22461  22443  22450  22434  22444  22428  22441  22441  22401  22388  22382  22408  22390  22392  22401  22385  22400  22397
  361.111   227284   665.54   227721   666.95  22770  22770  22760  22777  22783  22770  22780  22763  22774  22774  22735  22726  22717  22740  22722  22727  22735  22720  22732  22730
  366.112   230429   664.33   230865   662.95  23084  23085  23075  23092  23098  23084  23095  23076  23088  23088  23048  23041  23032  23055  23037  23041  23049  23034  23047  23045
  371.112   233740   664.43   234207   664.30  23418  23420  23410  23426  23432  23418  23429  23411  23421  23422  23352  23374  23367  23388  23371  23376  23383  23369  23381  23379
  376.111   236846   654.77   237245   657.05  23711  23714  23737  23719  23725  23748  23723  23738  23715  23715  23674  23704  23695  23681  23664  23707  23677  23698  23674  23672
  381.111   239923   647.38   240369   647.48  24028  24032  24050  24035  24042  24027  24040  24051  24032  24032  23989  24014  23975  23998  23980  23986  23994  24009  23989  23989
  386.111   243230   647.18   243707   646.17  24365  24372  24387  24371  24380  24361  24377  24355  24370  24369  24329  24318  24310  24337  24318  24321  24332  24312  24327  24326
  391.111   246738   649.42   247210   650.63  24715  24723  24735  24722  24729  24713  24727  24707  24720  24719  24681  24671  24662  24687  24667  24671  24682  24665  24676  24676
  396.111   250146   655.22   250596   654.59  25057  25064  25045  25063  25071  25054  25069  25050  25062  25061  25021  25014  25003  25027  25008  25011  25021  25008  25016  25017
  401.111   253338   650.93   253824   650.36  25382  25386  25365  25387  25394  25375  25394  25369  25386  25386  25311  25334  25324  25351  25332  25334  25345  25328  25338  25341
  406.111   256442   653.56   256876   656.71  25675  25678  25691  25710  25687  25700  25686  25693  25678  25678  25635  25657  25647  25641  25624  25656  25638  25651  25660  25633
  411.111   259555   654.63   260001   656.71  25991  25995  26006  25993  26004  26015  26001  26006  25995  25995  25948  25970  25960  25958  25941  25969  25954  25964  25942  25949
  416.111   262526   645.30   263005   645.37  26294  26299  26310  26296  26309  26286  26305  26308  26299  26299  26252  26274  26231  26260  26243  26240  26256  26270  26247  26253
  421.111   265567   630.82   266105   629.01  26604  26608  26620  26606  26619  26598  26615  26618  26609  26608  26562  26554  26544  26570  26552  26551  26566  26549  26557  26562
  426.111   268707   617.42   269187   617.32  26917  26922  26904  26919  26935  26913  26929  26904  26922  26922  26876  26867  26859  26884  26866  26866  26880  26863  26871  26875
  431.111   271860   615.32   272315   613.31  27233  27238  27220  27234  27220  27228  27245  27221  27238  27238  27193  27182  27173  27200  27182  27181  27196  27177  27186  27190
  436.111   275186   625.86   275613   626.67  27548  27552  27566  27578  27564  27574  27559  27566  27553  27553  27507  27528  27517  27515  27498  27526  27539  27522  27530  27504
  441.111   278422   626.72   278866   630.48  27870  27877  27893  27909  27888  27904  27882  27892  27876  27875  27830  27858  27845  27842  27821  27856  27832  27851  27861  27826
  446.111   281690   638.79   282114   639.09  28204  28210  28222  28204  28220  28200  28214  28221  28210  28209  28163  28186  28173  28172  28155  28183  28164  28180  28156  28158
  451.111   284993   650.81   285516   649.23  28544  28550  28562  28545  28560  28541  28555  28560  28550  28549  28501  28494  28513  28512  28494  28490  28504  28489  28497  28499
  456.111   288297   655.32   288818   653.58  28877  28882  28896  28879  28892  28875  28888  28863  28884  28882  28834  28829  28815  28844  28828  28823  28837  28825  28830  28832
  461.111   291472   652.77   291967   653.04  29195  29199  29185  29198  29208  29194  29206  29182  29201  29199  29150  29144  29133  29162  29146  29139  29156  29144  29148  29150
  466.111   294630   645.02   295099   646.40  29512  29516  29499  29514  29524  29510  29523  29499  29486  29516  29466  29460  29448  29478  29462  29455  29472  29460  29464  29465
  471.111   297679   641.51   298118   643.69  29797  29801  29818  29833  29810  29829  29808  29818  29803  29801  29784  29778  29765  29763  29747  29773  29757  29779  29783  29750
  476.111   301042   645.10   301493   648.15  30142  30146  30162  30142  30155  30138  30153  30160  30149  30146  30093  30119  30107  30108  30092  30114  30102  30120  30092  30095
  481.111   304284   643.78   304767   643.61  30470  30472  30491  30468  30482  30464  30481  30488  30476  30475  30419  30448  30437  30435  30418  30442  30430  30414  30418  30423
  486.111   307538   642.25   308000   642.55  30798  30801  30789  30799  30813  30794  30810  30785  30807  30804  30749  30741  30764  30767  30746  30770  30759  30743  30749  30750
  491.111   310776   643.23   311315   642.43  31129  31132  31121  31129  31146  31125  31142  31118  31139  31134  31078  31073  31062  31097  31075  31067  31090  31073  31079  31082
  496.111   313884   641.71   314462   640.97  31443  31446  31438  31445  31460  31441  31456  31432  31453  31448  31392  31389  31376  31378  31389  31380  31403  31387  31394  31396
  501.111   317140   647.63   317686   649.07  31771  31774  31769  31774  31757  31770  31785  31760  31750  31776  31720  31717  31705  31708  31717  31710  31732  31716  31722  31693
  506.112   320244   639.80   320735   641.14  32057  32060  32087  32092  32074  32088  32070  32080  32066  32061  32038  32035  32021  32025  32002  32025  32016  32032  32040  32010
  511.111   323509   639.73   323969   642.18  32387  32390  32417  32389  32404  32385  32400  32409  32396  32392  32366  32365  32351  32353  32333  32357  32345  32362  32336  32341
  516.111   326838   643.93   327347   648.02  32729  32731  32723  32728  32747  32725  32741  32751  32739  32733  32669  32707  32692  32692  32672  32699  32686  32665  32674  32682
  521.111   329877   636.95   330390   638.09  33037  33039  33032  33036  33053  33034  33049  33024  33045  33041  32978  32981  32997  32999  32980  33002  32994  32974  32983  32989
  526.111   333217   644.06   333809   642.18  33380  33382  33372  33377  33396  33375  33392  33363  33388  33384  33317  33319  33305  33340  33323  33309  33335  33314  33324  33331
  531.111   336545   646.88   337099   645.00  33713  33714  33705  33709  33726  33708  33723  33696  33688  33717  33651  33653  33639  33671  33655  33642  33669  33647  33656  33662
  536.111   339693   647.84   340251   648.81  34004  34040  34031  34033  34016  34036  34050  34024  34009  34008  33977  33977  33964  33962  33946  33963  33996  33973  33982  33953
  541.111   343073   651.81   343603   654.09  34348  34344  34373  34375  34360  34376  34354  34368  34353  34352  34320  34318  34305  34304  34289  34304  34300  34315  34323  34295
  546.111   346396   652.15   346924   653.83  34685  34681  34706  34709  34697  34678  34691  34701  34689  34687  34654  34653  34640  34639  34626  34639  34637  34648  34626  34634
  551.111   349496   654.93   349993   654.40  35002  34998  34991  34993  35014  34993  35007  34986  35006  35003  34939  34971  34956  34955  34941  34956  34954  34932  34942  34950
  556.111   352680   649.01   353211   646.96  35320  35319  35314  35317  35333  35318  35331  35309  35325  35325  35263  35261  35274  35276  35262  35275  35277  35255  35266  35271
  561.111   355906   644.16   356475   643.56  35649  35642  35638  35642  35663  35641  35656  35634  35655  35655  35586  35587  35571  35599  35585  35605  35601  35581  35590  35601
  566.111   359161   646.41   359667   648.12  35947  35975  35973  35974  35961  35973  35989  35969  35953  35953  35921  35918  35903  35930  35917  35903  35933  35915  35922  35899
  571.111   362339   638.83   362806   638.09  36263  36296  36291  36292  36277  36292  36269  36287  36269  36270  36239  36235  36220  36252  36236  36219  36252  36232  36239  36215
  576.111   365566   638.32   366108   638.83  36598  36590  36624  36624  36614  36623  36603  36620  36606  36606  36570  36569  36554  36548  36532  36554  36549  36566  36572  36552
  581.111   368770   644.53   369318   646.21  36926  36921  36919  36951  36941  36916  36932  36948  36932  36932  36863  36894  36879  36877  36861  36879  36880  36860  36899  36878
  586.111   372087   647.11   372603   647.62  37260  37256  37255  37253  37277  37251  37268  37249  37267  37267  37198  37228  37215  37212  37196  37213  37215  37195  37201  37214
  591.111   375056   640.47   375651   639.19  37567  37564  37562  37558  37561  37558  37576  37555  37575  37575  37501  37502  37498  37517  37500  37518  37520  37500  37504  37496
  596.111   378342   639.43   378937   641.34  37894  37893  37891  37887  37891  37888  37904  37883  37903  37903  37830  37831  37826  37845  37829  37846  37846  37829  37834  37826
  601.111   381543   639.44   382104   642.63  38215  38215  38213  38212  38216  38211  38226  38206  38195  38195  38154  38156  38150  38167  38151  38166  38168  38151  38158  38151
  606.111   384532   629.23   385073   631.31  38492  38490  38518  38517  38522  38517  38503  38512  38501  38501  38459  38463  38456  38470  38425  38442  38443  38456  38462  38456
  611.111   387757   630.67   388299   632.65  38818  38815  38844  38843  38847  38812  38828  38837  38827  38828  38786  38789  38781  38765  38751  38767  38768  38781  38788  38781
  616.111   390845   627.34   391416   628.24  39139  39137  39134  39133  39137  39134  39148  39159  39147  39148  39076  39079  39102  39088  39071  39088  39089  39071  39079  39102
  621.111   393954   634.14   394564   631.29  39458  39455  39454  39449  39453  39452  39466  39445  39464  39468  39395  39396  39388  39405  39389  39406  39406  39386  39395  39388
  626.111   397236   630.91   397811   629.19  39785  39784  39783  39776  39781  39780  39793  39773  39791  39765  39723  39727  39715  39734  39716  39733  39735  39714  39723  39716
  631.112   400356   625.59   400925   625.79  40097  40095  40095  40088  40093  40091  40103  40084  40102  40077  40035  40039  40026  40045  40030  40047  40046  40027  40034  40027
  636.111   403632   635.40   404168   636.24  40396  40426  40425  40419  40423  40421  40435  40416  40400  40407  40365  40369  40357  40375  40361  40345  40377  40358  40366  40359
  641.111   406726   630.27   407301   632.45  40716  40713  40745  40739  40742  40741  40722  40735  40721  40727  40685  40689  40676  40663  40648  40662  40664  40677  40684  40678
  646.111   409855   633.62   410429   633.72  41035  41032  41031  41058  41062  41029  41041  41054  41040  41047  40972  40976  40996  40984  40967  40981  40983  40997  41002  40997
  651.111   413082   639.80   413717   638.52  41364  41360  41363  41385  41390  41360  41370  41381  41368  41376  41302  41307  41293  41315  41295  41311  41311  41293  41330  41325
  656.111   416299   637.08   416869   636.91  41694  41688  41692  41679  41685  41689  41698  41675  41697  41672  41631  41637  41617  41646  41624  41641  41639  41620  41625  41619
  661.111   419627   642.14   420205   641.20  42025  42022  42025  42013  42019  42024  42032  42009  42029  42007  41963  41970  41951  41977  41956  41973  41970  41955  41961  41951
  666.111   422830   637.58   423406   638.93  42346  42342  42344  42333  42340  42344  42350  42329  42350  42328  42283  42291  42272  42298  42276  42293  42290  42274  42281  42272
  671.111   426097   645.91   426677   645.00  42648  42674  42677  42666  42675  42677  42684  42663  42651  42662  42615  42623  42605  42600  42610  42595  42622  42607  42614  42606
  676.113   429119   640.40   429646   640.84  42957  42952  42956  42976  42984  42955  42962  42973  42959  42972  42923  42900  42914  42909  42888  42905  42929  42914  42921  42916
  681.111   432124   634.66   432720   633.29  43264  43256  43262  43284  43291  43264  43271  43280  43268  43280  43198  43205  43221  43216  43195  43211  43205  43221  43230  43222
  686.111   435210   631.26   435846   632.34  43584  43575  43580  43603  43575  43584  43591  43599  43588  43567  43516  43522  43508  43535  43514  43531  43522  43506  43514  43542
  691.111   438358   625.44   438953   624.97  43902  43893  43899  43887  43892  43900  43908  43884  43904  43884  43836  43843  43826  43854  43832  43847  43840  43823  43831  43826
  696.111   441568   624.25   442194   624.79  44228  44217  44224  44210  44216  44224  44231  44207  44229  44208  44162  44169  44149  44147  44156  44171  44164  44147  44154  44149
  701.111   444711   620.16   445306   620.66  44513  44535  44541  44527  44533  44544  44550  44525  44514  44524  44480  44485  44465  44466  44474  44456  44481  44465  44472  44467
  706.111   447826   623.65   448369   626.23  44827  44846  44851  44841  44847  44823  44830  44839  44827  44838  44790  44795  44777  44778  44783  44769  44792  44777  44785  44780
  711.111   450933   625.49   451508   624.65  45144  45132  45168  45158  45165  45140  45146  45156  45145  45154  45073  45111  45095  45096  45069  45087  45109  45094  45103  45096
  716.111   453941   624.23   454549   623.29  45451  45441  45444  45465  45469  45448  45454  45464  45452  45461  45383  45387  45400  45402  45376  45395  45384  45402  45410  45402
  721.111   457075   621.85   457653   622.32  45764  45755  45759  45778  45782  45761  45768  45747  45765  45774  45697  45701  45712  45715  45690  45710  45700  45714  45722  45714
  726.111   460360   628.56   460968   625.94  46104  46097  46100  46088  46092  46101  46109  46088  46105  46084  46039  46042  46023  46055  46031  46050  46040  46023  46031  46026
  731.111   463597   630.00   464216   629.50  46399  46426  46427  46414  46418  46431  46440  46415  46436  46410  46369  46366  46348  46350  46361  46380  46367  46348  46356  46352
  736.111   466692   629.90   467320   631.68  46716  46737  46741  46728  46732  46743  46751  46728  46719  46725  46678  46678  46661  46666  46672  46660  46679  46663  46670  46665
  741.111   469846   632.58   470451   633.59  47039  47028  47063  47051  47054  47033  47042  47052  47042  47047  46969  47000  46984  46988  46961  46982  46999  46985  46992  46986
  746.111   473155   639.12   473725   638.95  47369  47359  47361  47382  47385  47364  47372  47382  47373  47378  47300  47330  47315  47318  47291  47314  47331  47316  47324  47316
  751.112   476465   643.62   477068   645.50  47703  47696  47697  47715  47718  47700  47709  47714  47705  47711  47637  47663  47648  47650  47628  47648  47636  47649  47656  47650
  756.111   479460   637.32   480098   637.15  48018  48005  48005  47997  48034  48011  48022  47994  48019  47993  47945  47944  47964  47965  47937  47962  47944  47930  47937  47932
  761.111   482737   639.07   483340   637.50  48316  48337  48336  48330  48329  48344  48351  48325  48346  48326  48277  48276  48259  48295  48268  48289  48275  48263  48271  48264
  766.111   485874   641.54   486533   640.44  48635  48657  48656  48650  48647  48664  48670  48644  48664  48646  48598  48595  48578  48583  48588  48578  48595  48583  48592  48584
  771.111   489148   644.53   489710   644.16  48963  48983  48983  48977  48974  48960  48967  48971  48960  48972  48924  48922  48906  48910  48914  48907  48922  48912  48920  48911
  776.111   492314   638.65   492907   642.64  49285  49274  49305  49298  49297  49285  49292  49293  49285  49293  49214  49248  49228  49231  49205  49231  49244  49236  49244  49233
  781.111   495368   629.15   495975   629.28  49593  49580  49611  49604  49604  49592  49599  49600  49592  49600  49520  49554  49534  49535  49513  49537  49549  49541  49546  49539
  786.112   498658   637.79   499292   637.68  49928  49916  49913  49939  49938  49926  49933  49935  49928  49936  49856  49857  49870  49871  49848  49872  49852  49876  49883  49873
  791.111   501996   642.11   502692   641.17  50267  50257  50254  50279  50278  50267  50272  50274  50269  50275  50195  50197  50210  50212  50188  50212  50193  50185  50191  50213
  796.111   505147   643.49   505761   640.87  50559  50581  50574  50569  50570  50590  50595  50565  50593  50565  50518  50517  50502  50535  50509  50535  50513  50504  50511  50503
  801.111   508329   641.49   508947   643.33  50884  50906  50900  50894  50894  50883  50920  50890  50886  50890  50842  50841  50827  50828  50834  50828  50838  50829  50834  50828
  806.111   511433   639.50   512023   640.44  51194  51216  51209  51206  51205  51195  51199  51199  51198  51202  51153  51151  51138  51139  51143  51139  51148  51139  51146  51137
  811.113   514570   639.06   515162   642.79  51511  51501  51528  51523  51523  51511  51515  51517  51514  51519  51437  51469  51455  51456  51458  51456  51466  51456  51462  51455
  816.111   517786   635.26   518415   636.20  51837  51827  51854  51848  51847  51836  51841  51843  51838  51844  51763  51793  51781  51781  51751  51780  51790  51780  51786  51781
  821.111   520837   625.86   521504   623.81  52148  52140  52133  52160  52159  52148  52153  52155  52151  52157  52076  52072  52093  52093  52063  52090  52069  52091  52097  52093
  826.111   523858   624.18   524607   623.68  52466  52461  52449  52441  52477  52465  52470  52472  52469  52437  52399  52386  52373  52411  52378  52407  52382  52372  52377  52373
  831.111   527049   626.04   527693   625.84  52754  52783  52774  52765  52764  52786  52791  52759  52756  52761  52721  52707  52697  52699  52703  52725  52704  52696  52700  52697
  836.111   530153   627.15   530796   627.85  53071  53068  53091  53081  53081  53070  53108  53076  53073  53077  53007  53024  53013  53017  53019  53010  53021  53012  53016  53014
  841.111   533452   631.64   534070   633.55  53401  53399  53421  53412  53411  53402  53406  53407  53403  53408  53337  53355  53342  53346  53348  53342  53350  53342  53347  53343
  846.111   536575   624.03   537221   626.74  53716  53714  53738  53728  53725  53716  53720  53723  53717  53724  53650  53670  53660  53663  53631  53656  53666  53658  53663  53658
  851.111   539844   631.03   540460   631.60  54043  54042  54031  54056  54052  54044  54047  54049  54044  54052  53978  53997  53986  53988  53958  53983  53994  53986  53990  53984
  856.111   543020   636.07   543681   632.08  54364  54363  54356  54377  54375  54367  54369  54370  54367  54373  54297  54316  54307  54308  54282  54303  54285  54306  54309  54307
  861.111   546095   634.99   546785   634.45  54684  54685  54674  54666  54694  54685  54689  54661  54685  54662  54618  54605  54595  54627  54602  54623  54603  54595  54599  54628
  866.111   549112   633.21   549766   633.58  54961  54962  54982  54974  54971  54991  54995  54969  54991  54970  54924  54913  54905  54904  54910  54929  54911  54904  54907  54905
  871.111   552111   625.03   552763   625.07  55267  55267  55289  55279  55276  55266  55303  55275  55266  55275  55200  55220  55211  55210  55217  55203  55216  55212  55212  55210
  876.112   555470   631.54   556091   631.98  55602  55602  55626  55617  55610  55601  55606  55613  55601  55613  55537  55555  55546  55545  55554  55538  55553  55549  55548  55545
  881.112   558673   627.18   559336   628.76  55927  55929  55951  55942  55933  55925  55929  55937  55925  55938  55861  55880  55867  55869  55843  55861  55878  55872  55873  55869
  886.111   562050   631.71   562677   631.74  56265  56267  56253  56279  56271  56263  56267  56274  56263  56275  56202  56218  56203  56206  56181  56199  56216  56209  56210  56206
  891.111   565284   637.32   566010   636.28  56599  56601  56586  56612  56604  56596  56600  56608  56596  56608  56534  56549  56537  56539  56514  56533  56517  56509  56512  56540
  896.112   568526   645.96   569190   645.09  56926  56927  56916  56908  56931  56923  56929  56903  56923  56904  56860  56845  56863  56864  56844  56860  56845  56837  56841  56867
  901.111   571632   650.57   572309   651.38  57213  57213  57234  57226  57250  57242  57247  57220  57242  57222  57180  57160  57148  57184  57160  57178  57162  57153  57156  57151
  906.111   574916   650.53   575589   651.26  57547  57549  57569  57562  57551  57573  57579  57557  57544  57558  57482  57495  57484  57486  57494  57512  57498  57489  57491  57485
  911.111   578142   651.33   578790   649.82  57874  57876  57897  57888  57877  57869  57874  57883  57869  57883  57809  57821  57808  57811  57821  57807  57824  57814  57816  57811
  916.111   581370   643.95   582031   643.95  58202  58205  58191  58217  58202  58194  58200  58213  58194  58213  58135  58147  58134  58136  58115  58131  58152  58141  58143  58136
  921.111   584459   638.49   585074   634.83  58510  58513  58496  58526  58508  58503  58507  58486  58503  58522  58443  58460  58439  58443  58420  58438  58462  58453  58457  58444
  926.111   587563   634.72   588252   635.52  58832  58834  58823  58816  58832  58829  58832  58813  58829  58812  58766  58750  58762  58767  58745  58763  58752  58744  58747  58767
  931.111   590658   633.56   591283   632.82  59110  59112  59134  59126  59142  59137  59142  59122  59136  59122  59077  59060  59071  59076  59055  59073  59061  59053  59056  59076
  936.111   593787   630.12   594499   629.32  59432  59434  59456  59448  59463  59458  59463  59444  59457  59444  59368  59383  59392  59368  59378  59395  59382  59376  59377  59368
  941.112   596805   625.00   597499   625.23  59740  59742  59766  59758  59777  59734  59740  59754  59734  59754  59673  59692  59669  59675  59688  59670  59693  59686  59686  59673
  946.111   600221   627.40   600879   628.38  60082  60085  60104  60097  60083  60078  60084  60095  60078  60093  60017  60031  60013  60018  60027  60015  60033  60025  60025  60017
  951.111   603362   630.10   604025   630.64  60399  60403  60391  60415  60400  60397  60400  60413  60397  60410  60336  60348  60329  60337  60312  60332  60350  60342  60341  60335
  956.111   606681   634.85   607339   636.03  60734  60737  60725  60750  60734  60733  60734  60713  60733  60746  60672  60682  60664  60672  60648  60665  60653  60678  60676  60671
  961.112   609849   635.94   610503   639.60  61059  61063  61048  61037  61058  61057  61058  61033  61057  61033  60996  60970  60990  60998  60971  60990  60976  60964  61000  60994
  966.111   613048   642.07   613703   640.16  61351  61355  61375  61367  61382  61382  61382  61363  61382  61364  61321  61300  61314  61290  61297  61317  61306  61294  61291  61318
  971.112   616092   646.23   616840   645.09  61666  61671  61686  61681  61696  61694  61696  61677  61694  61679  61605  61613  61597  61605  61608  61630  61619  61608  61606  61601
  976.111   619214   633.32   619932   634.33  61981  61986  62001  61997  62010  61979  62010  61995  61978  61995  61919  61929  61912  61918  61923  61913  61936  61925  61923  61916
  981.111   622288   629.97   622956   631.11  62288  62294  62310  62305  62289  62289  62288  62303  62287  62303  62226  62236  62219  62225  62230  62222  62242  62232  62232  62224
  986.112   625489   623.09   626120   624.46  62609  62614  62598  62626  62605  62607  62606  62624  62607  62624  62549  62554  62541  62546  62550  62541  62562  62553  62551  62542
  991.111   628685   628.07   629358   629.72  62943  62946  62932  62929  62938  62940  62939  62926  62939  62926  62882  62856  62873  62878  62851  62872  62863  62854  62882  62874
  996.111   631699   621.85   632371   624.43  63221  63225  63240  63236  63245  63246  63246  63233  63246  63233  63161  63163  63181  63186  63158  63179  63170  63160  63160  63181
 1001.111   634795   625.09   635536   622.24  63535  63539  63556  63552  63563  63564  63563  63550  63564  63550  63474  63480  63464  63468  63476  63497  63487  63477  63474  63498
 1006.112   637975   627.42   638741   623.66  63858  63862  63877  63871  63884  63882  63883  63871  63882  63871  63797  63800  63787  63792  63797  63816  63808  63797  63796  63785
 1011.111   641340   635.17   642075   635.44  64199  64201  64216  64212  64222  64192  64221  64210  64192  64210  64138  64140  64126  64132  64136  64124  64148  64136  64135  64125
 1016.111   644719   638.69   645367   640.34  64536  64538  64524  64550  64528  64532  64528  64550  64532  64549  64475  64479  64463  64470  64474  64460  64487  64475  64472  64464
 1021.111   647716   634.19   648406   636.98  64851  64851  64837  64832  64842  64847  64841  64829  64847  64829  64786  64760  64779  64784  64753  64772  64768  64755  64784  64775
 1026.111   650915   640.19   651607   640.89  65172  65173  65156  65152  65159  65169  65160  65149  65168  65149  65108  65079  65099  65107  65071  65091  65087  65074  65106  65093
 1031.111   654067   644.59   654790   643.91  65461  65464  65481  65478  65485  65493  65485  65474  65493  65476  65400  65406  65421  65397  65397  65415  65415  65402  65396  65418
 1036.111   657211   643.44   657902   640.93  65778  65781  65799  65796  65802  65780  65803  65791  65780  65792  65718  65723  65708  65714  65715  65732  65732  65720  65713  65736
 1041.111   660372   631.64   661069   630.34  66094  66097  66117  66113  66118  66096  66121  66107  66097  66109  66033  66040  66023  66028  66031  66050  66049  66037  66028  66053
 1046.111   663508   625.94   664290   628.02  66417  66420  66440  66435  66439  66417  66444  66429  66418  66431  66355  66362  66344  66348  66352  66335  66370  66357  66347  66338
 1051.111   666934   638.52   667645   638.15  66759  66762  66749  66776  66780  66761  66752  66771  66763  66772  66697  66703  66688  66692  66694  66678  66711  66698  66689  66684
 1056.111   670207   643.01   670916   643.65  67098  67104  67088  67083  67087  67102  67093  67079  67103  67079  67038  67011  67029  67033  67003  67016  67018  67007  67029  67023
 1061.111   673129   639.66   673958   639.80  67408  67379  67393  67390  67394  67412  67398  67386  67412  67386  67314  67317  67305  67309  67310  67321  67324  67313  67305  67311
 1066.111   676413   644.36   677145   645.74  67704  67708  67721  67718  67722  67708  67727  67715  67708  67714  67642  67644  67636  67636  67638  67650  67651  67642  67633  67641
 1071.111   679787   650.40   680521   651.68  68043  68047  68056  68056  68059  68047  68062  68052  68047  68052  67981  67980  67975  67975  67974  67986  67988  67978  67970  67980
 1076.111   683112   652.67   683841   649.85  68374  68380  68388  68388  68392  68378  68394  68384  68379  68384  68313  68312  68307  68308  68306  68319  68322  68310  68303  68312
 1081.111   686225   638.26   686984   637.62  68688  68695  68701  68703  68707  68692  68708  68697  68694  68699  68628  68628  68620  68622  68621  68601  68635  68625  68617  68628
 1086.111   689469   636.35   690224   636.66  69017  69021  69027  69031  69035  69021  69000  69023  69022  69027  68956  68956  68948  68950  68948  68929  68964  68917  68945  68956
 1091.111   692574   648.22   693360   644.63  69341  69344  69350  69322  69325  69345  69326  69346  69345  69316  69248  69247  69270  69272  69238  69256  69254  69243  69267  69279
 1096.111   695673   645.13   696362   644.87  69628  69631  69637  69642  69645  69632  69645  69633  69632  69637  69567  69566  69559  69558  69558  69577  69573  69562  69586  69567
 1101.112   698874   639.43   699601   640.27  69952  69956  69961  69966  69968  69956  69969  69957  69956  69960  69890  69889  69883  69884  69880  69899  69896  69885  69877  69891
 1106.112   702056   634.73   702779   635.50  70270  70274  70279  70284  70285  70274  70288  70274  70274  70277  70209  70206  70200  70202  70198  70218  70214  70203  70198  70208
 1111.111   705162   632.34   705922   632.37  70583  70588  70592  70600  70602  70588  70603  70587  70588  70591  70522  70519  70514  70513  70513  70502  70528  70518  70512  70521
 1116.111   708202   620.57   708968   618.93  70888  70893  70898  70904  70906  70892  70907  70892  70892  70896  70826  70824  70819  70816  70815  70807  70832  70822  70816  70825
 1121.111   711445   623.96   712209   622.15  71215  71222  71225  71198  71233  71219  71234  71220  71219  71224  71154  71152  71148  71142  71143  71134  71160  71116  71144  71152
 1126.111   714517   629.19   715282   630.74  71537  71513  71517  71524  71525  71541  71525  71542  71541  71517  71445  71444  71439  71466  71433  71458  71453  71441  71465  71473
 1131.111   717638   626.46   718297   627.40  71819  71826  71831  71838  71840  71824  71840  71824  71823  71832  71760  71760  71755  71781  71748  71776  71768  71756  71748  71786
 1136.111   720735   625.83   721456   626.77  72134  72142  72147  72154  72155  72142  72155  72142  72138  72147  72076  72075  72070  72065  72064  72090  72083  72073  72068  72071
 1141.111   723826   625.27   724583   625.17  72446  72455  72460  72467  72467  72454  72468  72456  72450  72460  72387  72387  72383  72377  72375  72373  72395  72385  72381  72383
 1146.111   726946   620.87   727702   624.06  72758  72766  72771  72779  72779  72766  72781  72767  72762  72773  72699  72700  72695  72687  72687  72685  72707  72698  72693  72695
 1151.111   730213   623.36   731006   622.18  73086  73097  73103  73108  73112  73096  73111  73099  73090  73104  73029  73030  73025  73016  73019  73013  73038  72995  73022  73026
 1156.111   733160   620.57   733932   619.80  73391  73400  73408  73382  73388  73401  73385  73402  73395  73380  73331  73304  73327  73320  73293  73317  73312  73302  73325  73329
 1161.111   736109   617.79   736851   620.54  73695  73677  73681  73686  73691  73674  73689  73676  73699  73683  73605  73609  73603  73624  73596  73620  73616  73604  73601  73631
 1166.111   739249   618.19   739992   619.87  74010  73992  73995  74000  74004  73989  74001  73991  74014  73996  73920  73923  73917  73938  73911  73933  73930  73917  73915  73945
 1171.111   742327   619.66   743072   620.44  74292  74307  74310  74314  74319  74303  74313  74306  74296  74312  74232  74238  74231  74219  74226  74249  74244  74231  74230  74227
 1176.111   745403   613.19   746179   613.86  74601  74617  74621  74625  74631  74615  74624  74617  74605  74623  74543  74549  74542  74531  74536  74528  74554  74541  74541  74538
 1181.111   748713   613.07   749494   611.39  74931  74948  74953  74958  74962  74947  74955  74949  74936  74955  74874  74880  74873  74860  74868  74857  74885  74874  74872  74870
 1186.111   751715   617.76   752471   617.23  75239  75255  75258  75235  75239  75255  75261  75254  75244  75231  75180  75156  75179  75167  75172  75163  75191  75150  75178  75179
 1191.111   754870   626.48   755571   626.17  75563  75549  75554  75559  75563  75551  75557  75550  75570  75555  75505  75479  75473  75492  75497  75489  75485  75473  75473  75504
