Test case: 
Description: 
	10 senders: persistent queues
	10 receivers: client acknowledge every 50 messages
Timestamp: 2011.11.1 22:21:51
Version: 
Setting up JMS benchmark connections... 

Start processing messages.
Thu Dec 01 22:21:51 EST 2011

  Seconds   Send   Send/Sec   Recv   Recv/Sec   RCV0   RCV1   RCV2   RCV3   RCV4   RCV5   RCV6   RCV7   RCV8   RCV9  SND10  SND11  SND12  SND13  SND14  SND15  SND16  SND17  SND18  SND19
  ------- -------- -------- -------- -------- ------ ------ ------ ------ ------ ------ ------ ------ ------ ------ ------ ------ ------ ------ ------ ------ ------ ------ ------ ------
    1.105        0     0.00        0     0.00      0      0      0      0      0      0      0      0      0      0      0      0      0      0      0      0      0      0      0      0
    6.105     2626   570.87     2839   617.17    284    284    285    282    285    285    283    283    284    284    261    265    263    261    263    263    263    261    263    263
   11.105     5500   572.92     5717   595.52    572    571    572    570    573    574    571    570    572    572    549    551    551    547    550    549    550    550    551    552
   16.105     8608   589.59     8824   602.33    883    882    882    881    884    885    881    881    883    882    861    861    860    858    860    861    861    861    863    862
   21.105    11712   591.22    11923   601.99   1192   1193   1192   1190   1193   1195   1192   1192   1192   1192   1172   1173   1168   1169   1171   1171   1171   1171   1172   1174
   26.105    14870   589.07    15081   597.68   1507   1508   1508   1506   1509   1512   1507   1508   1508   1508   1487   1490   1485   1485   1486   1486   1487   1485   1487   1492
   31.105    18029   598.61    18203   605.54   1823   1824   1823   1821   1824   1796   1823   1823   1823   1823   1802   1806   1800   1802   1803   1801   1803   1801   1804   1807
   36.105    20851   609.52    21113   609.08   2100   2100   2099   2127   2130   2101   2099   2099   2129   2129   2109   2083   2077   2077   2079   2108   2079   2077   2080   2082
   41.105    23799   614.06    24000   613.52   2401   2400   2400   2397   2400   2404   2400   2400   2399   2399   2379   2386   2377   2378   2380   2379   2379   2378   2380   2383
   46.105    26862   612.55    27054   611.74   2706   2705   2704   2702   2705   2709   2708   2708   2704   2703   2685   2691   2683   2686   2688   2683   2685   2687   2687   2687
   51.105    30001   609.32    30194   609.82   3019   3018   3018   3016   3019   3023   3023   3024   3019   3015   2999   3005   2996   3000   3003   2996   2999   3001   3001   3001
   56.105    33229   606.54    33425   609.23   3341   3340   3342   3340   3343   3345   3346   3347   3342   3339   3322   3327   3320   3323   3325   3319   3322   3324   3323   3324
   61.105    36263   601.64    36459   602.45   3645   3644   3645   3644   3646   3648   3650   3650   3645   3642   3625   3630   3624   3627   3628   3622   3626   3627   3627   3627
   66.105    39223   611.21    39485   609.06   3958   3955   3957   3957   3959   3928   3931   3931   3957   3952   3938   3911   3935   3908   3938   3933   3906   3908   3907   3939
   71.105    42325   620.54    42521   620.40   4249   4245   4248   4248   4250   4251   4254   4253   4247   4276   4229   4234   4226   4230   4229   4257   4229   4231   4230   4230
   76.106    45334   619.87    45558   619.93   4553   4550   4553   4551   4553   4555   4558   4557   4551   4577   4531   4538   4531   4534   4535   4528   4533   4536   4535   4533
   81.105    48400   616.31    48595   615.27   4859   4855   4860   4857   4861   4863   4866   4866   4856   4852   4838   4844   4837   4841   4842   4834   4840   4844   4840   4840
   86.105    51634   613.05    51830   614.19   5183   5180   5184   5180   5185   5186   5190   5188   5180   5174   5161   5167   5160   5164   5166   5158   5163   5168   5164   5163
   91.105    54694   611.38    54893   612.42   5491   5489   5494   5489   5493   5494   5470   5498   5490   5485   5469   5475   5468   5472   5475   5468   5473   5448   5474   5472
   96.105    57835   614.83    57996   613.62   5804   5802   5807   5802   5807   5809   5782   5780   5804   5799   5783   5790   5781   5786   5790   5783   5788   5761   5788   5785
  101.105    60869   618.12    61158   618.15   6123   6121   6126   6122   6127   6095   6101   6100   6124   6119   6103   6077   6100   6074   6078   6102   6075   6081   6074   6105
  106.105    63871   622.07    64100   621.20   6404   6403   6408   6403   6408   6408   6416   6412   6407   6431   6385   6391   6381   6385   6391   6383   6388   6394   6387   6386
  111.105    66984   623.62    67211   623.62   6717   6713   6721   6714   6719   6720   6726   6722   6718   6741   6695   6703   6693   6695   6700   6695   6701   6704   6700   6698
  116.106    70136   618.62    70330   618.59   7034   7028   7035   7030   7036   7034   7038   7036   7035   7024   7013   7016   7009   7009   7014   7013   7015   7016   7015   7016
  121.105    73309   615.30    73510   617.45   7351   7346   7353   7349   7353   7352   7356   7353   7353   7344   7330   7333   7326   7326   7332   7331   7331   7335   7333   7332
  126.105    76388   612.38    76591   614.87   7661   7658   7664   7660   7665   7663   7635   7665   7665   7655   7639   7644   7637   7639   7644   7642   7640   7614   7644   7645
  131.105    79427   613.67    79595   610.85   7966   7964   7971   7968   7972   7937   7943   7940   7972   7962   7947   7952   7944   7946   7919   7950   7945   7922   7950   7952
  136.105    82552   625.81    82818   624.93   8301   8299   8275   8270   8274   8274   8280   8276   8273   8296   8249   8253   8246   8250   8256   8252   8280   8259   8252   8255
  141.106    85896   634.63    86130   633.76   8606   8604   8613   8606   8612   8613   8618   8614   8611   8633   8587   8591   8583   8588   8594   8590   8584   8597   8589   8593
  146.105    89272   642.17    89508   641.06   8942   8941   8949   8944   8950   8952   8957   8953   8949   8971   8924   8928   8920   8924   8932   8928   8921   8936   8927   8932
  151.105    92528   642.72    92730   642.75   9268   9268   9274   9269   9277   9277   9281   9277   9276   9263   9249   9255   9245   9250   9256   9254   9247   9260   9253   9259
  156.105    95707   641.06    95914   643.24   9587   9586   9591   9587   9597   9595   9598   9596   9596   9581   9567   9574   9561   9567   9574   9573   9565   9575   9572   9579
  161.105    98839   640.77    99012   643.05   9900   9899   9904   9901   9909   9909   9880   9910   9908   9892   9881   9886   9874   9880   9888   9885   9878   9890   9884   9893
  166.105   101923   644.66   102240   643.76  10232  10232  10236  10233  10239  10202  10205  10203  10238  10220  10214  10178  10206  10211  10180  10178  10210  10183  10177  10186
  171.105   105093   643.11   105294   642.03  10523  10523  10526  10523  10530  10531  10533  10533  10527  10545  10503  10507  10496  10503  10510  10507  10534  10512  10505  10516
  176.105   108431   642.90   108672   641.92  10860  10862  10864  10860  10868  10868  10871  10871  10864  10884  10841  10844  10834  10841  10847  10844  10838  10849  10841  10852
  181.105   111882   649.48   112126   648.71  11206  11207  11209  11205  11213  11213  11214  11217  11211  11231  11186  11189  11179  11187  11192  11190  11183  11194  11186  11196
  186.105   115334   655.10   115548   655.34  11551  11553  11554  11551  11558  11560  11559  11563  11557  11542  11532  11534  11525  11531  11537  11535  11527  11539  11532  11542
  191.105   118545   652.68   118767   654.40  11872  11876  11877  11875  11879  11881  11880  11883  11878  11866  11855  11855  11847  11852  11858  11856  11848  11858  11853  11863
  196.106   121813   657.55   122003   654.36  12199  12203  12203  12201  12206  12208  12207  12179  12205  12192  12182  12182  12174  12179  12184  12183  12174  12186  12180  12189
  201.105   125198   667.45   125449   669.13  12550  12556  12556  12554  12559  12524  12523  12528  12557  12542  12535  12535  12527  12532  12502  12502  12524  12502  12533  12506
  206.106   128231   663.36   128482   662.68  12868  12842  12842  12841  12845  12846  12844  12849  12843  12862  12821  12822  12814  12818  12822  12823  12843  12823  12819  12826
  211.105   131484   657.79   131744   657.15  13164  13171  13171  13171  13174  13176  13173  13178  13172  13194  13149  13150  13143  13147  13150  13151  13140  13151  13148  13155
  216.105   134554   644.99   134785   644.48  13472  13479  13480  13479  13482  13482  13479  13484  13480  13468  13456  13457  13451  13453  13456  13458  13449  13458  13454  13462
  221.106   137513   634.52   137743   633.78  13769  13773  13774  13773  13780  13779  13774  13781  13774  13766  13750  13752  13747  13749  13751  13755  13746  13756  13749  13758
  226.105   140470   617.03   140694   619.18  14064  14069  14070  14069  14075  14073  14069  14075  14071  14059  14046  14048  14044  14044  14046  14051  14042  14050  14045  14054
  231.105   143509   605.08   143673   605.28  14372  14376  14377  14377  14351  14348  14377  14350  14379  14366  14353  14354  14351  14351  14354  14327  14350  14356  14352  14361
  236.105   146365   607.47   146628   606.87  14684  14656  14657  14656  14662  14660  14656  14662  14658  14677  14632  14633  14630  14630  14634  14638  14662  14635  14631  14640
  241.105   149458   603.17   149714   602.03  14964  14967  14969  14969  14975  14972  14968  14973  14969  14988  14944  14946  14943  14943  14945  14950  14942  14948  14945  14952
  246.105   152466   601.07   152723   600.91  15266  15267  15268  15269  15276  15274  15270  15274  15269  15290  15245  15246  15245  15242  15245  15252  15242  15249  15246  15254
  251.105   155558   605.56   155782   602.03  15576  15577  15578  15577  15584  15581  15580  15582  15579  15568  15555  15556  15554  15550  15554  15559  15551  15559  15556  15564
  256.105   158683   602.55   158914   604.93  15887  15888  15891  15889  15898  15895  15893  15897  15892  15884  15867  15868  15866  15864  15866  15870  15864  15871  15869  15878
  261.105   161934   607.92   162137   611.28  16213  16214  16216  16214  16223  16220  16219  16192  16217  16209  16193  16194  16190  16189  16191  16195  16189  16196  16193  16204
  266.106   164943   617.72   165209   616.68  16530  16531  16533  16531  16509  16505  16502  16508  16534  16526  16509  16512  16475  16507  16508  16480  16506  16480  16477  16489
  271.105   167944   619.33   168202   618.39  16840  16810  16814  16812  16821  16817  16816  16820  16815  16837  16790  16792  16789  16787  16788  16795  16816  16795  16791  16801
  276.105   170978   621.21   171213   620.47  17117  17117  17121  17119  17128  17123  17124  17126  17123  17115  17098  17099  17095  17094  17095  17101  17090  17101  17097  17108
  281.105   174351   629.50   174594   631.28  17456  17456  17457  17456  17467  17461  17463  17464  17461  17453  17435  17438  17430  17430  17432  17438  17428  17439  17433  17448
  286.105   177710   635.37   177953   634.73  17791  17792  17793  17792  17803  17797  17799  17800  17796  17790  17771  17776  17764  17766  17767  17773  17765  17776  17768  17784
  291.105   180903   630.00   181151   630.44  18111  18111  18116  18111  18122  18117  18118  18119  18116  18110  18090  18095  18082  18085  18087  18092  18085  18094  18089  18104
  296.105   183993   629.25   184176   628.68  18424  18424  18428  18423  18401  18397  18430  18398  18428  18423  18400  18407  18394  18397  18399  18407  18398  18406  18402  18383
  301.105   187228   640.27   187478   640.00  18758  18757  18762  18757  18734  18731  18731  18731  18761  18756  18733  18708  18728  18730  18733  18708  18733  18706  18734  18715
  306.105   190635   654.28   190859   654.99  19101  19100  19073  19100  19080  19075  19077  19077  19074  19102  19076  19053  19071  19073  19076  19053  19076  19051  19045  19061
  311.105   193958   657.98   194216   658.48  19417  19417  19420  19416  19430  19423  19426  19426  19423  19418  19392  19401  19387  19391  19392  19401  19393  19398  19392  19411
  316.106   197172   651.88   197430   653.59  19738  19738  19741  19736  19753  19746  19749  19747  19744  19738  19712  19724  19707  19713  19711  19723  19714  19719  19715  19734
  321.105   200570   656.46   200826   655.56  20078  20077  20082  20077  20092  20084  20088  20085  20084  20079  20052  20062  20047  20053  20052  20062  20053  20059  20057  20073
  326.105   203974   664.97   204229   666.28  20418  20417  20423  20417  20432  20423  20428  20426  20426  20419  20392  20403  20387  20393  20391  20402  20394  20400  20398  20414
  331.105   207251   664.55   207475   665.83  20749  20747  20753  20747  20732  20754  20730  20757  20757  20749  20723  20735  20717  20724  20721  20733  20724  20731  20728  20715
  336.105   210404   654.26   210657   655.20  21074  21069  21077  21069  21051  21077  21046  21043  21080  21071  21048  21021  21038  21048  21042  21019  21049  21054  21051  21034
  341.105   213682   659.89   213960   659.55  21385  21410  21387  21410  21399  21385  21393  21390  21389  21412  21358  21366  21380  21359  21386  21366  21361  21363  21362  21381
  346.105   217169   668.75   217478   669.42  21735  21763  21738  21763  21751  21737  21745  21741  21740  21765  21709  21717  21701  21711  21739  21717  21713  21714  21714  21734
  351.105   220593   670.74   220836   669.13  22081  22076  22084  22075  22097  22081  22093  22088  22084  22077  22055  22064  22047  22056  22051  22064  22058  22058  22059  22081
  356.105   223979   667.26   224247   667.70  22422  22415  22424  22415  22442  22421  22438  22429  22424  22417  22393  22404  22383  22394  22389  22403  22397  22396  22398  22422
  361.105   227277   667.44   227517   671.43  22756  22751  22757  22751  22739  22754  22736  22763  22757  22753  22726  22738  22717  22728  22723  22735  22730  22730  22730  22720
  366.105   230422   664.42   230665   663.08  23071  23066  23072  23066  23054  23069  23051  23076  23072  23068  23040  23053  23031  23042  23038  23050  23045  23045  23045  23033
  371.105   233707   664.83   233980   664.73  23405  23401  23406  23401  23389  23403  23387  23380  23405  23403  23374  23358  23366  23376  23373  23355  23379  23380  23378  23368
  376.105   236888   656.61   237164   655.50  23698  23733  23699  23733  23715  23696  23714  23706  23736  23734  23706  23684  23696  23706  23702  23680  23673  23674  23671  23696
  381.105   239950   646.54   240169   647.75  24013  24012  24014  24012  24029  24013  24028  24021  24014  24013  23986  23998  24004  23984  24010  23994  23989  23988  23987  24010
  386.108   243261   643.52   243538   644.97  24350  24349  24351  24349  24367  24352  24365  24358  24350  24347  24323  24335  24309  24321  24315  24332  24326  24326  24326  24348
  391.105   246732   649.43   247040   651.78  24701  24700  24702  24699  24715  24702  24715  24707  24701  24698  24673  24684  24661  24672  24666  24681  24677  24677  24677  24664
  396.105   250146   654.40   250423   658.79  25043  25041  25043  25041  25056  25043  25025  25048  25043  25040  25014  25025  25004  25013  25006  25021  25019  25019  25018  25007
  401.105   253340   652.15   253621   650.07  25368  25366  25366  25366  25346  25367  25345  25370  25366  25361  25338  25314  25324  25337  25327  25343  25345  25341  25342  25329
  406.105   256448   653.34   256731   652.57  25691  25659  25688  25659  25672  25658  25671  25661  25688  25684  25630  25640  25648  25660  25651  25635  25637  25662  25632  25653
  411.105   259531   655.02   259852   657.40  25975  25976  26002  25976  25987  25976  25985  25974  26001  26000  25946  25954  25962  25944  25964  25948  25953  25947  25947  25966
  416.105   262566   644.56   262792   645.06  26279  26280  26273  26281  26289  26279  26287  26278  26272  26274  26249  26257  26266  26246  26269  26253  26257  26250  26251  26268
  421.105   265602   630.22   265890   630.56  26589  26588  26584  26590  26599  26587  26597  26588  26583  26585  26559  26567  26544  26557  26548  26563  26565  26560  26561  26578
  426.105   268712   616.52   269032   618.00  26902  26901  26898  26905  26914  26901  26912  26902  26898  26899  26872  26881  26859  26871  26861  26878  26879  26873  26875  26863
  431.105   271869   614.48   272127   614.79  27218  27217  27212  27222  27199  27217  27197  27218  27212  27215  27187  27198  27174  27186  27176  27194  27195  27188  27190  27181
  436.105   275257   626.14   275544   624.16  27563  27560  27557  27535  27545  27561  27543  27563  27557  27560  27531  27512  27518  27532  27521  27509  27541  27532  27535  27526
  441.105   278364   629.43   278728   628.22  27856  27891  27887  27859  27873  27854  27870  27856  27888  27894  27824  27836  27848  27826  27849  27834  27838  27824  27828  27857
  446.105   281676   638.05   281964   641.14  28190  28185  28215  28192  28202  28187  28199  28190  28216  28188  28157  28167  28176  28160  28177  28166  28169  28158  28161  28185
  451.106   285076   650.32   285295   649.05  28530  28524  28522  28532  28541  28527  28538  28530  28523  28528  28497  28508  28516  28500  28516  28506  28509  28498  28501  28525
  456.105   288342   655.68   288623   655.38  28863  28857  28855  28863  28873  28860  28871  28863  28857  28861  28830  28841  28817  28834  28848  28839  28841  28831  28834  28827
  461.105   291486   650.87   291769   653.76  29180  29175  29173  29179  29161  29178  29189  29180  29175  29179  29148  29159  29132  29152  29134  29159  29157  29149  29152  29144
  466.105   294612   643.02   294903   643.19  29496  29493  29489  29496  29477  29494  29474  29496  29491  29497  29466  29473  29448  29468  29450  29442  29473  29465  29468  29459
  471.105   297629   645.30   298024   640.47  29816  29811  29809  29816  29793  29814  29791  29781  29811  29817  29751  29758  29767  29753  29768  29760  29758  29750  29786  29778
  476.105   301029   647.30   301352   647.40  30126  30151  30150  30126  30136  30124  30134  30126  30152  30127  30096  30102  30107  30098  30110  30103  30103  30095  30096  30119
  481.106   304306   641.73   304531   645.53  30454  30445  30444  30454  30466  30451  30462  30455  30445  30455  30422  30429  30435  30426  30439  30432  30431  30423  30422  30447
  486.105   307612   642.08   307838   642.52  30783  30776  30776  30785  30796  30781  30793  30786  30776  30786  30752  30761  30764  30757  30768  30762  30762  30754  30755  30777
  491.106   310826   642.07   311148   646.87  31113  31107  31108  31114  31127  31114  31123  31119  31107  31116  31084  31094  31061  31088  31064  31092  31095  31087  31087  31074
  496.105   313959   641.68   314287   642.85  31428  31422  31423  31428  31438  31428  31436  31432  31422  31430  31398  31408  31375  31402  31377  31403  31408  31400  31401  31387
  501.105   317122   650.94   317508   644.06  31757  31750  31751  31756  31735  31756  31734  31760  31751  31758  31726  31705  31703  31731  31707  31700  31705  31698  31730  31717
  506.105   320193   643.11   320590   639.89  32076  32068  32070  32074  32051  32042  32049  32045  32071  32044  32011  32022  32020  32016  32023  32016  32022  32013  32015  32035
  511.105   323493   643.88   323823   644.08  32372  32398  32400  32371  32380  32373  32379  32376  32400  32374  32342  32352  32350  32349  32354  32345  32352  32341  32344  32364
  516.105   326914   643.96   327132   647.45  32714  32704  32706  32713  32722  32714  32721  32717  32706  32715  32685  32696  32692  32691  32695  32687  32693  32684  32685  32706
  521.105   329972   636.44   330207   637.55  33022  33012  33015  33021  33028  33021  33026  33024  33015  33023  32992  33001  32996  32996  33000  32993  33000  32990  32993  33011
  526.105   333399   640.67   333632   640.94  33365  33353  33356  33364  33371  33363  33369  33367  33358  33366  33335  33344  33339  33339  33342  33336  33343  33331  33336  33354
  531.105   336616   646.64   336955   645.07  33697  33685  33691  33697  33703  33695  33700  33698  33691  33698  33666  33675  33637  33671  33642  33668  33674  33663  33668  33652
  536.105   339733   651.87   340126   648.01  34026  34010  34021  34025  33993  34024  33991  33988  34021  34027  33956  33966  33961  33961  33965  33958  34003  33991  33997  33975
  541.105   343041   655.97   343386   652.95  34331  34351  34359  34330  34335  34328  34334  34332  34357  34329  34300  34308  34302  34303  34306  34301  34307  34296  34302  34316
  546.105   346381   653.26   346715   655.07  34668  34685  34663  34667  34672  34666  34669  34668  34691  34666  34635  34639  34635  34636  34640  34636  34642  34632  34637  34649
  551.105   349543   653.32   349815   657.99  34984  34970  34977  34983  34989  34982  34986  34985  34976  34983  34952  34954  34950  34953  34956  34953  34958  34949  34953  34965
  556.105   352738   640.12   353030   644.82  35306  35293  35300  35305  35308  35303  35304  35304  35300  35307  35271  35276  35267  35272  35273  35271  35279  35270  35275  35284
  561.105   356030   640.42   356302   641.50  35635  35618  35625  35635  35638  35627  35633  35633  35622  35636  35601  35601  35596  35602  35602  35601  35610  35600  35604  35613
  566.105   359247   647.01   359623   645.27  35968  35951  35957  35966  35969  35959  35966  35965  35954  35968  35933  35935  35895  35933  35899  35933  35941  35931  35936  35911
  571.106   362177   642.17   362600   639.65  36251  36271  36277  36249  36252  36278  36248  36249  36274  36251  36217  36217  36211  36216  36215  36216  36225  36214  36219  36227
  576.105   365538   642.85   365910   640.47  36586  36603  36609  36586  36588  36573  36586  36586  36606  36587  36552  36555  36547  36552  36551  36553  36561  36552  36554  36561
  581.105   368804   646.36   369148   646.50  36914  36930  36902  36912  36916  36903  36912  36913  36932  36914  36879  36882  36873  36881  36879  36878  36886  36878  36882  36886
  586.105   372155   648.42   372431   650.00  37249  37231  37238  37247  37252  37238  37247  37247  37233  37249  37213  37216  37209  37216  37215  37213  37221  37214  37217  37221
  591.105   375134   633.62   375505   637.95  37557  37538  37543  37555  37558  37545  37556  37555  37541  37557  37518  37521  37513  37497  37494  37520  37526  37495  37523  37527
  596.105   378419   635.87   378790   635.67  37885  37868  37872  37883  37886  37874  37884  37883  37870  37885  37846  37848  37841  37827  37824  37848  37854  37825  37851  37855
  601.106   381494   646.30   381830   643.34  38177  38191  38195  38175  38177  38196  38175  38175  38193  38176  38166  38170  38133  38152  38149  38140  38146  38147  38143  38148
  606.105   384485   633.78   384885   632.64  38482  38497  38502  38480  38482  38500  38480  38480  38500  38482  38441  38445  38438  38457  38456  38446  38452  38451  38448  38451
  611.105   387742   632.28   388111   633.12  38807  38824  38829  38805  38807  38795  38805  38805  38827  38807  38766  38770  38764  38783  38782  38773  38777  38776  38774  38777
  616.105   390945   627.35   391222   630.57  39127  39115  39117  39126  39128  39115  39125  39126  39116  39127  39087  39090  39084  39105  39103  39092  39097  39096  39094  39097
  621.105   394063   630.64   394410   633.26  39448  39435  39436  39444  39447  39434  39443  39443  39435  39445  39404  39408  39401  39388  39389  39409  39418  39417  39414  39415
  626.105   397302   627.40   397681   627.67  39774  39762  39764  39770  39773  39761  39771  39770  39764  39772  39732  39736  39728  39716  39717  39735  39744  39711  39741  39742
  631.105   400384   627.81   400801   629.42  40085  40076  40076  40082  40085  40073  40082  40082  40076  40084  40043  40047  40039  40028  40028  40046  40055  40024  40021  40053
  636.105   403603   638.19   403984   634.23  40384  40406  40407  40382  40416  40405  40380  40381  40407  40416  40375  40380  40372  40358  40359  40346  40354  40356  40351  40352
  641.105   406703   633.15   407106   633.12  40703  40724  40725  40703  40701  40723  40700  40700  40725  40702  40662  40668  40658  40678  40678  40666  40674  40676  40671  40672
  646.105   409898   632.81   410202   635.86  41023  41011  41013  41021  41020  41040  41019  41020  41013  41022  40982  40988  40978  40996  40997  40985  40993  40996  40992  40991
  651.106   413184   637.45   413458   639.19  41351  41340  41342  41348  41350  41339  41348  41348  41342  41350  41313  41318  41306  41324  41325  41314  41320  41324  41321  41319
  656.105   416382   633.96   416756   638.83  41682  41670  41672  41677  41680  41669  41678  41677  41672  41679  41643  41647  41637  41619  41620  41644  41649  41618  41655  41650
  661.105   419680   640.50   420077   639.97  42015  42002  42006  42008  42012  42002  42009  42009  42004  42010  41976  41979  41970  41954  41953  41978  41982  41952  41953  41983
  666.105   422878   640.12   423252   636.63  42302  42322  42326  42330  42333  42322  42330  42330  42325  42332  42294  42300  42290  42274  42274  42296  42300  42273  42274  42303
  671.105   426086   648.42   426490   644.30  42640  42654  42658  42662  42665  42655  42632  42632  42658  42634  42625  42631  42594  42608  42608  42597  42603  42606  42608  42606
  676.106   429112   642.77   429517   644.15  42950  42963  42967  42940  42943  42963  42941  42941  42966  42943  42903  42909  42903  42917  42916  42907  42912  42913  42917  42915
  681.105   432184   633.28   432471   638.04  43257  43239  43244  43248  43251  43242  43248  43248  43244  43250  43211  43217  43210  43224  43224  43213  43218  43221  43225  43221
  686.106   435378   630.60   435667   633.46  43577  43557  43563  43568  43571  43562  43568  43568  43563  43570  43531  43537  43529  43542  43543  43533  43538  43540  43545  43540
  691.105   438409   622.23   438833   623.13  43893  43876  43880  43884  43887  43879  43884  43884  43880  43886  43847  43854  43845  43825  43826  43849  43855  43823  43829  43856
  696.105   441657   623.32   442051   621.71  44185  44201  44206  44209  44212  44203  44209  44209  44206  44211  44172  44180  44170  44149  44150  44174  44180  44148  44154  44180
  701.105   444771   622.60   445230   618.81  44502  44518  44524  44527  44530  44522  44527  44527  44524  44529  44490  44498  44455  44468  44468  44492  44498  44466  44471  44465
  706.105   447774   626.26   448189   622.54  44816  44829  44834  44807  44811  44832  44809  44807  44835  44809  44770  44779  44768  44782  44780  44771  44780  44782  44783  44779
  711.105   450949   627.43   451272   629.81  45134  45146  45119  45126  45129  45118  45127  45126  45120  45127  45088  45095  45085  45100  45097  45090  45097  45101  45100  45096
  716.105   454013   620.93   454306   625.49  45440  45423  45428  45432  45435  45425  45432  45431  45427  45433  45394  45400  45390  45408  45403  45395  45403  45409  45409  45402
  721.105   457078   623.36   457443   623.46  45753  45737  45742  45747  45747  45739  45746  45744  45740  45748  45707  45713  45703  45690  45715  45709  45716  45690  45719  45716
  726.106   460482   623.62   460852   626.85  46094  46079  46083  46088  46087  46080  46087  46084  46082  46088  46047  46053  46044  46031  46054  46050  46056  46032  46059  46056
  731.105   463704   627.93   464117   623.80  46390  46408  46413  46418  46417  46410  46418  46414  46411  46418  46376  46383  46372  46357  46349  46380  46386  46360  46355  46386
  736.107   466676   633.26   467143   629.73  46704  46720  46724  46699  46728  46722  46698  46725  46722  46701  46686  46667  46654  46669  46663  46662  46668  46672  46669  46666
  741.105   469866   632.72   470298   634.30  47026  47041  47045  47022  47018  47042  47021  47015  47044  47024  46977  46990  46977  46991  46985  46984  46991  46993  46991  46987
  746.106   473178   640.89   473480   643.44  47357  47341  47344  47352  47348  47342  47352  47345  47344  47355  47309  47321  47309  47321  47316  47315  47323  47324  47321  47319
  751.105   476514   647.32   476833   649.66  47689  47679  47681  47685  47685  47679  47685  47682  47681  47687  47646  47655  47641  47654  47649  47647  47657  47657  47656  47652
  756.105   479595   631.73   479955   636.26  48005  47991  47992  47998  47997  47990  47999  47991  47991  48001  47960  47969  47955  47935  47967  47961  47972  47937  47973  47966
  761.105   482816   635.03   483244   636.61  48334  48320  48322  48326  48327  48320  48326  48320  48321  48328  48287  48297  48282  48267  48262  48289  48302  48268  48269  48293
  766.105   485980   642.46   486406   636.79  48621  48639  48641  48646  48646  48640  48645  48639  48641  48648  48607  48615  48601  48587  48582  48610  48589  48587  48588  48614
  771.105   489129   645.34   489613   640.54  48948  48965  48967  48973  48976  48968  48940  48965  48969  48942  48903  48912  48927  48914  48910  48906  48916  48915  48916  48910
  776.105   492331   640.59   492748   642.44  49270  49287  49289  49265  49268  49258  49265  49288  49291  49267  49226  49237  49219  49238  49232  49228  49238  49241  49239  49233
  781.105   495398   629.46   495687   632.68  49574  49562  49564  49572  49576  49564  49572  49563  49566  49574  49533  49544  49528  49543  49539  49535  49544  49548  49545  49539
  786.105   498757   636.58   499043   640.54  49910  49897  49899  49908  49911  49899  49909  49899  49901  49910  49869  49880  49864  49878  49876  49871  49881  49882  49881  49875
  791.105   502091   638.59   502441   638.99  50251  50238  50239  50248  50251  50237  50249  50238  50240  50250  50208  50219  50205  50188  50215  50211  50219  50191  50220  50215
  796.105   505251   640.26   505666   640.96  50575  50562  50560  50569  50572  50560  50573  50561  50563  50571  50532  50543  50526  50508  50505  50535  50543  50511  50510  50538
  801.105   508338   643.58   508848   637.97  50868  50886  50884  50893  50895  50885  50866  50888  50887  50896  50825  50835  50850  50834  50830  50828  50836  50835  50835  50830
  806.105   511412   640.32   511893   636.23  51179  51196  51196  51172  51205  51195  51178  51198  51199  51175  51135  51146  51129  51143  51141  51138  51147  51145  51146  51142
  811.105   514583   642.77   515002   643.78  51496  51514  51513  51489  51493  51511  51494  51484  51516  51492  51452  51465  51445  51460  51457  51455  51464  51462  51463  51460
  816.106   517830   633.41   518178   639.92  51820  51807  51837  51813  51816  51834  51818  51809  51809  51815  51776  51791  51771  51785  51780  51779  51790  51787  51787  51784
  821.105   520947   624.18   521235   630.69  52131  52120  52117  52124  52129  52113  52129  52122  52122  52128  52087  52103  52082  52097  52092  52091  52102  52099  52099  52095
  826.105   524056   620.93   524418   621.87  52449  52444  52431  52442  52447  52427  52446  52442  52444  52446  52404  52423  52399  52379  52411  52408  52419  52382  52418  52413
  831.105   527091   626.04   527639   621.91  52770  52766  52755  52765  52767  52750  52768  52765  52766  52767  52724  52709  52720  52701  52695  52728  52706  52704  52702  52702
  836.105   530227   629.12   530754   626.09  53054  53084  53072  53084  53085  53068  53052  53083  53086  53086  53043  53025  53038  53018  53011  53012  53022  53020  53018  53020
  841.105   533462   633.54   533853   630.59  53385  53381  53399  53381  53382  53397  53383  53380  53382  53383  53339  53356  53335  53348  53341  53342  53352  53350  53349  53350
  846.105   536614   628.21   537000   629.45  53700  53696  53714  53694  53695  53714  53697  53694  53698  53698  53654  53672  53648  53662  53656  53656  53669  53665  53666  53666
  851.105   539890   628.85   540240   636.67  54026  54024  54010  54021  54021  54040  54025  54021  54026  54026  53982  54000  53976  53991  53983  53984  53997  53991  53994  53992
  856.105   543094   630.99   543431   636.03  54347  54345  54335  54342  54344  54332  54348  54342  54349  54347  54303  54319  54296  54310  54304  54306  54318  54312  54314  54312
  861.105   546142   634.04   546630   629.98  54666  54666  54655  54663  54664  54650  54668  54663  54668  54667  54622  54607  54616  54601  54626  54626  54607  54601  54604  54632
  866.105   549181   631.95   549698   627.55  54972  54974  54963  54968  54971  54958  54976  54968  54976  54972  54928  54915  54921  54908  54902  54933  54915  54908  54912  54939
  871.106   552184   626.04   552679   625.07  55281  55249  55271  55278  55279  55265  55249  55277  55250  55280  55237  55222  55230  55213  55208  55208  55220  55214  55217  55215
  876.105   555477   633.01   555871   630.79  55583  55584  55609  55579  55584  55602  55584  55579  55584  55583  55539  55560  55532  55549  55544  55542  55557  55551  55552  55551
  881.105   558713   630.50   559079   629.90  55906  55911  55899  55903  55908  55927  55909  55904  55907  55905  55862  55883  55856  55873  55867  55866  55880  55873  55876  55877
  886.105   562089   629.43   562427   637.45  56245  56249  56236  56242  56248  56228  56247  56245  56245  56242  56202  56221  56197  56210  56204  56202  56216  56210  56212  56215
  891.105   565419   637.99   565766   639.90  56577  56583  56571  56575  56582  56563  56582  56579  56579  56575  56536  56555  56530  56541  56536  56536  56549  56542  56545  56549
  896.105   568648   643.44   569043   641.36  56906  56910  56899  56903  56909  56892  56908  56905  56907  56904  56863  56850  56856  56867  56863  56862  56874  56867  56871  56875
  901.105   571709   649.32   572200   647.04  57225  57196  57217  57223  57229  57208  57228  57226  57226  57222  57183  57166  57175  57153  57149  57182  57195  57152  57192  57162
  906.105   574920   651.43   575465   651.50  57557  57532  57550  57556  57531  57542  57527  57557  57557  57556  57484  57502  57507  57488  57484  57483  57495  57487  57491  57499
  911.105   578143   652.01   578574   652.18  57853  57858  57875  57852  57856  57869  57853  57853  57854  57851  57809  57828  57801  57814  57810  57809  57822  57812  57814  57824
  916.106   581410   645.03   581831   648.99  58179  58187  58202  58177  58182  58194  58178  58178  58178  58176  58134  58158  58126  58142  58138  58133  58149  58140  58138  58152
  921.105   584501   633.01   584877   638.85  58487  58495  58476  58485  58489  58505  58486  58485  58487  58482  58441  58468  58434  58455  58447  58440  58458  58448  58446  58464
  926.105   587665   632.97   588082   636.83  58811  58816  58802  58810  58814  58793  58810  58810  58811  58805  58766  58759  58758  58745  58769  58765  58779  58769  58770  58785
  931.105   590723   631.14   591166   629.60  59118  59124  59112  59117  59123  59104  59119  59117  59118  59114  59075  59071  59066  59055  59077  59074  59087  59076  59078  59064
  936.105   593858   631.38   594354   626.64  59439  59416  59434  59439  59445  59427  59440  59439  59439  59436  59396  59394  59390  59378  59370  59396  59380  59368  59401  59385
  941.105   596811   625.17   597404   624.03  59754  59724  59746  59753  59720  59736  59717  59753  59754  59747  59672  59705  59667  59685  59679  59672  59687  59676  59676  59692
  946.105   600234   630.64   600669   629.06  60060  60065  60083  60059  60064  60075  60061  60059  60059  60084  60016  60044  60012  60024  60021  60016  60030  60019  60020  60032
  951.105   603410   630.27   603788   633.49  60379  60383  60370  60377  60381  60395  60378  60377  60377  60371  60332  60364  60328  60343  60340  60333  60346  60337  60337  60350
  956.105   606722   633.93   607100   637.08  60714  60718  60704  60711  60715  60696  60713  60711  60712  60706  60664  60666  60663  60679  60676  60668  60681  60670  60672  60683
  961.105   609939   636.78   610343   640.84  61038  61043  61027  61037  61040  61018  61039  61037  61037  61027  60989  60989  60987  60967  61000  60995  61009  60995  60998  61010
  966.105   613159   640.17   613592   638.12  61364  61367  61353  61359  61365  61345  61363  61359  61364  61353  61317  61315  61312  61297  61323  61320  61333  61319  61322  61301
  971.105   616170   646.59   616691   641.22  61677  61651  61665  61673  61679  61658  61674  61673  61676  61665  61630  61628  61625  61610  61606  61604  61616  61602  61634  61615
  976.105   619226   636.31   619720   634.23  61962  61965  61980  61987  61964  61976  61958  61987  61961  61980  61914  61944  61909  61926  61918  61920  61931  61915  61919  61930
  981.105   622304   631.95   622743   632.95  62271  62272  62288  62265  62271  62285  62267  62265  62271  62288  62222  62251  62217  62235  62225  62227  62239  62223  62228  62237
  986.105   625478   625.97   625944   628.93  62592  62595  62609  62584  62590  62606  62586  62584  62589  62609  62543  62541  62536  62556  62546  62548  62560  62545  62547  62556
  991.105   628765   625.68   629168   630.68  62923  62928  62910  62915  62922  62906  62917  62915  62921  62911  62875  62873  62867  62857  62877  62881  62892  62877  62878  62888
  996.105   631840   619.77   632247   622.92  63232  63238  63218  63223  63230  63212  63224  63224  63228  63218  63181  63180  63174  63163  63185  63189  63201  63184  63186  63197
 1001.105   634870   622.42   635386   619.63  63550  63521  63534  63540  63547  63530  63543  63541  63546  63534  63499  63495  63491  63477  63465  63472  63483  63504  63504  63480
 1006.105   638040   628.18   638583   625.52  63867  63844  63856  63858  63866  63851  63862  63859  63865  63855  63815  63816  63811  63798  63789  63793  63805  63789  63821  63803
 1011.105   641346   637.97   641854   636.12  64176  64183  64194  64197  64175  64190  64172  64199  64174  64194  64123  64154  64121  64138  64130  64133  64144  64131  64129  64143
 1016.105   644723   643.62   645177   642.11  64515  64521  64533  64503  64513  64528  64511  64506  64514  64533  64460  64492  64460  64477  64465  64470  64482  64468  64468  64481
 1021.105   647829   634.19   648277   637.92  64829  64833  64845  64816  64825  64841  64825  64819  64828  64816  64774  64774  64774  64791  64779  64783  64794  64782  64782  64796
 1026.105   650998   636.01   651407   640.64  65150  65156  65131  65134  65148  65127  65144  65138  65146  65133  65093  65092  65094  65080  65099  65104  65113  65103  65103  65117
 1031.105   654209   641.31   654658   641.24  65474  65478  65457  65459  65474  65454  65469  65463  65472  65458  65419  65418  65419  65408  65422  65427  65437  65425  65427  65407
 1036.105   657229   641.81   657771   639.70  65762  65763  65773  65777  65793  65771  65787  65781  65789  65775  65736  65735  65738  65724  65709  65713  65723  65712  65715  65724
 1041.105   660351   636.61   660838   634.73  66077  66079  66089  66096  66076  66086  66071  66100  66073  66091  66052  66052  66022  66040  66024  66027  66038  66026  66030  66040
 1046.105   663523   628.58   664016   627.54  66399  66400  66411  66420  66396  66407  66392  66385  66394  66412  66335  66376  66342  66362  66343  66349  66359  66345  66351  66361
 1051.105   666958   638.72   667421   639.19  66744  66743  66754  66729  66741  66750  66737  66730  66739  66754  66679  66719  66686  66705  66688  66692  66703  66688  66694  66704
 1056.105   670295   643.19   670819   646.07  67084  67083  67092  67069  67082  67089  67078  67070  67080  67092  67018  67027  67028  67014  67027  67032  67044  67027  67033  67045
 1061.105   673394   634.70   673843   635.81  67394  67392  67368  67389  67392  67365  67392  67389  67394  67368  67338  67331  67341  67320  67334  67339  67352  67341  67345  67353
 1066.105   676482   643.42   677003   641.44  67688  67685  67696  67722  67724  67693  67688  67722  67690  67695  67633  67659  67634  67648  67668  67671  67648  67635  67637  67649
 1071.105   679778   651.93   680262   651.83  68026  68025  68033  68019  68022  68029  68027  68019  68029  68033  67970  67995  67972  67985  67965  67968  67987  67973  67977  67986
 1076.105   683110   656.26   683593   656.97  68359  68357  68366  68354  68356  68362  68358  68354  68361  68366  68304  68327  68306  68317  68299  68303  68320  68306  68310  68318
 1081.105   686255   645.25   686735   644.68  68674  68671  68681  68666  68669  68676  68672  68669  68676  68681  68619  68641  68620  68632  68613  68615  68635  68620  68625  68635
 1086.105   689535   635.59   690013   636.56  69002  68998  69009  68994  68997  69002  69001  68996  69005  69009  68947  68968  68948  68961  68940  68942  68964  68948  68954  68963
 1091.105   692733   640.37   693238   640.20  69325  69321  69330  69317  69320  69325  69325  69318  69327  69330  69269  69291  69272  69250  69263  69266  69285  69272  69278  69287
 1096.105   695750   643.08   696287   641.26  69648  69641  69617  69640  69643  69613  69613  69641  69614  69617  69592  69579  69561  69569  69586  69589  69572  69560  69568  69574
 1101.105   698918   641.22   699360   640.85  69938  69932  69940  69932  69935  69937  69938  69932  69937  69939  69882  69904  69884  69892  69875  69910  69897  69885  69892  69897
 1106.105   702068   636.17   702551   636.17  70256  70253  70258  70253  70256  70254  70255  70253  70255  70258  70200  70222  70201  70211  70193  70198  70215  70203  70210  70215
 1111.105   705208   633.93   705687   635.97  70569  70566  70574  70566  70569  70569  70568  70565  70569  70572  70514  70536  70515  70526  70507  70513  70529  70516  70523  70529
 1116.105   708256   623.19   708731   626.11  70874  70869  70878  70872  70872  70873  70872  70870  70874  70877  70820  70840  70819  70830  70811  70818  70835  70821  70828  70834
 1121.105   711532   620.40   712004   621.61  71201  71195  71206  71199  71199  71201  71200  71195  71202  71206  71147  71169  71146  71159  71139  71145  71163  71146  71156  71162
 1126.105   714697   627.45   715200   625.20  71522  71519  71499  71521  71522  71524  71522  71519  71523  71529  71468  71460  71468  71451  71461  71469  71487  71468  71479  71486
 1131.105   717756   626.78   718285   627.55  71836  71834  71813  71835  71837  71807  71837  71835  71838  71813  71783  71775  71782  71769  71775  71784  71771  71784  71762  71771
 1136.105   720792   626.24   721291   626.78  72122  72149  72128  72121  72152  72124  72122  72121  72124  72128  72068  72092  72066  72087  72059  72099  72087  72069  72078  72087
 1141.105   723882   625.64   724356   626.48  72434  72431  72441  72433  72434  72438  72434  72433  72438  72440  72382  72402  72379  72397  72370  72380  72399  72382  72392  72399
 1146.105   727006   625.81   727477   629.06  72746  72742  72753  72747  72746  72750  72746  72745  72749  72753  72693  72716  72692  72710  72683  72693  72710  72694  72705  72710
 1151.105   730270   623.44   730778   626.80  73078  73070  73083  73076  73076  73081  73076  73076  73079  73083  73025  73045  73019  73006  73013  73023  73040  73023  73035  73041
 1156.105   733253   615.62   733821   615.78  73382  73375  73387  73381  73380  73384  73381  73381  73383  73387  73328  73320  73324  73311  73317  73328  73344  73327  73310  73344
 1161.105   736198   614.73   736799   613.02  73687  73679  73661  73685  73683  73686  73685  73685  73687  73661  73602  73623  73628  73614  73620  73632  73618  73631  73614  73616
 1166.105   739234   617.75   739757   617.52  73969  73994  73975  73968  73998  73970  73969  73968  73971  73975  73914  73935  73910  73926  73936  73915  73931  73912  73926  73929
 1171.105   742338   619.33   742843   620.37  74284  74276  74292  74282  74279  74286  74284  74282  74286  74292  74229  74248  74222  74241  74217  74228  74245  74224  74241  74243
 1176.105   745453   616.97   745957   618.07  74597  74586  74603  74595  74589  74598  74596  74593  74597  74603  74540  74559  74534  74553  74528  74540  74556  74538  74551  74554
 1181.105   748765   615.10   749268   616.07  74929  74915  74935  74927  74918  74928  74929  74923  74929  74935  74871  74891  74865  74884  74859  74871  74888  74868  74884  74884
 1186.105   751800   614.56   752338   613.56  75235  75224  75241  75234  75226  75236  75234  75232  75235  75241  75177  75197  75173  75160  75167  75178  75194  75175  75189  75190
 1191.105   754991   623.37   755534   622.43  75562  75548  75537  75560  75551  75561  75560  75557  75561  75537  75503  75493  75498  75483  75490  75503  75521  75500  75484  75516
