Test case: 
Description: 
	10 senders: persistent queues
	10 receivers: client acknowledge every 50 messages
Timestamp: 2011.11.1 22:21:51
Version: 
Setting up JMS benchmark connections... 

Start processing messages.
Thu Dec 01 22:21:51 EST 2011

  Seconds   Send   Send/Sec   Recv   Recv/Sec   RCV0   RCV1   RCV2   RCV3   RCV4   RCV5   RCV6   RCV7   RCV8   RCV9  SND10  SND11  SND12  SND13  SND14  SND15  SND16  SND17  SND18  SND19
  ------- -------- -------- -------- -------- ------ ------ ------ ------ ------ ------ ------ ------ ------ ------ ------ ------ ------ ------ ------ ------ ------ ------ ------ ------
    1.170        0     0.00        0     0.00      0      0      0      0      0      0      0      0      0      0      0      0      0      0      0      0      0      0      0      0
    6.170     2672   581.00     2879   626.01    288    290    288    289    288    285    286    285    291    289    267    268    267    267    267    267    269    266    267    267
   11.169     5543   577.46     5760   600.06    575    578    575    577    577    573    575    574    578    578    554    554    554    555    554    553    556    556    553    554
   16.169     8642   589.79     8867   607.33    885    888    886    888    888    884    886    884    889    889    863    864    865    867    866    861    865    865    864    862
   21.169    11752   587.02    11971   596.56   1196   1199   1196   1198   1198   1195   1196   1195   1199   1199   1173   1174   1175   1181   1176   1170   1175   1177   1176   1175
   26.169    14880   591.42    15133   600.20   1510   1515   1511   1513   1515   1512   1512   1512   1517   1516   1488   1490   1492   1463   1493   1485   1490   1494   1493   1492
   31.169    17976   599.99    18250   607.15   1825   1829   1826   1828   1830   1827   1826   1827   1801   1831   1804   1805   1776   1784   1778   1801   1805   1808   1808   1807
   36.169    20887   609.18    21066   609.28   2132   2104   2101   2105   2105   2102   2102   2102   2107   2106   2079   2081   2083   2091   2085   2107   2112   2084   2084   2081
   41.169    23844   614.13    24058   614.03   2401   2405   2403   2408   2408   2405   2405   2405   2409   2409   2383   2384   2384   2393   2385   2377   2382   2387   2386   2383
   46.169    26900   611.64    27113   612.28   2707   2712   2709   2713   2713   2710   2710   2710   2715   2714   2687   2689   2689   2699   2690   2686   2689   2692   2691   2688
   51.169    30037   611.44    30254   612.45   3020   3026   3024   3027   3027   3024   3025   3024   3029   3028   3000   3002   3004   3013   3004   3001   3000   3007   3005   3001
   56.169    33266   606.38    33476   606.17   3342   3349   3347   3350   3349   3346   3347   3346   3350   3350   3324   3325   3326   3334   3327   3324   3323   3330   3329   3324
   61.169    36266   604.66    36508   602.55   3646   3653   3650   3653   3652   3649   3650   3649   3653   3653   3627   3630   3629   3606   3630   3627   3627   3632   3631   3627
   66.169    39199   611.31    39413   612.45   3959   3934   3931   3933   3964   3930   3931   3961   3936   3934   3939   3909   3910   3918   3912   3907   3939   3913   3912   3940
   71.169    42329   620.32    42572   620.19   4283   4256   4253   4255   4254   4252   4253   4252   4258   4256   4230   4231   4233   4241   4235   4229   4230   4235   4234   4231
   76.169    45371   618.83    45578   619.63   4553   4560   4557   4559   4558   4556   4557   4556   4562   4560   4534   4535   4537   4547   4539   4533   4534   4539   4538   4535
   81.169    48450   615.64    48660   617.65   4859   4869   4866   4868   4866   4865   4866   4863   4871   4867   4841   4844   4846   4854   4848   4841   4839   4847   4846   4844
   86.170    51682   608.93    51891   611.14   5182   5192   5188   5192   5189   5188   5188   5186   5196   5190   5164   5167   5169   5177   5173   5164   5163   5170   5168   5167
   91.169    54748   611.11    54986   611.01   5491   5503   5499   5502   5498   5498   5498   5494   5504   5499   5473   5477   5479   5454   5481   5474   5474   5480   5479   5477
   96.169    57800   617.58    58009   617.42   5804   5786   5814   5785   5814   5781   5813   5809   5787   5816   5788   5761   5762   5767   5763   5789   5789   5796   5793   5792
  101.170    60831   619.83    61069   618.62   6124   6105   6100   6104   6101   6100   6100   6127   6106   6102   6076   6080   6082   6086   6083   6077   6108   6082   6079   6078
  106.169    63925   622.60    64170   622.83   6436   6420   6412   6418   6415   6414   6412   6408   6420   6415   6388   6394   6396   6400   6395   6389   6388   6394   6390   6391
  111.169    67027   622.37    67247   623.75   6716   6730   6724   6729   6725   6725   6723   6719   6730   6726   6699   6703   6705   6710   6705   6699   6699   6704   6701   6702
  116.169    70160   615.73    70386   616.26   7031   7045   7038   7043   7038   7039   7036   7032   7044   7040   7012   7015   7019   7024   7019   7012   7013   7018   7013   7015
  121.169    73335   615.52    73563   615.15   7349   7361   7356   7360   7356   7358   7353   7350   7362   7358   7329   7332   7336   7342   7336   7330   7330   7336   7331   7333
  126.169    76413   614.40    76678   616.21   7659   7674   7666   7672   7667   7670   7665   7662   7675   7668   7641   7644   7646   7619   7649   7642   7642   7645   7642   7643
  131.169    79355   615.93    79622   615.83   7965   7948   7975   7945   7976   7943   7974   7970   7949   7977   7949   7919   7919   7925   7923   7949   7949   7953   7951   7918
  136.169    82605   624.70    82845   624.56   8299   8284   8277   8281   8280   8280   8277   8302   8286   8279   8281   8255   8255   8261   8258   8251   8283   8254   8252   8255
  141.169    85912   633.72    86192   634.63   8637   8623   8615   8618   8618   8618   8614   8608   8624   8617   8587   8591   8593   8598   8596   8587   8588   8590   8590   8592
  146.169    89296   642.15    89548   641.74   8941   8962   8955   8957   8957   8956   8953   8946   8965   8956   8924   8930   8931   8937   8934   8925   8927   8928   8929   8931
  151.169    92543   641.24    92792   641.95   9267   9287   9279   9281   9281   9281   9277   9271   9288   9280   9249   9254   9256   9259   9257   9251   9254   9255   9253   9255
  156.170    95722   638.79    95967   639.09   9585   9606   9596   9599   9598   9597   9595   9588   9605   9598   9566   9572   9575   9578   9573   9570   9573   9573   9571   9571
  161.169    98791   643.69    99033   643.89   9896   9888   9909   9913   9912   9909   9907   9901   9887   9911   9879   9886   9857   9860   9887   9884   9886   9886   9883   9883
  166.169   101975   643.42   102331   644.83  10225  10215  10238  10243  10243  10240  10237  10233  10214  10243  10211  10179  10184  10187  10218  10176  10215  10216  10213  10176
  171.169   105096   642.68   105375   641.54  10548  10542  10528  10534  10534  10531  10527  10556  10541  10534  10531  10507  10511  10514  10509  10506  10505  10505  10503  10505
  176.169   108470   642.32   108719   642.15  10888  10880  10865  10870  10871  10868  10865  10861  10879  10872  10868  10845  10849  10852  10847  10843  10841  10842  10841  10842
  181.169   111884   646.88   112173   647.11  11234  11225  11210  11215  11216  11213  11210  11208  11224  11218  11179  11189  11194  11197  11191  11188  11187  11187  11186  11186
  186.169   115339   653.68   115595   656.40  11545  11569  11555  11561  11563  11559  11555  11554  11570  11564  11523  11536  11539  11543  11538  11535  11532  11533  11530  11530
  191.170   118544   656.51   118807   657.18  11867  11889  11877  11882  11884  11881  11877  11876  11889  11885  11844  11857  11858  11863  11858  11855  11854  11855  11851  11849
  196.169   121747   655.86   122014   652.91  12193  12185  12204  12209  12211  12208  12204  12203  12184  12213  12170  12184  12153  12158  12186  12183  12180  12180  12178  12175
  201.169   125154   668.23   125494   667.96  12544  12533  12556  12561  12563  12560  12557  12556  12533  12531  12520  12501  12501  12506  12504  12501  12531  12532  12531  12527
  206.169   128349   661.85   128557   662.55  12865  12854  12873  12847  12849  12846  12873  12843  12854  12853  12839  12823  12822  12827  12824  12825  12848  12849  12848  12844
  211.169   131511   657.48   131790   657.15  13197  13183  13171  13175  13178  13177  13171  13173  13183  13182  13167  13152  13152  13156  13153  13153  13146  13146  13145  13141
  216.169   134574   644.48   134820   645.16  13472  13488  13479  13482  13484  13483  13478  13479  13488  13487  13471  13458  13456  13461  13459  13458  13455  13454  13453  13449
  221.169   137502   631.16   137779   632.64  13768  13784  13774  13779  13780  13780  13772  13776  13783  13783  13738  13754  13752  13756  13755  13753  13750  13749  13748  13747
  226.170   140455   620.76   140723   620.79  14062  14078  14069  14073  14075  14074  14068  14070  14077  14077  14033  14048  14046  14052  14049  14047  14046  14045  14045  14044
  231.169   143483   606.74   143787   604.50  14368  14384  14376  14379  14382  14380  14375  14377  14383  14383  14339  14354  14351  14327  14354  14351  14353  14352  14353  14349
  236.169   146437   603.78   146715   605.09  14680  14665  14688  14691  14661  14660  14687  14657  14662  14664  14650  14633  14632  14637  14664  14632  14664  14664  14632  14629
  241.170   149459   601.24   149736   601.21  14990  14977  14968  14970  14972  14972  14968  14969  14974  14976  14963  14943  14944  14949  14942  14944  14943  14944  14945  14942
  246.169   152472   599.53   152747   600.54  15291  15278  15269  15269  15274  15273  15270  15270  15276  15277  15265  15245  15245  15251  15241  15246  15244  15245  15246  15244
  251.169   155529   604.93   155804   604.87  15571  15586  15577  15579  15583  15580  15580  15580  15584  15584  15544  15554  15553  15558  15549  15554  15554  15556  15555  15552
  256.169   158662   605.62   158941   603.85  15884  15900  15890  15891  15897  15894  15894  15894  15898  15899  15857  15866  15868  15872  15864  15868  15866  15868  15868  15865
  261.169   161911   609.03   162194   608.32  16209  16227  16215  16217  16222  16218  16218  16219  16223  16226  16181  16191  16194  16198  16189  16192  16192  16193  16193  16188
  266.169   164988   615.70   165305   615.94  16526  16512  16533  16535  16538  16535  16536  16537  16541  16512  16499  16509  16479  16482  16506  16509  16510  16509  16479  16506
  271.169   167948   618.48   168231   618.64  16837  16824  16843  16816  16819  16815  16816  16817  16820  16824  16809  16791  16792  16794  16815  16790  16791  16789  16791  16786
  276.169   170994   620.49   171274   620.62  17148  17130  17120  17123  17126  17122  17122  17125  17128  17130  17119  17099  17101  17101  17091  17097  17099  17095  17098  17094
  281.169   174341   631.28   174617   631.31  17453  17467  17457  17460  17463  17459  17459  17463  17467  17469  17424  17437  17438  17440  17429  17435  17436  17434  17437  17431
  286.169   177703   635.84   177977   636.71  17790  17802  17792  17795  17801  17797  17793  17799  17803  17805  17761  17773  17773  17776  17765  17771  17771  17772  17773  17768
  291.169   180898   629.65   181169   630.26  18110  18121  18111  18113  18120  18116  18112  18118  18123  18125  18080  18093  18094  18096  18084  18090  18090  18091  18093  18087
  296.169   183988   629.72   184292   627.14  18422  18433  18424  18426  18431  18428  18424  18431  18436  18437  18392  18406  18374  18408  18396  18402  18402  18402  18406  18400
  301.169   187215   640.86   187527   639.52  18755  18768  18758  18759  18766  18763  18757  18731  18735  18735  18724  18705  18707  18706  18730  18736  18735  18736  18704  18732
  306.169   190556   653.19   190873   653.39  19102  19079  19102  19102  19078  19074  19101  19075  19080  19080  19068  19049  19052  19051  19073  19046  19079  19046  19049  19043
  311.169   194000   657.68   194289   658.12  19448  19428  19418  19448  19426  19423  19417  19423  19429  19429  19415  19397  19400  19400  19419  19393  19395  19393  19398  19390
  316.169   197160   651.70   197454   653.61  19738  19750  19741  19739  19749  19746  19740  19746  19752  19753  19704  19721  19723  19722  19709  19716  19716  19715  19721  19713
  321.170   200555   657.35   200851   659.30  20079  20090  20082  20079  20087  20084  20082  20085  20091  20092  20044  20060  20062  20062  20048  20056  20056  20056  20059  20052
  326.169   203958   663.50   204254   663.20  20419  20430  20424  20419  20427  20424  20423  20424  20432  20432  20384  20400  20401  20403  20387  20397  20397  20397  20400  20392
  331.169   207237   664.60   207564   664.06  20749  20761  20755  20750  20758  20755  20754  20755  20764  20763  20716  20732  20701  20735  20717  20727  20727  20728  20731  20723
  336.169   210352   659.06   210718   656.78  21070  21086  21077  21073  21081  21078  21076  21078  21051  21048  21036  21018  21019  21022  21039  21051  21052  21050  21018  21047
  341.169   213687   657.58   213981   657.72  21412  21393  21416  21416  21390  21387  21388  21387  21398  21394  21379  21363  21367  21368  21381  21358  21361  21391  21365  21354
  346.169   217185   669.73   217436   669.43  21765  21745  21736  21736  21743  21738  21739  21740  21750  21744  21733  21714  21720  21721  21734  21711  21715  21712  21718  21707
  351.169   220649   670.79   220900   671.63  22112  22092  22083  22082  22090  22083  22084  22087  22096  22091  22080  22060  22067  22067  22081  22058  22061  22057  22064  22054
  356.169   223980   667.85   224274   670.47  22417  22433  22422  22423  22431  22422  22424  22429  22441  22432  22383  22399  22408  22410  22384  22397  22400  22396  22409  22394
  361.169   227277   665.50   227610   666.88  22753  22766  22755  22757  22765  22755  22757  22762  22774  22766  22718  22732  22706  22743  22720  22730  22733  22728  22740  22727
  366.169   230350   665.74   230721   662.79  23068  23080  23070  23072  23079  23070  23071  23076  23054  23081  23032  23046  23020  23023  23035  23044  23047  23043  23020  23040
  371.169   233694   664.28   233943   664.82  23403  23415  23403  23405  23384  23403  23404  23381  23390  23385  23367  23380  23354  23359  23370  23378  23381  23376  23355  23374
  376.169   236848   656.03   237232   657.94  23735  23711  23734  23737  23711  23734  23735  23708  23716  23711  23698  23675  23683  23686  23702  23672  23674  23708  23681  23669
  381.169   239918   644.62   240190   647.34  24014  24026  24012  24014  24024  24011  24014  24021  24029  24025  24007  23991  23997  23999  23981  23988  23990  23987  23993  23985
  386.169   243267   643.68   243561   646.06  24350  24364  24348  24350  24361  24347  24352  24359  24367  24363  24311  24330  24335  24339  24318  24326  24328  24326  24332  24322
  391.169   246761   649.48   247059   649.28  24702  24713  24699  24701  24710  24698  24700  24707  24717  24712  24661  24679  24684  24689  24668  24674  24677  24677  24682  24670
  396.169   250073   656.61   250473   657.65  25044  25054  25041  25043  25051  25040  25042  25048  25056  25054  25001  25020  24995  24999  25009  25014  25016  25018  24992  25009
  401.169   253295   650.95   253676   651.02  25369  25377  25365  25367  25373  25364  25366  25371  25348  25376  25323  25343  25316  25319  25332  25337  25338  25342  25312  25333
  406.169   256494   654.22   256814   650.99  25692  25669  25689  25689  25695  25686  25689  25663  25674  25668  25646  25636  25640  25643  25656  25660  25660  25662  25637  25654
  411.169   259511   655.40   259928   657.15  26005  25983  26003  26005  25980  26002  26003  25977  25987  25983  25959  25950  25953  25956  25970  25943  25945  25945  25951  25939
  416.169   262516   643.75   262806   645.83  26277  26287  26275  26277  26284  26273  26275  26282  26289  26287  26262  26253  26256  26259  26243  26248  26249  26248  26254  26244
  421.169   265612   627.53   265906   630.42  26587  26596  26586  26587  26594  26582  26585  26592  26599  26598  26570  26564  26566  26569  26553  26558  26559  26558  26563  26552
  426.169   268725   620.77   269050   618.19  26901  26911  26900  26901  26909  26895  26899  26907  26914  26913  26854  26879  26880  26884  26867  26873  26872  26872  26880  26864
  431.169   271794   614.50   272210   615.54  27216  27228  27216  27216  27226  27209  27215  27223  27231  27230  27168  27196  27167  27169  27184  27189  27188  27188  27166  27179
  436.169   275210   623.00   275593   623.10  27560  27572  27559  27560  27570  27554  27561  27567  27545  27545  27513  27511  27511  27516  27527  27532  27533  27532  27511  27524
  441.169   278475   631.20   278798   626.70  27894  27867  27891  27894  27866  27886  27893  27863  27872  27872  27842  27837  27840  27844  27860  27828  27865  27864  27839  27856
  446.169   281628   639.19   281989   641.51  28188  28199  28218  28188  28198  28213  28186  28195  28202  28202  28170  28167  28170  28173  28153  28160  28160  28158  28166  28151
  451.169   285025   647.15   285356   651.64  28528  28539  28525  28528  28540  28551  28526  28537  28541  28541  28509  28507  28509  28513  28493  28500  28500  28498  28506  28490
  456.170   288350   652.54   288653   653.81  28860  28872  28859  28860  28872  28854  28859  28869  28875  28873  28841  28840  28840  28845  28826  28834  28832  28831  28839  28822
  461.169   291431   655.84   291842   653.46  29178  29192  29175  29179  29192  29172  29178  29189  29195  29192  29128  29157  29125  29161  29144  29154  29148  29148  29126  29140
  466.169   294496   642.86   294879   642.86  29496  29507  29492  29496  29477  29489  29495  29474  29477  29476  29443  29442  29442  29445  29459  29438  29464  29464  29442  29457
  471.169   297684   639.88   298037   639.71  29817  29791  29811  29817  29796  29808  29816  29793  29794  29794  29761  29760  29762  29763  29779  29753  29784  29784  29761  29777
  476.169   301010   649.32   301427   648.01  30159  30135  30151  30159  30139  30148  30126  30135  30137  30138  30103  30102  30103  30107  30122  30096  30093  30094  30103  30087
  481.169   304256   641.74   304649   645.00  30455  30466  30481  30455  30468  30477  30454  30463  30465  30465  30432  30429  30432  30434  30418  30424  30421  30421  30431  30414
  486.169   307558   638.88   307886   643.14  30785  30797  30777  30784  30800  30773  30784  30794  30796  30796  30762  30760  30762  30765  30748  30756  30750  30751  30762  30742
  491.169   310863   645.20   311189   643.49  31115  31127  31109  31114  31129  31105  31115  31123  31126  31126  31093  31090  31092  31095  31079  31087  31081  31082  31092  31072
  496.169   313892   646.54   314324   646.07  31429  31439  31425  31430  31441  31420  31429  31435  31439  31437  31373  31401  31372  31406  31392  31399  31395  31396  31372  31386
  501.169   317115   646.71   317515   647.25  31757  31767  31753  31759  31740  31748  31757  31733  31737  31764  31701  31729  31701  31704  31721  31696  31723  31724  31702  31714
  506.170   320257   641.31   320626   638.56  32077  32052  32070  32078  32057  32068  32075  32048  32052  32049  32018  32014  32016  32020  32039  32012  32042  32042  32021  32033
  511.169   323517   643.01   323890   641.26  32374  32381  32400  32406  32388  32398  32404  32378  32382  32379  32347  32342  32344  32350  32368  32342  32372  32371  32351  32330
  516.169   326835   645.62   327243   647.26  32715  32724  32740  32715  32730  32739  32713  32721  32723  32723  32688  32682  32687  32691  32677  32684  32681  32679  32694  32672
  521.169   329898   634.72   330239   638.28  33023  33029  33014  33023  33035  33013  33020  33026  33028  33028  32991  32989  32993  32998  32985  32989  32989  32987  32997  32980
  526.170   333326   645.17   333664   643.15  33366  33372  33355  33366  33379  33354  33362  33369  33371  33370  33335  33333  33335  33341  33326  33332  33331  33330  33341  33322
  531.169   336607   644.40   336979   644.56  33698  33704  33687  33698  33709  33686  33695  33698  33703  33701  33665  33665  33666  33672  33658  33662  33663  33662  33640  33654
  536.170   339779   647.47   340222   648.58  34027  34033  34012  34027  34001  34011  34023  34027  34031  34030  33955  33993  33957  33965  33987  33991  33992  33990  33966  33983
  541.169   343076   652.81   343481   651.50  34367  34337  34352  34367  34342  34351  34363  34331  34336  34335  34296  34297  34299  34306  34326  34296  34297  34330  34306  34323
  546.169   346330   654.19   346733   651.95  34669  34672  34686  34669  34677  34685  34664  34668  34672  34671  34631  34633  34633  34641  34627  34631  34634  34632  34642  34626
  551.169   349500   655.50   349903   657.58  34985  34989  35005  34985  34993  35004  34980  34985  34989  34988  34948  34950  34950  34960  34943  34948  34951  34949  34959  34942
  556.169   352694   644.12   353041   649.35  35307  35308  35295  35307  35311  35294  35301  35304  35307  35307  35264  35269  35267  35279  35267  35267  35272  35270  35276  35263
  561.170   355952   640.27   356315   641.11  35636  35637  35619  35636  35640  35618  35624  35633  35636  35636  35593  35598  35597  35608  35592  35597  35602  35600  35573  35592
  566.169   359235   644.01   359635   643.61  35969  35969  35951  35968  35972  35949  35956  35965  35968  35968  35925  35930  35928  35906  35926  35928  35933  35931  35903  35925
  571.169   362170   639.43   362652   639.43  36252  36252  36269  36289  36255  36267  36278  36249  36252  36289  36208  36214  36211  36221  36247  36211  36216  36215  36219  36208
  576.170   365487   642.85   365926   640.34  36587  36590  36602  36587  36590  36600  36608  36584  36589  36589  36544  36549  36548  36556  36545  36546  36553  36551  36552  36543
  581.169   368757   646.21   369164   644.06  36915  36916  36930  36915  36917  36928  36903  36910  36915  36915  36872  36875  36873  36883  36872  36873  36879  36879  36881  36870
  586.169   372105   649.30   372513   651.31  37250  37251  37263  37250  37253  37261  37238  37245  37250  37252  37206  37211  37208  37216  37207  37207  37215  37214  37215  37206
  591.169   375145   636.43   375541   637.54  37557  37559  37537  37557  37569  37536  37546  37554  37557  37569  37512  37516  37514  37526  37512  37511  37530  37519  37493  37512
  596.169   378358   634.23   378758   636.34  37885  37887  37867  37885  37865  37865  37872  37882  37885  37865  37840  37844  37842  37822  37839  37839  37825  37846  37821  37840
  601.169   381571   644.18   381978   643.61  38206  38208  38191  38205  38189  38189  38194  38202  38205  38189  38160  38164  38163  38146  38159  38160  38149  38165  38145  38160
  606.169   384452   635.42   384890   635.36  38482  38484  38496  38481  38495  38495  38500  38479  38482  38496  38435  38440  38439  38453  38466  38437  38456  38440  38451  38435
  611.169   387672   632.61   388146   631.63  38807  38812  38822  38806  38820  38821  38826  38804  38807  38821  38759  38765  38765  38777  38760  38762  38782  38766  38777  38759
  616.169   390879   626.80   391325   626.93  39127  39132  39144  39126  39142  39143  39116  39125  39127  39143  39079  39086  39085  39098  39081  39083  39104  39086  39098  39079
  621.169   394058   631.24   394451   632.28  39445  39452  39431  39445  39461  39430  39434  39444  39445  39464  39396  39403  39402  39419  39397  39402  39421  39403  39416  39399
  626.169   397226   632.09   397663   632.26  39772  39780  39760  39772  39755  39759  39762  39771  39772  39760  39723  39730  39730  39714  39724  39728  39714  39730  39709  39724
  631.169   400341   623.60   400780   625.72  40084  40092  40071  40084  40067  40070  40074  40082  40084  40072  40036  40042  40040  40026  40035  40039  40025  40041  40021  40036
  636.170   403663   636.74   404061   637.62  40416  40392  40401  40416  40397  40400  40406  40415  40416  40402  40368  40376  40373  40358  40369  40372  40357  40371  40351  40368
  641.169   406686   635.91   407130   632.75  40702  40713  40723  40702  40716  40722  40724  40701  40702  40725  40653  40662  40660  40677  40688  40657  40676  40689  40671  40653
  646.169   409812   632.11   410332   632.35  41023  41033  41044  41023  41036  41041  41044  41019  41023  41046  40971  40981  40979  40996  40975  40977  40995  40976  40990  40972
  651.170   413095   635.70   413487   636.68  41351  41361  41340  41351  41364  41339  41340  41348  41351  41342  41300  41308  41306  41323  41305  41306  41323  41307  41318  41299
  656.170   416389   639.56   416786   639.33  41681  41692  41669  41681  41694  41669  41670  41677  41681  41672  41629  41638  41635  41652  41635  41636  41652  41636  41646  41630
  661.169   419605   645.30   420081   643.02  42014  42025  42002  42014  41993  42002  42004  42009  42014  42004  41961  41969  41966  41952  41966  41968  41951  41967  41945  41960
  666.169   422807   634.69   423248   639.42  42335  42312  42323  42333  42314  42322  42324  42329  42332  42324  42281  42289  42287  42272  42285  42286  42271  42288  42267  42281
  671.169   426133   645.54   426547   644.43  42640  42646  42656  42664  42648  42655  42656  42661  42663  42658  42613  42621  42619  42607  42617  42618  42603  42621  42601  42613
  676.169   429061   643.93   429542   640.60  42950  42956  42964  42943  42956  42963  42964  42939  42941  42966  42891  42900  42897  42912  42925  42896  42911  42900  42909  42920
  681.169   432079   633.81   432535   635.93  43257  43264  43243  43250  43265  43271  43243  43247  43250  43245  43200  43207  43204  43219  43204  43204  43219  43206  43217  43199
  686.169   435273   630.29   435693   631.06  43577  43583  43562  43570  43583  43556  43562  43566  43570  43564  43520  43527  43523  43537  43523  43523  43539  43526  43536  43519
  691.169   438428   628.52   438857   626.95  43893  43898  43880  43886  43897  43874  43880  43882  43885  43882  43835  43842  43840  43851  43840  43840  43853  43843  43850  43834
  696.169   441618   622.00   442040   625.99  44219  44191  44204  44211  44190  44198  44203  44208  44211  44205  44160  44167  44165  44144  44165  44166  44179  44170  44143  44159
  701.169   444762   617.35   445224   618.89  44535  44509  44522  44531  44506  44516  44523  44527  44529  44526  44478  44485  44483  44462  44483  44484  44462  44487  44461  44477
  706.169   447839   624.18   448275   623.58  44816  44823  44833  44812  44818  44827  44833  44837  44839  44837  44786  44794  44794  44777  44793  44793  44775  44768  44773  44786
  711.169   450829   628.09   451327   628.49  45132  45142  45150  45130  45135  45143  45121  45124  45127  45123  45071  45082  45081  45095  45079  45081  45094  45084  45090  45072
  716.169   453897   622.75   454364   624.33  45438  45449  45425  45436  45441  45451  45429  45431  45433  45431  45379  45387  45387  45403  45386  45388  45400  45389  45397  45381
  721.169   457033   621.21   457465   622.35  45752  45763  45737  45748  45754  45734  45741  45745  45748  45743  45692  45699  45700  45716  45702  45701  45714  45703  45709  45697
  726.169   460405   627.42   460843   628.96  46091  46074  46079  46089  46095  46074  46082  46086  46089  46084  46032  46038  46039  46027  46043  46043  46054  46043  46049  46037
  731.169   463667   624.63   464137   628.66  46421  46402  46409  46418  46426  46400  46412  46417  46418  46414  46362  46369  46369  46353  46371  46374  46384  46372  46346  46367
  736.169   466724   627.48   467223   628.52  46732  46714  46720  46732  46705  46712  46723  46729  46732  46724  46677  46678  46679  46664  46685  46654  46663  46686  46659  46679
  741.169   469819   635.17   470317   634.13  47023  47036  47041  47024  47027  47033  47043  47021  47024  47045  46970  46998  46999  46985  46976  46976  46985  46978  46982  46970
  746.169   473093   641.95   473629   642.11  47355  47366  47373  47355  47358  47366  47374  47352  47355  47375  47301  47329  47298  47314  47308  47307  47315  47309  47311  47301
  751.169   476399   646.93   476873   649.42  47687  47699  47678  47687  47691  47699  47679  47686  47687  47680  47635  47634  47634  47647  47642  47639  47648  47642  47644  47634
  756.169   479548   637.57   479971   639.48  48001  48016  47986  48001  48007  47979  47991  48000  48001  47989  47951  47945  47946  47963  47957  47952  47966  47958  47961  47949
  761.169   482802   634.70   483231   635.47  48328  48312  48319  48328  48335  48309  48324  48328  48328  48320  48280  48274  48277  48260  48286  48279  48294  48285  48291  48276
  766.169   485934   638.19   486397   638.05  48647  48631  48639  48648  48624  48630  48643  48647  48647  48641  48599  48594  48597  48579  48605  48598  48582  48605  48578  48597
  771.169   489082   643.14   489672   641.87  48975  48960  48965  48975  48951  48957  48972  48975  48975  48967  48894  48920  48926  48906  48902  48925  48909  48902  48904  48894
  776.169   492249   641.78   492745   639.40  49267  49283  49287  49267  49275  49279  49264  49266  49267  49290  49216  49242  49218  49230  49224  49217  49232  49224  49228  49218
  781.170   495308   632.45   495807   632.25  49574  49587  49594  49574  49582  49583  49571  49572  49574  49596  49524  49548  49525  49535  49530  49523  49537  49528  49534  49524
  786.169   498632   638.23   499101   638.70  49910  49923  49898  49910  49917  49919  49905  49908  49910  49901  49859  49852  49860  49870  49866  49860  49871  49861  49873  49860
  791.169   502024   638.89   502497   643.46  50250  50262  50238  50251  50257  50258  50243  50247  50251  50240  50198  50192  50200  50208  50204  50200  50209  50201  50213  50199
  796.169   505188   638.52   505691   640.94  50571  50585  50561  50575  50580  50547  50566  50568  50575  50563  50521  50515  50522  50499  50526  50522  50534  50524  50503  50522
  801.169   508394   641.73   508874   639.01  50895  50876  50886  50900  50872  50873  50892  50892  50900  50888  50845  50840  50846  50824  50848  50845  50825  50848  50827  50846
  806.169   511430   638.46   511914   638.05  51205  51187  51196  51179  51180  51186  51202  51202  51179  51198  51124  51151  51156  51136  51158  51154  51133  51157  51137  51124
  811.169   514476   642.14   514999   641.83  51491  51505  51514  51496  51496  51504  51490  51489  51497  51517  51440  51469  51442  51453  51443  51440  51449  51443  51456  51441
  816.169   517691   637.35   518210   639.03  51815  51829  51840  51820  51820  51829  51813  51813  51821  51810  51765  51762  51766  51777  51769  51765  51775  51767  51781  51764
  821.169   520808   628.19   521298   628.76  52127  52141  52119  52131  52131  52141  52126  52125  52133  52124  52077  52075  52079  52088  52080  52077  52086  52079  52092  52075
  826.169   523990   624.60   524449   626.91  52444  52458  52444  52448  52448  52425  52443  52442  52451  52446  52396  52395  52395  52409  52397  52394  52404  52396  52412  52392
  831.169   527129   619.95   527657   620.56  52765  52777  52763  52768  52768  52750  52765  52763  52771  52767  52716  52717  52716  52696  52719  52714  52725  52717  52695  52714
  836.169   530241   624.46   530799   624.70  53082  53060  53080  53085  53086  53068  53084  53080  53089  53085  53000  53036  53036  53012  53037  53033  53010  53034  53011  53032
  841.169   533368   632.92   533960   632.11  53411  53390  53409  53383  53383  53397  53381  53409  53385  53412  53329  53334  53332  53342  53333  53329  53339  53362  53340  53328
  846.169   536481   630.54   536977   628.66  53694  53706  53691  53696  53696  53714  53694  53692  53699  53695  53646  53648  53645  53657  53647  53641  53656  53644  53655  53642
  851.169   539748   633.29   540245   634.70  54019  54032  54018  54024  54024  54040  54021  54019  54026  54022  53971  53976  53972  53985  53974  53968  53982  53969  53982  53969
  856.169   542958   633.58   543431   637.00  54341  54352  54342  54344  54344  54332  54342  54341  54349  54344  54291  54297  54293  54306  54295  54288  54304  54292  54301  54291
  861.169   546129   631.24   546632   634.66  54661  54672  54662  54665  54665  54650  54663  54661  54668  54665  54612  54617  54613  54595  54614  54609  54626  54612  54621  54610
  866.169   549163   626.78   549693   625.91  54967  54980  54968  54970  54970  54957  54968  54967  54976  54970  54919  54925  54918  54901  54920  54916  54932  54918  54897  54917
  871.169   552173   624.38   552744   621.46  55275  55255  55277  55279  55279  55264  55277  55276  55283  55279  55194  55232  55227  55206  55227  55225  55206  55227  55204  55225
  876.169   555439   632.62   556088   632.99  55612  55591  55616  55617  55617  55601  55616  55615  55585  55618  55530  55532  55565  55544  55564  55527  55544  55566  55540  55527
  881.169   558569   631.58   559117   630.91  55938  55914  55905  55905  55905  55926  55905  55903  55909  55907  55854  55854  55853  55868  55851  55850  55866  55855  55864  55854
  886.169   561950   636.14   562467   637.62  56241  56252  56244  56243  56244  56263  56244  56243  56247  56246  56191  56193  56192  56206  56189  56189  56203  56195  56200  56192
  891.169   565281   639.31   565792   641.82  56574  56585  56576  56576  56576  56593  56579  56574  56581  56578  56523  56526  56525  56537  56523  56522  56537  56529  56534  56525
  896.169   568551   645.22   569036   646.93  56901  56913  56905  56904  56904  56889  56906  56902  56907  56905  56849  56853  56853  56864  56850  56850  56863  56856  56861  56852
  901.169   571680   646.31   572225   647.92  57220  57234  57224  57222  57222  57206  57227  57220  57226  57224  57171  57173  57171  57150  57169  57170  57183  57176  57144  57173
  906.170   574938   648.29   575546   643.86  57555  57563  57556  57556  57555  57540  57559  57551  57555  57556  57501  57504  57503  57485  57501  57503  57483  57506  57480  57472
  911.169   578075   652.55   578742   651.51  57881  57860  57881  57881  57881  57867  57853  57875  57881  57882  57798  57800  57827  57812  57826  57799  57808  57802  57805  57798
  916.169   581307   647.38   581819   647.25  58176  58185  58178  58177  58176  58194  58178  58201  58176  58178  58125  58125  58154  58139  58121  58125  58133  58128  58132  58125
  921.169   584362   637.79   584866   638.79  58485  58491  58485  58484  58485  58505  58485  58475  58485  58486  58432  58434  58430  58449  58430  58432  58440  58437  58446  58432
  926.169   587595   635.94   588108   638.96  58810  58815  58810  58809  58809  58824  58810  58801  58809  58811  58755  58760  58755  58769  58755  58756  58763  58760  58767  58755
  931.169   590618   628.59   591161   634.46  59118  59123  59117  59118  59118  59103  59117  59111  59118  59118  59063  59068  59063  59047  59065  59065  59070  59069  59045  59063
  936.169   593834   627.00   594380   623.71  59439  59445  59440  59439  59439  59425  59440  59432  59439  59442  59385  59390  59384  59370  59386  59386  59391  59390  59367  59385
  941.169   596891   623.57   597524   618.47  59754  59760  59756  59754  59752  59736  59756  59744  59754  59758  59661  59703  59696  59680  59699  59702  59706  59704  59677  59663
  946.169   600115   630.13   600703   630.67  60089  60065  60061  60060  60088  60075  60062  60080  60060  60063  60004  60007  60034  60018  60005  60006  60011  60009  60016  60005
  951.169   603257   633.02   603822   633.93  60377  60382  60378  60379  60375  60394  60378  60400  60379  60380  60322  60325  60322  60335  60322  60323  60328  60326  60332  60322
  956.169   606603   635.57   607134   637.35  60711  60717  60711  60714  60709  60729  60713  60701  60714  60715  60656  60661  60655  60669  60657  60658  60661  60661  60668  60657
  961.169   609858   638.95   610347   643.85  61036  61043  61037  61039  61035  61018  61037  61024  61039  61039  60982  60985  60978  60996  60982  60983  60987  60986  60998  60981
  966.170   613033   636.73   613604   637.61  61364  61368  61362  61364  61360  61346  61362  61350  61364  61364  61306  61309  61304  61286  61306  61308  61311  61310  61288  61305
  971.169   616138   639.77   616730   636.54  61676  61680  61676  61677  61673  61659  61675  61662  61676  61676  61589  61624  61617  61599  61619  61621  61624  61623  61602  61620
  976.169   619224   636.14   619884   635.40  61992  61995  61991  61992  61987  61976  61990  61977  61992  61992  61905  61909  61931  61916  61932  61935  61938  61937  61918  61903
  981.169   622180   633.96   622759   632.38  62271  62274  62268  62271  62295  62285  62268  62286  62271  62270  62212  62216  62240  62224  62211  62211  62214  62216  62225  62211
  986.169   625379   626.64   625926   628.32  62589  62597  62587  62589  62585  62606  62587  62608  62589  62589  62532  62536  62560  62546  62529  62529  62533  62536  62546  62532
  991.169   628665   626.07   629243   631.07  62921  62930  62918  62921  62917  62937  62918  62938  62920  62923  62864  62869  62859  62876  62862  62861  62864  62868  62877  62865
  996.169   631683   622.77   632262   624.08  63229  63237  63226  63229  63224  63215  63226  63215  63228  63233  63173  63178  63166  63153  63169  63169  63173  63174  63153  63175
 1001.169   634791   620.87   635434   620.00  63545  63556  63543  63546  63541  63531  63544  63531  63546  63551  63457  63498  63484  63470  63487  63487  63490  63492  63468  63458
 1006.170   637950   624.13   638599   621.58  63864  63842  63863  63866  63859  63853  63864  63852  63866  63870  63779  63782  63803  63790  63806  63806  63809  63809  63786  63780
 1011.169   641286   638.05   641968   636.38  64205  64184  64204  64206  64198  64193  64204  64191  64206  64177  64119  64123  64142  64129  64114  64115  64150  64148  64127  64119
 1016.169   644607   643.05   645199   643.52  64514  64519  64511  64514  64537  64532  64512  64531  64514  64515  64459  64459  64481  64468  64452  64453  64458  64455  64465  64457
 1021.170   647710   635.77   648305   637.52  64829  64833  64825  64829  64818  64845  64827  64842  64829  64828  64771  64772  64762  64781  64767  64767  64772  64769  64780  64769
 1026.169   650921   639.62   651479   643.68  65151  65153  65145  65151  65136  65131  65148  65164  65151  65149  65093  65094  65080  65104  65087  65087  65093  65089  65103  65091
 1031.169   654065   640.27   654688   638.52  65475  65476  65471  65474  65461  65457  65472  65454  65474  65474  65387  65418  65405  65394  65412  65412  65418  65412  65393  65414
 1036.169   657209   640.93   657876   639.38  65794  65796  65790  65793  65778  65775  65792  65771  65794  65793  65704  65703  65721  65710  65731  65731  65737  65731  65710  65731
 1041.169   660267   634.69   660845   631.16  66077  66079  66107  66077  66097  66092  66076  66086  66077  66077  66020  66018  66037  66025  66014  66013  66053  66047  66026  66014
 1046.170   663444   629.65   664025   629.35  66398  66401  66393  66398  66421  66414  66396  66408  66398  66398  66339  66337  66358  66347  66336  66335  66338  66369  66349  66336
 1051.169   666836   637.57   667464   639.72  66743  66745  66738  66743  66761  66756  66741  66751  66743  66743  66681  66681  66701  66688  66679  66680  66683  66676  66690  66677
 1056.169   670228   643.69   670830   647.28  67083  67085  67079  67083  67068  67095  67081  67090  67083  67083  67020  67020  67039  67027  67019  67020  67023  67015  67028  67017
 1061.169   673295   635.13   673878   634.83  67394  67396  67389  67394  67394  67368  67389  67366  67394  67394  67329  67327  67312  67335  67328  67331  67338  67332  67337  67326
 1066.169   676504   639.65   677166   638.18  67727  67732  67721  67691  67727  67696  67721  67695  67729  67727  67623  67659  67640  67630  67660  67664  67673  67664  67632  67659
 1071.169   679687   650.59   680338   651.93  68026  68031  68052  68029  68027  68032  68052  68033  68029  68027  67962  67963  67977  67967  67960  67962  67973  67994  67970  67959
 1076.170   682985   655.76   683600   656.90  68359  68363  68355  68361  68360  68364  68353  68365  68360  68360  68295  68296  68310  68300  68293  68295  68306  68296  68303  68291
 1081.169   686126   646.20   686750   646.06  68674  68678  68669  68677  68676  68677  68667  68680  68676  68676  68609  68610  68626  68613  68607  68612  68620  68608  68616  68605
 1086.169   689407   637.40   690030   640.59  69002  69006  68997  69005  69004  69003  68996  69009  69004  69004  68935  68939  68956  68939  68935  68940  68948  68937  68945  68933
 1091.169   692602   639.28   693257   641.70  69325  69329  69320  69327  69327  69326  69318  69331  69327  69327  69258  69262  69246  69262  69257  69262  69270  69259  69270  69256
 1096.170   695790   637.81   696448   636.50  69646  69653  69642  69650  69651  69648  69641  69618  69649  69650  69580  69584  69565  69585  69579  69585  69593  69582  69556  69581
 1101.169   698809   639.77   699467   638.99  69965  69942  69962  69940  69940  69937  69962  69942  69938  69939  69868  69873  69887  69873  69898  69875  69883  69903  69879  69870
 1106.169   701934   635.89   702565   636.43  70255  70260  70253  70258  70258  70254  70253  70260  70256  70258  70186  70192  70204  70191  70189  70192  70200  70193  70199  70188
 1111.169   705069   635.69   705703   636.03  70567  70576  70566  70574  70573  70568  70565  70575  70568  70571  70499  70505  70518  70504  70503  70505  70514  70506  70514  70501
 1116.169   708112   625.65   708745   626.99  70872  70878  70869  70877  70877  70874  70870  70879  70872  70877  70803  70808  70821  70809  70808  70811  70819  70811  70818  70804
 1121.169   711392   623.50   712023   622.70  71199  71205  71195  71206  71206  71204  71197  71206  71199  71206  71130  71135  71150  71138  71135  71140  71148  71138  71147  71131
 1126.170   714577   621.09   715249   623.65  71521  71527  71519  71529  71529  71527  71520  71527  71521  71529  71452  71456  71471  71460  71456  71463  71470  71460  71438  71451
 1131.169   717657   624.03   718243   624.70  71836  71842  71834  71814  71813  71810  71835  71810  71835  71814  71767  71768  71755  71773  71769  71746  71786  71774  71752  71767
 1136.169   720718   626.17   721365   626.71  72151  72126  72148  72129  72128  72125  72152  72126  72150  72130  72052  72083  72072  72059  72084  72061  72070  72088  72068  72081
 1141.169   723717   625.79   724364   626.23  72432  72438  72430  72441  72441  72438  72433  72438  72432  72441  72365  72365  72383  72373  72365  72373  72382  72370  72380  72361
 1146.169   726838   627.25   727484   628.83  72744  72750  72743  72753  72752  72750  72745  72750  72744  72753  72677  72677  72697  72685  72677  72685  72693  72681  72693  72673
 1151.169   730134   623.56   730784   627.42  73075  73080  73074  73083  73082  73080  73074  73080  73073  73083  73006  73007  73026  73015  73007  73015  73024  73009  73022  73003
 1156.169   733169   617.91   733821   617.20  73379  73384  73378  73387  73385  73384  73378  73382  73377  73387  73310  73310  73330  73319  73311  73318  73327  73313  73324  73307
 1161.169   736147   614.30   736866   614.56  73682  73689  73681  73692  73692  73688  73682  73687  73681  73692  73616  73612  73603  73622  73614  73624  73632  73616  73598  73610
 1166.169   739169   614.87   739861   615.20  73996  74006  73996  73975  73975  73972  73999  73971  73996  73975  73901  73927  73916  73906  73928  73907  73916  73932  73910  73926
 1171.169   742322   619.66   742979   619.97  74311  74286  74311  74290  74292  74286  74313  74286  74314  74290  74216  74244  74229  74221  74245  74222  74230  74249  74226  74240
 1176.169   745286   619.08   745986   619.79  74620  74598  74586  74601  74603  74598  74591  74598  74591  74600  74527  74519  74540  74530  74521  74534  74540  74525  74536  74514
 1181.169   748601   616.38   749268   618.02  74917  74931  74915  74932  74936  74929  74923  74932  74922  74931  74859  74850  74872  74861  74853  74867  74872  74855  74868  74844
 1186.169   751664   614.73   752336   615.47  75224  75237  75222  75238  75242  75236  75232  75238  75230  75237  75166  75157  75179  75164  75161  75173  75177  75162  75174  75151
 1191.169   754855   623.76   755589   621.14  75549  75562  75546  75564  75566  75563  75558  75563  75554  75564  75461  75482  75475  75490  75485  75497  75503  75486  75500  75476
