Test case: 
Description: 
	10 senders: persistent queues
	10 receivers: client acknowledge every 50 messages
Timestamp: 2011.11.1 22:21:50
Version: 
Setting up JMS benchmark connections... 

Start processing messages.
Thu Dec 01 22:21:50 EST 2011

  Seconds   Send   Send/Sec   Recv   Recv/Sec   RCV0   RCV1   RCV2   RCV3   RCV4   RCV5   RCV6   RCV7   RCV8   RCV9  SND10  SND11  SND12  SND13  SND14  SND15  SND16  SND17  SND18  SND19
  ------- -------- -------- -------- -------- ------ ------ ------ ------ ------ ------ ------ ------ ------ ------ ------ ------ ------ ------ ------ ------ ------ ------ ------ ------
    0.941        0     0.00        0     0.00      0      0      0      0      0      0      0      0      0      0      0      0      0      0      0      0      0      0      0      0
    5.941     2625   570.65     3194   694.35    313    323    328    324    322    321    316    308    317    322    264    261    263    261    264    260    262    262    264    264
   10.941     5540   577.08     6086   633.96    603    612    616    613    613    610    605    597    607    610    555    553    557    552    556    550    553    554    554    556
   15.942     8640   589.73     9183   628.97    913    921    925    923    922    920    915    906    917    921    865    862    867    862    866    862    862    864    863    867
   20.941    11747   586.68    12293   612.91   1224   1233   1237   1234   1232   1231   1225   1217   1228   1232   1175   1173   1178   1173   1177   1172   1172   1175   1173   1179
   25.941    14895   590.24    15439   612.40   1537   1549   1550   1551   1546   1545   1542   1531   1543   1545   1488   1488   1494   1486   1490   1488   1486   1491   1489   1495
   30.941    17968   599.83    18601   618.04   1853   1865   1866   1868   1862   1861   1856   1850   1859   1861   1804   1804   1810   1803   1807   1805   1802   1777   1776   1780
   35.941    20834   611.04    21371   609.97   2131   2141   2143   2145   2140   2138   2132   2126   2136   2139   2082   2081   2087   2080   2085   2084   2080   2084   2083   2088
   40.941    23848   614.36    24389   614.19   2433   2444   2444   2447   2441   2439   2433   2429   2439   2440   2384   2382   2390   2381   2386   2385   2382   2385   2384   2389
   45.941    26901   612.81    27440   612.67   2737   2750   2748   2753   2745   2744   2738   2735   2745   2745   2689   2686   2696   2685   2692   2691   2686   2692   2690   2694
   50.941    30025   607.60    30561   609.58   3049   3064   3059   3064   3057   3056   3050   3048   3057   3057   3001   2998   3009   2997   3002   3003   2998   3004   3005   3008
   55.941    33253   610.73    33780   611.30   3370   3389   3380   3386   3380   3377   3371   3370   3379   3378   3322   3320   3333   3320   3325   3326   3319   3327   3329   3332
   60.941    36222   604.45    36780   601.97   3672   3661   3683   3690   3684   3679   3673   3674   3684   3680   3624   3623   3605   3623   3629   3630   3622   3631   3632   3603
   65.941    39237   612.32    39796   612.05   3983   3971   3994   3970   3995   3990   3983   3955   3964   3991   3933   3933   3917   3935   3938   3911   3932   3912   3911   3915
   70.941    42405   619.55    42992   618.95   4306   4293   4316   4292   4287   4314   4304   4278   4287   4315   4256   4257   4240   4226   4229   4233   4256   4236   4235   4237
   75.941    45367   619.69    45892   619.22   4582   4597   4591   4598   4593   4589   4579   4582   4591   4590   4530   4533   4545   4533   4536   4537   4532   4540   4540   4541
   80.941    48416   613.95    48935   616.60   4885   4902   4894   4904   4899   4892   4883   4888   4896   4892   4833   4837   4850   4839   4840   4843   4835   4846   4846   4847
   85.941    51646   611.87    52164   612.64   5208   5224   5218   5226   5222   5216   5207   5210   5218   5215   5156   5159   5174   5161   5163   5165   5159   5168   5169   5172
   90.941    54755   616.69    55273   615.35   5519   5535   5529   5537   5534   5526   5518   5520   5529   5526   5469   5470   5485   5471   5474   5475   5470   5478   5480   5483
   95.941    57765   615.34    58405   615.97   5833   5848   5841   5850   5847   5839   5830   5833   5844   5840   5782   5784   5767   5783   5787   5790   5783   5762   5762   5765
  100.942    60931   616.81    61446   614.36   6152   6137   6161   6140   6137   6158   6149   6121   6132   6159   6102   6103   6088   6101   6105   6079   6101   6083   6082   6087
  105.941    63971   622.18    64541   621.58   6435   6448   6475   6452   6448   6472   6463   6432   6443   6473   6416   6417   6401   6385   6389   6390   6384   6395   6394   6400
  110.941    67019   622.18    67519   623.62   6745   6759   6754   6761   6759   6752   6742   6742   6752   6753   6697   6697   6713   6695   6699   6699   6694   6707   6707   6711
  115.941    70163   617.94    70660   620.69   7057   7075   7067   7077   7073   7066   7055   7056   7068   7066   7011   7011   7030   7007   7012   7015   7007   7020   7021   7029
  120.941    73292   618.93    73859   619.53   7378   7393   7387   7398   7395   7385   7375   7375   7388   7385   7332   7332   7317   7328   7331   7334   7326   7339   7338   7315
  125.942    76386   620.34    76953   616.81   7686   7704   7696   7709   7705   7693   7684   7685   7698   7693   7642   7640   7627   7635   7639   7645   7636   7650   7650   7622
  130.941    79428   613.07    79958   612.54   7992   8011   8003   7984   8012   7999   7992   7993   7972   8000   7952   7946   7935   7943   7947   7951   7944   7956   7924   7930
  135.942    82724   624.06    83224   621.74   8328   8315   8340   8320   8315   8335   8328   8298   8309   8336   8286   8282   8272   8279   8283   8255   8281   8260   8261   8265
  140.942    86034   633.66    86602   634.83   8666   8652   8679   8657   8653   8674   8667   8634   8646   8674   8593   8619   8609   8617   8621   8594   8586   8595   8599   8601
  145.941    89295   640.74    89795   642.11   8969   8986   8982   8993   8990   8976   8970   8970   8982   8977   8929   8922   8947   8920   8924   8929   8921   8930   8935   8938
  150.941    92569   643.66    93067   642.42   9299   9313   9309   9319   9317   9302   9296   9298   9310   9304   9257   9250   9274   9249   9251   9257   9248   9257   9260   9266
  155.941    95732   645.02    96260   642.64   9618   9632   9629   9636   9635   9624   9618   9616   9627   9625   9575   9570   9563   9570   9571   9575   9568   9576   9579   9585
  160.941    98823   646.57    99375   646.23   9930   9943   9941   9947   9946   9936   9930   9927   9938   9937   9888   9882   9876   9882   9883   9886   9880   9888   9891   9867
  165.941   102094   639.89   102541   639.45  10256  10272  10268  10239  10238  10263  10256  10255  10230  10264  10216  10209  10201  10209  10210  10215  10206  10215  10221  10192
  170.941   105237   639.38   105752   637.61  10583  10565  10594  10569  10568  10591  10583  10548  10560  10591  10512  10535  10532  10536  10538  10506  10534  10509  10513  10522
  175.941   108477   642.55   109022   642.89  10886  10902  10931  10905  10905  10895  10921  10886  10897  10894  10850  10838  10868  10839  10842  10843  10840  10847  10850  10860
  180.941   111946   648.15   112431   649.80  11235  11249  11244  11252  11252  11243  11235  11234  11244  11243  11197  11186  11212  11188  11191  11191  11186  11194  11197  11204
  185.941   115388   657.20   115871   658.11  11580  11592  11588  11595  11596  11588  11580  11577  11588  11587  11541  11529  11557  11532  11536  11536  11531  11538  11540  11548
  190.941   118588   658.05   119098   656.64  11902  11915  11911  11918  11919  11911  11902  11901  11910  11909  11865  11855  11847  11855  11860  11858  11854  11862  11863  11869
  195.941   121854   653.81   122362   658.21  12229  12241  12236  12245  12246  12240  12227  12228  12236  12234  12192  12181  12172  12183  12187  12185  12180  12189  12189  12196
  200.941   125322   664.72   125826   664.45  12577  12591  12586  12595  12562  12591  12576  12578  12586  12584  12544  12531  12522  12533  12537  12536  12529  12539  12539  12512
  205.941   128339   664.40   128880   662.21  12898  12881  12909  12884  12884  12880  12897  12867  12875  12905  12831  12852  12844  12823  12827  12823  12851  12828  12828  12832
  210.941   131584   656.42   132121   656.99  13191  13209  13238  13211  13210  13207  13226  13193  13201  13235  13159  13181  13175  13149  13153  13149  13146  13156  13155  13161
  215.941   134643   645.05   135112   645.65  13502  13518  13512  13521  13519  13517  13499  13503  13512  13509  13468  13453  13482  13460  13463  13459  13457  13466  13465  13470
  220.941   137610   634.27   138085   635.11  13799  13816  13808  13819  13816  13815  13796  13801  13810  13805  13765  13751  13777  13756  13758  13756  13753  13764  13763  13767
  225.941   140530   621.82   141033   620.68  14094  14111  14102  14114  14111  14110  14090  14096  14105  14100  14061  14045  14042  14050  14054  14051  14049  14059  14059  14060
  230.941   143591   604.73   144089   606.61  14399  14417  14407  14419  14417  14417  14395  14402  14410  14406  14368  14350  14348  14356  14361  14359  14354  14365  14365  14365
  235.941   146548   607.10   147022   605.89  14710  14699  14717  14700  14698  14699  14707  14684  14691  14717  14649  14661  14658  14667  14671  14641  14663  14646  14646  14646
  240.941   149635   602.68   150138   600.54  15022  15011  15029  15011  15010  15011  15018  14995  15002  15029  14961  14973  14971  14949  14981  14953  14976  14957  14957  14957
  245.941   152580   599.81   153086   601.05  15293  15311  15331  15312  15311  15311  15319  15295  15303  15300  15261  15274  15271  15250  15252  15253  15247  15257  15257  15258
  250.941   155645   600.44   156116   602.65  15601  15621  15606  15623  15622  15621  15594  15607  15614  15607  15572  15550  15579  15558  15561  15564  15556  15569  15567  15569
  255.941   158750   605.87   159248   604.60  15913  15934  15921  15936  15937  15932  15909  15919  15927  15920  15887  15865  15860  15872  15873  15878  15869  15881  15882  15883
  260.941   161998   610.47   162499   611.64  16239  16258  16247  16261  16261  16257  16235  16244  16252  16245  16210  16192  16186  16196  16198  16202  16193  16206  16207  16208
  265.941   164995   615.74   165530   616.64  16555  16541  16563  16577  16544  16541  16551  16528  16568  16562  16493  16509  16500  16514  16514  16486  16507  16490  16491  16491
  270.941   168103   616.80   168596   615.52  16866  16855  16876  16856  16859  16855  16864  16843  16848  16874  16809  16821  16814  16825  16800  16800  16819  16805  16804  16806
  275.941   171138   619.51   171660   619.01  17175  17160  17184  17160  17166  17160  17172  17149  17153  17181  17117  17129  17122  17100  17105  17105  17127  17111  17111  17111
  280.941   174482   629.90   174911   630.70  17479  17499  17490  17497  17504  17498  17478  17487  17492  17487  17455  17467  17459  17437  17442  17444  17431  17450  17450  17447
  285.941   177824   635.20   178285   636.88  17817  17835  17829  17835  17840  17834  17817  17824  17829  17825  17792  17773  17797  17774  17780  17781  17769  17787  17787  17784
  290.942   181025   630.50   181487   631.41  18137  18155  18149  18153  18161  18155  18137  18145  18150  18145  18113  18092  18116  18094  18100  18101  18089  18108  18108  18104
  295.941   184014   633.79   184540   632.38  18449  18467  18460  18465  18439  18467  18448  18423  18463  18459  18392  18402  18395  18406  18413  18413  18402  18388  18387  18416
  300.941   187275   639.95   187775   637.84  18783  18768  18794  18797  18772  18766  18783  18757  18763  18792  18726  18734  18728  18738  18744  18712  18736  18722  18718  18717
  305.941   190728   652.90   191232   651.19  19128  19114  19138  19143  19120  19112  19127  19105  19108  19137  19071  19078  19073  19082  19090  19057  19080  19068  19065  19064
  310.941   194182   657.75   194652   659.13  19476  19464  19486  19458  19469  19462  19474  19453  19457  19453  19420  19427  19421  19430  19405  19407  19427  19417  19414  19414
  315.941   197326   650.89   197753   652.14  19764  19784  19773  19778  19790  19781  19761  19773  19777  19772  19742  19749  19742  19719  19726  19727  19714  19738  19735  19734
  320.941   200730   653.01   201159   656.63  20105  20124  20114  20119  20130  20123  20102  20113  20118  20111  20081  20088  20082  20058  20067  20069  20055  20079  20076  20075
  325.941   204115   667.95   204575   666.81  20448  20463  20457  20463  20471  20463  20444  20454  20457  20455  20422  20397  20423  20402  20410  20410  20399  20421  20416  20415
  330.941   207364   668.71   207861   668.51  20780  20795  20790  20795  20770  20795  20776  20784  20788  20788  20721  20730  20753  20734  20743  20742  20730  20718  20746  20747
  335.941   210409   656.74   211018   655.17  21100  21114  21109  21117  21086  21115  21094  21067  21108  21108  21038  21047  21036  21053  21065  21026  21049  21035  21030  21030
  340.941   213860   658.26   214357   657.08  21446  21428  21456  21430  21436  21428  21441  21417  21421  21454  21386  21393  21386  21400  21378  21376  21396  21385  21380  21380
  345.941   217303   669.19   217792   670.10  21764  21777  21807  21778  21786  21779  21792  21767  21769  21773  21740  21744  21736  21719  21726  21726  21715  21737  21730  21730
  350.941   220758   668.58   221175   671.70  22109  22121  22118  22123  22132  22125  22103  22112  22114  22118  22086  22091  22082  22063  22070  22071  22059  22084  22076  22076
  355.941   224174   664.37   224558   668.10  22446  22459  22455  22460  22472  22464  22444  22452  22451  22455  22429  22435  22423  22402  22410  22414  22398  22427  22417  22419
  360.941   227457   668.56   227916   669.56  22782  22794  22794  22794  22806  22799  22782  22787  22786  22792  22729  22733  22758  22739  22747  22749  22735  22760  22753  22754
  365.941   230552   671.86   231031   665.48  23097  23109  23109  23108  23090  23115  23097  23101  23099  23106  23047  23050  23074  23054  23062  23063  23051  23044  23067  23040
  370.941   233810   666.34   234311   662.28  23433  23442  23443  23442  23425  23418  23431  23404  23433  23440  23381  23386  23378  23389  23398  23368  23386  23378  23371  23375
  375.941   237022   659.16   237575   654.93  23761  23771  23770  23771  23749  23740  23758  23727  23762  23766  23705  23710  23703  23715  23689  23691  23713  23702  23694  23700
  380.941   240126   648.95   240541   648.88  24045  24053  24054  24055  24065  24058  24042  24044  24046  24079  24021  24027  24020  23999  24008  24007  23997  24019  24011  24017
  385.941   243481   641.98   243843   645.97  24377  24386  24387  24387  24401  24392  24375  24378  24378  24382  24360  24365  24356  24332  24341  24341  24330  24356  24346  24354
  390.941   246922   648.52   247360   651.31  24729  24737  24739  24739  24752  24744  24727  24729  24730  24734  24678  24680  24707  24683  24692  24692  24681  24706  24699  24704
  395.941   250342   658.52   250781   659.30  25072  25080  25082  25082  25094  25084  25069  25071  25071  25076  25022  25023  25048  25026  25037  25032  25024  25046  25039  25045
  400.941   253459   656.04   253956   653.59  25392  25401  25401  25402  25384  25406  25391  25391  25390  25398  25344  25343  25337  25348  25357  25353  25344  25338  25360  25335
  405.941   256681   655.66   257210   649.85  25716  25726  25728  25727  25711  25730  25717  25714  25717  25724  25671  25667  25664  25673  25681  25676  25671  25663  25653  25662
  410.941   259792   655.77   260292   655.50  26029  26040  26043  26040  26027  26014  26031  25998  26032  26038  25985  25981  25976  25989  25994  25959  25986  25978  25967  25977
  415.941   262725   641.46   263116   644.59  26331  26309  26312  26309  26330  26316  26301  26300  26301  26307  26290  26284  26280  26259  26264  26262  26256  26282  26269  26279
  420.941   265804   629.62   266210   631.56  26611  26621  26626  26623  26640  26627  26613  26613  26615  26621  26571  26594  26590  26570  26576  26574  26569  26592  26580  26588
  425.941   268944   619.82   269326   621.20  26924  26937  26942  26939  26922  26941  26926  26928  26930  26937  26884  26908  26904  26883  26892  26887  26884  26906  26892  26904
  430.941   272010   619.48   272488   616.82  27240  27254  27260  27254  27240  27256  27242  27242  27248  27252  27200  27193  27219  27200  27208  27202  27200  27191  27208  27189
  435.941   275434   623.46   275941   618.12  27587  27599  27605  27599  27586  27601  27588  27586  27594  27596  27545  27539  27533  27547  27553  27548  27546  27535  27554  27534
  440.941   278620   628.24   279141   624.01  27915  27925  27934  27925  27909  27894  27915  27878  27923  27923  27871  27863  27857  27872  27880  27840  27874  27858  27846  27859
  445.941   281943   639.69   282352   640.22  28244  28223  28231  28255  28243  28228  28244  28213  28219  28252  28201  28197  28191  28202  28210  28173  28205  28191  28181  28192
  450.941   285253   648.38   285620   650.29  28551  28562  28571  28562  28583  28569  28552  28551  28559  28560  28541  28537  28533  28511  28517  28513  28512  28533  28523  28533
  455.941   288594   654.05   288965   658.01  28886  28896  28905  28897  28917  28904  28887  28885  28893  28895  28872  28871  28867  28845  28852  28847  28848  28867  28859  28866
  460.941   291708   656.71   292106   657.25  29202  29214  29221  29215  29203  29222  29203  29201  29212  29213  29158  29157  29185  29161  29170  29166  29166  29185  29176  29184
  465.941   294769   645.67   295256   643.93  29518  29527  29537  29529  29519  29537  29520  29516  29526  29527  29475  29473  29469  29476  29483  29480  29484  29470  29490  29469
  470.941   297949   643.93   298396   637.92  29833  29844  29856  29846  29837  29821  29837  29833  29845  29844  29793  29792  29784  29792  29803  29799  29804  29787  29808  29787
  475.941   301320   644.82   301795   643.88  30176  30187  30166  30189  30182  30167  30180  30176  30185  30187  30139  30138  30128  30136  30145  30108  30144  30132  30118  30132
  480.941   304554   640.06   305000   642.97  30505  30515  30490  30517  30509  30493  30508  30470  30478  30515  30466  30465  30454  30464  30473  30432  30438  30460  30442  30460
  485.941   307832   639.93   308146   642.52  30803  30812  30822  30814  30840  30825  30805  30803  30810  30812  30798  30797  30785  30794  30770  30764  30770  30789  30775  30790
  490.941   311044   645.50   311422   647.05  31133  31142  31153  31144  31138  31156  31135  31136  31143  31142  31096  31094  31117  31090  31101  31095  31102  31121  31107  31121
  495.941   314124   647.32   314569   644.83  31447  31455  31467  31458  31454  31471  31450  31451  31459  31457  31413  31410  31432  31406  31416  31408  31415  31402  31420  31402
  500.941   317383   649.87   317860   648.69  31777  31784  31797  31786  31783  31800  31780  31779  31787  31787  31742  31739  31728  31735  31745  31737  31744  31732  31749  31732
  505.941   320555   642.05   320996   638.56  32093  32101  32118  32101  32100  32083  32095  32097  32106  32102  32059  32056  32045  32052  32060  32053  32061  32050  32069  32050
  510.941   323820   640.03   324197   637.72  32422  32430  32415  32431  32429  32415  32425  32395  32403  32432  32389  32386  32376  32383  32389  32382  32389  32381  32366  32379
  515.941   327197   640.70   327603   645.10  32764  32773  32753  32775  32772  32752  32766  32733  32741  32774  32731  32728  32715  32725  32734  32723  32695  32722  32704  32720
  520.941   330215   638.29   330551   639.90  33070  33048  33062  33050  33078  33061  33041  33042  33050  33049  33038  33035  33023  33031  33009  32998  33009  33030  33014  33028
  525.941   333453   647.42   333876   647.89  33377  33386  33401  33389  33386  33401  33379  33381  33389  33387  33347  33344  33364  33339  33348  33337  33347  33336  33353  33338
  530.941   336788   650.16   337215   648.48  33713  33719  33734  33723  33722  33733  33714  33714  33722  33721  33681  33678  33697  33672  33681  33670  33683  33670  33685  33671
  535.941   340016   649.56   340444   647.95  34034  34041  34060  34046  34043  34058  34036  34039  34045  34042  34002  34001  34022  33994  34004  33994  34007  33990  34008  33994
  540.941   343403   653.62   343867   651.74  34378  34384  34401  34388  34385  34399  34379  34380  34387  34386  34346  34344  34327  34338  34346  34336  34349  34333  34348  34336
  545.942   346769   647.11   347159   647.89  34714  34720  34705  34724  34722  34702  34715  34714  34721  34722  34683  34682  34665  34675  34682  34672  34684  34669  34683  34674
  550.941   349836   651.58   350255   653.36  35031  35036  35019  35041  35039  35017  35033  34996  35004  35039  35000  35000  34981  34993  34999  34955  34967  34985  34966  34990
  555.941   352904   650.44   353287   651.38  35320  35325  35345  35330  35330  35342  35321  35320  35326  35328  35289  35289  35306  35282  35289  35281  35291  35308  35291  35278
  560.942   356156   647.71   356539   647.34  35645  35653  35671  35655  35655  35668  35646  35643  35650  35653  35615  35616  35631  35608  35614  35604  35614  35631  35615  35608
  565.941   359448   650.94   359862   649.26  35976  35986  36004  35988  35986  36001  35979  35974  35983  35985  35947  35948  35965  35940  35947  35937  35946  35931  35946  35941
  570.941   362574   642.14   363026   638.08  36292  36302  36322  36304  36302  36317  36295  36290  36301  36301  36265  36263  36246  36256  36263  36254  36262  36246  36262  36257
  575.941   365932   632.94   366309   632.57  36631  36637  36619  36641  36638  36614  36630  36625  36637  36637  36602  36600  36580  36592  36598  36591  36598  36580  36597  36594
  580.941   369180   641.70   369557   640.19  36957  36965  36951  36967  36965  36945  36958  36952  36932  36965  36927  36926  36911  36921  36925  36887  36924  36912  36926  36921
  585.941   372502   650.44   372879   651.28  37293  37300  37286  37301  37301  37280  37293  37257  37269  37299  37262  37260  37246  37258  37260  37224  37257  37248  37231  37256
  590.941   375430   644.72   375768   645.29  37568  37576  37592  37577  37576  37586  37569  37570  37579  37575  37541  37538  37557  37544  37539  37536  37536  37557  37547  37535
  595.941   378684   641.34   379055   639.90  37896  37904  37921  37905  37904  37915  37897  37900  37909  37904  37869  37866  37885  37874  37867  37866  37864  37853  37877  37863
  600.941   381894   645.28   382291   642.46  38220  38227  38244  38228  38228  38240  38221  38223  38233  38227  38194  38188  38178  38199  38191  38192  38186  38177  38202  38187
  605.941   384857   635.07   385317   631.78  38525  38534  38550  38532  38532  38515  38527  38530  38538  38534  38499  38494  38483  38474  38497  38468  38491  38482  38477  38492
  610.942   388105   630.64   388480   628.36  38850  38861  38843  38858  38857  38839  38854  38823  38833  38862  38824  38819  38809  38798  38822  38792  38816  38806  38802  38817
  615.941   391319   626.39   391689   625.08  39170  39182  39165  39179  39178  39161  39175  39144  39155  39180  39144  39141  39131  39121  39142  39114  39137  39127  39124  39138
  620.941   394443   632.50   394769   634.27  39488  39467  39483  39496  39496  39477  39461  39461  39474  39466  39431  39461  39449  39438  39429  39431  39457  39447  39443  39457
  625.941   397634   631.74   397962   633.42  39784  39797  39812  39792  39792  39806  39790  39789  39804  39796  39760  39757  39778  39768  39759  39758  39752  39776  39773  39753
  630.941   400725   628.15   401081   626.78  40096  40108  40123  40105  40104  40117  40102  40102  40116  40108  40071  40069  40090  40080  40072  40070  40063  40060  40085  40065
  635.941   403955   638.65   404386   635.39  40426  40438  40454  40433  40435  40448  40432  40434  40447  40439  40401  40398  40387  40378  40402  40401  40392  40386  40415  40395
  640.941   407123   637.17   407518   633.68  40745  40757  40773  40752  40755  40767  40752  40722  40736  40759  40721  40717  40707  40701  40721  40720  40711  40706  40705  40714
  645.941   410283   633.15   410646   630.77  41065  41076  41060  41071  41073  41054  41072  41041  41055  41079  41040  41037  41025  41021  41039  41008  41031  41025  41023  41034
  650.941   413581   636.68   413927   636.34  41393  41403  41388  41402  41402  41382  41398  41369  41385  41405  41369  41367  41356  41350  41368  41336  41362  41355  41354  41364
  655.941   416869   633.76   417098   636.95  41723  41694  41713  41732  41732  41707  41691  41695  41713  41698  41699  41697  41686  41678  41698  41661  41691  41684  41681  41694
  660.941   420022   642.92   420335   644.93  42020  42030  42047  42030  42030  42041  42026  42029  42047  42035  41996  41996  42018  42010  41996  41995  41989  42016  42014  41992
  665.941   423199   641.43   423512   638.65  42342  42350  42369  42352  42350  42361  42347  42349  42335  42357  42318  42316  42338  42331  42317  42315  42311  42303  42335  42315
  670.941   426449   647.50   426859   644.89  42676  42685  42701  42686  42685  42695  42684  42684  42671  42692  42652  42652  42641  42633  42652  42649  42645  42638  42637  42650
  675.942   429537   645.12   429918   642.71  42984  42994  43011  42994  42993  43005  42994  42962  42980  43001  42960  42960  42951  42941  42961  42959  42953  42948  42945  42959
  680.942   432578   630.86   432929   631.10  43293  43301  43285  43303  43301  43282  43301  43267  43288  43308  43268  43267  43261  43245  43267  43234  43262  43256  43253  43265
  685.941   435770   626.48   436053   630.54  43613  43621  43604  43623  43620  43599  43587  43584  43608  43594  43588  43587  43581  43563  43586  43551  43582  43574  43571  43587
  690.942   438913   625.64   439193   628.69  43929  43936  43922  43908  43937  43916  43906  43901  43924  43914  43903  43903  43898  43882  43903  43869  43898  43893  43891  43873
  695.942   441988   627.14   442327   630.26  44220  44227  44245  44230  44227  44239  44229  44225  44248  44237  44194  44194  44222  44205  44194  44194  44189  44184  44216  44196
  700.941   445140   623.91   445475   621.43  44539  44548  44563  44549  44547  44557  44547  44541  44532  44552  44515  44513  44506  44523  44514  44510  44508  44503  44533  44515
  705.941   448212   625.63   448608   621.77  44852  44860  44875  44861  44860  44869  44862  44856  44846  44867  44831  44827  44820  44803  44828  44824  44821  44817  44813  44828
  710.941   451384   625.22   451780   625.56  45170  45177  45192  45177  45177  45188  45180  45173  45161  45185  45147  45143  45137  45120  45146  45143  45140  45132  45130  45146
  715.941   454421   620.64   454719   621.11  45476  45483  45466  45484  45486  45462  45454  45448  45469  45491  45453  45450  45444  45427  45453  45417  45446  45439  45440  45452
  720.941   457526   617.34   457828   620.16  45789  45796  45781  45798  45801  45777  45768  45761  45783  45774  45766  45763  45757  45743  45766  45731  45759  45751  45755  45735
  725.941   460846   627.64   461177   629.48  46099  46137  46122  46138  46111  46117  46110  46102  46125  46116  46077  46103  46099  46083  46077  46072  46069  46093  46097  46076
  730.941   464074   630.21   464369   632.73  46423  46430  46447  46431  46435  46443  46435  46428  46455  46442  46401  46396  46428  46409  46400  46397  46392  46422  46426  46403
  735.941   467135   632.92   467483   628.19  46740  46746  46761  46746  46752  46756  46749  46742  46735  46756  46720  46711  46710  46721  46719  46712  46712  46704  46707  46719
  740.941   470328   631.56   470704   628.81  47062  47067  47083  47069  47075  47078  47071  47064  47057  47078  47042  47033  47032  47012  47042  47034  47035  47026  47030  47042
  745.942   473634   639.03   474013   639.46  47394  47397  47415  47399  47406  47409  47402  47395  47387  47409  47375  47364  47363  47339  47373  47365  47366  47357  47360  47372
  750.941   476960   645.48   477214   645.92  47730  47734  47719  47736  47740  47713  47705  47699  47724  47714  47709  47701  47700  47677  47708  47669  47699  47696  47697  47704
  755.941   479931   635.94   480259   636.91  48008  48047  48030  48047  48018  48024  48017  48010  48033  48025  47989  48010  48009  47986  47987  47980  47978  48005  48005  47982
  760.941   483245   638.99   483520   641.58  48341  48345  48363  48348  48350  48357  48351  48343  48364  48358  48321  48340  48339  48317  48319  48311  48312  48333  48338  48315
  765.941   486316   642.62   486681   643.19  48659  48665  48682  48666  48669  48676  48670  48664  48653  48677  48640  48627  48629  48637  48638  48631  48631  48621  48626  48636
  770.942   489593   644.42   489952   640.73  48985  48992  49009  48995  48997  49003  48997  48990  48980  49004  48969  48954  48955  48966  48966  48958  48959  48948  48954  48964
  775.941   492794   637.44   493185   636.87  49310  49317  49331  49320  49320  49325  49320  49313  49303  49326  49292  49277  49279  49259  49289  49280  49282  49271  49278  49287
  780.941   495867   629.26   496190   629.50  49617  49624  49638  49627  49628  49632  49595  49618  49609  49602  49601  49583  49589  49567  49596  49588  49588  49578  49584  49593
  785.942   499157   639.92   499449   639.72  49954  49958  49941  49963  49963  49934  49933  49920  49943  49940  49904  49919  49926  49901  49931  49891  49924  49914  49918  49929
  790.941   502472   641.06   502759   643.55  50263  50297  50282  50273  50272  50273  50274  50261  50283  50281  50247  50259  50264  50244  50240  50233  50234  50255  50258  50238
  795.941   505691   644.60   505943   645.27  50586  50589  50603  50596  50595  50594  50593  50583  50604  50600  50568  50581  50586  50564  50561  50553  50556  50578  50583  50561
  800.941   508819   644.05   509193   642.30  50912  50913  50928  50921  50918  50920  50920  50908  50928  50925  50895  50875  50879  50890  50886  50879  50880  50872  50876  50887
  805.941   511931   640.10   512273   636.41  51222  51224  51238  51233  51230  51230  51232  51219  51209  51236  51203  51189  51191  51200  51196  51190  51191  51184  51190  51197
  810.941   515076   640.37   515446   637.72  51540  51542  51556  51549  51547  51546  51550  51538  51524  51554  51522  51504  51508  51487  51513  51512  51509  51500  51507  51514
  815.941   518288   637.57   518590   635.69  51865  51866  51881  51872  51871  51869  51843  51829  51849  51845  51848  51830  51833  51810  51837  51803  51833  51825  51832  51837
  820.941   521381   627.21   521647   629.63  52145  52178  52162  52183  52183  52180  52154  52143  52161  52158  52130  52144  52146  52123  52150  52115  52143  52138  52145  52147
  825.941   524405   624.36   524687   626.61  52457  52495  52473  52465  52464  52462  52468  52457  52476  52470  52443  52465  52430  52439  52466  52423  52423  52459  52430  52427
  830.941   527551   627.52   527900   626.68  52783  52785  52798  52790  52790  52788  52792  52781  52798  52795  52769  52756  52757  52762  52755  52747  52749  52749  52753  52754
  835.941   530719   628.51   531069   626.73  53101  53103  53114  53107  53108  53105  53108  53098  53114  53111  53085  53074  53075  53077  53071  53064  53065  53066  53070  53072
  840.941   534027   632.94   534345   627.10  53433  53435  53444  53438  53438  53436  53438  53429  53413  53441  53416  53404  53407  53407  53401  53393  53397  53396  53401  53405
  845.941   537142   626.26   537460   624.62  53749  53749  53761  53752  53752  53750  53721  53743  53726  53757  53733  53717  53722  53690  53716  53708  53711  53710  53715  53720
  850.941   540379   628.41   540595   631.26  54043  54077  54055  54079  54080  54076  54047  54036  54051  54051  54027  54045  54048  54018  54042  54035  54039  54037  54042  54046
  855.942   543548   636.34   543802   638.42  54368  54398  54379  54400  54371  54397  54374  54360  54378  54377  54353  54367  54369  54343  54366  54327  54360  54359  54365  54339
  860.941   546620   637.82   546900   637.58  54687  54687  54699  54689  54690  54686  54693  54679  54695  54695  54670  54655  54659  54662  54685  54645  54651  54649  54686  54658
  865.941   549638   633.86   549980   632.58  54995  54995  55008  54996  54998  54995  54999  54988  55003  55003  54978  54964  54967  54970  54963  54952  54958  54957  54962  54967
  870.941   552691   624.14   553036   620.82  55301  55300  55314  55301  55305  55299  55305  55293  55310  55308  55284  55268  55271  55274  55270  55257  55263  55264  55266  55274
  875.941   556050   630.66   556362   626.53  55638  55636  55650  55636  55642  55633  55642  55630  55610  55645  55621  55603  55607  55612  55606  55592  55597  55599  55602  55611
  880.941   559289   626.70   559605   628.78  55962  55961  55974  55959  55965  55957  55964  55955  55938  55970  55944  55930  55930  55935  55930  55916  55920  55922  55928  55934
  885.941   562608   630.49   562810   633.31  56266  56298  56277  56298  56303  56295  56267  56258  56275  56273  56247  56268  56271  56238  56270  56255  56260  56262  56266  56271
  890.941   565908   639.60   566112   641.44  56601  56632  56610  56630  56603  56626  56601  56591  56610  56608  56580  56602  56605  56571  56602  56587  56595  56597  56599  56570
  895.941   568976   647.79   569289   646.71  56930  56924  56936  56926  56931  56921  56928  56917  56939  56937  56907  56895  56900  56898  56895  56880  56888  56890  56927  56896
  900.941   572133   652.42   572468   651.04  57247  57243  57254  57245  57249  57239  57246  57234  57257  57254  57225  57215  57220  57214  57214  57199  57209  57210  57212  57215
  905.941   575487   652.25   575825   648.89  57583  57579  57590  57581  57585  57576  57582  57569  57590  57590  57561  57552  57554  57549  57549  57535  57545  57546  57546  57550
  910.941   578743   650.78   579050   646.45  57908  57905  57915  57907  57911  57900  57907  57895  57887  57915  57887  57877  57880  57875  57875  57860  57870  57872  57871  57876
  915.941   581993   642.95   582253   645.91  58205  58231  58242  58234  58238  58226  58234  58222  58211  58210  58212  58203  58204  58199  58201  58185  58195  58197  58196  58201
  920.941   585071   631.61   585226   636.81  58511  58539  58549  58541  58512  58535  58511  58495  58515  58518  58521  58510  58512  58507  58509  58493  58504  58504  58503  58508
  925.941   588254   638.65   588451   639.92  58838  58863  58841  58865  58838  58859  58838  58822  58842  58845  58814  58835  58837  58801  58833  58817  58828  58829  58827  58833
  930.941   591143   636.97   591457   636.26  59147  59143  59150  59145  59147  59139  59148  59131  59152  59155  59123  59114  59117  59110  59114  59099  59108  59108  59137  59113
  935.941   594319   631.95   594671   627.85  59470  59463  59472  59465  59469  59458  59470  59453  59474  59477  59444  59435  59437  59432  59435  59419  59429  59428  59427  59433
  940.941   597389   625.70   597717   622.68  59779  59769  59780  59771  59777  59765  59780  59761  59748  59787  59752  59743  59743  59742  59741  59724  59736  59734  59733  59741
  945.941   600839   630.36   601081   627.67  60088  60114  60123  60115  60120  60109  60119  60103  60093  60097  60095  60088  60088  60085  60085  60070  60082  60080  60080  60086
  950.941   604021   626.09   604226   631.19  60406  60431  60443  60433  60437  60427  60405  60420  60410  60414  60411  60406  60406  60402  60405  60391  60402  60397  60398  60403
  955.941   607340   630.52   607503   634.92  60740  60766  60745  60768  60739  60760  60738  60755  60745  60747  60747  60742  60742  60704  60741  60726  60737  60732  60733  60736
  960.942   610390   640.50   610646   641.24  61062  61051  61064  61092  61058  61086  61057  61040  61068  61068  61033  61029  61027  61025  61026  61050  61022  61057  61059  61062
  965.941   613565   645.84   613880   642.45  61391  61383  61395  61385  61390  61382  61388  61372  61396  61398  61365  61363  61360  61356  61359  61345  61355  61350  61355  61357
  970.941   616716   648.54   617024   643.97  61703  61698  61710  61700  61705  61697  61702  61687  61709  61713  61680  61679  61675  61671  61674  61660  61669  61665  61671  61672
  975.941   619861   637.37   620140   634.62  62020  62011  62026  62012  62019  62009  62019  62000  61995  62029  61994  61993  61991  61987  61989  61975  61983  61980  61983  61986
  980.941   622944   627.75   623128   631.21  62298  62319  62335  62320  62327  62317  62295  62310  62302  62305  62304  62302  62298  62294  62298  62285  62290  62288  62291  62294
  985.941   626145   619.46   626286   624.50  62616  62638  62622  62639  62648  62636  62613  62631  62620  62623  62626  62625  62617  62615  62618  62607  62608  62607  62610  62612
  990.941   629372   630.12   629560   631.80  62952  62969  62957  62970  62951  62967  62947  62934  62954  62959  62928  62928  62951  62916  62947  62938  62941  62938  62941  62944
  995.941   632338   626.95   632637   625.40  63259  63277  63265  63278  63260  63275  63255  63240  63262  63266  63237  63237  63229  63225  63226  63216  63220  63246  63250  63252
 1000.941   635360   625.64   635681   620.87  63575  63558  63580  63557  63574  63553  63571  63552  63578  63583  63550  63549  63541  63539  63538  63526  63530  63526  63529  63532
 1005.941   638605   626.87   638911   623.48  63897  63883  63902  63882  63897  63878  63893  63876  63899  63904  63874  63872  63865  63863  63862  63850  63855  63851  63856  63857
 1010.942   642009   636.64   642223   635.57  64206  64224  64242  64224  64235  64220  64234  64217  64208  64213  64216  64212  64204  64203  64202  64190  64196  64192  64196  64198
 1015.941   645393   635.50   645562   643.46  64543  64562  64579  64561  64573  64555  64540  64554  64545  64550  64554  64550  64542  64539  64541  64529  64535  64531  64536  64536
 1020.941   648467   631.97   648632   636.77  64858  64874  64861  64876  64853  64867  64853  64868  64859  64863  64869  64830  64853  64819  64856  64844  64851  64845  64849  64851
 1025.941   651535   639.82   651786   639.35  65176  65192  65180  65195  65173  65186  65173  65153  65177  65181  65155  65150  65173  65139  65143  65131  65140  65165  65169  65170
 1030.941   654687   647.48   655050   641.34  65502  65518  65512  65520  65499  65511  65500  65478  65503  65507  65480  65475  65498  65463  65469  65456  65465  65457  65462  65462
 1035.941   657846   645.69   658166   639.92  65818  65805  65829  65806  65817  65828  65818  65798  65822  65825  65800  65794  65786  65781  65788  65775  65782  65777  65783  65780
 1040.941   660998   636.06   661254   632.77  66134  66119  66146  66119  66132  66110  66135  66114  66103  66142  66116  66111  66099  66096  66102  66090  66097  66093  66098  66096
 1045.941   664208   625.74   664331   627.55  66422  66439  66433  66439  66452  66432  66424  66435  66425  66430  66438  66433  66420  66419  66422  66411  66417  66414  66418  66416
 1050.942   667657   634.06   667779   640.37  66765  66785  66777  66785  66795  66778  66770  66779  66771  66774  66783  66776  66764  66763  66767  66757  66763  66759  66762  66763
 1055.941   670961   644.14   671117   646.49  67106  67125  67118  67125  67103  67117  67111  67087  67111  67114  67091  67082  67104  67071  67108  67097  67104  67099  67102  67103
 1060.941   673842   642.76   674138   639.34  67413  67407  67425  67413  67412  67421  67416  67396  67415  67420  67400  67390  67388  67378  67386  67374  67382  67376  67385  67383
 1065.941   677123   646.94   677423   639.39  67741  67734  67753  67744  67740  67749  67745  67725  67743  67749  67729  67718  67715  67707  67715  67700  67711  67704  67714  67710
 1070.941   680497   653.22   680791   648.02  68078  68072  68089  68083  68078  68085  68080  68062  68080  68084  68067  68056  68053  68044  68050  68039  68047  68041  68053  68047
 1075.941   683837   652.45   684058   653.66  68410  68407  68422  68416  68411  68417  68382  68395  68381  68417  68401  68390  68387  68377  68384  68374  68381  68376  68385  68382
 1080.941   686968   637.10   687028   642.64  68692  68721  68701  68697  68725  68697  68695  68710  68692  68698  68715  68704  68700  68691  68696  68689  68694  68687  68698  68694
 1085.941   690101   634.63   690216   639.63  69018  69049  69026  69023  69016  69021  69021  69000  69018  69024  69005  68995  69029  68982  69025  69017  69022  69015  68989  69022
 1090.941   693204   648.69   693459   648.36  69344  69341  69354  69351  69345  69350  69348  69330  69345  69351  69334  69325  69320  69312  69318  69309  69314  69339  69318  69315
 1095.941   696364   645.67   696655   644.19  69663  69659  69675  69670  69664  69670  69668  69651  69664  69671  69655  69646  69639  69632  69637  69627  69633  69626  69636  69633
 1100.941   699622   641.80   699897   634.72  69987  69985  69998  69994  69989  69994  69992  69975  69988  69995  69978  69971  69965  69957  69964  69952  69960  69952  69963  69960
 1105.941   702812   632.85   703081   629.56  70306  70305  70318  70311  70307  70312  70310  70293  70306  70313  70299  70288  70286  70275  70285  70271  70279  70270  70281  70278
 1110.942   705958   628.69   706068   633.66  70590  70618  70632  70625  70620  70596  70592  70607  70591  70597  70614  70602  70599  70590  70600  70586  70595  70584  70596  70592
 1115.941   708986   624.66   709058   629.26  70895  70923  70906  70900  70925  70901  70898  70912  70896  70902  70890  70908  70904  70897  70907  70891  70901  70890  70901  70897
 1120.941   712041   628.68   712238   629.01  71219  71249  71230  71223  71219  71224  71225  71204  71220  71225  71214  71202  71196  71189  71199  71217  71194  71214  71194  71222
 1125.941   715234   632.30   715461   631.16  71545  71540  71555  71550  71546  71549  71549  71531  71546  71550  71542  71529  71522  71516  71525  71509  71519  71536  71520  71516
 1130.942   718344   628.26   718605   625.70  71858  71854  71870  71865  71859  71864  71864  71845  71861  71865  71856  71845  71835  71830  71839  71824  71832  71819  71832  71832
 1135.941   721515   625.54   721766   619.73  72174  72170  72186  72181  72175  72179  72181  72162  72178  72180  72171  72160  72153  72148  72157  72142  72151  72135  72149  72149
 1140.941   724645   620.93   724857   622.20  72486  72483  72500  72493  72487  72491  72460  72476  72489  72492  72484  72473  72466  72462  72471  72454  72464  72450  72460  72461
 1145.942   727766   619.30   727874   624.30  72764  72795  72778  72805  72799  72803  72770  72788  72767  72805  72797  72786  72779  72774  72783  72765  72775  72763  72772  72772
 1150.942   730940   627.84   731056   629.35  73096  73126  73109  73103  73129  73103  73101  73087  73098  73104  73095  73086  73109  73073  73082  73096  73107  73091  73100  73101
 1155.941   733928   623.31   734084   623.95  73402  73429  73417  73409  73404  73409  73408  73392  73404  73410  73398  73393  73383  73379  73388  73400  73382  73395  73405  73405
 1160.942   736877   620.89   737090   619.32  73706  73702  73720  73714  73707  73713  73710  73696  73708  73714  73703  73697  73687  73683  73691  73673  73688  73699  73678  73678
 1165.941   739991   615.97   740222   611.28  74020  74015  74033  74028  74020  74026  74022  74011  74020  74027  74018  74011  74002  73998  74005  73987  74002  73983  73992  73993
 1170.941   743138   614.90   743367   612.11  74334  74329  74349  74342  74332  74343  74335  74326  74335  74342  74332  74327  74316  74316  74321  74301  74318  74295  74305  74307
 1175.941   746189   614.15   746409   614.85  74644  74639  74628  74653  74644  74624  74645  74636  74644  74652  74642  74607  74629  74595  74631  74612  74630  74609  74616  74618
 1180.941   749396   614.75   749521   617.37  74942  74968  74958  74951  74976  74953  74945  74934  74942  74952  74940  74937  74961  74925  74929  74941  74930  74938  74946  74949
 1185.941   752463   618.07   752584   619.85  75251  75275  75268  75261  75255  75262  75255  75244  75252  75261  75250  75249  75239  75235  75238  75249  75243  75247  75254  75259
 1190.941   755705   627.87   755830   627.87  75576  75599  75592  75586  75579  75587  75581  75568  75576  75586  75575  75573  75564  75559  75563  75572  75568  75570  75578  75583
