Test case: 
Description: 
	10 senders: persistent queues
	10 receivers: client acknowledge every 50 messages
Timestamp: 2011.11.1 22:21:51
Version: 
Setting up JMS benchmark connections... 

Start processing messages.
Thu Dec 01 22:21:51 EST 2011

  Seconds   Send   Send/Sec   Recv   Recv/Sec   RCV0   RCV1   RCV2   RCV3   RCV4   RCV5   RCV6   RCV7   RCV8   RCV9  SND10  SND11  SND12  SND13  SND14  SND15  SND16  SND17  SND18  SND19
  ------- -------- -------- -------- -------- ------ ------ ------ ------ ------ ------ ------ ------ ------ ------ ------ ------ ------ ------ ------ ------ ------ ------ ------ ------
    1.155        0     0.00        0     0.00      0      0      0      0      0      0      0      0      0      0      0      0      0      0      0      0      0      0      0      0
    6.155     2637   573.26     2797   607.83    278    281    278    279    280    282    280    281    278    280    264    263    265    262    264    263    264    263    266    263
   11.156     5531   576.15     5683   591.88    565    570    567    567    569    571    569    570    567    568    555    550    555    553    551    552    554    552    554    555
   16.155     8636   591.51     8795   602.33    876    882    878    877    881    883    879    882    878    879    863    861    866    863    862    861    865    862    866    867
   21.155    11745   586.58    11900   591.28   1187   1193   1189   1188   1190   1194   1190   1192   1188   1189   1175   1172   1178   1175   1171   1171   1176   1172   1178   1177
   26.155    14910   591.14    15068   597.72   1503   1509   1506   1503   1507   1512   1507   1509   1505   1507   1492   1487   1496   1491   1488   1487   1493   1489   1493   1494
   31.155    18034   599.83    18187   604.97   1818   1823   1821   1818   1822   1797   1822   1824   1820   1822   1807   1803   1811   1805   1803   1804   1809   1805   1807   1780
   36.156    20819   610.13    20975   610.00   2094   2098   2097   2093   2097   2105   2097   2100   2096   2098   2083   2078   2085   2080   2079   2080   2085   2080   2082   2087
   41.155    23838   614.35    23994   614.48   2397   2401   2398   2393   2400   2406   2400   2402   2398   2399   2385   2378   2388   2381   2381   2383   2387   2382   2383   2390
   46.156    26893   612.65    27048   611.51   2702   2706   2703   2701   2705   2712   2705   2707   2703   2704   2690   2685   2692   2688   2686   2688   2692   2687   2690   2695
   51.155    30040   612.87    30192   608.41   3017   3020   3017   3017   3019   3027   3019   3021   3017   3018   3006   3001   3007   3002   3000   3003   3005   3002   3006   3008
   56.155    33263   605.42    33418   605.39   3340   3343   3340   3340   3342   3349   3341   3343   3340   3340   3328   3324   3329   3325   3322   3325   3327   3325   3329   3329
   61.155    36297   602.72    36419   602.75   3643   3646   3643   3643   3645   3622   3645   3646   3643   3643   3631   3627   3632   3628   3625   3628   3631   3628   3633   3634
   66.155    39168   613.61    39258   613.54   3923   3928   3923   3924   3926   3934   3927   3926   3923   3924   3911   3939   3914   3940   3907   3909   3912   3909   3914   3913
   71.155    42329   620.48    42480   620.31   4245   4250   4245   4247   4248   4257   4249   4248   4245   4246   4234   4230   4236   4229   4230   4231   4235   4231   4236   4237
   76.155    45370   620.05    45524   619.01   4549   4554   4550   4551   4552   4563   4553   4553   4549   4550   4538   4534   4540   4534   4534   4534   4540   4535   4540   4541
   81.155    48443   617.55    48596   616.44   4855   4862   4858   4858   4859   4870   4861   4860   4855   4858   4845   4841   4847   4842   4844   4840   4847   4842   4847   4848
   86.155    51673   615.54    51828   610.97   5178   5187   5181   5181   5182   5192   5187   5182   5178   5180   5168   5164   5170   5164   5168   5163   5169   5165   5169   5173
   91.156    54763   609.60    54887   610.60   5487   5497   5490   5491   5491   5470   5496   5490   5487   5488   5477   5472   5479   5474   5479   5472   5477   5473   5478   5482
   96.155    57851   618.12    57973   620.27   5802   5780   5805   5807   5807   5784   5778   5805   5802   5803   5792   5786   5794   5789   5763   5788   5792   5788   5794   5765
  101.155    60971   619.33    61061   619.36   6119   6101   6093   6093   6093   6103   6098   6122   6119   6120   6109   6104   6112   6077   6082   6105   6110   6105   6081   6086
  106.155    63916   622.35    64067   622.25   6401   6415   6406   6405   6405   6417   6412   6404   6401   6401   6391   6386   6393   6389   6396   6387   6392   6387   6394   6401
  111.155    67036   621.85    67179   621.51   6713   6726   6718   6715   6716   6728   6722   6715   6713   6713   6703   6697   6705   6702   6708   6699   6704   6699   6706   6713
  116.155    70178   618.83    70317   616.11   7027   7041   7033   7028   7029   7042   7034   7029   7027   7027   7017   7012   7018   7016   7022   7013   7018   7014   7020   7028
  121.155    73354   620.81    73492   618.22   7345   7359   7350   7346   7347   7360   7351   7346   7344   7344   7334   7331   7335   7333   7340   7330   7336   7331   7338   7346
  126.155    76399   613.29    76539   613.89   7656   7636   7662   7656   7657   7638   7664   7658   7656   7656   7644   7641   7648   7644   7617   7642   7647   7643   7649   7624
  131.156    79481   612.01    79552   613.66   7965   7942   7937   7964   7965   7947   7938   7965   7965   7964   7952   7950   7957   7952   7924   7952   7956   7949   7958   7931
  136.155    82730   625.99    82835   625.52   8267   8278   8275   8297   8298   8282   8275   8299   8267   8297   8286   8284   8290   8254   8260   8286   8259   8284   8259   8268
  141.155    85949   634.69    86084   634.42   8605   8616   8614   8602   8603   8619   8613   8605   8605   8602   8591   8589   8597   8592   8599   8590   8598   8588   8598   8607
  146.155    89326   640.03    89469   638.93   8943   8957   8954   8938   8940   8958   8953   8943   8943   8940   8927   8926   8934   8929   8939   8928   8937   8926   8934   8946
  151.156    92581   642.99    92722   640.87   9269   9280   9277   9265   9267   9281   9278   9269   9269   9267   9253   9251   9261   9256   9264   9253   9262   9251   9260   9270
  156.155    95760   644.60    95901   641.58   9587   9597   9594   9582   9583   9598   9596   9589   9588   9587   9572   9568   9580   9575   9581   9570   9580   9568   9579   9587
  161.155    98828   640.70    98907   643.15   9899   9879   9877   9895   9896   9881   9878   9901   9902   9899   9886   9881   9892   9887   9863   9883   9894   9881   9892   9869
  166.155   102132   640.56   102202   642.07  10229  10206  10205  10227  10227  10208  10205  10232  10233  10230  10217  10212  10223  10218  10189  10215  10226  10213  10224  10195
  171.155   105237   642.82   105314   643.09  10519  10533  10530  10550  10549  10534  10533  10522  10524  10520  10540  10534  10513  10509  10515  10538  10517  10536  10513  10522
  176.156   108483   642.87   108627   642.91  10856  10871  10868  10856  10855  10872  10871  10860  10860  10858  10845  10838  10850  10846  10854  10844  10855  10840  10851  10860
  181.155   111941   647.52   112083   645.40  11201  11217  11214  11202  11200  11218  11217  11205  11205  11204  11190  11184  11195  11191  11201  11190  11201  11188  11196  11205
  186.155   115404   655.74   115540   654.46  11547  11563  11559  11547  11546  11564  11565  11550  11551  11548  11537  11532  11540  11537  11548  11535  11549  11534  11541  11551
  191.155   118617   660.94   118722   658.59  11869  11883  11879  11869  11869  11883  11854  11873  11872  11871  11860  11855  11863  11859  11866  11856  11868  11857  11863  11870
  196.155   121823   651.91   121894   654.19  12196  12179  12174  12196  12197  12177  12182  12198  12199  12196  12186  12183  12190  12185  12162  12183  12195  12184  12190  12165
  201.155   125304   664.93   125406   667.01  12549  12527  12523  12548  12549  12526  12533  12551  12551  12549  12538  12536  12542  12536  12512  12536  12512  12535  12542  12515
  206.155   128424   663.95   128467   663.71  12836  12848  12844  12865  12866  12847  12853  12837  12836  12835  12855  12822  12828  12853  12832  12853  12834  12851  12859  12837
  211.155   131561   658.39   131700   657.11  13165  13178  13174  13163  13164  13177  13184  13166  13165  13164  13152  13153  13158  13151  13161  13151  13163  13148  13157  13167
  216.155   134634   643.21   134767   642.14  13472  13483  13479  13470  13472  13483  13490  13474  13472  13472  13461  13460  13466  13459  13466  13458  13470  13456  13465  13473
  221.155   137589   633.65   137693   633.61  13769  13778  13774  13764  13767  13778  13758  13769  13769  13767  13756  13755  13764  13754  13760  13754  13766  13753  13759  13768
  226.155   140546   622.25   140644   624.16  14063  14074  14069  14060  14062  14073  14053  14064  14064  14062  14053  14050  14059  14050  14056  14050  14060  14049  14055  14064
  231.155   143550   603.96   143619   604.93  14369  14349  14344  14367  14370  14349  14358  14372  14371  14370  14359  14357  14366  14357  14331  14357  14366  14355  14362  14340
  236.155   146602   603.49   146702   606.54  14681  14660  14654  14680  14681  14660  14669  14684  14651  14682  14672  14669  14645  14669  14642  14668  14645  14668  14674  14650
  241.155   149530   603.01   149662   601.77  14960  14973  14965  14961  14962  14972  14980  14964  14964  14961  14953  14950  14956  14948  14955  14948  14955  14947  14954  14964
  246.155   152543   598.89   152675   598.86  15259  15275  15266  15263  15262  15274  15282  15266  15266  15262  15253  15252  15257  15249  15257  15250  15255  15248  15256  15266
  251.155   155640   603.60   155734   603.23  15569  15584  15574  15573  15570  15581  15562  15576  15574  15571  15562  15562  15567  15559  15566  15560  15565  15558  15566  15575
  256.155   158773   604.13   158867   605.07  15881  15899  15888  15887  15882  15894  15875  15891  15888  15882  15875  15875  15881  15871  15881  15874  15878  15870  15879  15889
  261.155   161962   609.53   162085   611.34  16206  16192  16213  16212  16207  16219  16200  16216  16213  16207  16199  16201  16207  16196  16175  16199  16204  16195  16204  16182
  266.155   165133   612.79   165126   613.69  16523  16507  16498  16529  16525  16505  16516  16501  16498  16524  16515  16519  16524  16513  16490  16516  16522  16514  16521  16499
  271.156   168086   619.66   168208   618.36  16833  16819  16810  16809  16835  16818  16826  16813  16810  16835  16824  16799  16803  16824  16800  16797  16802  16824  16802  16811
  276.155   171102   621.70   171195   620.42  17110  17126  17119  17117  17112  17127  17133  17119  17119  17113  17134  17106  17110  17101  17109  17105  17109  17101  17109  17118
  281.155   174448   628.86   174578   630.07  17448  17465  17458  17455  17449  17464  17474  17456  17458  17451  17439  17446  17446  17437  17448  17443  17446  17440  17446  17457
  286.155   177808   635.64   177905   634.70  17784  17800  17793  17792  17785  17800  17778  17794  17793  17786  17775  17783  17782  17773  17784  17779  17784  17776  17780  17792
  291.155   180975   633.75   181100   631.67  18103  18120  18113  18111  18105  18120  18098  18113  18113  18104  18095  18102  18102  18094  18104  18098  18104  18097  18099  18080
  296.155   184063   627.44   184160   630.99  18417  18402  18425  18423  18417  18399  18411  18424  18426  18416  18408  18415  18414  18405  18384  18410  18415  18408  18412  18392
  301.155   187365   638.96   187428   639.26  18750  18735  18725  18757  18750  18732  18745  18759  18725  18750  18742  18715  18747  18739  18718  18745  18749  18741  18745  18724
  306.155   190734   653.42   190805   653.72  19094  19078  19070  19068  19094  19077  19091  19070  19070  19093  19086  19060  19090  19082  19062  19056  19059  19083  19088  19068
  311.155   194120   658.14   194219   657.10  19410  19425  19418  19417  19410  19425  19438  19419  19418  19439  19403  19410  19407  19429  19410  19405  19406  19430  19404  19416
  316.155   197273   651.95   197379   652.25  19732  19751  19739  19739  19731  19747  19729  19742  19739  19730  19724  19733  19728  19718  19733  19726  19728  19718  19725  19740
  321.155   200677   657.62   200775   657.92  20074  20088  20078  20079  20070  20086  20071  20080  20079  20070  20065  20073  20069  20058  20073  20066  20068  20059  20066  20080
  326.155   204086   666.39   204180   666.29  20416  20429  20416  20419  20411  20427  20410  20421  20419  20412  20407  20414  20409  20399  20414  20407  20410  20399  20406  20421
  331.155   207336   667.05   207457   664.83  20746  20730  20747  20750  20741  20758  20740  20751  20750  20744  20737  20715  20739  20731  20745  20740  20741  20731  20737  20720
  336.155   210487   655.00   210651   655.50  21070  21049  21070  21075  21063  21045  21062  21074  21075  21068  21061  21034  21061  21054  21033  21026  21064  21053  21061  21040
  341.155   213889   658.31   213936   657.57  21409  21394  21379  21382  21404  21391  21403  21383  21382  21409  21403  21381  21402  21395  21379  21372  21374  21394  21403  21386
  346.155   217350   670.37   217398   669.56  21729  21747  21731  21734  21758  21744  21756  21736  21734  21729  21722  21734  21755  21749  21732  21722  21725  21747  21724  21740
  351.155   220710   669.92   220824   670.46  22075  22092  22076  22081  22070  22090  22103  22083  22080  22074  22068  22080  22069  22061  22078  22067  22070  22061  22071  22085
  356.155   224140   668.93   224199   669.09  22415  22433  22417  22423  22409  22434  22408  22424  22421  22415  22412  22423  22411  22402  22424  22411  22413  22403  22413  22428
  361.155   227477   671.21   227535   667.95  22748  22766  22749  22755  22745  22767  22744  22758  22755  22748  22746  22754  22748  22738  22756  22745  22747  22737  22746  22760
  366.155   230523   669.19   230609   663.39  23063  23045  23064  23069  23060  23046  23058  23072  23069  23063  23061  23035  23063  23054  23037  23059  23062  23051  23061  23040
  371.155   233868   664.36   233891   664.56  23396  23380  23397  23403  23395  23381  23392  23377  23374  23396  23395  23370  23397  23389  23372  23393  23396  23386  23395  23375
  376.155   237096   656.24   237144   656.24  23727  23707  23727  23699  23727  23706  23722  23701  23701  23727  23727  23694  23729  23721  23700  23687  23692  23717  23727  23702
  381.155   240087   649.23   240140   647.18  24007  24021  24004  24014  24006  24020  24031  24017  24015  24005  24005  24006  24009  23999  24013  24001  24008  24026  24005  24015
  386.155   243429   644.90   243518   645.91  24346  24359  24340  24351  24344  24359  24371  24354  24353  24341  24342  24343  24346  24335  24350  24340  24346  24330  24343  24354
  391.155   246926   650.44   246977   649.06  24697  24708  24689  24700  24694  24707  24687  24703  24702  24690  24692  24692  24696  24686  24698  24690  24696  24682  24692  24702
  396.155   250333   659.59   250388   657.51  25037  25048  25031  25041  25035  25048  25029  25044  25043  25032  25034  25032  25037  25028  25038  25030  25036  25022  25034  25042
  401.155   253536   651.03   253551   654.12  25360  25340  25353  25364  25359  25340  25349  25366  25366  25354  25359  25355  25362  25351  25361  25352  25360  25343  25360  25333
  406.155   256730   651.76   256697   652.06  25683  25666  25676  25656  25682  25667  25672  25659  25659  25677  25681  25675  25684  25674  25654  25673  25681  25666  25682  25660
  411.156   259730   656.04   259783   656.04  25968  25981  25992  25971  25966  25980  25986  25973  25973  25993  25997  25962  25968  25990  25969  25960  25964  25980  25966  25974
  416.155   262703   645.67   262754   644.40  26272  26283  26264  26275  26270  26283  26290  26276  26276  26265  26270  26267  26270  26261  26273  26264  26268  26284  26270  26276
  421.155   265803   630.47   265857   629.53  26581  26594  26575  26585  26580  26594  26599  26586  26587  26576  26580  26576  26582  26572  26583  26573  26578  26592  26580  26587
  426.156   268918   620.52   268969   618.31  26894  26910  26888  26900  26895  26908  26882  26901  26902  26889  26894  26891  26896  26886  26898  26886  26892  26877  26894  26904
  431.155   272013   614.85   272096   615.99  27210  27195  27203  27217  27210  27224  27196  27218  27219  27204  27209  27206  27212  27202  27183  27202  27208  27191  27209  27191
  436.155   275462   621.51   275455   626.44  27555  27541  27548  27531  27555  27538  27542  27563  27533  27549  27553  27551  27557  27546  27529  27548  27552  27536  27553  27537
  441.155   278707   630.29   278714   630.05  27888  27869  27880  27856  27888  27864  27871  27859  27859  27880  27887  27847  27889  27878  27858  27845  27885  27867  27886  27865
  446.155   281892   640.64   281942   640.60  28182  28197  28208  28189  28182  28195  28200  28191  28190  28208  28214  28179  28182  28205  28188  28176  28180  28194  28181  28193
  451.155   285228   649.70   285306   649.46  28522  28536  28516  28530  28522  28534  28540  28530  28531  28545  28523  28519  28522  28513  28527  28516  28521  28534  28521  28532
  456.155   288556   656.00   288607   652.97  28856  28870  28850  28863  28855  28865  28872  28865  28864  28847  28856  28851  28855  28846  28861  28848  28854  28866  28855  28864
  461.155   291699   658.57   291759   654.51  29172  29187  29168  29182  29173  29184  29160  29185  29182  29166  29173  29168  29172  29164  29179  29166  29170  29153  29173  29181
  466.155   294800   641.38   294791   644.56  29487  29469  29486  29466  29490  29499  29474  29470  29467  29483  29491  29485  29490  29481  29462  29484  29486  29469  29488  29464
  471.155   297923   638.98   297940   640.49  29807  29786  29805  29782  29811  29783  29793  29789  29782  29802  29809  29771  29810  29802  29780  29770  29806  29788  29807  29780
  476.155   301249   647.42   301333   647.48  30149  30129  30147  30126  30121  30127  30134  30132  30125  30143  30149  30115  30151  30112  30122  30115  30116  30129  30117  30123
  481.155   304494   644.18   304555   643.55  30445  30457  30441  30455  30449  30458  30462  30461  30455  30472  30479  30442  30445  30440  30450  30441  30444  30456  30445  30452
  486.156   307771   642.48   307832   638.26  30775  30788  30774  30786  30780  30789  30792  30792  30788  30768  30776  30773  30775  30770  30782  30773  30774  30787  30776  30785
  491.155   311084   647.08   311137   643.39  31105  31118  31105  31116  31112  31119  31123  31122  31118  31099  31107  31106  31106  31101  31113  31105  31106  31118  31107  31115
  496.156   314187   645.20   314234   646.01  31419  31431  31419  31429  31425  31432  31402  31434  31429  31414  31422  31419  31422  31415  31426  31418  31420  31397  31421  31427
  501.155   317412   646.54   317365   648.66  31747  31729  31747  31727  31753  31730  31731  31732  31727  31742  31750  31748  31751  31743  31724  31747  31748  31727  31750  31724
  506.155   320528   641.24   320537   639.87  32067  32044  32067  32043  32072  32045  32048  32048  32043  32060  32068  32035  32070  32062  32040  32034  32068  32044  32067  32040
  511.156   323760   643.19   323804   642.62  32396  32374  32396  32374  32370  32376  32379  32377  32372  32390  32398  32364  32398  32359  32371  32364  32363  32375  32397  32371
  516.155   327080   646.73   327161   646.20  32705  32717  32705  32718  32714  32718  32722  32719  32714  32729  32706  32707  32705  32700  32715  32706  32705  32718  32706  32712
  521.155   330147   637.71   330220   636.33  33012  33023  33013  33024  33019  33024  33026  33027  33019  33033  33014  33013  33013  33008  33021  33013  33013  33021  33014  33017
  526.155   333570   644.65   333615   642.34  33353  33364  33356  33367  33363  33367  33368  33371  33362  33344  33355  33357  33354  33350  33362  33357  33356  33363  33356  33360
  531.155   336888   644.97   336898   647.82  33684  33695  33688  33699  33695  33699  33668  33702  33693  33675  33687  33688  33686  33682  33692  33689  33688  33695  33690  33691
  536.155   340096   646.48   340025   648.83  34013  34023  34017  33990  33986  33988  33993  33994  34020  34001  34017  34016  34013  34010  33984  34017  34017  33986  34017  34019
  541.155   343353   652.71   343361   653.95  34350  34328  34356  34331  34328  34330  34335  34335  34325  34343  34358  34320  34352  34350  34323  34322  34321  34327  34357  34323
  546.155   346612   654.40   346678   652.85  34684  34663  34659  34666  34663  34665  34669  34670  34662  34677  34661  34656  34686  34651  34658  34659  34660  34662  34658  34661
  551.155   349745   657.65   349815   655.27  34967  34980  34975  34982  34980  34982  34986  34987  34980  34996  34978  34973  34970  34967  34974  34976  34977  34978  34974  34978
  556.155   352952   647.47   352972   642.87  35291  35299  35297  35299  35298  35300  35302  35304  35297  35285  35301  35292  35295  35289  35295  35295  35297  35297  35295  35296
  561.155   356224   642.21   356255   640.70  35615  35628  35626  35628  35627  35629  35632  35634  35626  35610  35625  35623  35618  35612  35624  35624  35626  35627  35620  35625
  566.155   359547   642.63   359512   647.19  35947  35960  35958  35959  35960  35961  35932  35934  35958  35943  35956  35955  35951  35946  35956  35957  35958  35958  35953  35957
  571.155   362519   639.23   362516   640.23  36266  36243  36242  36241  36242  36282  36248  36251  36240  36261  36275  36236  36270  36265  36238  36239  36241  36241  36272  36242
  576.155   365856   641.01   365837   640.47  36598  36581  36577  36579  36578  36582  36585  36586  36577  36594  36605  36572  36600  36596  36574  36575  36578  36577  36602  36577
  581.155   369104   646.14   369110   645.17  36927  36907  36905  36905  36906  36907  36913  36914  36904  36922  36935  36899  36930  36891  36901  36902  36906  36905  36930  36905
  586.155   372386   650.03   372424   649.63  37228  37244  37240  37240  37241  37241  37247  37249  37240  37254  37235  37234  37263  37226  37237  37239  37241  37241  37231  37239
  591.155   375461   639.03   375490   637.75  37534  37562  37548  37548  37549  37549  37561  37562  37548  37529  37544  37544  37540  37536  37548  37550  37552  37558  37539  37550
  596.155   378711   637.72   378673   637.62  37862  37858  37876  37876  37877  37878  37856  37857  37876  37857  37872  37872  37868  37865  37877  37878  37880  37853  37868  37878
  601.155   381931   645.57   381893   645.37  38185  38182  38196  38196  38198  38199  38181  38179  38196  38181  38195  38194  38191  38186  38198  38199  38200  38178  38191  38199
  606.156   384837   633.86   384802   635.37  38491  38489  38472  38472  38474  38475  38486  38483  38474  38486  38500  38469  38496  38491  38474  38475  38475  38485  38497  38475
  611.155   388096   633.02   388061   631.64  38817  38814  38797  38797  38802  38800  38812  38810  38801  38811  38828  38794  38822  38817  38799  38801  38800  38811  38823  38801
  616.155   391211   629.53   391240   627.15  39107  39136  39118  39117  39122  39121  39134  39131  39122  39132  39118  39115  39145  39106  39119  39121  39120  39133  39112  39122
  621.155   394403   633.36   394431   630.97  39428  39454  39437  39435  39442  39439  39453  39451  39440  39452  39437  39434  39464  39426  39438  39440  39438  39453  39432  39441
  626.155   397607   633.05   397631   630.84  39755  39748  39764  39762  39770  39766  39746  39776  39768  39776  39766  39761  39759  39753  39764  39766  39765  39746  39760  39767
  631.156   400727   625.54   400684   625.37  40067  40059  40074  40074  40081  40078  40058  40056  40080  40057  40077  40072  40072  40065  40076  40078  40078  40058  40072  40079
  636.155   404054   635.79   403936   637.61  40400  40390  40405  40404  40380  40411  40389  40388  40379  40390  40409  40406  40404  40398  40408  40412  40410  40390  40404  40413
  641.155   407112   632.79   407090   635.34  40719  40709  40723  40723  40698  40696  40709  40706  40698  40709  40727  40691  40723  40717  40694  40699  40728  40710  40722  40701
  646.155   410275   633.19   410224   632.72  41039  41029  41010  41010  41017  41016  41028  41027  41019  41029  41047  41011  41041  41038  41014  41019  41015  41029  41041  41020
  651.155   413463   637.52   413470   634.73  41335  41357  41340  41340  41344  41344  41355  41353  41346  41356  41344  41339  41368  41334  41343  41347  41344  41357  41339  41348
  656.156   416728   640.47   416770   636.28  41663  41687  41670  41671  41674  41674  41684  41685  41676  41686  41673  41670  41665  41663  41673  41675  41675  41687  41668  41679
  661.158   420027   643.01   419993   644.48  41995  41986  42001  42002  42007  42005  41983  42017  42010  41987  42006  42004  41999  41995  42005  42008  42006  41988  42003  42013
  666.155   423228   637.84   423165   639.72  42315  42307  42322  42322  42328  42325  42306  42304  42329  42307  42327  42325  42321  42316  42324  42325  42326  42308  42323  42333
  671.155   426493   644.25   426438   645.22  42650  42641  42654  42655  42631  42658  42640  42638  42631  42640  42661  42628  42654  42649  42656  42657  42657  42641  42654  42636
  676.155   429514   640.64   429438   643.76  42960  42950  42932  42934  42939  42937  42948  42949  42941  42948  42969  42936  42962  42956  42935  42935  42966  42947  42963  42945
  681.155   432480   636.01   432480   633.59  43236  43257  43240  43241  43246  43244  43254  43257  43249  43256  43246  43243  43271  43235  43243  43245  43246  43256  43243  43252
  686.155   435670   633.36   435677   628.76  43556  43576  43561  43561  43565  43564  43574  43576  43569  43575  43565  43562  43590  43554  43562  43565  43565  43575  43562  43570
  691.155   438806   627.11   438830   625.94  43872  43890  43876  43879  43881  43880  43889  43890  43884  43889  43884  43878  43874  43873  43879  43881  43881  43890  43880  43886
  696.155   442030   625.13   441950   624.60  44197  44183  44202  44204  44205  44205  44181  44182  44210  44181  44209  44203  44203  44197  44204  44208  44207  44182  44204  44213
  701.155   445212   619.16   445089   620.30  44515  44500  44520  44522  44522  44523  44499  44499  44492  44497  44527  44521  44520  44516  44522  44527  44525  44499  44523  44532
  706.155   448237   623.26   448182   624.97  44826  44814  44830  44804  44831  44833  44813  44814  44807  44810  44837  44803  44831  44828  44832  44809  44836  44813  44833  44815
  711.155   451325   629.13   451236   629.40  45113  45132  45117  45122  45118  45121  45130  45131  45124  45128  45156  45120  45149  45113  45121  45125  45124  45131  45152  45134
  716.155   454332   625.11   454297   624.81  45421  45438  45423  45428  45424  45427  45436  45436  45430  45434  45432  45427  45457  45421  45427  45431  45430  45438  45429  45440
  721.155   457438   623.15   457434   619.09  45733  45751  45737  45741  45740  45742  45750  45749  45744  45747  45747  45741  45740  45733  45740  45746  45743  45752  45743  45753
  726.155   460843   627.28   460840   626.81  46074  46091  46078  46082  46081  46083  46089  46090  46084  46088  46088  46080  46081  46074  46081  46086  46083  46092  46084  46094
  731.155   464069   627.94   464003   628.65  46404  46387  46408  46413  46412  46412  46384  46386  46413  46384  46417  46410  46406  46404  46412  46416  46413  46387  46414  46390
  736.156   467196   628.88   467039   629.65  46715  46700  46722  46694  46693  46726  46698  46700  46693  46698  46730  46722  46719  46715  46724  46728  46725  46702  46726  46705
  741.156   470325   633.44   470202   635.42  47036  47022  47014  47016  47015  47018  47021  47023  47016  47021  47051  47014  47041  47037  47016  47020  47046  47025  47047  47028
  746.155   473573   642.42   473479   643.69  47336  47352  47345  47347  47346  47349  47352  47354  47346  47352  47381  47345  47374  47337  47347  47351  47345  47356  47378  47359
  751.155   476855   648.69   476813   647.38  47672  47685  47678  47680  47679  47683  47685  47687  47679  47685  47686  47678  47707  47673  47680  47684  47682  47690  47683  47692
  756.155   479990   638.89   479966   634.56  47982  48001  47993  47995  47994  47997  48003  48004  47995  48002  47995  47994  48022  47984  47994  47999  47992  48007  47994  48009
  761.155   483248   638.31   483252   636.36  48312  48328  48321  48325  48321  48325  48331  48333  48325  48331  48325  48322  48316  48317  48323  48326  48322  48335  48324  48338
  766.155   486391   638.78   486352   641.67  48632  48647  48640  48644  48642  48645  48618  48622  48644  48618  48646  48643  48637  48638  48644  48648  48642  48623  48643  48627
  771.156   489578   641.73   489527   644.18  48959  48942  48968  48939  48970  48972  48945  48948  48939  48945  48973  48940  48965  48967  48941  48945  48973  48950  48971  48953
  776.155   492741   641.14   492655   642.45  49282  49264  49259  49262  49260  49262  49267  49270  49261  49268  49294  49263  49288  49259  49264  49268  49264  49272  49294  49275
  781.155   495807   632.87   495717   633.34  49588  49572  49565  49569  49566  49568  49574  49576  49565  49574  49600  49570  49593  49567  49572  49576  49570  49577  49601  49581
  786.155   499103   638.12   499039   638.96  49892  49908  49901  49904  49902  49905  49908  49909  49901  49909  49905  49906  49929  49904  49908  49912  49906  49912  49904  49917
  791.155   502501   639.97   502433   638.56  50231  50247  50241  50244  50243  50244  50246  50247  50241  50249  50244  50245  50269  50244  50246  50250  50247  50252  50244  50260
  796.155   505702   640.41   505631   638.27  50553  50570  50561  50567  50567  50566  50571  50572  50563  50541  50568  50568  50559  50568  50569  50573  50570  50576  50568  50583
  801.155   508886   642.61   508814   640.89  50878  50894  50885  50891  50892  50891  50864  50866  50887  50866  50893  50894  50886  50893  50894  50897  50894  50868  50892  50875
  806.155   511867   638.69   511796   639.19  51188  51173  51195  51172  51173  51171  51173  51178  51197  51176  51204  51172  51195  51173  51175  51177  51204  51179  51203  51185
  811.155   515012   642.27   514910   642.97  51506  51490  51481  51490  51491  51487  51491  51496  51483  51495  51522  51489  51514  51491  51491  51495  51490  51497  51521  51502
  816.156   518225   639.50   518161   640.57  51830  51816  51806  51816  51817  51812  51817  51821  51807  51819  51815  51814  51838  51815  51814  51819  51814  51822  51847  51827
  821.155   521313   628.05   521248   626.01  52110  52127  52118  52128  52130  52124  52129  52133  52119  52130  52128  52125  52150  52126  52124  52131  52127  52135  52128  52139
  826.155   524462   623.17   524435   623.33  52435  52445  52435  52447  52447  52441  52448  52453  52435  52449  52450  52443  52432  52445  52440  52449  52444  52453  52451  52455
  831.155   527642   620.64   527603   620.64  52756  52765  52756  52766  52766  52764  52767  52739  52756  52768  52772  52765  52756  52766  52760  52770  52765  52741  52772  52775
  836.155   530718   626.93   530608   626.83  53073  53050  53073  53049  53050  53082  53050  53056  53073  53052  53090  53051  53072  53085  53078  53055  53082  53057  53089  53059
  841.155   533982   632.44   533871   633.18  53402  53379  53402  53379  53380  53378  53380  53387  53402  53382  53419  53382  53403  53381  53406  53386  53412  53387  53415  53391
  846.155   537044   629.35   536926   629.72  53684  53694  53684  53696  53696  53692  53697  53701  53684  53698  53702  53700  53720  53696  53691  53700  53694  53703  53731  53707
  851.155   540283   635.47   540193   634.60  54010  54022  54010  54023  54022  54019  54022  54029  54010  54026  54031  54027  54047  54022  54019  54027  54021  54031  54025  54033
  856.157   543500   634.90   543402   633.52  54333  54342  54333  54343  54342  54338  54342  54349  54333  54347  54351  54347  54369  54346  54339  54348  54344  54353  54348  54355
  861.155   546675   633.39   546605   631.24  54653  54661  54653  54664  54662  54659  54662  54670  54653  54668  54671  54670  54659  54666  54659  54666  54664  54676  54667  54677
  866.155   549677   632.11   549611   632.52  54959  54969  54959  54972  54972  54964  54970  54945  54958  54943  54977  54976  54968  54973  54964  54972  54969  54951  54973  54954
  871.155   552687   622.17   552552   622.47  55266  55246  55267  55245  55245  55273  55245  55250  55266  55249  55286  55251  55275  55249  55272  55280  55275  55257  55282  55260
  876.155   555992   632.27   555926   632.81  55604  55582  55606  55584  55581  55612  55581  55586  55604  55586  55590  55589  55612  55584  55612  55582  55614  55592  55620  55597
  881.155   559134   631.43   559025   631.97  55893  55906  55895  55908  55904  55901  55904  55910  55893  55911  55914  55914  55937  55909  55901  55907  55904  55917  55909  55922
  886.155   562517   635.86   562406   637.74  56232  56245  56233  56245  56243  56241  56242  56247  56230  56248  56254  56250  56274  56248  56243  56245  56243  56254  56247  56259
  891.155   565847   637.79   565740   637.65  56566  56579  56567  56577  56576  56575  56575  56580  56563  56582  56587  56583  56606  56582  56577  56577  56577  56586  56581  56591
  896.155   569088   647.08   569006   644.40  56894  56903  56895  56904  56902  56901  56902  56904  56892  56909  56915  56908  56904  56909  56903  56904  56906  56912  56910  56917
  901.156   572255   649.56   572168   650.03  57214  57223  57213  57225  57221  57222  57221  57223  57211  57195  57235  57231  57221  57232  57223  57223  57224  57199  57228  57239
  906.155   575483   649.05   575452   647.17  57546  57553  57544  57524  57551  57554  57551  57554  57544  57531  57567  57531  57555  57531  57554  57555  57555  57534  57562  57539
  911.155   578710   651.88   578555   652.35  57872  57848  57868  57850  57847  57849  57847  57849  57868  57857  57863  57857  57881  57857  57879  57881  57881  57859  57887  57865
  916.155   581880   647.62   581788   647.15  58168  58173  58195  58177  58173  58174  58173  58174  58194  58187  58188  58184  58207  58183  58173  58178  58208  58186  58181  58192
  921.155   584925   638.95   584793   638.14  58477  58480  58468  58484  58480  58481  58480  58481  58467  58495  58495  58492  58517  58491  58482  58485  58483  58495  58487  58498
  926.155   588126   637.82   588035   636.48  58801  58805  58794  58807  58804  58805  58804  58806  58793  58816  58819  58814  58806  58812  58807  58809  58809  58818  58812  58820
  931.155   591215   631.33   591119   631.03  59108  59113  59104  59115  59113  59112  59112  59115  59104  59123  59126  59122  59117  59120  59118  59118  59119  59126  59122  59127
  936.155   594406   627.75   594304   625.37  59429  59435  59425  59437  59435  59433  59433  59437  59425  59415  59448  59444  59440  59442  59440  59441  59441  59418  59443  59449
  941.155   597503   621.48   597405   623.39  59744  59750  59737  59715  59750  59748  59749  59752  59735  59725  59763  59721  59750  59756  59755  59756  59756  59726  59757  59763
  946.155   600733   629.60   600657   629.13  60080  60056  60073  60059  60055  60084  60055  60058  60073  60064  60070  60066  60088  60061  60061  60062  60092  60069  60095  60069
  951.155   603851   633.99   603777   634.83  60368  60373  60393  60376  60372  60372  60372  60377  60393  60381  60388  60385  60407  60378  60377  60380  60380  60387  60382  60387
  956.155   607196   637.68   607058   637.25  60701  60708  60694  60711  60707  60707  60707  60713  60694  60716  60722  60719  60741  60712  60710  60716  60714  60723  60716  60723
  961.155   610415   641.63   610306   639.85  61026  61032  61018  61036  61031  61032  61033  61038  61017  61043  61048  61044  61030  61038  61036  61041  61040  61050  61040  61048
  966.155   613670   637.85   613561   637.62  61355  61357  61344  61360  61356  61358  61358  61362  61344  61367  61373  61368  61359  61363  61362  61367  61368  61373  61364  61373
  971.155   616767   639.37   616657   638.94  61668  61669  61655  61674  61669  61671  61670  61677  61655  61649  61685  61682  61670  61676  61675  61680  61682  61655  61677  61685
  976.155   619884   635.47   619745   635.40  61983  61985  61970  61959  61984  61986  61984  61960  61970  61964  62000  61966  61987  61990  61989  61993  61998  61971  61992  61998
  981.155   622781   633.18   622677   632.17  62259  62263  62279  62267  62263  62265  62263  62268  62278  62272  62279  62274  62295  62266  62266  62270  62277  62278  62301  62275
  986.155   625980   628.05   625880   629.33  62580  62582  62601  62588  62584  62583  62583  62588  62599  62592  62599  62594  62616  62585  62586  62589  62597  62597  62622  62595
  991.155   629265   630.50   629134   629.80  62911  62913  62901  62921  62915  62914  62915  62920  62901  62923  62930  62926  62949  62916  62917  62922  62929  62928  62921  62927
  996.155   632317   622.67   632216   620.89  63219  63220  63209  63229  63224  63223  63224  63228  63209  63231  63237  63236  63226  63225  63225  63229  63238  63238  63229  63234
 1001.155   635459   620.87   635360   619.97  63538  63536  63525  63548  63542  63541  63542  63548  63525  63515  63554  63554  63543  63542  63544  63546  63556  63521  63547  63552
 1006.155   638655   622.40   638486   623.54  63856  63854  63846  63835  63858  63861  63859  63834  63846  63837  63872  63874  63865  63860  63863  63867  63873  63843  63868  63870
 1011.155   641958   637.42   641856   637.42  64196  64194  64186  64176  64198  64200  64168  64176  64186  64176  64212  64181  64205  64199  64204  64176  64182  64183  64207  64209
 1016.155   645224   643.59   645148   643.36  64504  64532  64525  64514  64505  64508  64507  64515  64525  64513  64521  64520  64544  64507  64511  64514  64520  64521  64547  64519
 1021.155   648325   637.38   648254   638.36  64819  64812  64839  64829  64820  64822  64821  64828  64838  64826  64834  64834  64856  64822  64822  64828  64835  64835  64828  64831
 1026.155   651521   642.05   651391   639.93  65138  65132  65125  65149  65141  65142  65142  65150  65124  65148  65153  65154  65178  65142  65141  65147  65154  65155  65148  65149
 1031.155   654735   642.47   654639   639.35  65462  65458  65451  65472  65466  65467  65466  65474  65451  65472  65479  65477  65468  65468  65467  65473  65479  65477  65473  65474
 1036.155   657916   637.92   657722   641.24  65778  65775  65768  65759  65786  65786  65786  65759  65768  65757  65797  65795  65786  65786  65786  65790  65799  65795  65789  65793
 1041.155   661023   631.74   660819   632.89  66094  66091  66085  66074  66070  66103  66070  66074  66086  66072  66115  66080  66104  66102  66103  66108  66116  66077  66108  66110
 1046.155   664186   628.76   663998   627.72  66418  66412  66407  66395  66392  66389  66392  66394  66407  66392  66440  66401  66428  66426  66427  66396  66401  66398  66432  66437
 1051.156   667479   640.60   667393   639.03  66725  66754  66750  66737  66735  66733  66737  66737  66750  66735  66746  66746  66772  66732  66732  66741  66747  66744  66773  66746
 1056.155   670849   647.57   670758   647.84  67064  67061  67088  67076  67076  67074  67077  67078  67088  67076  67086  67085  67112  67072  67072  67084  67089  67084  67079  67086
 1061.155   673977   635.46   673812   634.28  67385  67387  67363  67385  67386  67385  67386  67388  67361  67386  67408  67396  67386  67394  67393  67397  67402  67393  67404  67404
 1066.155   677307   638.89   677028   641.28  67718  67722  67692  67682  67683  67719  67683  67721  67689  67719  67740  67729  67714  67729  67727  67731  67736  67728  67737  67736
 1071.155   680340   648.22   680247   650.84  68017  68022  68029  68021  68022  68049  68022  68020  68026  68019  68040  68027  68049  68029  68026  68029  68037  68028  68038  68037
 1076.155   683666   653.71   683542   655.86  68350  68354  68361  68354  68355  68350  68355  68353  68358  68352  68373  68360  68382  68362  68359  68362  68368  68360  68371  68369
 1081.155   686811   647.61   686693   645.39  68665  68671  68677  68669  68670  68663  68669  68668  68673  68668  68686  68674  68697  68676  68674  68676  68682  68675  68687  68684
 1086.156   690092   640.77   689975   636.17  68993  68998  69006  68997  68998  68992  68998  68996  69001  68996  69014  69002  69025  69006  69002  69003  69009  69003  69015  69013
 1091.155   693321   639.40   693178   641.14  69316  69320  69295  69323  69324  69314  69324  69319  69324  69319  69337  69324  69347  69331  69326  69324  69333  69326  69337  69336
 1096.155   696472   633.70   696296   639.51  69638  69643  69616  69611  69644  69637  69613  69641  69611  69642  69658  69644  69634  69618  69650  69645  69654  69650  69659  69660
 1101.155   699583   640.94   699413   640.27  69955  69932  69939  69935  69932  69958  69938  69958  69935  69931  69978  69963  69956  69943  69940  69965  69975  69938  69976  69949
 1106.155   702626   636.24   702510   636.51  70245  70250  70258  70253  70249  70249  70255  70249  70253  70249  70270  70254  70273  70261  70257  70256  70266  70256  70266  70267
 1111.155   705769   636.20   705649   635.09  70559  70563  70573  70569  70562  70561  70569  70563  70568  70562  70584  70569  70587  70578  70571  70568  70581  70570  70581  70580
 1116.155   708816   627.34   708695   624.18  70864  70867  70878  70872  70868  70866  70872  70867  70872  70869  70889  70874  70891  70882  70877  70872  70886  70875  70885  70885
 1121.156   712094   622.92   711936   622.52  71193  71194  71173  71199  71196  71191  71200  71194  71199  71197  71218  71202  71218  71211  71204  71199  71213  71204  71213  71212
 1126.155   715321   622.11   715159   624.66  71515  71516  71496  71521  71518  71513  71522  71516  71521  71521  71540  71524  71542  71533  71527  71522  71535  71528  71535  71535
 1131.155   718373   623.00   718183   624.48  71829  71831  71810  71805  71833  71830  71806  71830  71804  71805  71854  71839  71827  71816  71841  71836  71849  71813  71850  71848
 1136.155   721380   627.25   721249   626.74  72114  72118  72127  72120  72118  72145  72121  72147  72119  72120  72139  72126  72142  72132  72125  72151  72137  72128  72135  72165
 1141.155   724452   626.95   724310   626.21  72426  72431  72438  72432  72432  72427  72433  72428  72431  72432  72453  72441  72456  72445  72437  72432  72450  72441  72449  72448
 1146.155   727572   629.42   727428   627.54  72738  72742  72750  72743  72744  72739  72744  72741  72743  72744  72764  72753  72769  72757  72749  72744  72761  72754  72760  72761
 1151.155   730874   626.98   730726   629.46  73068  73071  73079  73072  73073  73070  73074  73072  73073  73074  73094  73085  73098  73086  73079  73075  73090  73085  73091  73091
 1156.156   733917   614.97   733766   615.37  73373  73376  73383  73377  73377  73374  73377  73376  73375  73378  73398  73389  73401  73389  73384  73379  73395  73391  73395  73396
 1161.155   736902   613.52   736780   614.77  73677  73680  73655  73681  73684  73678  73684  73680  73680  73681  73705  73696  73704  73662  73689  73682  73699  73664  73701  73700
 1166.155   739932   618.07   739781   617.37  73995  73997  73968  73965  73967  73995  73967  73998  73964  73965  73988  73979  73989  73976  74007  73998  74016  73977  73984  74018
 1171.156   742977   620.47   742793   620.23  74276  74278  74284  74279  74282  74274  74283  74278  74280  74279  74302  74293  74303  74290  74288  74315  74296  74293  74299  74298
 1176.156   746053   620.19   745908   620.16  74588  74591  74594  74591  74593  74587  74593  74590  74591  74590  74613  74603  74615  74601  74600  74589  74609  74605  74610  74608
 1181.155   749369   619.53   749224   618.52  74920  74922  74926  74922  74925  74919  74926  74921  74922  74921  74944  74936  74946  74933  74932  74923  74940  74936  74941  74938
 1186.155   752439   614.75   752289   612.77  75226  75228  75233  75227  75230  75228  75233  75229  75228  75227  75251  75241  75252  75239  75240  75231  75248  75242  75248  75247
 1191.155   755667   621.34   755489   619.50  75553  75555  75529  75553  75556  75553  75529  75555  75553  75553  75577  75568  75577  75565  75566  75555  75573  75538  75574  75574
