Test case: 
Description: 
	10 senders: persistent queues
	10 receivers: client acknowledge every 50 messages
Timestamp: 2011.11.1 22:21:51
Version: 
Setting up JMS benchmark connections... 

Start processing messages.
Thu Dec 01 22:21:51 EST 2011

  Seconds   Send   Send/Sec   Recv   Recv/Sec   RCV0   RCV1   RCV2   RCV3   RCV4   RCV5   RCV6   RCV7   RCV8   RCV9  SND10  SND11  SND12  SND13  SND14  SND15  SND16  SND17  SND18  SND19
  ------- -------- -------- -------- -------- ------ ------ ------ ------ ------ ------ ------ ------ ------ ------ ------ ------ ------ ------ ------ ------ ------ ------ ------ ------
    1.055        0     0.00        0     0.00      0      0      0      0      0      0      0      0      0      0      0      0      0      0      0      0      0      0      0      0
    6.055     2670   580.43     2908   632.17    289    292    292    290    290    289    292    292    291    291    266    267    265    266    267    268    268    268    267    268
   11.055     5555   578.65     5791   603.23    577    581    580    578    578    577    580    582    578    580    556    558    552    556    555    557    555    555    554    557
   16.055     8660   593.15     8897   609.38    887    891    891    888    890    887    890    893    889    891    866    869    864    866    866    866    866    865    864    868
   21.055    11763   587.50    12005   596.68   1198   1202   1202   1199   1201   1198   1201   1204   1199   1201   1177   1178   1173   1178   1176   1176   1176   1176   1176   1177
   26.055    14919   590.99    15160   600.83   1514   1516   1517   1515   1517   1514   1517   1520   1514   1516   1492   1493   1490   1493   1491   1494   1491   1491   1491   1493
   31.055    18041   600.07    18285   608.31   1830   1833   1833   1830   1832   1829   1832   1804   1830   1832   1808   1808   1806   1808   1806   1778   1806   1806   1805   1810
   36.055    20833   609.50    21072   609.53   2107   2108   2108   2106   2107   2104   2107   2111   2106   2108   2083   2084   2082   2084   2081   2085   2082   2084   2082   2086
   41.055    23842   613.68    24083   613.85   2408   2409   2409   2407   2409   2405   2408   2412   2407   2409   2383   2386   2383   2385   2382   2386   2383   2384   2383   2387
   46.055    26894   611.88    27132   611.91   2713   2713   2714   2711   2714   2710   2712   2720   2712   2713   2688   2690   2689   2690   2686   2694   2688   2690   2689   2690
   51.055    30027   611.76    30271   611.83   3026   3025   3028   3025   3029   3025   3024   3035   3026   3028   3000   3003   3002   3004   3000   3008   3002   3003   3003   3002
   56.055    33261   606.95    33507   606.04   3348   3350   3351   3349   3352   3349   3348   3358   3350   3352   3325   3327   3326   3327   3324   3331   3327   3326   3325   3323
   61.055    36266   602.28    36509   602.28   3651   3651   3655   3652   3656   3653   3651   3631   3653   3656   3628   3632   3630   3630   3626   3604   3631   3628   3629   3628
   66.055    39292   613.02    39408   613.19   3932   3962   3936   3932   3937   3934   3964   3942   3933   3936   3941   3913   3910   3942   3939   3917   3912   3938   3940   3940
   71.055    42389   620.17    42569   620.34   4254   4253   4259   4254   4260   4257   4254   4264   4255   4259   4231   4235   4232   4232   4229   4240   4234   4262   4230   4264
   76.056    45367   619.90    45611   620.10   4558   4557   4563   4558   4563   4562   4558   4568   4559   4565   4535   4538   4537   4537   4534   4544   4540   4533   4534   4535
   81.055    48428   616.38    48667   616.24   4862   4863   4869   4863   4870   4868   4864   4874   4864   4870   4841   4846   4843   4842   4840   4852   4846   4838   4839   4841
   86.056    51662   613.04    51899   612.74   5186   5185   5192   5186   5193   5190   5188   5197   5188   5194   5165   5170   5166   5166   5165   5175   5169   5160   5163   5163
   91.055    54733   612.45    54999   611.24   5496   5495   5503   5496   5504   5499   5499   5505   5498   5504   5475   5480   5475   5476   5475   5454   5480   5471   5474   5473
   96.055    57837   613.75    58143   617.97   5810   5810   5819   5811   5818   5813   5813   5819   5812   5818   5789   5793   5788   5789   5789   5767   5762   5785   5788   5787
  101.055    60909   617.44    61081   619.18   6130   6128   6105   6100   6105   6101   6102   6105   6101   6104   6109   6081   6076   6107   6078   6088   6082   6105   6077   6106
  106.055    63973   622.30    64178   622.03   6411   6441   6418   6413   6417   6413   6416   6418   6415   6416   6391   6394   6389   6389   6390   6399   6394   6417   6390   6420
  111.055    67021   623.95    67264   624.08   6724   6720   6728   6725   6730   6725   6727   6731   6726   6728   6704   6705   6699   6701   6702   6711   6705   6696   6700   6698
  116.055    70176   620.19    70422   621.60   7041   7034   7044   7042   7044   7041   7044   7045   7043   7044   7022   7021   7016   7015   7020   7025   7020   7011   7013   7013
  121.055    73354   618.62    73599   614.80   7358   7354   7361   7360   7362   7359   7362   7362   7360   7361   7340   7338   7333   7332   7337   7343   7338   7331   7330   7332
  126.055    76467   616.04    76713   612.89   7670   7664   7673   7671   7673   7670   7673   7674   7672   7673   7650   7651   7645   7643   7650   7652   7650   7642   7641   7643
  131.055    79376   614.15    79481   616.36   7945   7970   7948   7944   7946   7943   7946   7947   7945   7947   7957   7926   7920   7950   7924   7927   7924   7949   7949   7950
  136.055    82699   624.16    82846   625.37   8281   8306   8284   8281   8284   8280   8281   8283   8282   8284   8260   8261   8257   8284   8260   8263   8260   8285   8284   8285
  141.055    85952   635.27    86191   635.13   8619   8612   8621   8619   8622   8617   8618   8621   8620   8622   8598   8600   8594   8590   8598   8601   8598   8591   8590   8592
  146.055    89325   642.58    89558   642.15   8956   8947   8958   8956   8959   8954   8955   8958   8956   8959   8935   8938   8931   8929   8935   8938   8937   8928   8927   8927
  151.055    92591   643.32    92823   641.78   9283   9275   9283   9281   9286   9280   9283   9284   9282   9286   9261   9263   9256   9257   9261   9265   9264   9255   9254   9255
  156.055    95769   640.47    96001   637.95   9602   9594   9599   9598   9606   9597   9600   9601   9599   9605   9578   9579   9573   9575   9578   9584   9582   9572   9574   9574
  161.055    98865   646.48    99128   649.73   9914   9905   9913   9911   9918   9910   9913   9915   9912   9917   9891   9893   9886   9888   9891   9866   9894   9883   9888   9885
  166.055   102135   641.64   102282   644.33  10206  10235  10245  10243  10209  10242  10245  10246  10243  10208  10223  10226  10180  10221  10223  10191  10225  10211  10221  10214
  171.055   105183   643.19   105374   642.65  10536  10558  10535  10533  10539  10532  10535  10536  10532  10538  10513  10516  10508  10512  10513  10521  10515  10536  10511  10538
  176.055   108528   643.24   108749   642.84  10872  10897  10873  10870  10875  10869  10873  10874  10871  10875  10850  10853  10845  10850  10851  10858  10854  10875  10848  10844
  181.055   111950   648.61   112169   649.22  11217  11209  11217  11217  11220  11216  11219  11218  11216  11220  11194  11200  11191  11195  11197  11202  11200  11188  11192  11191
  186.055   115402   656.44   115619   655.91  11563  11552  11563  11561  11566  11560  11563  11564  11562  11565  11539  11545  11537  11541  11544  11546  11545  11532  11537  11536
  191.056   118622   654.50   118842   651.91  11885  11875  11886  11883  11889  11882  11886  11886  11883  11887  11861  11867  11860  11862  11866  11865  11868  11856  11860  11857
  196.055   121890   653.95   122109   653.91  12212  12202  12212  12210  12215  12209  12212  12213  12210  12214  12188  12194  12187  12189  12193  12192  12194  12183  12187  12183
  201.055   125266   666.81   125488   667.79  12529  12552  12564  12562  12532  12561  12564  12531  12562  12531  12540  12546  12503  12543  12510  12509  12511  12533  12538  12533
  206.056   128336   662.62   128525   662.58  12851  12872  12849  12847  12855  12848  12849  12853  12848  12853  12828  12831  12825  12827  12831  12830  12833  12852  12825  12854
  211.055   131629   658.02   131818   658.19  13180  13203  13179  13175  13184  13177  13179  13182  13176  13183  13157  13159  13154  13156  13160  13159  13162  13184  13153  13185
  216.055   134641   645.63   134861   645.73  13487  13477  13486  13483  13490  13486  13487  13490  13485  13490  13465  13468  13462  13464  13467  13466  13470  13459  13460  13460
  221.055   137603   632.94   137819   633.81  13782  13775  13782  13779  13785  13780  13783  13784  13781  13788  13761  13764  13757  13761  13762  13761  13764  13757  13758  13758
  226.055   140560   618.49   140773   617.25  14077  14068  14078  14074  14081  14076  14080  14080  14077  14082  14057  14061  14054  14057  14058  14056  14060  14052  14053  14052
  231.055   143564   605.74   143718   605.50  14354  14376  14384  14381  14357  14383  14357  14387  14382  14357  14363  14367  14330  14363  14335  14362  14367  14359  14360  14358
  236.055   146521   607.13   146672   607.94  14665  14689  14664  14661  14667  14663  14668  14666  14662  14667  14675  14648  14640  14643  14646  14642  14647  14671  14640  14669
  241.055   149607   601.28   149787   601.98  14977  15000  14975  14973  14978  14975  14978  14979  14974  14978  14954  14960  14953  14955  14958  14953  14960  14982  14952  14980
  246.055   152585   601.11   152757   600.54  15277  15270  15276  15273  15277  15275  15278  15279  15274  15278  15257  15260  15255  15256  15257  15254  15262  15252  15252  15280
  251.055   155654   602.35   155859   605.37  15586  15581  15586  15584  15587  15585  15588  15589  15585  15588  15568  15570  15565  15566  15568  15563  15571  15563  15562  15558
  256.055   158785   603.99   158984   601.24  15899  15892  15899  15897  15900  15898  15900  15901  15898  15900  15879  15883  15880  15879  15881  15877  15884  15877  15874  15871
  261.055   162005   610.57   162234   611.98  16224  16218  16224  16221  16225  16224  16225  16226  16222  16225  16205  16206  16174  16205  16206  16202  16210  16202  16198  16197
  266.055   165117   616.04   165306   617.32  16508  16534  16543  16539  16542  16507  16542  16510  16539  16542  16522  16524  16491  16522  16492  16520  16493  16522  16517  16514
  271.055   168079   617.89   168241   618.26  16824  16844  16823  16818  16823  16821  16823  16825  16818  16822  16802  16804  16803  16803  16807  16800  16807  16830  16797  16826
  276.055   171124   621.04   171311   621.54  17131  17151  17130  17125  17129  17129  17129  17133  17125  17129  17109  17111  17111  17111  17116  17107  17114  17108  17105  17132
  281.055   174467   629.06   174655   630.74  17468  17458  17466  17464  17466  17467  17466  17471  17463  17466  17447  17448  17450  17447  17454  17444  17452  17446  17442  17437
  286.055   177827   635.97   178011   636.58  17802  17795  17802  17800  17802  17803  17802  17805  17798  17802  17783  17785  17785  17784  17790  17780  17785  17782  17778  17775
  291.055   181027   630.66   181210   627.94  18123  18116  18123  18120  18121  18122  18122  18124  18118  18121  18103  18104  18105  18104  18109  18101  18106  18102  18098  18095
  296.055   184087   628.83   184333   627.42  18437  18429  18437  18432  18433  18433  18434  18435  18429  18434  18417  18417  18385  18418  18386  18412  18420  18416  18408  18408
  301.055   187393   640.07   187641   640.64  18737  18763  18770  18767  18768  18766  18768  18770  18763  18769  18750  18751  18718  18752  18720  18745  18722  18750  18743  18742
  306.055   190645   653.96   190821   653.59  19081  19107  19081  19078  19079  19077  19079  19081  19078  19080  19061  19062  19062  19064  19065  19056  19067  19064  19058  19086
  311.056   194130   658.79   194270   658.22  19428  19424  19429  19426  19427  19425  19427  19429  19427  19428  19409  19410  19411  19412  19414  19405  19416  19413  19408  19432
  316.055   197351   653.96   197490   653.66  19751  19744  19752  19749  19747  19748  19747  19751  19750  19751  19731  19729  19734  19735  19737  19726  19739  19733  19731  19756
  321.055   200719   657.28   200903   657.25  20092  20084  20093  20092  20088  20091  20088  20090  20092  20093  20073  20069  20072  20076  20075  20066  20078  20075  20074  20061
  326.055   204129   665.91   204310   662.62  20432  20423  20435  20433  20429  20432  20427  20431  20434  20434  20416  20409  20413  20417  20416  20406  20417  20415  20416  20404
  331.055   207405   663.14   207614   660.83  20763  20755  20765  20763  20760  20762  20757  20760  20765  20764  20747  20740  20743  20747  20717  20736  20748  20745  20747  20735
  336.055   210432   658.81   210609   658.85  21047  21074  21050  21048  21085  21045  21079  21084  21049  21048  21031  21062  21028  21032  21034  21058  21032  21067  21031  21057
  341.055   213888   659.02   214003   660.19  21395  21417  21398  21396  21395  21393  21420  21396  21396  21397  21380  21404  21375  21380  21380  21399  21381  21409  21380  21400
  346.055   217280   667.62   217500   670.34  21749  21770  21752  21750  21747  21744  21740  21746  21750  21752  21730  21720  21725  21727  21728  21715  21731  21726  21729  21749
  351.055   220744   670.81   220931   672.08  22096  22081  22099  22097  22093  22090  22087  22092  22097  22099  22077  22067  22072  22073  22075  22061  22078  22071  22076  22094
  356.055   224130   664.49   224333   665.22  22437  22417  22440  22438  22433  22430  22426  22433  22438  22441  22422  22409  22411  22415  22419  22403  22421  22412  22419  22399
  361.055   227474   666.60   227667   663.75  22769  22751  22774  22771  22766  22763  22762  22766  22771  22774  22755  22746  22744  22748  22751  22739  22755  22747  22753  22736
  366.055   230489   667.85   230651   668.39  23052  23065  23056  23053  23081  23078  23077  23081  23053  23055  23038  23061  23027  23062  23034  23054  23036  23061  23066  23050
  371.055   233810   664.42   233999   666.97  23388  23399  23392  23389  23414  23411  23412  23414  23389  23391  23374  23396  23364  23395  23371  23389  23373  23395  23370  23383
  376.055   237014   659.69   237129   658.71  23711  23726  23718  23715  23708  23705  23706  23708  23715  23717  23701  23690  23690  23689  23696  23720  23699  23726  23693  23710
  381.055   240119   648.18   240296   648.85  24028  24041  24034  24031  24025  24023  24023  24027  24031  24033  24015  24007  24003  24004  24010  23999  24014  24033  24009  24025
  386.055   243459   641.54   243672   641.91  24366  24379  24372  24369  24362  24359  24359  24366  24369  24371  24353  24344  24341  24340  24347  24333  24351  24338  24348  24364
  391.055   246922   646.91   247130   646.28  24715  24695  24721  24717  24712  24708  24708  24718  24717  24719  24702  24694  24689  24691  24696  24683  24700  24689  24697  24681
  396.055   250334   658.56   250544   659.16  25055  25039  25061  25059  25053  25049  25050  25058  25059  25061  25043  25036  25031  25033  25036  25024  25040  25030  25037  25024
  401.055   253424   653.66   253576   653.56  25347  25359  25349  25349  25378  25373  25373  25348  25349  25351  25333  25360  25319  25356  25326  25346  25329  25351  25358  25346
  406.055   256638   654.47   256762   657.80  25673  25684  25675  25673  25671  25666  25695  25673  25674  25678  25660  25682  25645  25680  25652  25669  25657  25674  25650  25669
  411.055   259720   654.65   259880   656.16  25988  25998  25990  25987  25987  25983  25980  25988  25988  25991  25974  25966  25958  25964  25968  25983  25973  25988  25964  25982
  416.055   262723   643.12   262919   640.34  26292  26301  26295  26292  26291  26286  26283  26292  26292  26295  26277  26270  26261  26267  26273  26254  26277  26292  26267  26285
  421.055   265794   629.24   266023   625.92  26603  26611  26606  26603  26601  26596  26594  26602  26603  26604  26587  26580  26569  26578  26584  26565  26587  26573  26577  26594
  426.055   268907   615.74   269136   615.44  26918  26896  26921  26918  26913  26910  26907  26917  26918  26918  26902  26894  26882  26892  26899  26880  26902  26887  26891  26878
  431.055   271969   618.18   272106   618.75  27203  27211  27206  27202  27229  27225  27222  27203  27202  27203  27187  27210  27198  27207  27183  27194  27187  27202  27207  27194
  436.055   275389   625.07   275532   627.82  27549  27556  27552  27548  27544  27570  27567  27549  27548  27549  27533  27554  27542  27550  27528  27539  27533  27548  27522  27540
  441.055   278604   629.83   278765   632.42  27876  27883  27879  27875  27867  27863  27899  27875  27875  27873  27860  27848  27836  27881  27853  27871  27858  27878  27851  27868
  446.055   281881   638.61   282048   638.71  28207  28212  28210  28206  28201  28197  28194  28208  28206  28207  28192  28182  28170  28176  28186  28199  28189  28207  28182  28198
  451.055   285218   648.59   285449   644.36  28546  28552  28550  28547  28541  28537  28535  28548  28546  28547  28531  28522  28510  28518  28526  28508  28528  28547  28522  28538
  456.055   288551   654.09   288754   650.17  28878  28856  28883  28881  28875  28871  28869  28881  28880  28880  28864  28855  28843  28852  28859  28843  28860  28849  28855  28871
  461.055   291703   654.77   291808   656.91  29166  29173  29169  29169  29193  29188  29187  29198  29166  29199  29183  29175  29160  29170  29178  29161  29177  29167  29172  29160
  466.055   294800   645.92   294873   646.86  29483  29486  29486  29483  29478  29505  29505  29482  29483  29482  29466  29493  29478  29488  29461  29476  29494  29481  29488  29475
  471.055   297818   643.59   298015   644.80  29800  29803  29803  29800  29796  29791  29825  29799  29800  29798  29784  29778  29763  29773  29778  29795  29780  29800  29773  29794
  476.055   301256   648.04   301416   649.95  30143  30146  30146  30144  30140  30136  30135  30142  30144  30140  30129  30123  30108  30118  30122  30136  30125  30141  30117  30137
  481.055   304537   642.38   304688   639.43  30472  30474  30475  30472  30467  30462  30460  30469  30471  30466  30458  30451  30436  30446  30450  30464  30452  30469  30445  30466
  486.055   307813   639.52   307993   637.64  30802  30805  30806  30803  30798  30792  30790  30800  30802  30795  30789  30784  30765  30776  30782  30759  30783  30799  30778  30798
  491.055   311061   641.50   311302   643.71  31133  31135  31136  31133  31131  31124  31121  31132  31132  31125  31120  31118  31096  31106  31112  31091  31116  31096  31111  31095
  496.055   314133   643.32   314273   645.57  31413  31416  31416  31412  31444  31438  31437  31445  31413  31439  31400  31431  31410  31420  31393  31405  31429  31409  31425  31411
  501.055   317325   652.45   317471   650.74  31742  31746  31746  31741  31741  31735  31766  31742  31743  31769  31728  31727  31738  31750  31723  31733  31726  31738  31722  31740
  506.055   320432   642.35   320566   642.62  32057  32061  32061  32057  32057  32052  32051  32059  32058  32053  32044  32042  32024  32036  32041  32052  32043  32055  32038  32057
  511.055   323733   640.94   323860   643.36  32386  32391  32391  32386  32386  32382  32381  32387  32388  32382  32373  32371  32356  32365  32371  32382  32372  32387  32368  32388
  516.055   327151   645.17   327275   647.05  32729  32732  32733  32729  32728  32723  32720  32729  32729  32723  32716  32712  32697  32706  32713  32724  32714  32729  32710  32730
  521.055   330182   633.59   330337   631.71  33034  33037  33038  33034  33035  33030  33028  33036  33034  33031  33022  33020  33005  33014  33018  32999  33021  33033  33017  33033
  526.055   333543   643.14   333767   643.65  33377  33381  33381  33378  33378  33372  33369  33380  33378  33373  33364  33364  33347  33358  33361  33339  33366  33341  33361  33342
  531.055   336831   648.14   337023   647.57  33677  33712  33680  33709  33711  33705  33701  33712  33709  33707  33695  33695  33679  33690  33661  33673  33696  33674  33693  33675
  536.055   339906   652.24   340060   651.67  33999  34001  34002  33998  34002  33995  34030  34002  33998  34033  33985  33985  34007  33981  33983  33999  33987  33997  33984  33998
  541.056   343288   655.06   343447   656.13  34342  34345  34345  34342  34343  34337  34368  34345  34342  34338  34328  34326  34311  34324  34325  34341  34330  34338  34326  34339
  546.055   346651   653.32   346778   654.46  34677  34680  34682  34678  34680  34675  34672  34681  34679  34674  34665  34662  34647  34663  34661  34675  34667  34674  34663  34674
  551.055   349785   653.26   349946   653.46  34995  34997  34999  34995  34997  34991  34988  34998  34996  34990  34982  34979  34964  34980  34976  34959  34984  34990  34980  34991
  556.056   352983   644.36   353139   642.25  35313  35316  35316  35313  35316  35313  35310  35317  35313  35312  35302  35301  35288  35299  35297  35282  35302  35306  35298  35308
  561.055   356265   642.13   356426   639.94  35642  35645  35645  35642  35647  35643  35636  35648  35642  35636  35631  35626  35617  35629  35627  35606  35631  35634  35627  35637
  566.055   359319   650.28   359480   649.41  35941  35944  35944  35941  35944  35942  35969  35946  35941  35968  35930  35958  35915  35928  35925  35940  35930  35965  35926  35935
  571.055   362487   641.70   362650   641.80  36259  36261  36260  36257  36260  36257  36290  36261  36257  36288  36246  36277  36232  36245  36241  36258  36248  36246  36241  36253
  576.055   365802   641.43   365933   642.81  36595  36598  36596  36593  36596  36593  36586  36598  36593  36585  36583  36572  36567  36580  36576  36592  36584  36583  36579  36586
  581.055   369050   646.48   369211   646.48  36923  36925  36924  36921  36923  36920  36915  36925  36921  36914  36909  36901  36896  36909  36905  36887  36910  36913  36905  36915
  586.055   372405   643.51   372565   643.58  37258  37259  37259  37256  37259  37256  37250  37261  37256  37251  37243  37237  37232  37244  37241  37224  37246  37248  37239  37251
  591.055   375502   636.95   375595   636.81  37541  37567  37567  37564  37567  37565  37557  37545  37564  37558  37553  37545  37543  37555  37550  37533  37555  37558  37549  37561
  596.055   378789   642.58   378847   642.38  37870  37895  37895  37892  37895  37861  37886  37875  37892  37886  37882  37874  37871  37883  37879  37862  37883  37887  37878  37890
  601.055   381757   644.64   381925   644.81  38194  38187  38187  38184  38187  38184  38209  38200  38184  38209  38171  38193  38163  38174  38169  38184  38174  38178  38170  38181
  606.055   384809   635.77   384917   635.00  38501  38492  38492  38489  38491  38488  38485  38505  38489  38485  38476  38499  38467  38479  38475  38491  38480  38482  38474  38486
  611.055   388011   636.28   388176   634.26  38826  38820  38819  38816  38816  38813  38810  38831  38816  38809  38804  38795  38792  38804  38800  38787  38806  38808  38801  38814
  616.055   391212   630.10   391381   626.17  39147  39140  39138  39137  39136  39133  39131  39152  39137  39130  39123  39117  39111  39124  39121  39108  39126  39128  39120  39134
  621.055   394399   625.23   394502   627.75  39433  39459  39458  39457  39455  39452  39448  39438  39456  39446  39441  39434  39430  39442  39439  39428  39446  39448  39438  39453
  626.055   397669   625.21   397778   627.86  39763  39787  39784  39785  39781  39779  39777  39765  39784  39773  39768  39761  39756  39769  39765  39758  39773  39776  39764  39779
  631.055   400750   628.19   400765   628.22  40074  40066  40064  40065  40093  40090  40088  40076  40064  40085  40079  40073  40067  40080  40076  40070  40084  40086  40076  40059
  636.056   403829   636.04   404007   638.32  40405  40397  40394  40395  40390  40387  40420  40408  40394  40417  40379  40404  40365  40378  40374  40400  40381  40385  40375  40388
  641.055   407020   635.72   407166   634.07  40724  40716  40713  40715  40709  40706  40707  40728  40713  40735  40699  40722  40684  40696  40692  40719  40700  40705  40695  40708
  646.056   410144   635.32   410330   633.75  41044  41035  41033  41035  41029  41026  41028  41047  41032  41021  41018  41009  41004  41015  41011  41005  41018  41025  41013  41026
  651.055   413439   638.95   413582   638.18  41371  41362  41360  41361  41359  41356  41359  41344  41359  41351  41347  41338  41334  41345  41342  41335  41349  41353  41342  41354
  656.056   416737   629.43   416844   630.77  41666  41693  41690  41691  41689  41686  41689  41671  41690  41679  41677  41667  41664  41676  41671  41665  41679  41683  41672  41683
  661.055   420059   636.48   420171   643.15  42002  42026  42021  42023  42021  42017  42020  42005  42024  42012  42008  42003  41995  42008  42002  41999  42012  42014  42003  42015
  666.056   423262   641.06   423274   641.03  42322  42312  42341  42310  42341  42338  42341  42326  42311  42332  42327  42323  42316  42329  42323  42319  42331  42335  42323  42336
  671.055   426343   646.38   426490   647.42  42655  42650  42644  42646  42643  42640  42643  42659  42646  42664  42629  42655  42617  42631  42626  42651  42633  42638  42625  42638
  676.055   429371   645.22   429573   642.74  42963  42960  42953  42954  42951  42948  42951  42967  42954  42972  42938  42933  42925  42940  42936  42930  42942  42947  42934  42946
  681.056   432453   638.05   432616   635.50  43270  43267  43260  43261  43259  43256  43259  43275  43261  43248  43247  43242  43234  43248  43243  43239  43250  43254  43242  43254
  686.056   435654   629.22   435808   629.58  43589  43587  43580  43580  43578  43575  43579  43593  43580  43567  43569  43561  43553  43567  43564  43559  43570  43574  43561  43576
  691.055   438818   621.20   438909   621.53  43872  43903  43898  43896  43895  43892  43895  43876  43896  43886  43885  43879  43870  43883  43880  43876  43886  43890  43877  43892
  696.055   442073   619.75   442124   625.63  44195  44194  44225  44222  44220  44217  44220  44199  44222  44210  44211  44203  44195  44210  44205  44201  44212  44215  44203  44218
  701.055   445059   623.58   445139   623.58  44514  44511  44510  44506  44506  44535  44506  44516  44507  44528  44496  44522  44481  44496  44523  44519  44497  44533  44489  44503
  706.055   448124   627.30   448237   625.29  44827  44825  44823  44819  44822  44815  44819  44829  44819  44839  44809  44833  44797  44809  44804  44828  44812  44813  44802  44817
  711.055   451233   630.22   451413   627.34  45145  45143  45141  45136  45140  45132  45136  45148  45136  45156  45127  45119  45113  45128  45123  45113  45126  45131  45120  45133
  716.055   454297   625.63   454446   622.20  45453  45449  45447  45441  45447  45440  45443  45453  45441  45432  45433  45427  45418  45433  45429  45421  45434  45437  45427  45438
  721.055   457434   618.46   457555   617.38  45736  45764  45760  45756  45761  45754  45757  45766  45756  45745  45746  45741  45732  45747  45745  45733  45745  45751  45742  45752
  726.055   460841   620.60   460929   623.93  46077  46103  46100  46097  46100  46095  46098  46076  46096  46087  46085  46082  46072  46089  46085  46075  46084  46093  46082  46094
  731.056   464139   627.92   464181   631.71  46404  46397  46430  46427  46430  46424  46428  46402  46426  46413  46415  46411  46402  46418  46415  46404  46415  46423  46412  46424
  736.055   467014   631.78   467122   632.65  46717  46713  46710  46707  46711  46704  46710  46716  46707  46727  46696  46722  46684  46701  46697  46714  46697  46706  46692  46705
  741.055   470207   635.69   470345   633.24  47041  47035  47033  47030  47033  47026  47033  47038  47030  47046  47017  47014  47006  47024  47019  47036  47020  47029  47014  47028
  746.055   473483   643.83   473661   641.41  47371  47366  47365  47361  47364  47361  47364  47369  47362  47378  47347  47343  47338  47355  47349  47336  47349  47361  47346  47359
  751.056   476831   644.66   476963   641.88  47705  47699  47697  47694  47697  47694  47697  47702  47695  47683  47684  47680  47670  47689  47683  47673  47686  47694  47679  47693
  756.055   479961   632.03   480071   632.71  47984  48015  48011  48008  48011  48008  48012  48020  48011  47991  47996  47991  47984  48003  47999  47982  47997  48008  47994  48007
  761.055   483250   631.93   483264   635.16  48317  48312  48339  48336  48338  48335  48339  48318  48309  48321  48325  48324  48313  48331  48327  48313  48326  48335  48322  48334
  766.056   486258   641.48   486366   643.62  48636  48631  48627  48624  48657  48654  48627  48640  48628  48642  48645  48643  48602  48619  48614  48634  48646  48624  48608  48623
  771.055   489446   644.52   489570   644.12  48964  48958  48953  48951  48951  48948  48954  48967  48955  48969  48940  48940  48931  48946  48943  48964  48941  48952  48937  48952
  776.055   492651   643.24   492810   639.38  49289  49281  49277  49275  49276  49273  49278  49292  49277  49292  49266  49265  49254  49269  49265  49254  49266  49274  49262  49276
  781.055   495720   633.88   495872   631.43  49595  49588  49583  49581  49583  49580  49584  49597  49583  49598  49574  49571  49562  49574  49572  49562  49574  49579  49570  49582
  786.055   499079   634.08   499163   635.32  49899  49923  49921  49917  49919  49916  49917  49931  49919  49901  49911  49906  49899  49910  49908  49897  49910  49916  49906  49916
  791.055   502477   635.88   502533   639.31  50241  50263  50261  50257  50258  50255  50256  50240  50259  50243  50251  50246  50238  50251  50247  50235  50250  50256  50247  50256
  796.055   505643   642.95   505723   643.12  50561  50555  50585  50580  50580  50577  50580  50560  50582  50563  50575  50567  50529  50575  50569  50557  50574  50578  50539  50580
  801.055   508717   644.50   508874   644.56  50887  50880  50876  50873  50903  50901  50904  50886  50875  50889  50870  50893  50856  50870  50863  50884  50869  50872  50866  50874
  806.055   511823   641.28   511887   640.17  51196  51191  51188  51184  51183  51180  51183  51198  51186  51198  51180  51202  51168  51182  51174  51196  51180  51183  51175  51183
  811.056   514937   644.89   515066   640.89  51514  51509  51506  51501  51501  51498  51501  51517  51503  51516  51498  51489  51488  51500  51490  51480  51496  51502  51493  51501
  816.055   518183   639.99   518308   638.04  51839  51835  51830  51826  51824  51821  51825  51841  51827  51840  51822  51813  51813  51825  51813  51807  51821  51826  51818  51825
  821.055   521305   624.33   521332   626.64  52119  52147  52141  52137  52137  52135  52137  52121  52138  52120  52135  52127  52125  52137  52125  52120  52133  52137  52129  52137
  826.055   524492   620.03   524462   621.44  52434  52428  52459  52454  52454  52451  52454  52435  52457  52436  52453  52448  52445  52454  52442  52441  52451  52455  52447  52456
  831.056   527508   626.21   527618   624.70  52759  52752  52748  52775  52774  52771  52775  52758  52746  52760  52741  52768  52731  52743  52763  52765  52739  52777  52736  52745
  836.055   530580   628.34   530754   628.81  53076  53068  53065  53059  53091  53088  53092  53074  53064  53077  53059  53085  53047  53059  53049  53049  53056  53061  53053  53062
  841.055   533854   634.82   533960   632.03  53406  53398  53397  53391  53388  53385  53390  53404  53394  53407  53389  53381  53376  53391  53380  53381  53386  53394  53383  53393
  846.055   537005   629.40   537108   627.62  53723  53715  53711  53705  53700  53698  53703  53719  53711  53723  53703  53694  53693  53705  53693  53695  53704  53708  53701  53709
  851.055   540279   632.18   540315   632.45  54016  54043  54038  54033  54027  54025  54029  54048  54037  54019  54030  54022  54020  54033  54020  54023  54032  54035  54029  54035
  856.055   543493   630.66   543508   635.16  54340  54363  54360  54354  54351  54348  54352  54339  54357  54344  54352  54345  54340  54355  54342  54343  54354  54357  54349  54356
  861.056   546636   633.58   546699   633.01  54658  54683  54679  54673  54671  54668  54672  54657  54676  54662  54671  54667  54659  54677  54663  54663  54643  54678  54639  54676
  866.055   549591   633.89   549676   630.94  54966  54960  54956  54979  54977  54974  54978  54964  54953  54969  54979  54973  54937  54954  54970  54969  54951  54956  54948  54954
  871.055   552594   626.64   552713   623.76  55273  55265  55260  55255  55285  55282  55286  55271  55259  55277  55254  55282  55243  55260  55246  55277  55256  55264  55253  55259
  876.055   555891   633.76   555974   629.33  55610  55603  55594  55590  55588  55585  55587  55609  55594  55614  55589  55584  55581  55596  55582  55580  55594  55600  55590  55595
  881.055   559126   631.33   559220   630.89  55935  55927  55918  55913  55913  55911  55912  55935  55919  55937  55914  55907  55904  55920  55905  55905  55918  55923  55912  55918
  886.055   562511   632.50   562530   634.89  56237  56264  56257  56253  56251  56250  56251  56271  56257  56239  56251  56247  56241  56258  56245  56246  56255  56262  56250  56256
  891.055   565841   634.55   565828   637.50  56570  56596  56591  56587  56585  56583  56584  56570  56590  56572  56585  56581  56574  56591  56577  56580  56588  56594  56582  56589
  896.055   569108   643.89   569107   644.16  56900  56923  56918  56914  56913  56911  56913  56898  56917  56900  56913  56909  56901  56916  56904  56908  56914  56920  56909  56914
  901.055   572171   649.97   572257   648.99  57217  57208  57238  57233  57231  57230  57232  57215  57236  57217  57233  57228  57220  57237  57223  57229  57201  57206  57195  57199
  906.055   575354   652.11   575496   651.04  57551  57543  57539  57534  57563  57562  57563  57552  57537  57552  57535  57560  57520  57539  57526  57529  57538  57543  57531  57533
  911.055   578583   652.92   578695   649.50  57878  57869  57865  57860  57859  57858  57887  57879  57862  57878  57862  57856  57846  57864  57852  57856  57864  57869  57856  57858
  916.055   581846   647.72   581926   647.58  58204  58196  58190  58186  58184  58185  58181  58207  58187  58206  58187  58183  58173  58190  58179  58181  58191  58196  58181  58185
  921.055   584924   635.66   584895   638.68  58476  58503  58498  58494  58490  58493  58487  58480  58495  58479  58495  58492  58480  58497  58487  58489  58498  58503  58488  58495
  926.055   588160   628.95   588144   633.65  58803  58826  58822  58818  58815  58817  58813  58806  58819  58805  58819  58817  58804  58821  58811  58813  58821  58826  58810  58818
  931.055   591215   630.23   591229   631.74  59111  59134  59131  59125  59123  59124  59123  59115  59128  59115  59128  59125  59112  59131  59119  59122  59100  59134  59117  59127
  936.056   594341   630.97   594414   628.59  59434  59425  59452  59446  59444  59445  59444  59438  59449  59437  59419  59448  59433  59453  59441  59443  59422  59425  59439  59418
  941.055   597222   625.49   597379   623.11  59745  59734  59728  59722  59755  59721  59756  59747  59725  59746  59725  59724  59709  59730  59717  59719  59730  59729  59715  59724
  946.055   600667   631.58   600794   628.02  60084  60078  60073  60066  60093  60065  60093  60086  60070  60086  60069  60069  60054  60075  60063  60065  60072  60073  60059  60068
  951.055   603842   633.79   603909   634.87  60402  60395  60390  60384  60381  60383  60380  60402  60390  60402  60386  60387  60373  60392  60381  60382  60389  60389  60376  60387
  956.055   607193   635.37   607256   635.74  60735  60730  60725  60719  60715  60717  60713  60738  60726  60738  60720  60723  60706  60727  60716  60717  60725  60724  60712  60723
  961.056   610446   631.91   610388   637.55  61022  61055  61049  61044  61038  61042  61036  61026  61051  61025  61045  61048  61031  61052  61042  61042  61050  61048  61038  61050
  966.055   613628   638.71   613657   640.42  61352  61379  61374  61371  61365  61367  61363  61355  61376  61355  61371  61372  61354  61376  61367  61369  61342  61373  61362  61342
  971.055   616669   647.55   616729   645.34  61666  61663  61687  61684  61677  61681  61674  61668  61659  61670  61684  61655  61667  61689  61650  61651  61656  61686  61674  61657
  976.056   619664   637.48   619789   633.39  61984  61978  61970  61969  61992  61965  61989  61984  61972  61986  61969  61971  61953  61972  61965  61963  61971  61970  61958  61972
  981.056   622743   634.28   622839   631.10  62292  62285  62278  62275  62270  62274  62298  62292  62280  62295  62276  62278  62261  62279  62272  62271  62279  62280  62268  62279
  986.055   625941   628.01   626013   624.85  62614  62607  62597  62596  62590  62592  62586  62613  62601  62617  62594  62599  62581  62599  62592  62590  62600  62600  62587  62599
  991.055   629262   627.38   629274   630.74  62916  62940  62929  62928  62923  62923  62920  62943  62934  62918  62927  62931  62912  62931  62924  62923  62931  62932  62919  62932
  996.056   632338   619.73   632290   621.24  63223  63218  63236  63236  63231  63232  63227  63221  63241  63225  63234  63238  63220  63238  63233  63232  63239  63238  63227  63239
 1001.055   635443   619.63   635421   622.05  63540  63530  63553  63554  63549  63550  63543  63536  63524  63542  63551  63556  63537  63556  63551  63549  63522  63555  63545  63521
 1006.055   638571   628.04   638599   624.79  63862  63853  63871  63842  63868  63869  63865  63859  63847  63863  63869  63841  63855  63875  63837  63867  63845  63874  63864  63844
 1011.055   641785   639.01   641935   635.73  64202  64194  64181  64182  64205  64177  64204  64199  64188  64203  64178  64181  64165  64183  64176  64177  64185  64183  64173  64184
 1016.055   645171   645.30   645254   641.28  64509  64532  64519  64521  64512  64514  64543  64537  64525  64542  64517  64520  64505  64522  64516  64514  64522  64522  64511  64522
 1021.055   648305   636.81   648322   635.87  64822  64844  64833  64834  64825  64830  64822  64849  64839  64824  64830  64835  64818  64835  64831  64828  64835  64834  64823  64836
 1026.056   651498   638.44   651516   640.59  65140  65166  65152  65154  65143  65148  65141  65170  65160  65142  65149  65155  65137  65152  65152  65147  65155  65153  65142  65156
 1031.055   654747   639.09   654703   642.75  65466  65457  65477  65477  65468  65473  65468  65467  65483  65467  65474  65480  65461  65477  65476  65473  65478  65480  65469  65479
 1036.055   657835   639.16   657850   641.85  65785  65776  65795  65795  65784  65792  65784  65785  65770  65784  65790  65796  65779  65794  65764  65792  65766  65799  65788  65767
 1041.056   660835   636.93   660952   632.34  66102  66092  66113  66078  66099  66079  66101  66102  66086  66100  66107  66079  66063  66110  66078  66077  66082  66083  66073  66083
 1046.055   663972   630.91   664136   627.79  66426  66414  66398  66397  66421  66400  66425  66425  66408  66422  66393  66399  66382  66397  66402  66395  66404  66404  66392  66404
 1051.056   667425   641.63   667502   639.38  66734  66756  66744  66743  66764  66746  66736  66766  66750  66763  66739  66746  66725  66744  66747  66741  66747  66750  66737  66749
 1056.055   670824   644.12   670809   644.12  67074  67096  67084  67083  67072  67087  67076  67075  67090  67072  67079  67087  67065  67084  67087  67081  67086  67089  67077  67089
 1061.055   673983   634.09   673904   638.62  67379  67404  67404  67401  67378  67397  67380  67381  67401  67379  67399  67400  67387  67404  67396  67398  67400  67407  67392  67400
 1066.055   676933   640.87   677022   643.36  67708  67701  67701  67697  67707  67690  67708  67707  67697  67706  67692  67696  67684  67698  67690  67695  67696  67701  67685  67696
 1071.055   680315   653.71   680398   651.46  68045  68040  68040  68036  68044  68027  68045  68043  68036  68042  68029  68033  68023  68036  68028  68034  68035  68040  68023  68034
 1076.055   683649   660.30   683725   652.15  68378  68373  68372  68368  68376  68362  68377  68376  68368  68375  68364  68366  68355  68371  68362  68366  68368  68373  68358  68366
 1081.055   686796   644.42   686868   639.62  68694  68687  68687  68683  68689  68674  68692  68690  68683  68689  68679  68681  68668  68683  68677  68682  68684  68688  68673  68681
 1086.055   690075   634.63   690109   637.72  68985  69015  69015  69011  69015  69003  69021  69017  69011  69016  69007  69008  68997  69011  69005  69010  69011  69016  69001  69009
 1091.055   693279   637.95   693307   642.55  69311  69339  69338  69334  69338  69326  69310  69339  69334  69338  69330  69333  69320  69335  69329  69303  69334  69340  69323  69332
 1096.055   696323   645.97   696282   645.13  69632  69625  69625  69622  69625  69648  69630  69627  69622  69626  69651  69654  69609  69657  69615  69624  69621  69628  69645  69619
 1101.055   699436   641.64   699491   640.70  69956  69950  69950  69946  69949  69939  69954  69950  69946  69951  69943  69945  69933  69949  69942  69947  69945  69952  69936  69944
 1106.055   702624   636.74   702669   634.73  70275  70267  70268  70263  70266  70259  70271  70268  70264  70268  70264  70263  70251  70270  70260  70264  70263  70270  70257  70262
 1111.055   705764   636.51   705809   633.52  70590  70580  70582  70576  70580  70574  70586  70581  70578  70582  70579  70575  70565  70583  70576  70576  70579  70584  70571  70576
 1116.055   708811   621.70   708831   620.22  70866  70886  70887  70881  70885  70878  70890  70887  70884  70887  70883  70879  70870  70887  70878  70882  70883  70888  70878  70883
 1121.055   712088   619.50   712109   620.47  71193  71213  71216  71208  71213  71205  71218  71215  71213  71215  71212  71205  71198  71214  71207  71210  71212  71215  71204  71211
 1126.055   715227   627.07   715179   629.95  71517  71535  71508  71529  71534  71529  71509  71506  71505  71507  71536  71528  71489  71537  71531  71532  71505  71537  71530  71502
 1131.056   718245   627.95   718292   627.68  71831  71818  71824  71843  71846  71843  71824  71819  71821  71823  71818  71843  71803  71852  71813  71815  71821  71851  71813  71816
 1136.055   721316   627.25   721358   626.11  72147  72134  72139  72127  72132  72130  72140  72135  72136  72138  72134  72127  72120  72139  72129  72132  72136  72137  72129  72133
 1141.056   724444   626.85   724479   625.50  72460  72446  72451  72440  72443  72441  72452  72448  72448  72450  72447  72440  72433  72451  72442  72445  72448  72448  72443  72447
 1146.055   727570   623.66   727568   624.16  72742  72759  72763  72751  72754  72752  72765  72759  72761  72762  72759  72753  72747  72763  72754  72758  72760  72760  72756  72760
 1151.056   730872   622.84   730869   623.11  73071  73087  73095  73082  73084  73082  73095  73088  73092  73093  73087  73083  73078  73093  73084  73089  73091  73089  73086  73092
 1156.055   733882   616.97   733822   619.58  73377  73391  73369  73386  73387  73386  73370  73393  73367  73396  73392  73388  73381  73398  73388  73392  73394  73394  73388  73367
 1161.055   736742   617.67   736830   617.00  73681  73695  73674  73690  73691  73689  73673  73696  73671  73670  73666  73691  73656  73702  73663  73665  73669  73697  73662  73671
 1166.055   739855   619.97   739902   618.05  73994  73979  73986  74004  74006  74003  73985  73979  73982  73984  73980  74006  73972  73985  73978  73980  73983  74012  73975  73984
 1171.055   742933   620.46   742947   618.58  74312  74290  74302  74285  74287  74284  74301  74291  74297  74298  74294  74287  74285  74300  74291  74296  74300  74294  74288  74298
 1176.055   746043   616.85   746022   615.17  74590  74602  74613  74598  74597  74595  74610  74601  74607  74609  74606  74598  74594  74614  74602  74607  74610  74603  74600  74609
 1181.055   749353   611.33   749332   615.15  74919  74934  74945  74930  74928  74925  74941  74932  74938  74940  74938  74927  74926  74945  74933  74938  74940  74935  74931  74940
 1186.055   752420   614.30   752380   615.84  75228  75243  75223  75238  75237  75236  75246  75240  75244  75245  75246  75235  75230  75251  75240  75246  75246  75243  75239  75244
 1191.055   755618   626.15   755570   622.70  75552  75568  75547  75564  75562  75560  75572  75564  75540  75541  75571  75559  75526  75577  75566  75541  75572  75568  75567  75571
