Test case: 
Description: 
	10 senders: persistent queues
	10 receivers: client acknowledge every 50 messages
Timestamp: 2011.11.1 19:57:26
Version: 
Setting up JMS benchmark connections... 

Start processing messages.
Thu Dec 01 19:57:26 EST 2011

  Seconds   Send   Send/Sec   Recv   Recv/Sec   RCV0   RCV1   RCV2   RCV3   RCV4   RCV5   RCV6   RCV7   RCV8   RCV9  SND10  SND11  SND12  SND13  SND14  SND15  SND16  SND17  SND18  SND19
  ------- -------- -------- -------- -------- ------ ------ ------ ------ ------ ------ ------ ------ ------ ------ ------ ------ ------ ------ ------ ------ ------ ------ ------ ------
    1.089        0     0.00        0     0.00      0      0      0      0      0      0      0      0      0      0      0      0      0      0      0      0      0      0      0      0
    6.089     5167  1123.26     5497  1195.00    551    549    551    551    548    550    549    551    548    549    515    519    516    515    518    516    517    513    522    516
   11.089    11388  1186.25    11740  1222.92   1177   1173   1175   1175   1173   1172   1173   1175   1173   1174   1137   1136   1146   1137   1142   1139   1135   1137   1144   1135
   16.089    18503  1267.33    18858  1291.64   1888   1885   1887   1887   1885   1883   1885   1887   1885   1886   1849   1849   1863   1847   1853   1848   1845   1850   1853   1846
   21.089    26707  1362.60    27068  1381.02   2708   2707   2708   2707   2705   2703   2707   2707   2707   2709   2669   2671   2687   2669   2673   2665   2665   2670   2671   2667
   26.090    34910  1419.11    35288  1434.47   3531   3528   3531   3528   3528   3525   3528   3528   3530   3531   3490   3492   3508   3491   3495   3481   3487   3491   3489   3486
   31.089    42535  1436.99    42924  1450.14   4295   4291   4295   4292   4291   4287   4291   4292   4295   4295   4252   4254   4270   4255   4257   4243   4250   4255   4250   4249
   36.089    49541  1489.11    49931  1491.12   4996   4993   4996   4993   4990   4989   4992   4993   4993   4996   4951   4956   4973   4958   4959   4944   4947   4957   4948   4948
   41.089    56730  1521.54    57102  1522.21   5712   5710   5711   5710   5707   5710   5709   5710   5711   5712   5675   5678   5690   5679   5674   5662   5666   5674   5666   5666
   46.090    63821  1511.54    64195  1503.05   6421   6421   6420   6420   6416   6420   6418   6420   6418   6421   6383   6389   6400   6385   6386   6373   6375   6380   6373   6377
   51.089    70850  1456.86    71215  1454.34   7123   7123   7122   7122   7118   7122   7121   7122   7119   7123   7091   7092   7102   7085   7087   7079   7077   7084   7073   7080
   56.089    77702  1413.64    78073  1413.30   7809   7809   7808   7807   7803   7808   7807   7808   7806   7808   7774   7775   7788   7774   7772   7767   7763   7769   7762   7758
   61.089    84832  1395.54    85198  1394.77   8521   8521   8521   8520   8515   8521   8519   8520   8519   8521   8490   8486   8502   8488   8486   8480   8474   8482   8474   8470
   66.089    91887  1398.12    92248  1397.21   9226   9226   9226   9226   9220   9226   9223   9225   9224   9226   9196   9188   9205   9194   9191   9181   9182   9189   9182   9179
   71.089    99145  1396.98    99512  1396.85   9952   9954   9953   9952   9946   9953   9948   9950   9950   9954   9919   9914   9930   9920   9916   9907   9912   9915   9906   9906
   76.089   105834  1391.79   105866  1391.62  10567  10570  10569  10567  10627  10569  10631  10633  10565  10568  10600  10600  10546  10605  10596  10588  10527  10596  10590  10586
   81.089   112690  1392.62   112716  1392.65  11273  11275  11274  11273  11265  11274  11269  11270  11270  11273  11239  11305  11250  11241  11303  11295  11233  11234  11297  11293
   86.089   119532  1401.44   119831  1401.28  11984  11987  11984  11985  11978  11984  11981  11982  11981  11985  11953  11952  11961  11950  11947  11936  11943  11942  12010  11938
   91.089   126537  1399.50   126912  1399.80  12692  12696  12692  12693  12686  12692  12689  12690  12689  12693  12662  12660  12667  12660  12660  12641  12651  12647  12647  12642
   96.089   133400  1393.10   133788  1394.01  13380  13386  13379  13382  13373  13379  13376  13376  13376  13381  13350  13344  13356  13347  13344  13328  13341  13331  13332  13327
  101.089   140474  1386.88   140845  1387.01  14085  14090  14085  14088  14078  14085  14083  14082  14081  14088  14054  14050  14063  14054  14053  14036  14049  14040  14040  14035
  106.089   147587  1401.06   147968  1412.77  14797  14800  14798  14800  14790  14798  14797  14795  14793  14800  14768  14761  14774  14763  14766  14746  14761  14751  14752  14745
  111.089   154679  1409.03   155064  1421.07  15506  15510  15508  15510  15500  15508  15507  15504  15501  15510  15477  15466  15483  15473  15476  15456  15473  15458  15461  15456
  116.089   161566  1410.58   161955  1413.60  16195  16199  16197  16198  16188  16197  16199  16192  16190  16200  16168  16153  16173  16160  16163  16144  16167  16146  16151  16141
  121.089   168548  1409.81   168931  1391.83  16894  16897  16894  16895  16888  16894  16895  16888  16890  16896  16866  16851  16871  16861  16864  16842  16861  16843  16849  16840
  126.089   175705  1412.79   176083  1396.48  17609  17612  17609  17612  17603  17609  17611  17604  17603  17611  17577  17569  17590  17577  17580  17555  17580  17560  17562  17555
  131.089   182822  1407.38   183193  1398.15  18320  18324  18320  18323  18315  18320  18320  18315  18315  18321  18291  18282  18298  18289  18293  18268  18288  18275  18272  18266
  136.089   189929  1397.52   190290  1394.43  19030  19034  19030  19033  19025  19030  19029  19024  19025  19030  19001  18995  19005  18999  19005  18980  18995  18986  18983  18980
  141.089   196726  1387.83   197102  1386.93  19711  19718  19711  19718  19703  19711  19712  19704  19703  19711  19682  19677  19685  19678  19687  19659  19674  19665  19658  19661
  146.089   203880  1396.85   204080  1395.27  20422  20360  20422  20359  20417  20422  20425  20415  20417  20421  20398  20392  20397  20392  20401  20376  20394  20382  20370  20378
  151.089   211019  1402.62   211080  1400.87  21069  21074  21135  21074  21130  21135  21071  21129  21130  21133  21113  21103  21111  21110  21115  21090  21106  21093  21088  21090
  156.089   218087  1399.74   217804  1397.83  21775  21781  21772  21781  21770  21772  21777  21834  21770  21772  21819  21812  21815  21811  21826  21798  21814  21801  21795  21796
  161.090   224412  1388.72   224532  1387.21  22454  22461  22451  22460  22450  22451  22458  22446  22450  22451  22431  22494  22425  22424  22438  22480  22426  22411  22473  22410
  166.089   231069  1378.29   231342  1377.58  23135  23142  23132  23140  23131  23132  23139  23128  23131  23132  23112  23109  23105  23101  23116  23091  23105  23088  23150  23092
  171.089   237873  1378.49   238148  1377.38  23815  23822  23813  23820  23812  23813  23819  23808  23813  23813  23792  23790  23787  23783  23795  23770  23785  23770  23827  23774
  176.089   244585  1365.99   244935  1371.02  24493  24499  24492  24498  24490  24493  24498  24487  24493  24492  24468  24467  24463  24460  24472  24453  24463  24448  24440  24451
  181.089   251374  1354.19   251724  1363.89  25172  25178  25171  25177  25168  25171  25177  25167  25172  25171  25145  25147  25145  25138  25152  25136  25139  25125  25119  25128
  186.089   258173  1345.12   258528  1366.53  25853  25859  25852  25858  25848  25851  25858  25847  25852  25850  25828  25826  25823  25817  25832  25818  25816  25804  25800  25809
  191.090   264959  1360.68   265317  1364.17  26531  26537  26531  26537  26527  26531  26535  26529  26530  26529  26503  26506  26502  26495  26509  26498  26494  26487  26482  26483
  196.089   271752  1365.20   272109  1358.89  27210  27216  27210  27218  27205  27211  27215  27207  27210  27207  27180  27183  27183  27176  27189  27174  27173  27167  27164  27163
  201.089   278566  1363.26   278910  1347.42  27890  27895  27890  27897  27886  27890  27897  27887  27891  27887  27862  27861  27867  27863  27870  27852  27853  27849  27848  27841
  206.089   285344  1358.66   285697  1345.00  28570  28574  28569  28576  28565  28569  28575  28565  28569  28565  28542  28537  28547  28540  28546  28529  28534  28529  28525  28515
  211.089   292124  1347.08   292480  1344.77  29249  29251  29247  29256  29243  29247  29253  29243  29248  29243  29218  29216  29227  29220  29223  29206  29213  29209  29202  29190
  216.089   298901  1346.41   299242  1343.72  29926  29927  29922  29933  29920  29922  29930  29919  29925  29918  29897  29894  29902  29898  29903  29886  29891  29885  29876  29869
  221.090   305734  1344.44   305875  1344.00  30611  30613  30606  30547  30605  30606  30543  30603  30538  30603  30580  30576  30585  30583  30588  30570  30574  30567  30557  30554
  226.090   313700  1381.72   313748  1381.62  31406  31332  31401  31341  31400  31401  31337  31400  31329  31401  31376  31372  31380  31379  31386  31366  31370  31364  31355  31352
  231.090   321620  1421.66   321595  1422.09  32130  32133  32201  32142  32124  32200  32137  32199  32129  32200  32175  32173  32181  32179  32185  32090  32170  32165  32151  32151
  236.089   329165  1457.58   329146  1458.02  32917  32919  32909  32927  32909  32908  32924  32908  32916  32909  32961  32959  32967  32963  32894  32874  32879  32874  32935  32859
  241.089   336525  1487.33   336810  1487.53  33685  33686  33675  33693  33674  33675  33690  33675  33681  33676  33652  33649  33658  33653  33660  33642  33644  33640  33702  33625
  246.089   343922  1508.52   344222  1509.40  34429  34428  34417  34432  34415  34417  34429  34417  34421  34417  34391  34388  34397  34393  34402  34382  34387  34384  34435  34363
  251.089   350812  1512.74   351178  1520.29  35125  35123  35113  35128  35111  35112  35125  35112  35116  35113  35088  35083  35093  35090  35095  35079  35082  35081  35063  35058
  256.089   357809  1480.17   358178  1490.94  35825  35823  35814  35826  35811  35812  35825  35812  35816  35814  35786  35782  35789  35790  35796  35779  35779  35782  35763  35763
  261.089   364730  1446.69   365117  1460.52  36522  36519  36507  36521  36503  36504  36520  36504  36511  36506  36479  36473  36482  36481  36490  36472  36472  36473  36456  36452
  266.090   372355  1446.74   372737  1460.23  37285  37281  37269  37282  37265  37267  37280  37267  37273  37268  37243  37235  37245  37243  37252  37234  37235  37235  37218  37215
  271.089   380388  1471.91   380776  1465.37  38088  38086  38073  38088  38068  38070  38085  38070  38077  38071  38047  38038  38049  38045  38055  38037  38038  38038  38022  38019
  276.089   388150  1484.21   388546  1474.38  38865  38864  38849  38865  38845  38846  38863  38846  38854  38849  38822  38814  38824  38822  38832  38813  38815  38813  38800  38795
  281.089   395798  1509.60   396197  1497.52  39630  39630  39615  39630  39609  39612  39628  39612  39618  39613  39586  39576  39589  39586  39598  39579  39579  39580  39564  39561
  286.089   403380  1518.76   403790  1509.36  40390  40390  40374  40391  40368  40370  40389  40370  40377  40371  40345  40332  40348  40344  40354  40338  40337  40340  40323  40319
  291.089   411611  1551.21   412027  1543.32  41213  41213  41199  41215  41193  41194  41211  41194  41199  41196  41169  41154  41172  41167  41176  41161  41161  41164  41145  41142
  296.089   419263  1553.04   419590  1548.71  41978  41978  41962  41903  41957  41958  41973  41958  41964  41959  41935  41919  41937  41933  41941  41926  41925  41928  41913  41906
  301.089   426854  1533.86   427111  1534.63  42662  42735  42722  42665  42717  42717  42732  42717  42724  42720  42694  42677  42696  42693  42700  42684  42684  42686  42673  42667
  306.090   434645  1534.13   434757  1535.10  43441  43440  43501  43444  43496  43498  43436  43497  43504  43500  43474  43456  43475  43470  43481  43461  43464  43465  43454  43445
  311.090   442534  1542.72   442647  1543.42  44231  44230  44290  44234  44284  44286  44226  44285  44293  44288  44262  44246  44262  44260  44271  44248  44252  44255  44244  44234
  316.090   450250  1549.09   450354  1549.33  45007  45006  45070  45012  45065  45066  45003  45063  44993  45069  45042  45025  45043  45038  45052  45028  45031  44957  45022  45012
  321.089   457652  1530.37   457774  1530.23  45773  45772  45758  45777  45755  45828  45769  45824  45759  45759  45730  45789  45732  45799  45813  45787  45721  45723  45785  45773
  326.089   465026  1530.70   465299  1533.86  46540  46539  46525  46545  46521  46522  46536  46520  46525  46526  46494  46556  46500  46494  46507  46480  46489  46488  46553  46465
  331.089   472866  1541.48   473212  1547.01  47330  47330  47315  47337  47312  47314  47328  47311  47317  47318  47286  47348  47292  47287  47298  47271  47281  47279  47270  47254
  336.089   480599  1542.13   481030  1552.84  48113  48111  48096  48119  48093  48095  48110  48092  48100  48101  48067  48052  48073  48068  48079  48052  48061  48062  48050  48035
  341.089   488300  1535.82   488733  1546.56  48883  48880  48868  48887  48863  48866  48880  48864  48871  48871  48838  48821  48843  48838  48850  48820  48833  48832  48821  48804
  346.089   496290  1545.02   496734  1556.43  49683  49679  49670  49685  49664  49666  49680  49665  49672  49670  49636  49620  49642  49638  49649  49617  49633  49633  49621  49601
  351.089   504006  1555.56   504451  1566.39  50454  50451  50441  50458  50436  50437  50452  50436  50444  50442  50408  50391  50415  50408  50420  50389  50403  50404  50395  50373
  356.089   511485  1559.08   511943  1560.19  51204  51200  51189  51207  51185  51186  51203  51186  51193  51190  51157  51139  51163  51156  51169  51137  51150  51150  51142  51122
  361.089   519211  1555.25   519673  1548.24  51976  51973  51962  51979  51958  51960  51976  51959  51967  51963  51931  51910  51936  51929  51941  51911  51923  51922  51914  51894
  366.089   526982  1556.42   527438  1544.41  52752  52751  52738  52756  52734  52736  52753  52736  52743  52739  52708  52688  52712  52705  52719  52688  52701  52698  52691  52672
  371.089   535257  1572.75   535737  1562.32  53582  53581  53568  53587  53564  53564  53583  53567  53573  53568  53536  53513  53541  53531  53547  53517  53528  53527  53517  53500
  376.089   542905  1550.57   543394  1540.91  54348  54349  54333  54353  54329  54330  54349  54333  54337  54333  54301  54278  54306  54295  54312  54282  54291  54292  54283  54265
  381.089   551184  1566.64   551675  1556.71  55174  55174  55163  55181  55159  55159  55175  55161  55168  55161  55128  55108  55132  55124  55139  55108  55118  55120  55113  55094
  386.089   558637  1561.61   559060  1560.20  55919  55919  55909  55857  55904  55905  55921  55907  55913  55906  55874  55852  55875  55869  55883  55855  55865  55869  55857  55838
  391.089   566568  1560.67   566997  1559.53  56717  56717  56704  56631  56698  56699  56720  56701  56708  56702  56671  56640  56667  56660  56677  56649  56661  56663  56651  56629
  396.089   574367  1565.40   574575  1567.01  57420  57421  57482  57428  57477  57480  57422  57479  57485  57481  57450  57426  57445  57439  57456  57428  57442  57439  57431  57411
  401.089   582560  1560.92   582760  1562.10  58236  58237  58302  58243  58298  58301  58236  58300  58305  58302  58270  58245  58266  58257  58277  58249  58261  58256  58251  58228
  406.089   590753  1582.50   590984  1584.15  59069  59069  59130  59075  59126  59130  59069  59128  59056  59132  59098  59072  59092  59086  59103  59074  59085  59006  59079  59058
  411.089   598489  1570.50   598786  1572.55  59863  59862  59930  59868  59925  59848  59862  59929  59850  59849  59813  59870  59891  59885  59821  59873  59802  59800  59877  59857
  416.089   605901  1575.30   606136  1579.73  60624  60621  60607  60628  60601  60607  60623  60606  60610  60609  60572  60625  60566  60641  60580  60550  60560  60562  60633  60612
  421.089   613924  1586.51   614404  1590.84  61450  61448  61434  61455  61428  61434  61449  61434  61436  61436  61398  61450  61393  61386  61407  61378  61386  61387  61380  61359
  426.089   622227  1603.56   622720  1615.60  62281  62279  62266  62284  62261  62266  62281  62266  62268  62268  62230  62276  62221  62217  62237  62210  62216  62218  62210  62192
  431.089   630129  1596.28   630722  1609.46  63084  63081  63065  63087  63061  63064  63084  63064  63067  63065  63029  62999  63018  63013  63033  63007  63012  63022  63009  62987
  436.089   637748  1577.01   638319  1588.42  63843  63839  63825  63845  63822  63825  63842  63825  63828  63825  63789  63762  63780  63777  63794  63769  63774  63782  63771  63750
  441.089   646088  1597.28   646673  1606.95  64678  64676  64661  64680  64657  64658  64678  64661  64663  64661  64623  64596  64612  64612  64629  64605  64608  64614  64604  64585
  446.090   653843  1608.79   654422  1612.79  65454  65452  65436  65455  65432  65433  65453  65435  65436  65436  65398  65372  65387  65388  65403  65380  65384  65388  65381  65362
  451.090   662195  1619.89   662787  1612.67  66291  66288  66273  66293  66269  66269  66289  66270  66273  66272  66231  66210  66225  66223  66237  66213  66219  66224  66216  66197
  456.089   669862  1595.91   670462  1591.74  67057  67056  67041  67060  67037  67036  67058  67037  67042  67038  66997  66979  66990  66988  67003  66982  66986  66991  66984  66962
  461.090   677601  1590.23   678203  1579.26  67830  67830  67815  67834  67812  67810  67831  67814  67815  67812  67769  67753  67761  67763  67779  67758  67760  67764  67759  67735
  466.089   685694  1603.76   686294  1589.23  68639  68637  68625  68643  68620  68621  68639  68624  68624  68622  68576  68562  68571  68573  68588  68567  68570  68572  68569  68546
  471.089   693199  1563.52   693810  1556.95  69392  69388  69377  69395  69372  69371  69390  69375  69376  69374  69327  69311  69319  69325  69338  69319  69321  69322  69322  69295
  476.089   701050  1561.03   701662  1559.25  70178  70172  70163  70180  70160  70155  70175  70161  70160  70158  70112  70093  70104  70112  70123  70105  70106  70107  70108  70080
  481.089   709065  1547.23   709607  1548.11  70979  70974  70966  70905  70962  70959  70977  70963  70962  70960  70915  70895  70906  70913  70925  70907  70905  70909  70909  70881
  486.089   716796  1548.84   717177  1549.35  71675  71745  71739  71676  71733  71733  71673  71735  71734  71734  71687  71668  71681  71688  71698  71678  71680  71680  71682  71654
  491.089   724866  1557.57   725157  1558.58  72478  72469  72548  72478  72540  72541  72475  72544  72543  72541  72494  72473  72489  72497  72504  72486  72486  72486  72489  72462
  496.089   732380  1546.22   732775  1546.89  73251  73243  73314  73251  73306  73308  73248  73311  73235  73308  73260  73240  73255  73265  73270  73178  73254  73177  73253  73228
  501.089   740117  1552.55   740399  1553.83  74025  74016  74007  74026  74093  74099  74023  74006  74006  74098  74047  74025  74042  73958  74058  73947  74038  73950  74038  74014
  506.089   747685  1554.73   748027  1555.87  74813  74806  74800  74813  74791  74799  74809  74800  74799  74797  74745  74801  74816  74752  74755  74739  74736  74738  74813  74790
  511.089   755041  1540.22   755620  1544.01  75573  75568  75559  75571  75550  75558  75570  75559  75557  75555  75503  75557  75498  75511  75514  75497  75493  75500  75494  75474
  516.090   762940  1548.46   763609  1558.12  76372  76368  76359  76370  76348  76356  76371  76357  76355  76353  76300  76278  76297  76309  76311  76295  76290  76299  76291  76270
  521.089   770880  1544.09   771546  1556.68  77165  77162  77153  77163  77141  77151  77164  77151  77148  77148  77093  77072  77090  77101  77107  77089  77084  77095  77085  77064
  526.089   778486  1547.13   779150  1556.16  77925  77924  77916  77923  77899  77911  77924  77910  77911  77907  77853  77833  77851  77862  77869  77850  77843  77854  77846  77825
  531.089   786708  1563.51   787411  1577.64  78752  78754  78742  78753  78721  78735  78754  78733  78737  78730  78674  78650  78672  78686  78690  78672  78666  78682  78670  78646
  536.089   794421  1568.32   795111  1572.28  79518  79520  79513  79520  79495  79507  79520  79506  79509  79503  79448  79423  79445  79456  79461  79441  79439  79447  79442  79419
  541.089   802282  1582.65   802984  1578.93  80307  80308  80301  80308  80283  80295  80309  80291  80294  80288  80233  80210  80232  80242  80246  80228  80226  80235  80226  80204
  546.089   809958  1575.32   810661  1566.39  81074  81075  81069  81075  81051  81063  81076  81059  81062  81057  81002  80979  80999  81008  81012  80992  80995  81004  80995  80972
  551.089   817849  1573.52   818564  1562.18  81865  81867  81858  81867  81841  81851  81867  81849  81851  81848  81790  81768  81787  81797  81800  81781  81784  81795  81785  81762
  556.089   825484  1569.46   826200  1558.46  82628  82629  82623  82629  82604  82615  82631  82613  82617  82611  82554  82533  82550  82561  82564  82543  82548  82558  82548  82525
  561.089   833691  1556.43   834418  1554.72  83451  83451  83445  83451  83425  83436  83452  83435  83439  83433  83373  83353  83371  83381  83384  83364  83370  83381  83368  83346
  566.089   841446  1546.68   842198  1548.15  84229  84230  84222  84232  84200  84214  84232  84212  84217  84210  84147  84128  84146  84159  84160  84137  84143  84160  84142  84124
  571.089   849466  1560.40   850142  1562.15  85036  85036  85031  84964  85014  85027  84964  85022  85027  85021  84958  84939  84957  84971  84968  84947  84952  84889  84952  84933
  576.089   857629  1576.61   858237  1578.62  85852  85779  85848  85780  85831  85844  85781  85839  85844  85839  85774  85757  85771  85788  85784  85765  85767  85706  85770  85747
  581.089   865565  1576.21   866003  1578.02  86564  86568  86562  86569  86625  86638  86570  86634  86639  86634  86569  86550  86564  86582  86581  86559  86561  86494  86561  86544
  586.089   873367  1577.95   873686  1580.70  87335  87343  87333  87343  87406  87422  87344  87417  87327  87416  87349  87327  87345  87365  87361  87339  87343  87268  87342  87328
  591.089   881191  1575.64   881503  1577.42  88147  88153  88143  88153  88204  88139  88152  88136  88140  88136  88144  88126  88142  88083  88158  88138  88139  88077  88138  88046
  596.089   889086  1591.21   889720  1592.21  88968  88975  88964  88976  89022  88963  88974  88959  88960  88959  88886  88944  88960  88905  88902  88956  88883  88899  88882  88869
  601.089   897160  1600.47   897971  1605.00  89801  89808  89796  89808  89778  89796  89808  89793  89792  89791  89715  89702  89714  89737  89731  89710  89712  89731  89709  89699
  606.089   904960  1588.29   905788  1595.67  90583  90589  90579  90589  90560  90580  90588  90575  90573  90572  90497  90483  90494  90516  90509  90490  90494  90509  90490  90478
  611.089   912568  1577.28   913386  1590.03  91342  91349  91339  91349  91321  91339  91347  91335  91332  91333  91259  91244  91255  91277  91268  91250  91256  91269  91250  91240
  616.089   920820  1592.38   921641  1609.23  92168  92174  92165  92175  92147  92165  92172  92160  92157  92158  92085  92068  92079  92100  92093  92077  92082  92096  92075  92065
  621.089   928504  1585.10   929327  1604.83  92937  92941  92935  92943  92915  92933  92941  92929  92925  92928  92851  92837  92848  92870  92861  92847  92848  92864  92844  92834
  626.089   936303  1581.81   937131  1585.67  93718  93721  93717  93724  93694  93714  93722  93708  93705  93708  93630  93618  93628  93649  93642  93626  93627  93645  93624  93614
  631.089   943852  1564.26   944690  1557.38  94473  94477  94472  94482  94450  94472  94477  94464  94460  94463  94385  94373  94384  94402  94396  94383  94382  94398  94380  94369
  636.089   951560  1561.21   952396  1548.72  95243  95249  95242  95252  95221  95242  95248  95235  95230  95234  95155  95143  95156  95174  95167  95154  95152  95167  95152  95140
  641.089   959323  1566.36   960168  1548.78  96021  96025  96019  96030  95998  96019  96025  96012  96006  96013  95932  95920  95934  95949  95942  95928  95928  95944  95929  95917
  646.089   967567  1552.64   968447  1541.76  96851  96855  96848  96860  96823  96846  96854  96839  96833  96838  96759  96745  96754  96776  96763  96751  96753  96775  96750  96741
  651.089   975250  1548.02   976112  1544.23  97615  97619  97615  97622  97595  97613  97619  97606  97602  97606  97527  97515  97525  97543  97532  97520  97522  97540  97516  97510
  656.089   982903  1540.54   983853  1542.15  98389  98393  98389  98397  98369  98387  98394  98379  98376  98380  98301  98287  98299  98317  98304  98294  98292  98235  98290  98284
  661.089   991057  1561.53   991961  1563.54  99209  99211  99209  99140  99186  99206  99212  99197  99194  99197  99115  99101  99115  99132  99120  99109  99111  99052  99102  99100
  666.089   998840  1562.01   999365  1565.30  99913  99913  99913  99916  99965  99908  99913  99978  99972  99974  99894  99879  99893  99910  99898  99889  99888  99829  99880  99880
  671.089  1006373  1555.91  1006899  1557.95 100667 100668 100667 100670 100717 100662 100668 100729 100724 100727 100647 100631 100645 100665 100653 100643 100640 100582 100635 100632
  676.089  1014419  1548.96  1014950  1550.17 101472 101473 101472 101475 101522 101466 101473 101535 101530 101532 101450 101434 101448 101471 101459 101448 101445 101387 101443 101434
  681.089  1022409  1564.78  1022953  1566.83 102287 102289 102288 102290 102338 102281 102288 102275 102271 102346 102263 102245 102264 102208 102275 102263 102260 102203 102256 102172
  686.089  1029690  1564.92  1030531  1563.88 103052 103054 103053 103054 103104 103047 103053 103041 103037 103036 102954 103013 103031 102974 102965 102953 102950 102970 102945 102935
  691.090  1037215  1548.98  1038147  1549.92 103821 103822 103823 103825 103797 103817 103822 103811 103805 103804 103721 103706 103723 103741 103732 103720 103719 103739 103711 103703
  696.089  1044875  1544.80  1045797  1558.12 104585 104587 104589 104590 104562 104582 104585 104577 104570 104570 104489 104472 104488 104506 104498 104487 104484 104506 104477 104468
  701.089  1053102  1568.03  1054045  1582.03 105408 105412 105414 105414 105388 105406 105409 105403 105397 105394 105311 105294 105308 105330 105320 105308 105309 105330 105302 105290
  706.089  1060727  1551.44  1061679  1568.09 106172 106176 106176 106176 106151 106170 106173 106167 106160 106158 106074 106055 106070 106094 106084 106070 106071 106092 106064 106053
  711.089  1068536  1544.66  1069526  1562.85 106956 106963 106963 106966 106932 106955 106959 106951 106943 106938 106854 106834 106848 106874 106865 106852 106849 106884 106845 106831
  716.089  1076567  1570.50  1077535  1569.66 107755 107761 107761 107763 107736 107758 107758 107755 107745 107743 107658 107639 107652 107676 107666 107655 107654 107681 107649 107637
  721.089  1084599  1587.48  1085576  1581.17 108559 108566 108564 108568 108540 108563 108562 108558 108549 108547 108460 108442 108455 108479 108471 108459 108456 108485 108451 108441
  726.089  1092806  1605.87  1093774  1592.08 109379 109384 109382 109386 109362 109382 109380 109379 109371 109369 109281 109263 109274 109299 109294 109279 109278 109305 109270 109263
  731.090  1100371  1583.62  1101338  1566.44 110135 110140 110138 110143 110119 110138 110137 110136 110126 110126 110037 110018 110031 110056 110051 110034 110035 110064 110027 110018
  736.089  1107900  1577.89  1108950  1563.36 110896 110900 110899 110905 110881 110899 110899 110898 110886 110887 110801 110780 110793 110819 110811 110781 110798 110750 110788 110779
  741.089  1116097  1580.81  1117158  1572.95 111717 111720 111720 111726 111701 111720 111720 111719 111707 111708 111620 111601 111612 111637 111630 111603 111618 111571 111608 111597
  746.089  1124469  1584.14  1125549  1585.28 112555 112560 112560 112567 112540 112560 112558 112558 112544 112547 112458 112438 112451 112476 112465 112440 112456 112407 112443 112435
  751.089  1132536  1579.36  1133651  1580.74 113367 113370 113370 113378 113346 113370 113371 113368 113354 113357 113268 113245 113259 113282 113274 113247 113262 113206 113251 113242
  756.089  1140282  1570.54  1141276  1571.58 114137 114139 114139 114071 114121 114139 114139 114137 114125 114129 114041 114020 114035 114055 114046 114018 114037 113992 114024 114014
  761.089  1147929  1573.36  1148481  1574.53 114829 114829 114830 114837 114884 114829 114831 114829 114890 114893 114808 114783 114801 114819 114810 114784 114801 114758 114788 114777
  766.089  1155405  1575.93  1156101  1574.45 115590 115591 115590 115598 115649 115589 115594 115589 115653 115658 115570 115548 115565 115584 115494 115469 115564 115519 115551 115541
  771.089  1162862  1554.31  1163503  1552.77 116347 116347 116347 116352 116401 116343 116352 116346 116332 116336 116248 116301 116316 116337 116251 116224 116315 116272 116305 116293
  776.089  1170531  1532.58  1171243  1530.74 117120 117121 117121 117125 117178 117116 117126 117121 117105 117110 117021 117076 117092 117035 117026 116999 117089 117045 117079 117069
  781.089  1178108  1529.26  1179124  1525.94 117916 117917 117916 117921 117897 117912 117921 117916 117901 117907 117818 117795 117809 117833 117824 117796 117808 117840 117798 117787
  786.089  1185622  1519.03  1186652  1522.68 118669 118670 118669 118675 118648 118665 118675 118670 118653 118658 118571 118547 118558 118583 118577 118546 118558 118593 118550 118539
  791.089  1193205  1516.78  1194234  1535.34 119429 119427 119427 119434 119406 119423 119435 119427 119409 119417 119328 119305 119316 119340 119334 119305 119318 119352 119310 119297
  796.089  1201162  1532.89  1202203  1547.05 120228 120223 120223 120231 120203 120220 120231 120224 120207 120213 120124 120100 120109 120137 120131 120101 120116 120149 120103 120092
  801.089  1209037  1546.98  1210089  1563.29 121015 121012 121012 121020 120992 121008 121020 121014 120994 121002 120912 120889 120897 120925 120917 120889 120903 120933 120893 120879
  806.089  1216673  1545.79  1217716  1554.28 121778 121773 121773 121783 121754 121772 121783 121775 121758 121767 121675 121653 121659 121689 121680 121652 121669 121695 121657 121644
  811.090  1224374  1549.93  1225438  1546.44 122550 122545 122545 122557 122526 122545 122555 122547 122529 122539 122445 122423 122428 122459 122451 122424 122437 122466 122427 122414
  816.089  1232349  1565.47  1233416  1550.20 123347 123343 123342 123355 123325 123343 123352 123345 123327 123337 123243 123222 123226 123256 123249 123220 123234 123261 123225 123213
  821.089  1240311  1570.47  1241384  1561.85 124145 124139 124138 124154 124121 124139 124148 124144 124121 124135 124038 124019 124021 124050 124043 124017 124031 124059 124020 124013
  826.089  1247922  1561.39  1249089  1552.60 124915 124909 124908 124926 124892 124910 124920 124913 124891 124905 124808 124788 124790 124816 124813 124787 124798 124752 124788 124782
  831.089  1255461  1547.65  1256557  1536.24 125669 125665 125663 125604 125646 125663 125673 125667 125646 125661 125563 125541 125545 125567 125567 125541 125551 125507 125543 125536
  836.089  1263057  1533.29  1264163  1534.97 126431 126427 126423 126363 126403 126423 126438 126429 126404 126422 126321 126301 126304 126325 126328 126303 126310 126265 126305 126295
  841.089  1270987  1538.14  1272032  1539.88 127230 127226 127219 127151 127198 127219 127145 127227 127198 127219 127113 127096 127099 127118 127124 127097 127100 127051 127099 127090
  846.089  1278673  1531.09  1279483  1532.87 127915 127914 127984 127929 127968 127986 127920 127914 127968 127985 127881 127863 127868 127887 127889 127864 127867 127827 127868 127859
  851.089  1286339  1521.48  1287144  1522.72 128682 128680 128749 128696 128732 128752 128687 128683 128732 128751 128646 128631 128636 128655 128652 128627 128635 128596 128635 128626
  856.089  1293846  1525.54  1294652  1523.79 129456 129453 129446 129470 129506 129448 129460 129458 129507 129448 129343 129403 129410 129429 129347 129326 129410 129369 129409 129400
  861.089  1301041  1515.99  1301876  1513.67 130180 130176 130171 130190 130223 130174 130182 130180 130226 130174 130073 130117 130129 130146 130075 130049 130125 130087 130127 130113
  866.089  1307633  1491.28  1308671  1491.28 130867 130864 130856 130875 130910 130860 130869 130866 130844 130860 130757 130804 130816 130767 130759 130733 130743 130773 130748 130733
  871.089  1314264  1452.25  1315365  1454.13 131542 131539 131532 131551 131520 131537 131544 131543 131522 131535 131431 131415 131426 131446 131437 131411 131419 131449 131422 131408
  876.089  1320997  1418.02  1322098  1430.03 132215 132212 132207 132225 132192 132210 132217 132216 132195 132209 132105 132084 132099 132119 132112 132086 132093 132124 132092 132083
  881.089  1327845  1390.57  1328953  1400.74 132900 132898 132892 132911 132876 132895 132904 132900 132883 132894 132791 132768 132784 132807 132797 132770 132774 132809 132776 132769
  886.089  1334759  1370.64  1335853  1380.30 133591 133587 133582 133602 133565 133585 133594 133589 133574 133584 133481 133461 133474 133497 133488 133459 133466 133502 133469 133462
  891.089  1341527  1356.31  1342618  1360.30 134270 134262 134259 134276 134240 134262 134271 134265 134252 134261 134153 134135 134150 134175 134165 134137 134145 134178 134145 134144
  896.089  1348281  1361.86  1349364  1356.59 134945 134936 134934 134951 134916 134935 134945 134940 134926 134936 134828 134810 134825 134849 134841 134815 134823 134851 134821 134818
  901.089  1355064  1361.96  1356163  1349.81 135626 135615 135613 135634 135593 135616 135626 135621 135603 135616 135505 135487 135503 135528 135517 135497 135502 135532 135500 135493
  906.089  1361959  1361.86  1363050  1351.39 136314 136303 136303 136323 136282 136303 136317 136309 136292 136304 136194 136178 136193 136217 136206 136188 136191 136219 136193 136180
  911.089  1368694  1352.48  1369772  1351.78 136991 136982 136984 136932 136964 136984 136993 136986 136974 136982 136873 136853 136877 136902 136887 136866 136872 136830 136878 136856
  916.089  1375421  1344.11  1376442  1343.87 137665 137656 137659 137605 137636 137659 137599 137660 137646 137657 137545 137524 137549 137577 137562 137537 137549 137501 137549 137528
  921.089  1382157  1342.92  1383113  1342.95 138271 138330 138334 138278 138309 138334 138271 138334 138321 138331 138220 138198 138224 138250 138233 138207 138222 138177 138225 138201
  926.089  1389663  1365.60  1390240  1366.54 139017 139007 139011 139024 139060 139011 139017 139011 139075 139086 138974 138951 138972 139000 138984 138958 138969 138923 138981 138951
  931.089  1397175  1397.82  1397991  1398.52 139792 139782 139786 139799 139836 139786 139795 139786 139848 139781 139671 139726 139747 139776 139680 139732 139744 139698 139678 139723
  936.089  1404710  1421.64  1405538  1423.19 140555 140545 140546 140562 140599 140547 140557 140547 140535 140545 140432 140487 140508 140537 140438 140496 140504 140459 140442 140484
  941.089  1412684  1468.39  1413679  1470.81 141369 141359 141360 141375 141413 141361 141373 141362 141348 141359 141244 141223 141244 141351 141253 141228 141318 141272 141256 141295
  946.089  1420562  1509.63  1421633  1513.89 142165 142154 142155 142171 142209 142156 142168 142157 142144 142154 142038 142018 142041 142145 142049 142025 142035 142067 142052 142092
  951.089  1428309  1548.72  1429480  1555.94 142956 142944 142947 142964 142922 142953 142960 142953 142935 142946 142826 142809 142830 142858 142842 142815 142825 142858 142841 142805
  956.089  1435960  1553.59  1437136  1568.39 143720 143710 143713 143728 143690 143719 143723 143719 143701 143713 143590 143576 143593 143625 143607 143581 143592 143619 143608 143569
  961.089  1443755  1560.57  1444946  1573.19 144502 144489 144495 144508 144470 144498 144505 144502 144482 144495 144367 144356 144374 144406 144385 144361 144372 144399 144387 144348
  966.090  1451670  1570.79  1452868  1583.31 145294 145281 145287 145301 145262 145291 145298 145293 145276 145285 145161 145148 145163 145198 145179 145151 145164 145192 145176 145138
  971.089  1459473  1567.64  1460661  1566.36 146073 146061 146068 146078 146043 146070 146076 146072 146055 146065 145941 145928 145945 145979 145959 145932 145946 145970 145954 145919
  976.089  1467053  1557.57  1468252  1548.94 146831 146821 146826 146840 146800 146828 146837 146830 146816 146823 146700 146688 146702 146737 146718 146691 146702 146732 146708 146675
  981.089  1474975  1560.96  1476185  1549.65 147624 147614 147620 147635 147592 147621 147632 147622 147609 147616 147493 147483 147494 147530 147510 147481 147493 147523 147500 147468
  986.089  1482613  1557.90  1483841  1544.28 148389 148382 148385 148401 148359 148386 148397 148386 148374 148382 148257 148246 148257 148294 148274 148246 148257 148287 148263 148232
  991.089  1490844  1567.00  1492085  1558.51 149213 149206 149209 149225 149184 149212 149221 149212 149198 149205 149081 149067 149081 149117 149096 149069 149079 149112 149087 149055
  996.089  1498413  1547.90  1499685  1546.49 149982 149976 149979 149903 149948 149982 149993 149982 149966 149974 149846 149837 149844 149879 149866 149836 149845 149791 149853 149816
 1001.089  1506398  1554.21  1507583  1554.18 150776 150772 150772 150713 150750 150776 150710 150777 150766 150771 150643 150631 150641 150680 150661 150632 150644 150600 150650 150616
 1006.089  1514614  1573.07  1515809  1575.42 151599 151595 151595 151534 151573 151600 151530 151601 151588 151594 151464 151454 151461 151504 151483 151452 151465 151420 151471 151440
 1011.089  1522831  1583.27  1523813  1585.56 152345 152417 152417 152358 152397 152348 152355 152349 152410 152417 152284 152277 152280 152326 152303 152275 152288 152243 152294 152261
 1016.089  1530438  1580.50  1531223  1583.96 153105 153101 153101 153122 153169 153112 153119 153112 153182 153100 153055 153047 153049 153096 153076 153042 153057 153007 152975 153034
 1021.089  1538335  1576.01  1539190  1578.15 153911 153908 153909 153925 153967 153918 153923 153918 153903 153908 153852 153843 153844 153891 153797 153839 153853 153809 153781 153826
 1026.090  1546422  1598.29  1547433  1599.73 154736 154731 154733 154750 154793 154741 154748 154741 154728 154732 154675 154592 154665 154717 154622 154588 154676 154633 154605 154649
 1031.090  1554396  1603.22  1555503  1608.05 155551 155546 155547 155563 155533 155557 155563 155556 155541 155546 155411 155406 155478 155452 155433 155402 155487 155448 155419 155460
 1036.089  1562100  1587.11  1563286  1593.19 156330 156323 156324 156345 156309 156335 156345 156334 156318 156323 156188 156179 156268 156227 156207 156177 156184 156229 156195 156246
 1041.089  1570093  1583.42  1571386  1596.41 157139 157134 157134 157153 157122 157144 157153 157142 157129 157136 156998 156989 156985 157040 157016 156988 156998 157034 157003 157042
 1046.089  1577961  1592.18  1579337  1614.56 157934 157929 157928 157948 157918 157940 157949 157936 157924 157931 157795 157784 157778 157836 157811 157781 157793 157828 157797 157758
 1051.089  1586150  1602.01  1587542  1617.45 158753 158749 158749 158769 158737 158760 158771 158756 158746 158752 158613 158604 158596 158654 158632 158598 158612 158646 158616 158579
 1056.089  1593678  1583.27  1595072  1593.51 159504 159503 159502 159521 159489 159515 159525 159508 159499 159506 159368 159357 159347 159408 159385 159352 159367 159396 159367 159331
 1061.089  1601170  1567.13  1602562  1571.70 160254 160251 160251 160270 160237 160264 160275 160255 160250 160255 160120 160107 160095 160159 160133 160101 160117 160145 160113 160080
 1066.089  1608991  1570.97  1610378  1572.62 161035 161034 161033 161051 161019 161045 161057 161036 161032 161036 160903 160890 160876 160942 160915 160882 160900 160925 160894 160864
 1071.089  1616687  1560.95  1618092  1546.79 161806 161805 161804 161824 161789 161817 161829 161808 161803 161807 161671 161661 161642 161710 161685 161654 161667 161697 161666 161634
 1076.089  1624254  1543.59  1625657  1532.11 162563 162563 162560 162580 162546 162572 162586 162563 162560 162564 162427 162417 162397 162465 162444 162411 162425 162451 162425 162392
 1081.090  1631886  1517.99  1633207  1510.17 163325 163326 163324 163343 163309 163336 163269 163326 163323 163326 163192 163181 163159 163228 163210 163174 163187 163213 163188 163154
 1086.089  1639276  1516.61  1640607  1509.90 164070 164071 164070 164023 164055 164082 164026 164071 164069 164070 163937 163925 163907 163975 163954 163918 163935 163888 163932 163905
 1091.089  1646328  1497.25  1647591  1492.95 164778 164779 164778 164724 164758 164714 164727 164779 164777 164777 164643 164628 164609 164680 164663 164624 164643 164589 164639 164610
 1096.089  1654048  1487.25  1655312  1488.29 165554 165552 165551 165493 165530 165482 165495 165552 165552 165551 165416 165401 165381 165451 165439 165397 165414 165356 165412 165381
 1101.089  1661655  1485.74  1662854  1486.61 166314 166312 166310 166260 166291 166249 166261 166312 166235 166310 166172 166161 166143 166211 166199 166156 166175 166124 166169 166145
 1106.089  1669155  1486.83  1670292  1487.87 166998 167069 167067 167020 167050 167008 167019 166995 166997 167069 166930 166917 166902 166969 166881 166913 166932 166881 166927 166903
 1111.089  1676551  1483.51  1677612  1487.57 167750 167750 167746 167774 167805 167763 167774 167750 167751 167749 167609 167671 167655 167727 167635 167667 167688 167634 167607 167658
 1116.089  1684096  1493.91  1685330  1498.24 168521 168521 168518 168545 168579 168536 168545 168521 168522 168522 168378 168365 168425 168494 168406 168362 168458 168403 168376 168429
 1121.089  1691515  1508.71  1692825  1515.32 169271 169271 169267 169294 169328 169287 169294 169271 169271 169271 169128 169114 169173 169169 169154 169112 169208 169153 169125 169179
 1126.089  1699216  1512.72  1700615  1520.23 170057 170056 170051 170085 170032 170078 170086 170056 170057 170057 169913 169900 169966 169951 169940 169895 169911 169947 169908 169885
 1131.089  1706333  1499.31  1707788  1505.62 170776 170775 170772 170796 170758 170789 170797 170776 170774 170775 170634 170620 170605 170678 170655 170612 170637 170655 170625 170612
 1136.089  1713071  1471.49  1714516  1479.51 171449 171448 171444 171470 171431 171462 171469 171449 171446 171448 171307 171292 171280 171350 171330 171288 171309 171330 171299 171286
 1141.089  1719826  1449.71  1721281  1458.00 172125 172124 172119 172151 172106 172139 172148 172124 172122 172123 171982 171970 171951 172022 172006 171965 171985 172012 171973 171960
 1146.089  1726907  1434.09  1728348  1436.07 172832 172832 172825 172855 172814 172845 172853 172831 172830 172831 172688 172682 172661 172726 172716 172672 172694 172720 172682 172666
 1151.089  1734381  1435.91  1735832  1435.54 173579 173582 173575 173602 173561 173594 173602 173578 173580 173579 173435 173431 173407 173471 173466 173418 173441 173468 173431 173413
 1156.089  1741903  1425.23  1743369  1422.42 174332 174333 174328 174359 174316 174348 174359 174331 174332 174331 174186 174185 174161 174224 174218 174169 174193 174219 174184 174164
 1161.089  1749945  1451.02  1751266  1443.91 175136 175138 175133 175088 175121 175154 175088 175135 175137 175136 174988 174989 174964 175032 175023 174973 174996 175025 174988 174967
 1166.089  1757527  1478.91  1758847  1469.55 175895 175896 175890 175845 175879 175912 175845 175894 175896 175895 175748 175748 175722 175791 175782 175730 175754 175780 175746 175726
 1171.089  1765695  1519.16  1767105  1520.13 176722 176721 176716 176671 176704 176737 176672 176719 176722 176721 176575 176573 176545 176616 176604 176556 176579 176529 176569 176549
 1176.089  1773552  1539.50  1774867  1538.59 177510 177508 177502 177449 177490 177436 177447 177506 177511 177508 177364 177359 177328 177406 177391 177345 177364 177303 177356 177336
 1181.089  1781495  1557.35  1782825  1558.56 178305 178299 178294 178250 178285 178241 178250 178297 178302 178302 178157 178154 178122 178197 178185 178138 178157 178105 178150 178130
 1186.089  1789421  1571.68  1790762  1572.52 179100 179093 179087 179045 179079 179036 179044 179089 179093 179096 178946 178947 178916 178990 178979 178931 178952 178897 178940 178923
 1191.089  1797389  1571.09  1798661  1577.30 179828 179897 179894 179851 179883 179841 179848 179897 179897 179825 179752 179753 179719 179796 179705 179736 179755 179702 179743 179728
 1196.089  1804851  1572.92  1806186  1579.36 180589 180675 180673 180617 180660 180602 180613 180585 180583 180589 180437 180437 180494 180572 180466 180516 180530 180466 180428 180505
