Test case: 
Description: 
	10 senders: persistent queues
	10 receivers: client acknowledge every 50 messages
Timestamp: 2011.11.1 19:57:25
Version: 
Setting up JMS benchmark connections... 

Start processing messages.
Thu Dec 01 19:57:25 EST 2011

  Seconds   Send   Send/Sec   Recv   Recv/Sec   RCV0   RCV1   RCV2   RCV3   RCV4   RCV5   RCV6   RCV7   RCV8   RCV9  SND10  SND11  SND12  SND13  SND14  SND15  SND16  SND17  SND18  SND19
  ------- -------- -------- -------- -------- ------ ------ ------ ------ ------ ------ ------ ------ ------ ------ ------ ------ ------ ------ ------ ------ ------ ------ ------ ------
    0.980        0     0.00        0     0.00      0      0      0      0      0      0      0      0      0      0      0      0      0      0      0      0      0      0      0      0
    5.980     5259  1143.26     5975  1298.91    613    566    614    601    613    565    615    615    611    562    530    528    527    524    532    523    521    531    522    521
   10.980    11490  1196.88    12227  1273.65   1237   1191   1240   1225   1239   1191   1239   1240   1236   1189   1149   1155   1148   1148   1154   1144   1151   1154   1147   1140
   15.980    18621  1275.41    19346  1325.07   1948   1903   1952   1937   1951   1904   1951   1953   1948   1899   1862   1867   1855   1859   1869   1858   1863   1868   1862   1858
   20.980    26804  1367.55    27523  1404.23   2765   2721   2769   2754   2770   2722   2770   2771   2764   2717   2681   2686   2674   2679   2683   2679   2681   2685   2681   2675
   25.980    35047  1424.67    35754  1453.41   3588   3544   3592   3577   3593   3545   3594   3594   3587   3540   3507   3512   3497   3503   3510   3503   3505   3508   3505   3497
   30.980    42674  1441.69    43375  1465.37   4351   4307   4354   4339   4355   4305   4355   4357   4351   4301   4273   4274   4258   4266   4273   4267   4267   4270   4268   4258
   35.980    49698  1491.29    50405  1490.99   5054   5011   5055   5042   5059   5007   5059   5059   5054   5005   4975   4977   4961   4971   4977   4968   4965   4974   4968   4962
   40.980    56873  1522.92    57589  1522.21   5772   5729   5773   5761   5778   5725   5778   5777   5772   5724   5694   5697   5676   5688   5694   5685   5680   5692   5687   5680
   45.980    63956  1521.36    64675  1521.16   6481   6437   6482   6471   6486   6435   6486   6484   6481   6432   6406   6406   6386   6395   6404   6393   6387   6399   6393   6387
   50.980    70948  1470.65    71678  1454.81   7182   7137   7182   7172   7186   7136   7186   7184   7181   7132   7107   7106   7084   7093   7104   7089   7083   7102   7097   7083
   55.980    77836  1413.89    78573  1414.73   7871   7826   7871   7860   7876   7825   7876   7875   7871   7822   7798   7795   7776   7782   7789   7776   7775   7790   7784   7771
   60.980    84963  1395.74    85695  1396.51   8583   8536   8583   8573   8589   8537   8589   8588   8582   8535   8508   8511   8487   8495   8502   8488   8486   8501   8499   8486
   65.980    92015  1397.07    92740  1397.77   9287   9240   9288   9276   9294   9243   9294   9292   9286   9240   9214   9215   9192   9204   9206   9194   9190   9209   9202   9189
   70.980    99244  1394.90    99978  1395.60  10012   9963  10013   9999  10018   9966  10018  10016  10009   9964   9935   9937   9920   9926   9930   9915   9916   9931   9924   9910
   75.980   106029  1391.14   106743  1391.14  10695  10646  10696  10684  10700  10650  10700  10699  10691  10582  10622  10620  10606  10616  10616  10597  10600  10614  10542  10596
   80.980   113015  1393.32   113465  1393.02  11401  11351  11334  11391  11338  11289  11338  11338  11398  11287  11325  11327  11314  11323  11318  11302  11238  11321  11245  11302
   85.980   119574  1400.65   120369  1400.35  12043  11995  12044  12033  12050  12000  12050  12049  12107  11998  11966  11969  11953  11966  11963  11946  11950  11961  11955  11945
   90.980   126657  1399.13   127378  1398.76  12751  12701  12751  12741  12760  12707  12758  12756  12747  12706  12675  12676  12660  12675  12674  12652  12658  12668  12665  12654
   95.980   133471  1391.14   134197  1391.17  13431  13382  13432  13421  13444  13391  13442  13438  13427  13389  13356  13357  13340  13356  13356  13335  13340  13349  13348  13334
  100.980   140593  1387.55   141313  1387.08  14144  14094  14145  14134  14153  14102  14153  14149  14140  14099  14067  14072  14053  14070  14067  14049  14053  14058  14057  14047
  105.980   147707  1398.59   148424  1398.69  14854  14805  14857  14846  14864  14814  14864  14859  14851  14810  14777  14784  14763  14783  14776  14763  14766  14769  14771  14755
  110.980   154786  1401.76   155512  1411.02  15562  15514  15567  15555  15574  15523  15572  15567  15560  15518  15484  15492  15475  15492  15485  15468  15473  15478  15476  15463
  115.980   161672  1412.68   162396  1410.30  16250  16203  16254  16243  16262  16213  16260  16254  16250  16207  16175  16179  16162  16178  16173  16153  16170  16164  16164  16154
  120.980   168649  1406.89   169373  1404.71  16947  16900  16951  16941  16962  16912  16957  16952  16948  16903  16873  16878  16859  16877  16872  16850  16868  16859  16863  16850
  125.980   175801  1413.66   176521  1411.14  17662  17614  17667  17654  17677  17627  17672  17665  17664  17619  17588  17592  17575  17590  17588  17568  17586  17574  17574  17566
  130.981   182888  1407.99   183623  1401.54  18372  18325  18378  18365  18387  18338  18381  18375  18374  18328  18297  18300  18284  18300  18298  18276  18294  18281  18284  18274
  135.980   189981  1392.26   190720  1393.03  19081  19033  19090  19074  19098  19048  19091  19084  19083  19038  19005  19011  18998  19012  19003  18984  19002  18988  18995  18983
  140.980   196777  1386.52   197517  1386.96  19761  19713  19769  19755  19774  19727  19772  19765  19763  19718  19685  19691  19679  19691  19680  19664  19680  19671  19673  19663
  145.980   203925  1394.87   204665  1395.34  20476  20427  20484  20470  20489  20441  20487  20480  20478  20433  20402  20405  20394  20405  20394  20378  20399  20385  20386  20377
  150.980   211003  1400.91   211810  1401.21  21191  21141  21199  21187  21203  21154  21201  21195  21192  21147  21115  21116  21110  21120  21110  21095  21114  21098  21033  21092
  155.981   217940  1397.48   218467  1398.19  21897  21847  21837  21825  21843  21793  21840  21901  21899  21785  21823  21824  21817  21758  21815  21802  21753  21808  21743  21797
  160.980   224612  1388.70   225204  1388.47  22578  22529  22519  22506  22522  22472  22520  22513  22579  22466  22505  22503  22499  22436  22494  22416  22433  22489  22425  22412
  165.980   231133  1378.66   231867  1378.49  23189  23208  23200  23186  23201  23152  23200  23194  23191  23146  23117  23117  23112  23117  23104  23094  23108  23167  23104  23093
  170.980   237862  1378.69   238603  1378.72  23869  23819  23881  23866  23882  23832  23880  23875  23872  23827  23795  23795  23796  23795  23783  23771  23789  23781  23785  23772
  175.980   244636  1366.19   245389  1366.62  24547  24499  24560  24543  24560  24511  24558  24555  24550  24506  24472  24473  24473  24472  24459  24448  24464  24457  24463  24455
  180.980   251420  1356.23   252181  1354.69  25225  25178  25239  25223  25240  25190  25236  25235  25230  25185  25151  25150  25149  25156  25137  25124  25142  25136  25142  25133
  185.980   258233  1352.16   258988  1359.81  25906  25859  25921  25903  25920  25871  25916  25915  25911  25866  25835  25831  25831  25838  25821  25805  25824  25811  25824  25813
  190.981   265018  1355.95   265785  1361.82  26586  26540  26601  26582  26600  26550  26595  26594  26591  26546  26513  26508  26508  26519  26501  26479  26505  26489  26509  26487
  195.980   271807  1362.62   272569  1358.99  27264  27219  27280  27259  27279  27229  27274  27271  27269  27225  27191  27190  27183  27199  27181  27158  27183  27171  27189  27162
  200.980   278616  1360.77   279378  1356.91  27946  27900  27960  27941  27958  27911  27956  27952  27950  27904  27870  27870  27865  27878  27865  27841  27863  27855  27867  27842
  205.980   285391  1360.77   286151  1349.60  28623  28578  28638  28618  28634  28590  28633  28629  28628  28580  28547  28547  28543  28556  28541  28517  28540  28538  28545  28517
  210.980   292176  1356.28   292929  1344.70  29300  29256  29316  29296  29312  29267  29311  29307  29306  29258  29224  29224  29223  29235  29220  29198  29218  29216  29222  29196
  215.980   298937  1343.49   299699  1343.66  29977  29933  29993  29973  29989  29944  29988  29984  29983  29935  29896  29900  29899  29913  29899  29874  29895  29894  29896  29871
  220.980   305761  1343.84   306522  1343.54  30658  30615  30675  30656  30672  30627  30671  30666  30665  30617  30577  30580  30583  30598  30578  30555  30579  30578  30581  30552
  225.980   313644  1380.48   314487  1380.68  31454  31412  31471  31452  31468  31424  31468  31462  31463  31413  31373  31376  31379  31318  31374  31351  31375  31373  31378  31347
  230.980   321512  1421.61   322264  1421.28  32255  32213  32195  32251  32268  32149  32193  32263  32263  32214  32175  32178  32181  32121  32175  32154  32100  32175  32105  32148
  235.980   329377  1457.92   329815  1457.42  33041  33000  32980  33037  32977  32934  32978  32973  32972  32923  32961  32966  32970  32906  32962  32939  32885  32962  32890  32936
  240.980   336968  1487.58   337328  1487.32  33806  33689  33748  33728  33743  33701  33743  33740  33740  33690  33727  33732  33661  33673  33729  33706  33653  33729  33657  33701
  245.980   344212  1510.29   344673  1509.25  34473  34432  34489  34471  34485  34441  34485  34482  34483  34432  34394  34467  34403  34416  34463  34437  34395  34399  34403  34435
  250.980   350903  1514.83   351629  1513.66  35169  35126  35184  35166  35181  35137  35181  35177  35180  35128  35091  35100  35098  35113  35087  35064  35090  35096  35099  35065
  255.980   357896  1484.92   358621  1480.96  35868  35825  35885  35865  35881  35834  35881  35876  35879  35827  35790  35801  35797  35812  35788  35764  35786  35796  35797  35765
  260.981   364805  1452.79   365542  1452.28  36558  36517  36577  36557  36573  36528  36573  36568  36572  36519  36479  36492  36489  36506  36477  36456  36476  36486  36488  36456
  265.980   372417  1444.34   373157  1454.48  37320  37279  37339  37318  37334  37290  37334  37330  37333  37280  37238  37251  37250  37270  37237  37216  37238  37249  37251  37217
  270.980   380461  1459.55   381199  1472.23  38125  38084  38142  38121  38139  38094  38138  38134  38137  38085  38042  38056  38053  38074  38040  38020  38044  38054  38057  38021
  275.980   388232  1472.01   388971  1483.93  38903  38861  38920  38897  38916  38872  38914  38911  38913  38864  38819  38832  38830  38853  38817  38796  38822  38830  38835  38798
  280.980   395878  1501.41   396610  1501.61  39668  39623  39685  39659  39679  39636  39678  39676  39678  39628  39583  39597  39595  39618  39581  39560  39586  39593  39602  39563
  285.980   403463  1521.28   404197  1511.14  40427  40380  40443  40418  40437  40395  40438  40436  40436  40387  40340  40357  40354  40376  40340  40318  40344  40351  40361  40322
  290.980   411670  1559.99   412425  1547.54  41249  41201  41269  41241  41259  41219  41261  41258  41258  41210  41161  41177  41175  41200  41158  41136  41165  41172  41185  41141
  295.980   419350  1564.45   420084  1548.58  42017  41969  42034  42007  42024  41984  42027  42022  42023  41977  41931  41947  41941  41966  41927  41905  41930  41942  41951  41910
  300.980   426956  1545.13   427694  1534.97  42779  42730  42794  42768  42784  42746  42787  42783  42784  42739  42692  42708  42703  42727  42688  42666  42688  42702  42711  42671
  305.980   434683  1536.21   435489  1533.83  43559  43508  43574  43546  43563  43525  43567  43564  43565  43518  43473  43490  43484  43505  43467  43448  43469  43481  43414  43452
  310.980   442501  1543.93   443237  1543.99  44350  44299  44286  44334  44353  44239  44357  44356  44355  44308  44264  44280  44273  44219  44255  44237  44259  44270  44203  44241
  315.980   450271  1549.97   450936  1550.23  45129  45075  45064  45110  45133  45016  45134  45135  45133  45007  45041  45055  45050  44997  45033  45013  45039  45046  44980  45017
  320.980   457837  1532.00   458357  1531.43  45892  45838  45830  45874  45896  45783  45824  45825  45821  45774  45804  45818  45812  45764  45796  45777  45729  45809  45747  45781
  325.980   465521  1531.46   465879  1531.66  46585  46605  46597  46640  46588  46552  46592  46592  46587  46541  46573  46587  46581  46533  46563  46545  46497  46578  46515  46549
  330.980   473364  1541.71   473790  1541.64  47376  47398  47389  47432  47379  47341  47382  47383  47377  47333  47364  47381  47296  47325  47354  47338  47287  47370  47308  47341
  335.980   481106  1544.90   481452  1542.38  48158  48104  48170  48137  48160  48122  48163  48165  48159  48114  48146  48164  48078  48106  48135  48121  48068  48153  48089  48046
  340.980   488505  1541.19   489155  1540.92  48926  48876  48939  48906  48932  48891  48935  48934  48931  48885  48838  48857  48849  48878  48906  48815  48838  48846  48861  48817
  345.980   496439  1549.26   497160  1551.14  49725  49676  49740  49706  49731  49693  49736  49734  49732  49687  49638  49658  49649  49680  49632  49616  49639  49646  49662  49619
  350.980   504168  1554.73   504890  1561.51  50499  50450  50512  50480  50503  50466  50508  50508  50505  50459  50412  50431  50423  50451  50404  50389  50412  50420  50434  50392
  355.980   511658  1548.22   512374  1560.23  51249  51198  51260  51230  51252  51214  51256  51255  51253  51207  51163  51181  51173  51199  51153  51136  51159  51169  51183  51142
  360.980   519360  1540.79   520087  1553.64  52020  51966  52034  51999  52022  51987  52028  52026  52025  51980  51930  51950  51942  51972  51922  51905  51931  51938  51959  51911
  365.980   527156  1540.25   527868  1549.98  52799  52746  52810  52780  52801  52764  52807  52802  52801  52758  52711  52731  52723  52748  52702  52685  52709  52719  52736  52692
  370.980   535408  1568.14   536133  1564.99  53624  53572  53638  53604  53627  53593  53633  53628  53627  53587  53536  53553  53549  53577  53524  53507  53536  53543  53567  53516
  375.980   543086  1557.28   543790  1546.21  54391  54340  54402  54370  54392  54358  54399  54394  54393  54351  54304  54322  54316  54342  54293  54278  54303  54312  54333  54283
  380.980   551395  1573.60   552105  1559.48  55223  55174  55234  55202  55224  55187  55229  55226  55224  55182  55137  55153  55151  55172  55122  55107  55135  55144  55161  55113
  385.980   558901  1576.14   559574  1561.11  55971  55921  55979  55953  55972  55932  55976  55972  55971  55927  55889  55902  55899  55920  55874  55862  55882  55897  55910  55866
  390.980   566777  1571.98   567476  1558.15  56761  56709  56771  56739  56760  56725  56768  56761  56762  56720  56676  56684  56689  56713  56655  56650  56671  56682  56704  56653
  395.980   574584  1571.11   575320  1567.11  57545  57496  57554  57527  57546  57507  57551  57546  57547  57501  57463  57474  57475  57496  57449  57441  57458  57473  57413  57442
  400.980   582680  1565.15   583351  1563.37  58364  58314  58296  58343  58364  58249  58371  58363  58366  58321  58280  58292  58293  58238  58266  58259  58276  58291  58226  58259
  405.980   590990  1586.41   591576  1585.07  59195  59144  59127  59175  59195  59079  59199  59194  59196  59072  59112  59124  59124  59069  59095  59090  59107  59120  59057  59092
  410.981   598954  1574.13   599297  1572.48  59910  59942  59921  59972  59991  59873  59916  59993  59915  59864  59909  59919  59921  59864  59893  59885  59907  59916  59851  59889
  415.980   606387  1578.34   606724  1577.13  60673  60620  60682  60727  60745  60633  60677  60669  60674  60624  60666  60678  60600  60625  60651  60648  60585  60676  60611  60647
  420.980   614672  1591.58   614917  1589.40  61500  61447  61509  61555  61497  61460  61503  61495  61500  61451  61496  61508  61428  61453  61481  61476  61413  61504  61438  61475
  425.980   622741  1608.39   623145  1604.87  62331  62275  62340  62308  62328  62291  62335  62323  62331  62283  62250  62260  62261  62284  62310  62305  62244  62332  62267  62228
  430.980   630476  1603.89   631111  1602.68  63128  63071  63136  63104  63126  63087  63132  63118  63128  63081  63045  63057  63057  63083  63029  63024  63041  63050  63065  63025
  435.980   638121  1581.58   638743  1582.79  63891  63834  63898  63869  63889  63850  63894  63882  63892  63844  63811  63824  63821  63844  63795  63789  63804  63816  63826  63791
  440.980   646481  1594.92   647099  1604.15  64727  64669  64733  64706  64726  64685  64729  64717  64727  64680  64647  64660  64659  64678  64630  64625  64639  64653  64662  64628
  445.980   654250  1606.14   654862  1615.37  65503  65447  65510  65484  65502  65460  65505  65492  65501  65458  65424  65437  65436  65453  65406  65402  65417  65430  65439  65406
  450.980   662592  1608.05   663219  1620.87  66339  66281  66346  66319  66337  66296  66342  66326  66338  66295  66257  66269  66272  66290  66239  66235  66254  66260  66275  66241
  455.980   670291  1593.14   670896  1597.27  67107  67049  67114  67087  67105  67064  67108  67096  67105  67061  67028  67040  67041  67057  67010  67007  67023  67031  67043  67011
  460.980   678040  1590.47   678635  1586.34  67881  67824  67888  67861  67880  67837  67882  67868  67879  67835  67803  67813  67817  67831  67787  67781  67799  67806  67817  67786
  465.981   686143  1606.24   686736  1594.93  68692  68634  68699  68671  68690  68647  68692  68678  68687  68646  68614  68623  68626  68642  68597  68592  68608  68618  68627  68596
  470.980   693662  1573.32   694246  1564.73  69443  69386  69450  69423  69440  69397  69442  69430  69438  69397  69365  69376  69378  69392  69350  69345  69360  69371  69378  69347
  475.980   701499  1572.87   702090  1561.93  70226  70172  70236  70208  70224  70180  70226  70214  70222  70182  70149  70158  70162  70176  70136  70128  70144  70155  70163  70128
  480.980   709521  1556.98   710116  1548.32  71027  70976  71040  71011  71027  70983  71029  71016  71022  70985  70951  70960  70963  70979  70939  70932  70945  70957  70965  70930
  485.980   717257  1549.70   717854  1549.33  71803  71750  71813  71784  71800  71757  71804  71788  71796  71759  71723  71732  71736  71755  71712  71705  71719  71731  71740  71704
  490.980   725227  1557.15   725746  1557.65  72612  72556  72534  72589  72605  72564  72611  72592  72602  72481  72527  72538  72542  72562  72514  72510  72526  72534  72463  72511
  495.980   732939  1547.47   733446  1547.17  73378  73325  73311  73358  73374  73332  73379  73362  73371  73256  73297  73309  73312  73331  73285  73282  73297  73307  73240  73279
  500.980   740676  1553.55   740999  1553.52  74072  74112  74082  74143  74161  74025  74074  74144  74158  74028  74079  74093  74098  74025  74069  74066  74082  74089  74011  74064
  505.980   748434  1557.37   748560  1556.93  74865  74814  74877  74848  74864  74820  74867  74924  74860  74821  74861  74875  74801  74819  74848  74847  74862  74871  74805  74845
  510.980   755942  1542.50   756140  1541.93  75624  75571  75637  75605  75621  75579  75625  75681  75619  75578  75619  75635  75558  75577  75606  75607  75544  75630  75563  75603
  515.980   763723  1551.54   764125  1550.17  76424  76369  76434  76404  76420  76378  76424  76479  76417  76376  76421  76360  76360  76378  76407  76332  76343  76431  76362  76329
  520.981   771433  1550.54   771989  1551.78  77220  77162  77228  77198  77214  77173  77217  77197  77211  77169  77139  77152  77155  77171  77125  77126  77137  77148  77155  77125
  525.981   779034  1546.81   779592  1548.52  77981  77922  77987  77958  77974  77934  77977  77957  77972  77930  77898  77911  77915  77933  77884  77886  77894  77909  77918  77886
  530.980   787225  1562.05   787800  1570.50  78803  78742  78811  78776  78796  78756  78801  78770  78793  78752  78714  78731  78736  78755  78704  78705  78711  78723  78742  78704
  535.980   795012  1563.02   795555  1574.50  79577  79518  79584  79555  79571  79528  79575  79554  79567  79526  79493  79508  79511  79529  79486  79486  79492  79507  79516  79484
  540.980   802882  1575.17   803424  1584.13  80364  80306  80370  80342  80359  80314  80361  80341  80355  80312  80280  80296  80297  80317  80274  80272  80280  80294  80302  80270
  545.980   810563  1569.30   811107  1569.03  81132  81075  81138  81111  81127  81082  81129  81110  81123  81080  81048  81064  81065  81085  81041  81041  81047  81063  81069  81040
  550.980   818465  1575.72   819000  1564.68  81922  81863  81928  81900  81917  81871  81919  81899  81912  81869  81837  81856  81855  81876  81831  81831  81836  81853  81858  81832
  555.980   826101  1569.38   826638  1561.06  82685  82625  82692  82664  82681  82634  82684  82663  82676  82634  82602  82619  82619  82640  82594  82593  82599  82617  82623  82595
  560.980   834337  1570.60   834865  1558.83  83507  83447  83514  83488  83503  83456  83507  83487  83499  83457  83424  83445  83441  83463  83417  83418  83421  83442  83446  83420
  565.980   842049  1557.08   842594  1550.67  84282  84217  84291  84262  84274  84228  84281  84257  84271  84231  84190  84216  84213  84237  84187  84188  84192  84211  84224  84191
  570.980   850209  1567.85   850740  1562.35  85095  85033  85103  85078  85090  85042  85095  85075  85085  85044  85008  85034  85027  85052  85005  85003  85007  85028  85038  85007
  575.981   858322  1581.58   858847  1578.46  85912  85851  85844  85897  85909  85860  85914  85894  85904  85862  85827  85854  85845  85871  85824  85822  85828  85846  85778  85827
  580.980   866264  1578.95   866699  1578.38  86706  86646  86633  86691  86702  86653  86708  86688  86699  86573  86620  86649  86641  86666  86617  86618  86622  86641  86569  86621
  585.980   874018  1579.66   874188  1579.70  87390  87422  87403  87377  87484  87433  87395  87464  87479  87341  87392  87429  87419  87443  87393  87395  87398  87414  87339  87396
  590.980   882047  1577.65   882028  1577.48  88207  88223  88217  88192  88205  88154  88210  88265  88199  88156  88197  88230  88220  88243  88193  88199  88199  88217  88152  88197
  595.980   890025  1595.07   890247  1594.13  89029  89043  89038  89014  89029  88976  89032  89086  89022  88978  89015  89049  88965  88989  89012  89018  89020  89038  88976  88943
  600.980   898201  1600.11   898481  1599.44  89860  89801  89871  89843  89858  89807  89862  89919  89851  89809  89848  89806  89798  89819  89846  89777  89855  89872  89806  89774
  605.980   905928  1589.62   906210  1589.42  90640  90581  90652  90625  90639  90589  90644  90620  90630  90590  90630  90586  90577  90600  90626  90557  90557  90654  90587  90554
  610.980   913389  1578.81   913826  1581.50  91400  91343  91412  91388  91400  91352  91405  91382  91393  91351  91392  91349  91340  91362  91309  91319  91319  91336  91347  91316
  615.980   921640  1595.50   922074  1606.91  92223  92167  92237  92214  92224  92176  92231  92208  92218  92176  92217  92174  92163  92187  92134  92145  92144  92163  92173  92140
  620.980   929252  1584.06   929763  1601.85  92992  92938  93007  92982  92992  92945  92999  92976  92986  92946  92908  92943  92933  92956  92902  92914  92912  92934  92942  92908
  625.981   937052  1578.09   937561  1585.10  93773  93717  93786  93763  93771  93725  93778  93755  93766  93727  93688  93723  93712  93735  93681  93693  93694  93715  93722  93689
  630.980   944611  1557.38   945121  1562.52  94530  94474  94542  94520  94526  94480  94534  94511  94522  94482  94444  94477  94467  94491  94437  94450  94450  94472  94478  94445
  635.981   952332  1554.68   952838  1554.48  95300  95247  95312  95293  95299  95251  95306  95282  95294  95254  95214  95247  95239  95264  95211  95223  95222  95245  95249  95218
  640.981   960105  1565.03   960603  1556.61  96078  96022  96088  96070  96075  96027  96083  96060  96070  96030  95989  96025  96019  96041  95987  96001  95999  96024  96025  95995
  645.980   968329  1563.49   968841  1546.74  96900  96844  96914  96896  96898  96853  96908  96880  96893  96855  96807  96848  96844  96863  96806  96825  96823  96844  96849  96820
  650.980   976083  1558.59   976556  1547.05  97671  97616  97684  97666  97669  97624  97679  97656  97664  97627  97586  97622  97618  97638  97583  97600  97597  97623  97622  97594
  655.980   983823  1551.63   984299  1545.25  98445  98390  98459  98441  98443  98398  98453  98430  98437  98403  98361  98397  98390  98412  98357  98374  98372  98395  98397  98368
  660.980   992005  1570.29   992478  1563.91  99264  99210  99276  99258  99261  99215  99270  99249  99255  99220  99181  99213  99209  99229  99177  99192  99190  99214  99214  99186
  665.980   999785  1569.72  1000108  1563.88 100045  99988  99974 100037 100042  99996 100048 100027 100034  99917  99958  99992  99987 100006  99955  99971  99968  99991  99993  99964
  670.980  1007251  1562.17  1007569  1558.37 100798 100741 100729 100714 100794 100749 100800 100781 100787 100676 100711 100745 100742 100760 100708 100726 100724 100745 100671 100719
  675.980  1015320  1556.33  1015391  1551.83 101526 101547 101533 101518 101600 101477 101530 101587 101592 101481 101518 101553 101550 101567 101514 101532 101532 101550 101478 101526
  680.980  1023478  1567.25  1023466  1566.41 102343 102363 102349 102333 102339 102292 102343 102402 102406 102296 102335 102368 102364 102382 102332 102346 102348 102367 102294 102342
  685.980  1030983  1564.77  1031049  1563.76 103108 103054 103115 103099 103104 103057 103111 103168 103171 103062 103100 103134 103054 103146 103097 103038 103115 103132 103060 103107
  690.980  1038356  1547.68  1038577  1546.95 103876 103822 103883 103869 103870 103824 103879 103861 103862 103831 103868 103826 103821 103837 103865 103803 103807 103901 103829 103799
  695.980  1045933  1543.32  1046233  1547.82 104642 104587 104649 104635 104636 104588 104646 104627 104627 104596 104636 104591 104585 104603 104631 104568 104572 104589 104595 104563
  700.980  1054188  1569.91  1054481  1574.18 105467 105413 105474 105458 105461 105414 105470 105451 105453 105420 105462 105417 105410 105428 105457 105391 105398 105417 105420 105388
  705.980  1061741  1555.27  1062108  1567.68 106229 106177 106237 106220 106224 106176 106232 106215 106215 106183 106223 106180 106176 106190 106143 106152 106161 106182 106183 106151
  710.980  1069440  1542.35  1069895  1558.02 107006 106954 107019 106998 107004 106955 107009 106994 106993 106963 106922 106958 106955 106970 106916 106930 106940 106959 106963 106927
  715.980  1077543  1562.42  1077960  1574.19 107812 107763 107823 107804 107810 107763 107814 107803 107802 107766 107737 107768 107761 107779 107732 107740 107748 107771 107769 107738
  720.980  1085582  1584.77  1085995  1588.69 108614 108567 108626 108608 108614 108567 108618 108605 108607 108569 108539 108572 108566 108583 108537 108545 108551 108576 108572 108541
  725.980  1093784  1605.74  1094206  1604.66 109435 109389 109448 109428 109436 109389 109438 109425 109427 109391 109360 109394 109388 109400 109358 109364 109374 109394 109392 109360
  730.980  1101357  1580.29  1101774  1579.18 110193 110145 110204 110185 110194 110146 110195 110182 110183 110147 110116 110150 110146 110158 110114 110120 110134 110151 110150 110118
  735.980  1108971  1579.77  1109389  1566.17 110954 110907 110966 110945 110955 110908 110957 110944 110944 110909 110878 110913 110909 110921 110877 110883 110897 110914 110896 110883
  740.980  1117189  1597.21  1117601  1580.50 111776 111729 111787 111767 111777 111730 111777 111765 111764 111729 111701 111734 111731 111745 111698 111706 111716 111736 111719 111703
  745.980  1125600  1594.56  1125984  1585.74 112614 112566 112626 112605 112615 112568 112615 112604 112603 112568 112540 112578 112571 112588 112540 112548 112558 112574 112560 112543
  750.980  1133666  1587.18  1134052  1580.03 113422 113371 113434 113411 113422 113374 113422 113409 113409 113378 113344 113386 113378 113396 113343 113355 113365 113380 113370 113349
  755.981  1141448  1579.40  1141732  1572.15 114198 114146 114133 114187 114197 114151 114199 114186 114184 114151 114127 114164 114157 114172 114123 114132 114142 114159 114145 114127
  760.980  1149101  1579.23  1149302  1574.56 114962 114909 114898 114951 114963 114915 114963 114952 114949 114840 114895 114928 114922 114936 114888 114897 114908 114925 114909 114893
  765.980  1156650  1576.43  1156922  1574.21 115725 115671 115658 115713 115725 115678 115726 115715 115710 115601 115658 115690 115684 115698 115650 115660 115670 115688 115596 115656
  770.980  1164194  1554.99  1164084  1552.43 116404 116424 116413 116391 116404 116355 116404 116468 116464 116357 116414 116443 116439 116451 116404 116415 116423 116441 116354 116410
  775.980  1171566  1532.01  1171748  1530.47 117178 117122 117187 117164 117177 117128 117177 117244 117240 117131 117189 117143 117137 117149 117180 117112 117122 117218 117129 117187
  780.980  1179380  1529.09  1179709  1527.18 117975 117918 117985 117961 117974 117925 117975 118035 118033 117928 117983 117941 117934 117945 117975 117911 117920 117937 117927 117907
  785.980  1186909  1520.62  1187087  1522.03 118728 118670 118736 118714 118726 118677 118727 118715 118713 118681 118736 118694 118688 118700 118727 118665 118672 118689 118679 118659
  790.980  1194492  1518.09  1194663  1522.18 119485 119428 119496 119471 119483 119434 119487 119471 119470 119438 119495 119455 119447 119457 119484 119423 119431 119447 119435 119418
  795.980  1202391  1532.35  1202637  1534.06 120283 120226 120292 120269 120282 120231 120285 120268 120266 120235 120295 120251 120241 120254 120207 120221 120228 120246 120233 120215
  800.980  1210200  1543.83  1210512  1557.99 121070 121013 121081 121055 121069 121019 121072 121056 121054 121023 121006 121040 121030 121043 120994 121009 121017 121036 121021 121004
  805.980  1217838  1552.75  1218159  1554.83 121837 121778 121845 121820 121835 121784 121836 121820 121817 121787 121771 121802 121794 121808 121758 121773 121780 121800 121785 121767
  810.980  1225555  1549.55  1225875  1546.66 122608 122549 122618 122591 122605 122555 122608 122592 122590 122559 122543 122574 122566 122581 122530 122545 122550 122572 122556 122538
  815.980  1233534  1561.68  1233862  1560.97 123407 123350 123417 123390 123403 123353 123406 123390 123388 123358 123339 123372 123366 123378 123329 123342 123348 123370 123353 123337
  820.980  1241499  1574.87  1241823  1572.25 124203 124145 124214 124187 124200 124148 124202 124185 124186 124153 124134 124170 124161 124176 124127 124140 124144 124166 124148 124133
  825.980  1249200  1565.76  1249517  1557.90 124974 124915 124984 124957 124968 124916 124970 124955 124956 124922 124907 124939 124929 124946 124899 124909 124915 124935 124918 124903
  830.980  1256741  1554.13  1257055  1541.51 125727 125669 125740 125711 125720 125670 125724 125709 125709 125676 125660 125695 125683 125699 125656 125663 125668 125689 125672 125656
  835.980  1264333  1540.00  1264574  1534.60 126488 126428 126423 126471 126480 126430 126482 126468 126468 126436 126420 126453 126441 126459 126415 126421 126426 126449 126432 126417
  840.980  1272259  1542.21  1272493  1539.09 127281 127220 127209 127264 127273 127223 127275 127260 127259 127229 127209 127245 127233 127251 127208 127216 127218 127242 127226 127211
  845.980  1279984  1535.52  1280215  1532.10 128050 127991 127987 128036 128045 127994 128046 128033 128034 127999 127983 128015 128006 128025 127979 127990 127990 128017 127995 127984
  850.980  1287666  1525.97  1287735  1522.62 128741 128758 128754 128804 128811 128761 128813 128802 128801 128690 128752 128782 128775 128794 128747 128757 128759 128784 128763 128753
  855.980  1295319  1524.60  1295319  1524.13 129514 129532 129528 129500 129584 129536 129513 129574 129575 129463 129526 129558 129546 129567 129519 129529 129531 129558 129461 129524
  860.980  1302510  1514.97  1302399  1514.66 130239 130251 130252 130226 130232 130185 130240 130292 130293 130189 130245 130279 130263 130284 130237 130249 130251 130273 130188 130241
  865.980  1309237  1491.01  1309191  1492.65 130926 130869 130937 130912 130919 130870 130927 130979 130978 130874 130928 130897 130948 130904 130925 130937 130937 130960 130875 130926
  870.980  1315740  1452.21  1315822  1453.99 131603 131545 131614 131589 131596 131546 131602 131588 131588 131551 131604 131575 131557 131583 131604 131545 131615 131571 131550 131536
  875.980  1322395  1418.69  1322548  1420.57 132274 132216 132289 132262 132268 132218 132275 132260 132261 132225 132278 132248 132229 132256 132210 132215 132286 132245 132218 132210
  880.980  1329189  1391.14  1329398  1395.84 132959 132902 132976 132946 132953 132902 132960 132945 132946 132909 132963 132932 132914 132946 132891 132902 132908 132930 132904 132899
  885.981  1336036  1366.34  1336298  1372.89 133648 133592 133665 133637 133643 133592 133650 133634 133636 133601 133585 133624 133606 133635 133582 133593 133605 133622 133594 133590
  890.980  1342802  1352.08  1343062  1362.25 134324 134270 134341 134313 134319 134270 134325 134310 134312 134278 134258 134302 134281 134313 134258 134268 134285 134300 134269 134268
  895.980  1349559  1353.13  1349811  1358.64 134998 134946 135015 134989 134995 134945 135000 134984 134986 134953 134935 134980 134955 134990 134933 134942 134958 134976 134947 134943
  900.980  1356322  1359.53  1356561  1362.38 135672 135622 135693 135662 135668 135619 135674 135661 135661 135629 135615 135655 135630 135668 135607 135620 135633 135650 135624 135620
  905.980  1363193  1361.74  1363446  1360.17 136359 136312 136382 136349 136356 136307 136363 136349 136349 136320 136302 136345 136314 136357 136295 136303 136320 136337 136314 136306
  910.981  1370023  1363.36  1370276  1353.49 137043 136994 137061 137031 137042 136993 137044 137034 137033 137001 136989 137024 136997 137042 136979 136985 137004 137019 136998 136986
  915.980  1376745  1354.84  1376929  1343.13 137714 137666 137668 137704 137713 137663 137715 137707 137706 137673 137662 137696 137668 137712 137651 137656 137678 137691 137669 137662
  920.980  1383478  1344.71  1383666  1342.09 138388 138339 138342 138378 138386 138336 138388 138384 138379 138346 138335 138364 138340 138384 138326 138331 138351 138368 138342 138337
  925.980  1390964  1366.80  1391080  1364.69 139136 139087 139086 139127 139136 139085 139137 139135 139130 139021 139082 139113 139090 139130 139076 139082 139098 139118 139091 139084
  930.980  1398662  1400.12  1398840  1398.14 139913 139863 139861 139904 139912 139861 139913 139910 139907 139796 139859 139889 139866 139909 139854 139859 139876 139896 139792 139862
  935.980  1406289  1422.64  1406389  1422.91 140599 140627 140625 140666 140674 140624 140675 140673 140668 140558 140623 140652 140630 140672 140616 140620 140639 140658 140553 140626
  940.981  1414277  1467.03  1414217  1466.83 141413 141364 141439 141402 141487 141436 141411 141410 141482 141373 141437 141389 141447 141407 141430 141434 141453 141474 141366 141440
  945.980  1422169  1509.04  1421947  1510.72 142209 142159 142234 142198 142206 142156 142209 142205 142201 142170 142233 142187 142243 142205 142226 142231 142250 142271 142162 142161
  950.980  1429868  1548.86  1429866  1550.34 143001 142952 143025 142989 142998 142949 143001 142998 142993 142960 143026 142981 142959 142998 143018 142949 143042 142987 142956 142952
  955.980  1437370  1554.73  1437521  1558.42 143768 143717 143792 143753 143764 143713 143766 143764 143759 143725 143791 143745 143726 143764 143709 143714 143731 143753 143720 143717
  960.980  1445183  1558.59  1445337  1557.92 144549 144500 144574 144535 144548 144494 144547 144544 144543 144503 144573 144526 144510 144547 144489 144495 144513 144533 144500 144497
  965.980  1453092  1568.02  1453249  1570.00 145342 145290 145364 145326 145340 145284 145337 145337 145334 145295 145365 145316 145300 145338 145281 145284 145304 145325 145293 145286
  970.980  1460812  1561.63  1461039  1568.64 146121 146068 146144 146104 146118 146063 146118 146116 146114 146073 146068 146094 146080 146115 146060 146066 146082 146106 146073 146068
  975.980  1468397  1551.33  1468625  1563.81 146879 146825 146903 146861 146878 146823 146878 146874 146873 146831 146827 146852 146837 146875 146819 146824 146841 146865 146830 146827
  980.980  1476351  1559.88  1476557  1564.31 147671 147618 147696 147654 147671 147618 147671 147667 147666 147625 147622 147646 147633 147670 147615 147618 147638 147661 147626 147622
  985.980  1484011  1562.55  1484212  1561.68 148437 148383 148460 148420 148435 148384 148435 148435 148433 148390 148388 148412 148397 148438 148379 148384 148403 148427 148394 148389
  990.981  1492263  1577.11  1492456  1572.95 149261 149208 149283 149245 149259 149209 149259 149259 149259 149214 149216 149236 149222 149262 149205 149207 149229 149253 149218 149215
  995.980  1499850  1557.77  1500070  1551.19 150024 149968 150051 150004 150019 149968 150019 150018 150019 149980 149968 149996 149978 150025 149961 149967 149984 150013 149982 149976
 1000.980  1507911  1565.23  1508016  1553.46 150826 150772 150771 150808 150822 150772 150823 150821 150821 150780 150780 150799 150784 150831 150770 150773 150795 150817 150783 150779
 1005.980  1516146  1584.33  1516249  1574.97 151651 151594 151594 151630 151645 151594 151647 151644 151646 151604 151600 151623 151606 151655 151594 151598 151618 151640 151608 151604
 1010.980  1524381  1587.79  1524466  1584.13 152473 152415 152418 152451 152466 152415 152467 152465 152469 152427 152423 152446 152431 152478 152418 152420 152443 152464 152431 152427
 1015.980  1532006  1586.19  1532074  1581.63 153244 153186 153176 153221 153237 153184 153239 153237 153241 153109 153192 153215 153203 153250 153188 153192 153216 153237 153113 153200
 1020.980  1539989  1579.11  1540073  1577.87 154041 153982 153987 154018 154033 153981 154036 154033 154039 153923 153992 154010 154001 154047 153986 153987 154013 154033 153925 153995
 1025.980  1548251  1601.09  1548179  1599.08 154792 154808 154812 154844 154858 154806 154861 154861 154789 154748 154816 154838 154828 154873 154812 154813 154840 154858 154749 154824
 1030.980  1556241  1604.45  1556241  1605.99 155606 155621 155627 155658 155671 155619 155672 155601 155604 155562 155629 155651 155642 155612 155626 155626 155652 155672 155567 155564
 1035.980  1563880  1585.64  1563761  1587.92 156376 156410 156404 156352 156365 156409 156366 156368 156372 156339 156413 156346 156431 156380 156414 156418 156440 156462 156341 156331
 1040.980  1571913  1584.80  1571752  1586.78 157194 157136 157216 157172 157186 157135 157185 157187 157190 157151 157219 157170 157234 157200 157215 157142 157241 157185 157156 157151
 1045.980  1579693  1595.10  1579702  1598.26 157990 157930 158010 157967 157981 157929 157980 157983 157986 157946 158012 157964 157950 157991 157934 157936 158036 157976 157951 157943
 1050.981  1587828  1602.87  1587907  1602.70 158810 158749 158831 158787 158802 158749 158801 158805 158807 158766 158833 158786 158772 158810 158755 158761 158781 158797 158769 158764
 1055.980  1595349  1577.97  1595425  1582.94 159563 159500 159585 159538 159553 159500 159552 159557 159559 159518 159587 159539 159523 159561 159508 159512 159533 159548 159521 159517
 1060.980  1602775  1561.54  1602924  1564.06 160313 160250 160333 160288 160304 160250 160303 160307 160309 160267 160262 160288 160273 160311 160262 160262 160283 160297 160270 160267
 1065.980  1610590  1561.64  1610738  1568.05 161095 161030 161114 161069 161085 161031 161084 161089 161091 161050 161043 161069 161052 161092 161044 161044 161064 161079 161055 161048
 1070.980  1618305  1554.26  1618452  1562.05 161867 161802 161886 161840 161856 161803 161856 161860 161862 161820 161813 161840 161825 161866 161815 161816 161834 161851 161826 161819
 1075.980  1625884  1547.53  1626024  1547.03 162625 162559 162642 162598 162614 162560 162612 162618 162618 162578 162571 162597 162584 162623 162573 162573 162594 162609 162584 162576
 1080.981  1633499  1529.82  1633650  1523.88 163390 163320 163406 163360 163376 163320 163373 163379 163383 163343 163328 163360 163344 163386 163336 163336 163353 163371 163348 163337
 1085.980  1641003  1525.32  1641132  1522.53 164137 164072 164150 164109 164124 164072 164123 164127 164129 164089 164086 164110 164097 164136 164085 164082 164101 164123 164096 164087
 1090.980  1648022  1505.60  1648096  1500.50 164842 164775 164781 164811 164827 164775 164826 164831 164833 164795 164783 164810 164796 164841 164790 164784 164802 164826 164802 164788
 1095.980  1655727  1496.21  1655803  1488.29 165616 165546 165548 165582 165595 165546 165595 165601 165605 165569 165552 165579 165566 165611 165563 165556 165570 165596 165574 165560
 1100.980  1663389  1489.33  1663296  1486.51 166301 166312 166314 166348 166361 166312 166361 166364 166369 166254 166322 166346 166337 166376 166327 166321 166339 166364 166335 166322
 1105.980  1670910  1490.97  1670891  1488.22 167065 167070 167073 167107 167119 167071 167119 167123 167129 167015 167082 167106 167094 167137 167087 167079 167100 167124 167021 167080
 1110.980  1678457  1485.45  1678363  1485.15 167820 167824 167828 167861 167873 167826 167873 167880 167808 167770 167837 167864 167847 167892 167841 167834 167853 167878 167775 167836
 1115.980  1686126  1493.62  1686089  1493.12 168593 168596 168600 168634 168645 168600 168646 168653 168580 168542 168612 168562 168622 168666 168617 168609 168626 168653 168549 168610
 1120.980  1693471  1509.97  1693509  1511.21 169344 169345 169350 169383 169394 169349 169395 169327 169329 169293 169363 169312 169371 169338 169369 169357 169377 169403 169298 169283
 1125.981  1701268  1512.38  1701200  1514.03 170127 170139 170135 170083 170188 170047 170188 170107 170108 170078 170158 170093 170167 170119 170070 170149 170172 170198 170081 170061
 1130.980  1708250  1500.92  1708202  1506.96 170850 170778 170853 170816 170827 170780 170827 170836 170836 170799 170866 170822 170874 170849 170799 170789 170813 170838 170805 170795
 1135.980  1714914  1474.45  1714936  1478.07 171523 171453 171525 171489 171502 171453 171502 171509 171508 171472 171537 171494 171479 171524 171475 171461 171483 171515 171479 171467
 1140.980  1721649  1446.89  1721662  1453.04 172197 172124 172199 172161 172173 172125 172174 172184 172179 172146 172216 172165 172152 172200 172145 172132 172153 172190 172154 172142
 1145.980  1728647  1426.88  1728738  1428.66 172903 172832 172907 172869 172880 172833 172882 172893 172887 172852 172845 172875 172860 172910 172851 172839 172860 172899 172861 172847
 1150.980  1736126  1431.38  1736223  1425.64 173653 173577 173657 173619 173627 173583 173630 173642 173635 173600 173591 173623 173605 173659 173600 173587 173608 173648 173610 173595
 1155.981  1743671  1420.55  1743755  1420.82 174405 174329 174410 174373 174381 174337 174383 174395 174390 174352 174345 174378 174360 174412 174356 174343 174362 174403 174363 174349
 1160.980  1751732  1456.63  1751806  1453.14 175210 175134 175214 175179 175187 175143 175188 175200 175193 175158 175149 175185 175166 175219 175163 175150 175170 175208 175168 175154
 1165.980  1759309  1482.03  1759377  1481.02 175968 175890 175972 175936 175943 175900 175944 175959 175950 175915 175906 175942 175923 175978 175923 175907 175927 175966 175925 175912
 1170.980  1767579  1531.11  1767643  1530.30 176794 176717 176797 176763 176770 176727 176770 176786 176778 176741 176735 176770 176748 176805 176750 176735 176754 176794 176751 176737
 1175.980  1775412  1549.43  1775476  1545.57 177580 177498 177585 177543 177550 177507 177551 177572 177563 177527 177510 177556 177527 177593 177537 177519 177535 177578 177537 177520
 1180.981  1783396  1567.82  1783430  1560.54 178372 178297 178376 178340 178349 178305 178349 178365 178357 178320 178312 178354 178328 178387 178336 178316 178334 178377 178332 178320
 1185.980  1791349  1579.55  1791220  1572.37 179164 179091 179094 179134 179144 179100 179144 179160 179151 179038 179105 179149 179124 179185 179130 179112 179129 179172 179129 179114
 1190.980  1799416  1578.51  1799185  1570.86 179891 179896 179898 179938 179948 179905 179948 179964 179956 179841 179914 179956 179930 179992 179936 179920 179937 179974 179937 179920
 1195.980  1806950  1578.79  1806786  1573.83 180655 180664 180662 180708 180717 180678 180717 180651 180729 180605 180679 180645 180697 180767 180708 180692 180704 180743 180624 180691
