Test case: 
Description: 
	10 senders: persistent queues
	10 receivers: client acknowledge every 50 messages
Timestamp: 2011.11.1 19:57:26
Version: 
Setting up JMS benchmark connections... 

Start processing messages.
Thu Dec 01 19:57:26 EST 2011

  Seconds   Send   Send/Sec   Recv   Recv/Sec   RCV0   RCV1   RCV2   RCV3   RCV4   RCV5   RCV6   RCV7   RCV8   RCV9  SND10  SND11  SND12  SND13  SND14  SND15  SND16  SND17  SND18  SND19
  ------- -------- -------- -------- -------- ------ ------ ------ ------ ------ ------ ------ ------ ------ ------ ------ ------ ------ ------ ------ ------ ------ ------ ------ ------
    1.085        0     0.00        0     0.00      0      0      0      0      0      0      0      0      0      0      0      0      0      0      0      0      0      0      0      0
    6.085     5194  1129.38     5681  1235.27    568    576    568    572    567    572    572    558    564    564    513    516    520    515    518    523    515    532    520    522
   11.085    11454  1193.13    11930  1242.71   1192   1201   1192   1197   1191   1198   1198   1183   1189   1189   1138   1148   1153   1146   1143   1145   1138   1152   1140   1151
   16.085    18581  1272.76    19054  1305.16   1904   1913   1904   1909   1904   1911   1911   1895   1901   1902   1853   1858   1864   1856   1853   1859   1852   1867   1856   1863
   21.085    26798  1367.31    27268  1391.30   2726   2734   2726   2731   2725   2732   2732   2717   2722   2723   2676   2679   2685   2678   2674   2681   2675   2689   2675   2686
   26.085    35033  1424.16    35496  1442.99   3550   3557   3550   3553   3549   3555   3555   3539   3545   3543   3497   3502   3509   3502   3497   3506   3499   3512   3500   3509
   31.085    42662  1441.28    43129  1457.06   4313   4321   4313   4317   4312   4318   4318   4301   4309   4307   4262   4266   4274   4264   4258   4266   4261   4276   4261   4274
   36.086    49680  1492.82    50138  1491.85   5014   5023   5014   5018   5013   5018   5019   5002   5010   5007   4963   4969   4975   4967   4958   4970   4963   4975   4963   4977
   41.086    56859  1523.66    57313  1522.92   5731   5740   5731   5735   5730   5735   5737   5721   5727   5726   5677   5685   5693   5687   5672   5688   5682   5694   5685   5696
   46.086    63947  1517.80    64407  1503.67   6440   6450   6441   6445   6439   6444   6446   6431   6436   6435   6387   6396   6402   6395   6384   6395   6388   6403   6392   6405
   51.085    70967  1463.09    71431  1454.77   7143   7152   7143   7148   7141   7147   7148   7133   7138   7138   7091   7096   7104   7099   7089   7096   7086   7103   7096   7107
   56.085    77842  1414.16    78285  1413.39   7827   7838   7828   7833   7826   7834   7834   7818   7823   7824   7777   7781   7793   7788   7778   7784   7774   7788   7785   7794
   61.085    84976  1396.04    85412  1395.07   8540   8551   8540   8545   8538   8546   8548   8532   8535   8537   8489   8495   8506   8502   8491   8495   8487   8502   8502   8507
   66.085    92034  1398.44    92455  1397.30   9244   9255   9244   9250   9242   9251   9252   9237   9239   9241   9197   9200   9212   9208   9197   9198   9195   9204   9208   9215
   71.085    99278  1396.99    99714  1396.46   9969   9981   9969   9976   9968   9978   9978   9963   9965   9967   9921   9928   9936   9930   9917   9920   9918   9926   9940   9942
   76.085   106094  1391.86   106329  1391.09  10650  10661  10650  10658  10650  10593  10593  10643  10647  10584  10601  10609  10618  10609  10596  10607  10600  10608  10623  10623
   81.085   112825  1393.27   112917  1392.19  11289  11299  11288  11297  11288  11299  11299  11283  11285  11290  11310  11247  11256  11315  11235  11310  11313  11317  11261  11261
   86.085   119669  1401.34   120032  1400.91  12000  12011  11999  12008  12001  12011  12010  11995  11997  12000  11952  11958  11964  12026  11948  11958  11957  11958  11975  11973
   91.085   126674  1399.21   127111  1399.25  12709  12719  12707  12715  12709  12717  12718  12703  12706  12708  12659  12666  12672  12668  12656  12662  12661  12666  12681  12683
   96.085   133527  1392.38   133982  1393.52  13394  13405  13394  13400  13396  13404  13406  13392  13394  13397  13341  13354  13358  13351  13341  13347  13346  13352  13365  13372
  101.085   140598  1386.58   141044  1386.91  14102  14111  14102  14108  14102  14110  14111  14097  14100  14101  14044  14063  14061  14059  14050  14056  14058  14058  14069  14080
  106.085   147716  1396.71   148170  1404.06  14815  14824  14815  14819  14813  14824  14824  14809  14813  14814  14756  14776  14775  14768  14757  14772  14770  14771  14781  14790
  111.085   154809  1408.86   155263  1421.01  15524  15533  15524  15529  15523  15533  15533  15518  15523  15523  15466  15486  15485  15476  15471  15477  15478  15478  15492  15500
  116.085   161693  1410.20   162148  1413.29  16213  16222  16213  16216  16212  16222  16222  16206  16211  16211  16153  16174  16171  16164  16156  16170  16166  16169  16183  16187
  121.085   168675  1409.38   169118  1400.46  16909  16919  16909  16913  16908  16920  16920  16905  16908  16907  16850  16872  16870  16864  16854  16870  16865  16869  16876  16885
  126.085   175824  1419.36   176270  1396.24  17625  17636  17624  17629  17623  17634  17634  17619  17623  17623  17562  17585  17584  17581  17567  17582  17589  17583  17591  17600
  131.085   182936  1404.56   183384  1397.85  18336  18346  18335  18341  18334  18346  18346  18331  18335  18334  18274  18298  18295  18290  18279  18291  18294  18293  18302  18320
  136.085   190052  1396.72   190482  1393.97  19045  19056  19045  19050  19044  19056  19056  19041  19045  19044  18986  19009  19005  19003  18994  19002  19005  19006  19011  19031
  141.086   196843  1387.48   197282  1386.48  19725  19736  19725  19730  19722  19737  19737  19720  19725  19725  19666  19689  19686  19680  19674  19683  19682  19683  19689  19711
  146.085   203980  1396.07   204395  1394.80  20436  20448  20436  20441  20435  20447  20447  20433  20436  20436  20380  20402  20400  20392  20385  20400  20399  20393  20402  20427
  151.085   211118  1401.44   211536  1400.87  21149  21163  21152  21156  21151  21160  21160  21146  21150  21149  21092  21112  21113  21110  21100  21112  21113  21102  21118  21146
  156.085   218180  1398.91   217994  1397.93  21855  21801  21792  21796  21791  21798  21799  21784  21789  21789  21799  21819  21821  21813  21803  21818  21822  21809  21824  21852
  161.085   224642  1388.05   224716  1386.98  22466  22481  22470  22477  22469  22478  22478  22463  22467  22467  22413  22432  22432  22491  22416  22499  22505  22485  22506  22463
  166.085   231234  1377.35   231517  1377.01  23145  23162  23150  23157  23149  23159  23159  23143  23147  23146  23090  23114  23112  23170  23096  23111  23116  23164  23119  23142
  171.085   237907  1378.03   238317  1377.06  23825  23842  23830  23837  23828  23839  23839  23823  23828  23826  23773  23792  23790  23784  23779  23792  23794  23776  23806  23821
  176.085   244690  1366.11   245106  1366.14  24502  24523  24508  24516  24506  24519  24519  24502  24507  24504  24455  24470  24466  24462  24456  24470  24473  24454  24483  24501
  181.086   251492  1354.88   251899  1354.51  25180  25202  25186  25196  25187  25198  25198  25183  25186  25183  25137  25152  25144  25142  25137  25150  25152  25134  25161  25183
  186.085   258291  1346.05   258706  1366.22  25860  25882  25867  25876  25868  25879  25880  25863  25867  25864  25816  25830  25827  25824  25817  25828  25830  25813  25840  25866
  191.085   265085  1357.19   265500  1368.64  26539  26560  26547  26554  26550  26559  26559  26541  26547  26544  26497  26508  26505  26506  26494  26510  26508  26493  26518  26546
  196.085   271872  1363.74   272289  1361.39  27218  27241  27226  27234  27228  27237  27237  27220  27225  27223  27176  27190  27186  27181  27175  27186  27187  27171  27197  27223
  201.085   278673  1367.99   279096  1352.65  27900  27922  27906  27915  27909  27917  27917  27900  27907  27903  27857  27871  27865  27868  27853  27868  27867  27849  27874  27901
  206.085   285448  1365.44   285879  1347.68  28578  28601  28584  28594  28587  28595  28595  28578  28586  28581  28534  28547  28545  28546  28526  28548  28543  28526  28556  28577
  211.085   292233  1353.50   292662  1345.15  29256  29280  29264  29272  29265  29272  29272  29256  29264  29261  29215  29223  29223  29225  29204  29229  29223  29202  29237  29252
  216.085   299013  1346.32   299425  1343.94  29933  29958  29941  29949  29942  29947  29947  29932  29939  29937  29894  29899  29902  29904  29885  29908  29899  29878  29914  29930
  221.086   305853  1344.30   306189  1343.66  30616  30570  30624  30632  30626  30631  30631  30616  30624  30619  30576  30581  30590  30586  30568  30591  30581  30563  30600  30617
  226.086   313830  1381.91   314153  1381.34  31412  31362  31421  31428  31421  31429  31429  31414  31421  31416  31374  31379  31389  31382  31368  31387  31380  31359  31397  31415
  231.085   321848  1423.14   321843  1421.53  32212  32163  32221  32151  32221  32151  32151  32213  32144  32216  32174  32180  32190  32185  32170  32188  32183  32162  32198  32218
  236.085   329628  1459.34   329391  1457.60  32997  32949  32930  32937  32929  32937  32937  32921  32929  32925  32959  32967  32899  32971  32954  32974  32970  32947  32984  33003
  241.085   336994  1489.13   337061  1487.32  33763  33715  33697  33704  33696  33704  33704  33687  33698  33693  33726  33658  33665  33741  33644  33740  33737  33714  33675  33694
  246.085   344100  1510.70   344388  1508.83  34428  34455  34438  34444  34438  34444  34444  34427  34437  34433  34393  34399  34406  34407  34385  34406  34404  34445  34418  34437
  251.085   351061  1514.72   351347  1515.42  35124  35151  35133  35140  35134  35141  35141  35122  35133  35128  35089  35097  35103  35101  35080  35100  35100  35142  35112  35137
  256.085   358055  1481.83   358342  1482.90  35821  35851  35833  35840  35835  35841  35841  35821  35833  35826  35786  35793  35805  35802  35782  35800  35800  35839  35810  35838
  261.085   364919  1445.34   365270  1457.28  36515  36545  36528  36531  36528  36533  36533  36514  36525  36518  36480  36486  36498  36497  36474  36496  36491  36464  36503  36530
  266.085   372546  1440.20   372891  1459.73  37276  37307  37290  37294  37290  37295  37295  37277  37286  37281  37242  37250  37262  37260  37236  37257  37253  37226  37266  37294
  271.085   380595  1463.07   380927  1471.96  38079  38111  38094  38097  38093  38099  38098  38080  38089  38087  38047  38055  38066  38064  38041  38062  38058  38031  38072  38099
  276.085   388374  1485.70   388697  1484.26  38856  38890  38871  38872  38870  38876  38876  38856  38866  38864  38826  38834  38844  38843  38818  38840  38836  38807  38848  38878
  281.085   396028  1508.96   396343  1504.66  39620  39652  39635  39638  39636  39640  39640  39622  39630  39630  39591  39601  39610  39607  39584  39606  39601  39571  39614  39643
  286.085   403610  1518.34   403920  1511.16  40378  40412  40391  40394  40393  40397  40397  40381  40388  40389  40349  40360  40367  40365  40343  40363  40358  40330  40373  40402
  291.085   411846  1558.89   412159  1545.30  41200  41235  41216  41216  41217  41222  41222  41205  41213  41213  41172  41186  41191  41188  41165  41186  41180  41154  41198  41226
  296.085   419498  1559.83   419799  1550.44  41965  41999  41980  41981  41981  41985  41985  41970  41977  41976  41937  41950  41956  41955  41930  41950  41946  41922  41962  41990
  301.085   427110  1543.09   427405  1534.30  42727  42761  42741  42742  42740  42745  42746  42731  42736  42736  42699  42712  42718  42717  42692  42710  42706  42684  42723  42749
  306.085   434916  1537.89   435123  1534.40  43506  43466  43520  43520  43519  43525  43526  43512  43515  43514  43480  43491  43498  43497  43473  43492  43488  43464  43504  43529
  311.085   442826  1544.66   443014  1543.19  44297  44254  44308  44310  44307  44314  44314  44303  44304  44303  44271  44281  44288  44290  44263  44284  44281  44254  44294  44320
  316.085   450607  1550.87   450808  1549.66  45076  45033  45088  45087  45089  45094  45094  45082  45084  45081  45050  45060  45068  45069  45040  45061  45060  45030  45072  45097
  321.085   458165  1532.23   457998  1530.89  45840  45799  45777  45851  45779  45783  45783  45771  45772  45843  45814  45822  45758  45832  45803  45824  45824  45794  45834  45860
  326.085   465624  1532.94   465518  1531.76  46607  46565  46543  46546  46545  46549  46550  46537  46539  46537  46582  46518  46525  46600  46499  46591  46590  46562  46601  46556
  331.085   473321  1542.95   473368  1542.38  47327  47357  47336  47338  47336  47342  47342  47328  47332  47330  47297  47310  47318  47319  47291  47383  47382  47353  47319  47349
  336.085   481155  1543.86   481179  1545.50  48109  48140  48116  48118  48116  48123  48123  48109  48113  48112  48078  48094  48102  48101  48074  48168  48166  48137  48103  48132
  341.085   488793  1537.25   488889  1539.43  48879  48910  48888  48889  48887  48895  48895  48880  48883  48883  48848  48865  48875  48874  48846  48938  48858  48909  48875  48905
  346.085   496733  1545.29   496893  1546.53  49681  49711  49687  49690  49686  49697  49697  49679  49682  49683  49649  49667  49677  49676  49648  49661  49661  49711  49677  49706
  351.085   504378  1550.82   504606  1564.08  50454  50483  50458  50461  50457  50467  50467  50451  50453  50455  50422  50438  50449  50448  50420  50434  50435  50405  50450  50477
  356.085   511872  1552.00   512094  1560.46  51203  51233  51206  51210  51206  51215  51215  51200  51202  51204  51171  51187  51198  51197  51169  51183  51186  51155  51200  51226
  361.085   519602  1553.11   519838  1556.73  51975  52006  51982  51984  51981  51989  51989  51975  51978  51979  51945  51962  51971  51971  51943  51953  51957  51923  51975  52002
  366.085   527372  1550.91   527607  1555.40  52752  52784  52758  52762  52758  52765  52766  52752  52754  52756  52722  52739  52747  52746  52720  52732  52734  52702  52753  52777
  371.085   535658  1572.65   535910  1566.04  53579  53615  53589  53592  53588  53595  53598  53583  53585  53586  53548  53571  53579  53574  53550  53557  53559  53526  53584  53610
  376.085   543323  1552.42   543561  1541.34  54344  54379  54355  54356  54353  54360  54363  54349  54351  54351  54315  54336  54345  54341  54317  54326  54324  54295  54349  54375
  381.085   551640  1569.26   551845  1560.17  55174  55205  55183  55185  55181  55189  55192  55178  55178  55180  55147  55167  55176  55171  55147  55162  55159  55127  55179  55205
  386.086   559108  1571.38   559300  1561.04  55920  55952  55927  55931  55926  55935  55937  55923  55923  55926  55895  55914  55922  55914  55897  55909  55908  55875  55924  55950
  391.085   567036  1569.43   567240  1558.93  56713  56749  56722  56724  56720  56730  56731  56716  56717  56718  56689  56709  56718  56708  56689  56699  56697  56661  56720  56746
  396.085   574875  1571.61   574961  1566.98  57496  57451  57501  57506  57500  57508  57511  57495  57495  57498  57474  57488  57498  57489  57472  57489  57486  57453  57500  57526
  401.085   583075  1567.42   583161  1561.74  58317  58266  58322  58327  58321  58328  58331  58314  58316  58319  58295  58308  58319  58309  58292  58307  58303  58272  58322  58348
  406.085   591387  1589.50   591376  1583.86  59146  59096  59151  59158  59150  59157  59084  59141  59145  59148  59126  59138  59151  59140  59122  59139  59136  59105  59153  59177
  411.085   599139  1574.30   598952  1572.32  59948  59889  59868  59875  59867  59875  59879  59941  59945  59865  59928  59939  59868  59940  59923  59937  59935  59904  59871  59894
  416.085   606558  1579.19   606304  1577.32  60624  60650  60629  60635  60629  60635  60640  60617  60620  60625  60684  60617  60630  60695  60601  60692  60690  60663  60631  60655
  421.085   614845  1591.40   614569  1588.27  61452  61475  61456  61460  61455  61462  61466  61444  61447  61452  61511  61446  61458  61523  61429  61521  61518  61493  61461  61485
  426.085   623002  1607.38   622877  1607.92  62283  62305  62286  62291  62285  62294  62296  62275  62278  62284  62267  62276  62289  62277  62262  62350  62348  62324  62292  62317
  431.085   630930  1600.27   630868  1600.91  63082  63106  63085  63092  63081  63095  63095  63073  63075  63084  63067  63074  63088  63076  63061  63154  63071  63130  63092  63117
  436.085   638392  1577.35   638472  1580.40  63843  63865  63846  63851  63843  63856  63856  63834  63835  63843  63830  63836  63849  63840  63823  63835  63833  63813  63854  63879
  441.085   646757  1597.92   646825  1606.48  64678  64700  64682  64685  64678  64692  64693  64669  64669  64679  64667  64671  64685  64676  64661  64672  64669  64649  64692  64715
  446.085   654524  1609.60   654580  1620.00  65454  65475  65457  65461  65454  65468  65468  65445  65445  65453  65443  65448  65461  65452  65438  65449  65447  65426  65469  65491
  451.085   662896  1612.45   662942  1623.26  66290  66310  66293  66298  66291  66304  66304  66281  66281  66290  66281  66285  66300  66290  66275  66285  66283  66261  66305  66331
  456.085   670579  1596.54   670608  1599.16  67056  67077  67060  67064  67059  67072  67072  67046  67048  67054  67052  67054  67067  67059  67043  67054  67051  67031  67071  67097
  461.085   678326  1590.47   678345  1584.73  67828  67851  67834  67837  67833  67845  67845  67821  67823  67828  67828  67828  67842  67835  67818  67829  67824  67805  67845  67872
  466.085   686438  1607.10   686443  1599.45  68638  68661  68642  68647  68643  68654  68654  68632  68634  68638  68640  68641  68653  68646  68630  68639  68634  68615  68657  68683
  471.085   693956  1568.96   693953  1561.61  69389  69411  69394  69397  69393  69407  69407  69382  69385  69388  69391  69392  69405  69398  69381  69392  69386  69367  69409  69435
  476.085   701814  1569.03   701799  1558.76  70174  70197  70178  70182  70178  70190  70190  70167  70169  70174  70178  70179  70190  70183  70167  70178  70172  70151  70194  70222
  481.085   709857  1557.89   709826  1547.75  70976  71000  70980  70986  70980  70993  70993  70970  70972  70976  70982  70983  70995  70987  70973  70981  70976  70955  71000  71025
  486.085   717596  1559.41   717557  1549.38  71749  71772  71754  71759  71753  71765  71765  71743  71747  71750  71756  71757  71768  71762  71749  71755  71750  71727  71773  71799
  491.085   725674  1562.99   725633  1558.36  72556  72579  72563  72567  72562  72573  72573  72549  72554  72557  72565  72566  72576  72570  72559  72560  72555  72531  72583  72609
  496.085   733353  1551.29   733076  1546.96  73323  73269  73332  73334  73331  73264  73264  73315  73321  73323  73333  73332  73342  73337  73325  73331  73323  73302  73350  73378
  501.085   740858  1555.40   740719  1553.59  74109  74040  74026  74123  74026  74036  74036  74101  74110  74112  74029  74122  74134  74127  74021  74115  74108  74082  74046  74074
  506.085   748633  1558.42   748339  1556.64  74887  74832  74819  74822  74820  74829  74829  74879  74810  74812  74822  74898  74835  74903  74815  74898  74889  74865  74842  74866
  511.085   756075  1543.31   755770  1541.80  75568  75590  75579  75580  75578  75587  75587  75563  75568  75570  75583  75581  75594  75586  75576  75656  75648  75625  75600  75626
  516.085   764078  1552.05   763760  1550.44  76366  76388  76379  76378  76377  76388  76388  76362  76366  76368  76381  76380  76394  76384  76375  76458  76452  76428  76399  76427
  521.085   771937  1547.36   771693  1545.59  77159  77181  77172  77170  77171  77181  77181  77156  77160  77162  77174  77175  77187  77180  77168  77249  77170  77220  77193  77221
  526.085   779555  1545.20   779297  1551.04  77920  77941  77932  77930  77932  77941  77942  77916  77921  77922  77934  77936  77949  77941  77930  78012  77930  77983  77956  77984
  531.085   787738  1570.03   787524  1570.64  78741  78765  78756  78751  78755  78766  78766  78737  78744  78743  78761  78763  78774  78770  78757  78755  78753  78815  78780  78810
  536.085   795466  1569.15   795245  1574.08  79514  79537  79527  79525  79526  79536  79535  79511  79517  79517  79535  79536  79549  79544  79529  79533  79529  79577  79554  79580
  541.085   803267  1583.68   803116  1588.85  80300  80323  80314  80312  80313  80324  80324  80298  80304  80304  80322  80323  80334  80331  80317  80322  80316  80292  80342  80368
  546.085   810946  1572.75   810794  1573.29  81067  81091  81081  81080  81080  81092  81092  81066  81072  81073  81090  81093  81102  81099  81083  81090  81083  81061  81108  81137
  551.085   818853  1571.78   818694  1564.30  81856  81881  81872  81870  81871  81882  81882  81857  81860  81863  81880  81884  81892  81890  81873  81882  81873  81851  81900  81928
  556.086   826493  1564.90   826329  1565.50  82619  82644  82636  82634  82635  82647  82646  82620  82622  82626  82644  82648  82656  82654  82637  82645  82636  82616  82663  82694
  561.085   834734  1561.90   834550  1557.94  83441  83465  83459  83455  83458  83469  83467  83443  83444  83449  83468  83471  83478  83478  83461  83471  83460  83441  83488  83518
  566.085   842483  1555.52   842310  1550.92  84214  84242  84237  84230  84236  84246  84244  84216  84220  84225  84246  84249  84255  84255  84236  84242  84230  84211  84264  84295
  571.085   850630  1571.54   850433  1562.32  85030  85053  85049  85043  85047  85056  85054  85028  85034  85039  85058  85062  85067  85069  85050  85063  85048  85031  85078  85104
  576.085   858824  1588.50   858609  1578.74  85849  85871  85867  85859  85865  85872  85872  85845  85852  85857  85876  85881  85885  85888  85870  85883  85867  85851  85897  85926
  581.085   866778  1585.97   866472  1578.26  86641  86666  86581  86653  86661  86667  86667  86639  86646  86651  86672  86676  86680  86682  86664  86680  86660  86646  86695  86723
  586.085   874492  1585.15   873994  1580.29  87420  87450  87352  87435  87350  87353  87353  87422  87426  87433  87454  87457  87463  87464  87447  87459  87437  87422  87478  87411
  591.085   882423  1579.43   881955  1577.68  88221  88168  88166  88234  88162  88166  88166  88220  88224  88228  88250  88255  88261  88264  88244  88261  88240  88225  88198  88225
  596.085   890412  1595.94   890013  1593.29  89041  88990  88987  89052  88984  88989  88989  89038  88970  88973  88996  89001  89081  89012  89064  89081  89061  89047  89021  89048
  601.085   898596  1601.88   898176  1599.53  89873  89822  89819  89808  89816  89821  89821  89794  89800  89802  89827  89833  89839  89844  89822  89917  89895  89884  89854  89881
  606.085   906415  1589.13   905987  1587.28  90652  90605  90600  90589  90598  90603  90604  90575  90580  90581  90608  90614  90621  90628  90603  90698  90675  90667  90637  90664
  611.086   913947  1577.62   913512  1578.52  91337  91365  91358  91349  91360  91362  91363  91335  91341  91342  91369  91374  91382  91388  91362  91384  91437  91428  91398  91425
  616.085   922208  1596.01   921768  1603.15  92162  92190  92184  92175  92186  92187  92188  92161  92168  92167  92195  92202  92207  92213  92187  92209  92263  92255  92224  92253
  621.085   929820  1587.89   929458  1594.06  92932  92958  92952  92944  92955  92956  92956  92931  92938  92936  92964  92970  92976  92982  92955  92977  93033  92946  92994  93023
  626.085   937544  1581.56   937256  1585.28  93712  93738  93731  93724  93735  93736  93736  93711  93718  93715  93744  93750  93758  93762  93736  93756  93734  93725  93774  93805
  631.085   945107  1560.82   944812  1562.43  94467  94492  94487  94480  94491  94493  94492  94466  94473  94471  94500  94505  94514  94520  94493  94512  94491  94480  94531  94561
  636.085   952829  1555.02   952519  1558.98  95240  95263  95256  95251  95262  95261  95262  95237  95245  95242  95272  95278  95286  95290  95267  95284  95265  95252  95303  95332
  641.085   960596  1560.10   960290  1559.13  96017  96039  96033  96028  96040  96039  96041  96013  96021  96019  96048  96054  96063  96067  96044  96061  96041  96028  96081  96109
  646.085   968845  1558.59   968550  1553.72  96842  96867  96859  96852  96871  96865  96868  96836  96847  96843  96873  96879  96886  96893  96869  96884  96862  96851  96908  96940
  651.085   976565  1560.91   976231  1551.61  97611  97634  97626  97624  97635  97632  97635  97605  97615  97614  97643  97650  97657  97664  97641  97661  97638  97627  97677  97707
  656.085   984314  1551.48   983977  1547.15  98385  98409  98401  98398  98410  98406  98410  98379  98390  98389  98418  98424  98433  98439  98417  98437  98414  98400  98451  98481
  661.085   992515  1573.31   992152  1563.44  99202  99226  99218  99216  99227  99224  99227  99197  99208  99207  99237  99243  99252  99259  99236  99258  99235  99220  99270  99305
  666.085  1000238  1571.49   999858  1563.94  99981 100005  99998  99992  99927 100002 100006  99975  99987  99985 100018 100024 100032 100041 100016 100036 100014  99998 100050 100009
  671.085  1007775  1565.40  1007389  1557.58 100733 100758 100750 100745 100682 100755 100758 100727 100741 100740 100771 100779 100785 100793 100770 100791 100768 100753 100803 100762
  676.085  1015843  1553.94  1015362  1550.25 101539 101564 101554 101549 101485 101561 101486 101532 101546 101546 101577 101586 101593 101601 101578 101598 101573 101560 101610 101567
  681.085  1023926  1568.83  1023284  1566.21 102354 102301 102293 102363 102300 102302 102302 102347 102362 102360 102391 102404 102410 102414 102394 102414 102389 102376 102351 102383
  686.085  1031360  1565.97  1030790  1563.22 103120 103066 103057 103128 103065 103069 103069 103114 103053 103049 103156 103094 103176 103105 103085 103181 103156 103142 103117 103148
  691.086  1038975  1548.66  1038476  1546.64 103888 103835 103826 103896 103834 103838 103838 103882 103821 103818 103927 103865 103868 103873 103854 103950 103923 103912 103886 103917
  696.085  1046551  1546.24  1045975  1544.93 104653 104602 104593 104583 104598 104603 104603 104570 104585 104585 104615 104630 104634 104638 104620 104715 104689 104677 104652 104681
  701.085  1054731  1570.64  1054222  1569.03 105474 105427 105417 105409 105425 105428 105428 105395 105410 105409 105440 105454 105463 105463 105447 105465 105512 105502 105479 105506
  706.085  1062364  1556.13  1061780  1557.70 106163 106192 106180 106171 106188 106192 106192 106158 106173 106171 106203 106218 106225 106225 106211 106231 106274 106265 106242 106270
  711.085  1070103  1546.43  1069592  1554.01 106941 106975 106961 106951 106972 106976 106976 106935 106956 106949 106980 106996 107004 107005 106992 107011 107068 106965 107026 107056
  716.085  1078077  1567.68  1077627  1571.71 107747 107779 107763 107758 107772 107777 107777 107742 107759 107753 107788 107801 107809 107811 107798 107820 107786 107778 107829 107857
  721.085  1086130  1582.44  1085664  1583.54 108551 108582 108566 108561 108578 108580 108580 108546 108563 108557 108592 108606 108614 108618 108604 108625 108591 108583 108633 108664
  726.085  1094342  1601.19  1093876  1604.92 109372 109404 109388 109382 109397 109401 109401 109368 109385 109378 109413 109428 109438 109438 109425 109446 109411 109404 109455 109484
  731.086  1101916  1578.19  1101443  1574.19 110129 110161 110145 110139 110152 110157 110157 110126 110142 110135 110171 110185 110195 110196 110182 110204 110168 110163 110212 110240
  736.085  1109553  1578.42  1109048  1570.97 110891 110921 110906 110899 110912 110916 110916 110889 110901 110897 110935 110946 110958 110961 110947 110967 110933 110927 110975 111004
  741.085  1117765  1591.71  1117267  1581.98 111713 111743 111730 111720 111733 111738 111738 111710 111723 111719 111753 111768 111781 111783 111768 111790 111753 111748 111796 111825
  746.085  1126161  1600.62  1125647  1593.27 112551 112581 112569 112557 112572 112576 112576 112547 112561 112557 112595 112605 112621 112622 112608 112629 112596 112587 112634 112664
  751.088  1134248  1591.68  1133734  1587.05 113355 113392 113379 113361 113384 113386 113388 113354 113369 113366 113403 113413 113430 113432 113416 113438 113399 113394 113446 113477
  756.085  1142013  1579.60  1141465  1571.88 114132 114162 114151 114140 114154 114158 114159 114129 114141 114139 114183 114190 114207 114207 114193 114216 114180 114172 114219 114246
  761.085  1149602  1579.92  1149039  1574.62 114896 114927 114916 114905 114846 114924 114924 114894 114905 114902 114950 114956 114972 114972 114958 114983 114948 114939 114986 114938
  766.086  1157163  1579.26  1156362  1574.63 115660 115612 115602 115668 115608 115609 115610 115656 115669 115668 115715 115719 115737 115737 115724 115745 115710 115703 115673 115700
  771.085  1164694  1557.32  1163912  1552.79 116414 116369 116360 116422 116363 116365 116366 116410 116422 116421 116468 116473 116488 116489 116475 116499 116462 116455 116428 116457
  776.085  1172458  1532.62  1171503  1530.94 117190 117142 117134 117198 117136 117137 117140 117187 117120 117119 117244 117251 117267 117266 117251 117276 117237 117232 117202 117232
  781.085  1180323  1529.05  1179452  1526.93 117980 117938 117930 117990 117931 117934 117936 117979 117917 117917 118036 118042 118060 117985 118043 118069 118031 118026 118001 118030
  786.085  1187707  1520.94  1186899  1519.66 118733 118690 118681 118743 118682 118686 118688 118657 118669 118670 118790 118794 118738 118737 118723 118821 118786 118781 118754 118783
  791.085  1195071  1520.67  1194419  1520.23 119494 119451 119440 119427 119442 119446 119448 119414 119429 119428 119472 119478 119496 119497 119480 119505 119546 119541 119515 119541
  796.085  1203051  1534.75  1202311  1541.96 120214 120248 120237 120223 120238 120243 120246 120212 120224 120226 120272 120276 120293 120295 120278 120301 120346 120337 120313 120340
  801.085  1210859  1546.66  1210186  1552.87 121002 121034 121024 121008 121024 121031 121034 121000 121014 121015 121060 121064 121083 121083 121066 121090 121135 121048 121102 121128
  806.085  1218433  1542.84  1217825  1554.48 121765 121798 121788 121772 121788 121795 121797 121765 121778 121779 121827 121828 121848 121848 121831 121854 121823 121814 121866 121894
  811.085  1226150  1535.27  1225542  1546.64 122538 122571 122559 122544 122558 122566 122572 122536 122548 122550 122598 122601 122619 122621 122601 122625 122593 122588 122638 122666
  816.085  1234137  1552.48  1233527  1559.16 123337 123369 123358 123345 123356 123365 123368 123334 123346 123349 123396 123401 123417 123418 123400 123424 123394 123387 123437 123463
  821.085  1242121  1573.79  1241493  1566.91 124133 124166 124154 124141 124153 124162 124165 124131 124142 124146 124197 124200 124216 124217 124198 124223 124191 124184 124235 124260
  826.085  1249831  1564.63  1249183  1559.97 124903 124936 124923 124910 124922 124931 124934 124898 124912 124914 124965 124971 124986 124987 124967 124994 124963 124958 125007 125033
  831.085  1257376  1555.81  1256725  1543.86 125658 125690 125678 125664 125677 125685 125687 125651 125666 125669 125719 125723 125740 125742 125720 125749 125718 125713 125764 125788
  836.085  1264976  1554.03  1264326  1542.25 126419 126451 126439 126423 126437 126444 126447 126409 126427 126430 126480 126481 126501 126502 126479 126509 126477 126472 126524 126551
  841.085  1272924  1554.97  1272273  1544.63 127212 127249 127233 127215 127232 127241 127242 127201 127222 127226 127274 127273 127300 127299 127271 127302 127265 127265 127324 127351
  846.085  1280557  1542.13  1279977  1532.53 127983 128017 128004 127987 128003 128011 128011 127973 127991 127997 128047 128046 128069 128068 128045 128075 128040 128038 128091 128038
  851.085  1288152  1529.16  1287567  1522.89 128750 128705 128769 128755 128770 128777 128777 128741 128758 128765 128811 128813 128836 128836 128813 128844 128808 128806 128779 128806
  856.085  1295892  1527.65  1295073  1524.43 129525 129478 129541 129530 129466 129474 129474 129516 129532 129537 129587 129585 129611 129611 129588 129618 129582 129578 129551 129581
  861.085  1303085  1515.44  1302136  1514.70 130242 130204 130189 130248 130191 130197 130199 130232 130248 130186 130303 130306 130332 130322 130305 130334 130302 130298 130277 130306
  866.085  1309939  1490.67  1308926  1489.80 130927 130889 130876 130934 130876 130882 130885 130918 130866 130873 130988 130989 131020 131008 130991 131020 130987 130986 130960 130990
  871.085  1316572  1451.38  1315680  1449.97 131601 131566 131551 131609 131551 131557 131561 131593 131542 131549 131669 131665 131632 131615 131669 131694 131662 131663 131637 131666
  876.085  1323111  1421.21  1322282  1417.38 132274 132239 132225 132216 132225 132230 132235 132200 132215 132223 132277 132340 132303 132289 132275 132300 132338 132336 132312 132341
  881.085  1329971  1396.58  1329064  1392.52 132891 132923 132911 132900 132911 132913 132923 132885 132899 132908 132965 133028 132984 132974 132962 132986 133025 133023 133001 133023
  886.085  1336676  1368.64  1335969  1372.40 133581 133614 133601 133590 133603 133604 133612 133574 133591 133599 133660 133652 133674 133660 133656 133677 133645 133644 133692 133716
  891.085  1343436  1351.70  1342739  1362.47 134258 134292 134280 134266 134280 134282 134287 134251 134267 134276 134336 134331 134347 134334 134331 134350 134324 134322 134368 134393
  896.085  1350190  1348.44  1349488  1356.60 134933 134967 134954 134942 134956 134956 134961 134927 134942 134950 135011 135008 135021 135007 135008 135030 134997 134998 135044 135066
  901.086  1356954  1350.34  1356264  1349.93 135608 135648 135634 135616 135633 135632 135640 135603 135621 135629 135687 135683 135696 135684 135682 135704 135671 135679 135723 135745
  906.085  1363852  1362.11  1363158  1356.61 136297 136337 136323 136308 136322 136320 136329 136293 136311 136318 136375 136374 136385 136374 136376 136397 136359 136366 136411 136435
  911.085  1370658  1360.81  1369957  1356.41 136980 137014 137001 136989 137001 137000 137008 136975 136992 136997 137058 137057 137065 137052 137057 137079 137041 137049 137089 137111
  916.085  1377370  1356.48  1376688  1350.50 137652 137690 137674 137659 137676 137673 137683 137646 137663 137672 137732 137727 137738 137722 137729 137747 137711 137721 137758 137785
  921.085  1384041  1353.52  1383425  1344.83 138325 138363 138347 138335 138350 138346 138357 138320 138336 138346 138408 138401 138411 138396 138402 138418 138385 138397 138431 138392
  926.085  1391533  1374.80  1390632  1365.47 139073 139038 139101 139084 139028 139096 139033 139068 139087 139024 139160 139150 139159 139146 139151 139168 139133 139146 139184 139136
  931.085  1399307  1403.34  1398305  1397.97 139849 139813 139798 139860 139801 139873 139807 139844 139862 139798 139937 139927 139938 139926 139929 139944 139911 139924 139960 139911
  936.085  1406851  1424.75  1405927  1422.23 140610 140575 140560 140623 140564 140635 140569 140607 140623 140561 140700 140687 140701 140687 140692 140706 140673 140686 140646 140673
  941.085  1415000  1467.36  1413990  1467.33 141422 141390 141374 141436 141380 141373 141382 141420 141436 141377 141514 141502 141516 141502 141507 141521 141489 141500 141463 141486
  946.085  1422966  1509.53  1421869  1508.49 142218 142185 142171 142232 142175 142170 142178 142215 142153 142172 142311 142297 142314 142300 142306 142315 142287 142296 142259 142281
  951.085  1430760  1552.05  1429801  1548.39 143013 142983 142962 143025 142967 142962 142969 143010 142947 142963 143107 143093 143109 143015 143022 143111 143084 143090 143051 143078
  956.085  1438258  1557.79  1437296  1563.36 143777 143749 143728 143712 143731 143727 143735 143698 143710 143729 143795 143857 143797 143781 143790 143874 143848 143854 143818 143844
  961.085  1446073  1559.30  1445026  1567.82 144483 144531 144508 144494 144511 144507 144514 144480 144491 144507 144577 144639 144581 144563 144570 144654 144630 144636 144599 144624
  966.086  1453853  1572.08  1452943  1577.72 145273 145322 145301 145284 145304 145301 145305 145270 145283 145300 145370 145434 145375 145355 145364 145371 145424 145352 145391 145417
  971.085  1461507  1560.69  1460735  1566.06 146051 146104 146079 146063 146085 146079 146085 146049 146061 146079 146151 146138 146156 146134 146145 146149 146131 146133 146172 146198
  976.085  1469101  1545.62  1468320  1556.23 146810 146865 146839 146820 146844 146837 146844 146805 146818 146838 146911 146900 146915 146893 146904 146909 146890 146892 146932 146955
  981.085  1477039  1550.44  1476255  1551.24 147604 147659 147633 147613 147637 147630 147636 147600 147612 147631 147703 147695 147709 147686 147698 147703 147686 147687 147725 147747
  986.085  1484696  1555.77  1483909  1551.48 148370 148425 148397 148377 148402 148397 148401 148366 148378 148396 148470 148459 148476 148453 148463 148468 148452 148452 148492 148511
  991.086  1492965  1568.19  1492157  1565.67 149196 149250 149222 149204 149226 149222 149226 149190 149202 149219 149298 149286 149300 149280 149290 149297 149278 149280 149318 149338
  996.086  1500577  1562.00  1499712  1554.52 149954 149929 149988 149963 149997 149988 149993 149949 149966 149985 150055 150042 150063 150042 150051 150058 150037 150039 150084 150106
 1001.086  1508632  1576.33  1507724  1561.50 150760 150739 150783 150768 150793 150786 150790 150754 150768 150783 150861 150852 150869 150847 150855 150867 150845 150847 150885 150904
 1006.085  1516882  1590.50  1515954  1583.12 151583 151561 151607 151592 151617 151609 151611 151577 151592 151605 151688 151676 151693 151673 151680 151691 151670 151672 151710 151729
 1011.085  1525116  1597.95  1524095  1590.13 152404 152384 152428 152414 152363 152431 152433 152398 152414 152426 152512 152500 152517 152497 152502 152512 152493 152497 152533 152553
 1016.085  1532748  1597.08  1531785  1585.23 153174 153149 153197 153185 153123 153202 153203 153169 153186 153197 153283 153271 153289 153270 153275 153281 153265 153269 153306 153239
 1021.085  1540737  1580.52  1539768  1577.57 153971 153952 153992 153982 153930 153999 154001 153964 153983 153994 154080 154071 154086 154066 154072 154079 154064 154067 154104 154048
 1026.086  1549009  1602.30  1547796  1600.76 154796 154778 154817 154808 154755 154749 154751 154791 154808 154743 154908 154900 154912 154894 154899 154905 154892 154894 154931 154874
 1031.085  1557084  1606.13  1555861  1605.49 155610 155593 155556 155621 155570 155564 155566 155603 155620 155558 155725 155713 155727 155708 155714 155720 155706 155709 155673 155689
 1036.085  1564966  1587.65  1563592  1588.86 156402 156375 156333 156412 156349 156339 156339 156393 156317 156333 156517 156502 156520 156499 156507 156512 156497 156498 156448 156466
 1041.085  1572937  1586.71  1571680  1589.06 157202 157181 157148 157212 157159 157153 157153 157194 157133 157145 157319 157305 157321 157224 157308 157316 157299 157302 157264 157279
 1046.085  1580673  1598.02  1579553  1597.95 157995 157975 157943 157931 157955 157949 157949 157987 157929 157940 158041 158102 158040 158020 158029 158110 158093 158097 158064 158077
 1051.086  1588880  1605.64  1587746  1602.52 158813 158795 158762 158751 158776 158768 158768 158806 158748 158759 158864 158922 158860 158842 158849 158930 158915 158916 158885 158897
 1056.085  1596338  1580.62  1595125  1585.69 159491 159547 159514 159503 159530 159521 159521 159485 159501 159512 159618 159677 159612 159593 159602 159684 159669 159595 159637 159651
 1061.085  1603615  1561.39  1602622  1564.08 160241 160295 160262 160252 160281 160271 160271 160236 160251 160262 160369 160351 160363 160346 160352 160360 160344 160346 160384 160400
 1066.085  1611434  1559.28  1610441  1566.99 161022 161075 161043 161036 161063 161053 161053 161017 161034 161045 161151 161132 161147 161127 161135 161141 161125 161125 161169 161182
 1071.085  1619159  1548.58  1618154  1554.41 161794 161848 161813 161807 161835 161823 161823 161788 161806 161817 161921 161905 161921 161898 161906 161916 161897 161899 161942 161954
 1076.085  1626728  1543.07  1625720  1541.80 162551 162604 162571 162565 162591 162580 162580 162543 162562 162573 162678 162663 162678 162655 162663 162674 162652 162656 162698 162711
 1081.085  1634361  1520.62  1633354  1513.74 163314 163367 163336 163328 163354 163344 163344 163305 163325 163337 163443 163424 163442 163419 163427 163437 163413 163418 163464 163474
 1086.085  1641858  1522.95  1640824  1519.90 164064 164113 164081 164077 164100 164090 164090 164055 164071 164083 164191 164177 164193 164169 164176 164186 164166 164168 164211 164221
 1091.085  1648904  1514.60  1647812  1500.94 164770 164743 164786 164781 164807 164799 164798 164761 164775 164792 164895 164881 164897 164876 164884 164887 164868 164873 164916 164927
 1096.085  1656628  1502.92  1655456  1493.96 165540 165512 165559 165554 165499 165573 165573 165530 165548 165568 165668 165653 165670 165649 165656 165656 165635 165644 165692 165705
 1101.085  1664283  1498.59  1663083  1486.88 166305 166279 166321 166316 166266 166331 166332 166296 166309 166328 166433 166420 166435 166414 166420 166426 166405 166411 166454 166465
 1106.085  1671805  1495.20  1670600  1488.59 167064 167039 167079 167076 167025 167090 167091 167054 167069 167013 167194 167179 167194 167176 167180 167185 167165 167169 167213 167150
 1111.085  1679360  1489.50  1678003  1485.44 167821 167793 167835 167831 167779 167770 167770 167812 167824 167768 167949 167933 167951 167933 167935 167940 167920 167924 167970 167905
 1116.085  1687021  1494.93  1685724  1493.86 168593 168566 168607 168603 168549 168542 168542 168586 168597 168539 168723 168707 168726 168706 168710 168714 168691 168699 168668 168677
 1121.085  1694443  1510.40  1693140  1510.91 169343 169317 169280 169351 169299 169291 169291 169335 169345 169288 169473 169459 169476 169381 169457 169462 169442 169447 169418 169428
 1126.085  1702269  1512.85  1700944  1517.32 170137 170108 170061 170145 170088 170075 170077 170129 170051 170073 170179 170253 170273 170164 170251 170255 170235 170242 170202 170215
 1131.085  1709278  1500.77  1707897  1503.83 170777 170820 170786 170783 170803 170796 170796 170768 170776 170792 170908 170961 170913 170891 170888 170963 170944 170951 170925 170934
 1136.085  1716010  1474.40  1714633  1477.62 171451 171493 171462 171458 171476 171469 171469 171442 171448 171465 171582 171637 171582 171563 171562 171638 171615 171622 171599 171610
 1141.085  1722627  1446.68  1721382  1453.26 172126 172172 172138 172130 172153 172143 172143 172115 172122 172140 172254 172242 172252 172234 172235 172320 172301 172228 172272 172289
 1146.085  1729702  1427.28  1728459  1429.06 172835 172879 172845 172838 172858 172850 172850 172822 172833 172849 172964 172949 172960 172942 172944 173025 173006 172938 172979 172995
 1151.085  1737106  1429.09  1735931  1430.84 173582 173628 173592 173585 173606 173597 173597 173569 173579 173596 173713 173697 173707 173689 173691 173699 173755 173684 173726 173745
 1156.085  1744574  1417.30  1743460  1421.96 174335 174380 174345 174340 174357 174350 174350 174324 174331 174348 174466 174453 174461 174444 174446 174454 174432 174439 174480 174499
 1161.085  1752638  1452.52  1751519  1456.24 175141 175187 175151 175146 175162 175155 175155 175132 175137 175153 175272 175260 175267 175250 175250 175262 175239 175246 175287 175305
 1166.085  1760214  1478.24  1759094  1476.46 175897 175947 175907 175901 175921 175912 175913 175888 175895 175913 176030 176018 176025 176008 176006 176018 175996 176004 176046 176063
 1171.085  1768497  1534.25  1767279  1527.57 176723 176695 176734 176728 176748 176738 176739 176714 176721 176739 176859 176845 176854 176837 176834 176848 176824 176832 176873 176891
 1176.085  1776349  1552.18  1775128  1546.68 177508 177469 177520 177511 177537 177526 177526 177499 177507 177525 177647 177632 177639 177623 177619 177629 177602 177617 177662 177679
 1181.086  1784313  1570.97  1783079  1561.17 178302 178271 178314 178306 178328 178320 178320 178294 178303 178321 178441 178429 178436 178419 178416 178427 178403 178414 178455 178473
 1186.085  1792277  1585.52  1790948  1573.21 179096 179065 179109 179101 179045 179115 179114 179089 179099 179115 179238 179224 179232 179216 179211 179224 179201 179210 179251 179270
 1191.085  1800269  1579.46  1798917  1572.05 179902 179869 179913 179905 179848 179920 179919 179894 179903 179844 180045 180033 180038 180021 180017 180032 180008 180018 180057 180000
 1196.085  1807983  1582.42  1806633  1574.36 180676 180634 180689 180680 180610 180696 180696 180667 180679 180606 180821 180805 180812 180798 180790 180800 180774 180788 180832 180763
