Test case: 
Description: 
	10 senders: persistent queues
	10 receivers: client acknowledge every 50 messages
Timestamp: 2011.11.1 19:57:26
Version: 
Setting up JMS benchmark connections... 

Start processing messages.
Thu Dec 01 19:57:26 EST 2011

  Seconds   Send   Send/Sec   Recv   Recv/Sec   RCV0   RCV1   RCV2   RCV3   RCV4   RCV5   RCV6   RCV7   RCV8   RCV9  SND10  SND11  SND12  SND13  SND14  SND15  SND16  SND17  SND18  SND19
  ------- -------- -------- -------- -------- ------ ------ ------ ------ ------ ------ ------ ------ ------ ------ ------ ------ ------ ------ ------ ------ ------ ------ ------ ------
    1.086        0     0.00        0     0.00      0      0      0      0      0      0      0      0      0      0      0      0      0      0      0      0      0      0      0      0
    6.086     5191  1128.48     5615  1220.65    558    559    566    558    566    565    558    567    560    558    525    525    511    517    517    525    514    516    517    524
   11.086    11429  1190.27    11855  1234.64   1182   1184   1190   1181   1189   1189   1182   1191   1184   1183   1149   1149   1138   1139   1137   1147   1136   1142   1137   1155
   16.086    18543  1270.07    18975  1299.66   1893   1897   1901   1893   1901   1901   1893   1904   1897   1895   1863   1859   1849   1852   1851   1859   1847   1855   1843   1865
   21.086    26733  1363.93    27183  1386.89   2713   2718   2721   2713   2722   2723   2713   2725   2718   2717   2680   2680   2666   2670   2671   2677   2671   2673   2660   2685
   26.086    34937  1420.15    35410  1439.37   3536   3541   3544   3536   3544   3547   3536   3546   3541   3539   3496   3501   3488   3492   3492   3497   3491   3493   3481   3506
   31.086    42560  1437.84    43033  1453.82   4298   4304   4306   4296   4306   4309   4298   4310   4303   4303   4256   4263   4252   4253   4255   4259   4256   4257   4241   4268
   36.086    49572  1487.10    50037  1490.72   4999   5003   5007   4998   5006   5009   4998   5009   5003   5005   4955   4964   4957   4953   4957   4959   4954   4960   4943   4970
   41.086    56748  1516.21    57215  1519.87   5718   5721   5724   5716   5722   5728   5716   5727   5720   5723   5670   5681   5678   5671   5677   5677   5667   5680   5659   5688
   46.086    63843  1501.96    64303  1512.00   6427   6431   6433   6424   6430   6437   6425   6435   6429   6432   6378   6388   6389   6385   6383   6388   6375   6390   6369   6398
   51.086    70856  1453.59    71315  1456.48   7128   7132   7134   7125   7130   7139   7127   7136   7130   7134   7079   7088   7090   7086   7082   7092   7078   7094   7070   7097
   56.086    77713  1413.22    78179  1412.95   7814   7818   7821   7811   7817   7824   7813   7823   7818   7820   7765   7771   7777   7774   7767   7776   7762   7779   7757   7785
   61.086    84835  1394.87    85307  1394.80   8527   8530   8534   8522   8529   8537   8526   8537   8533   8532   8479   8488   8489   8485   8479   8488   8471   8490   8471   8495
   66.086    91886  1397.01    92360  1397.35   9233   9234   9239   9227   9235   9243   9232   9242   9237   9238   9183   9193   9194   9191   9182   9198   9173   9194   9176   9202
   71.086    98972  1395.76    99535  1396.16   9959   9959   9963   9951   9959   9968   9956   9969   9963   9888   9906   9842   9915   9915   9906   9924   9821   9918   9897   9928
   76.086   105551  1390.57   106102  1391.34  10640  10575  10645  10635  10643  10582  10638  10584  10579  10581  10588  10538  10595  10596  10522  10540  10514  10533  10581  10544
   81.086   112341  1392.16   112958  1392.87  11278  11280  11284  11341  11350  11288  11277  11290  11284  11286  11230  11243  11234  11234  11229  11247  11222  11234  11219  11249
   86.086   119440  1400.28   119930  1401.09  11989  11991  11995  11984  11993  11998  11987  12002  11995  11996  11940  11952  11944  11946  11938  11958  11931  11945  11929  11957
   91.086   126515  1398.66   127017  1399.66  12698  12701  12703  12693  12701  12707  12695  12710  12705  12704  12649  12660  12653  12657  12644  12663  12638  12649  12637  12665
   96.086   133374  1392.21   133876  1393.15  13384  13387  13388  13376  13385  13394  13379  13396  13395  13392  13333  13350  13338  13341  13335  13349  13324  13338  13318  13348
  101.086   140448  1391.77   140951  1389.75  14091  14094  14095  14086  14094  14100  14087  14103  14101  14100  14042  14054  14048  14051  14048  14053  14028  14044  14028  14052
  106.086   147563  1409.80   148064  1408.12  14803  14806  14806  14796  14804  14811  14797  14816  14813  14812  14756  14769  14755  14763  14760  14762  14742  14759  14734  14763
  111.086   154655  1417.67   155162  1416.29  15512  15516  15517  15506  15513  15522  15507  15526  15522  15521  15463  15479  15463  15473  15467  15470  15451  15467  15446  15476
  116.086   161543  1405.17   162049  1408.29  16201  16206  16205  16194  16202  16211  16196  16215  16210  16209  16148  16169  16153  16162  16156  16161  16140  16159  16133  16162
  121.086   168516  1398.12   169027  1396.14  16899  16906  16902  16893  16901  16907  16894  16913  16906  16906  16845  16864  16854  16859  16854  16858  16839  16853  16832  16858
  126.086   175664  1405.40   176190  1401.68  17615  17622  17618  17608  17616  17624  17611  17630  17623  17623  17564  17581  17568  17572  17566  17574  17552  17568  17547  17572
  131.086   182756  1396.85   183300  1398.22  18328  18334  18328  18318  18328  18335  18322  18340  18335  18332  18272  18292  18276  18282  18275  18287  18261  18276  18253  18282
  136.086   189857  1393.09   190404  1394.77  19037  19044  19040  19029  19039  19046  19034  19049  19045  19041  18984  18997  18987  18996  18986  18998  18970  18987  18961  18991
  141.086   196595  1386.42   197206  1387.43  19718  19727  19721  19706  19720  19727  19714  19730  19724  19719  19665  19680  19663  19677  19667  19681  19582  19668  19641  19671
  146.086   203575  1394.48   204257  1395.79  20430  20370  20434  20420  20432  20438  20427  20440  20435  20431  20374  20317  20374  20389  20379  20393  20298  20312  20353  20386
  151.086   210710  1400.11   211060  1401.52  21078  21084  21147  21135  21146  21084  21140  21086  21082  21078  21085  21035  21084  21101  21094  21105  21010  21030  21065  21101
  156.086   217584  1397.50   218119  1397.97  21784  21790  21852  21841  21852  21790  21845  21792  21789  21784  21792  21745  21788  21741  21735  21745  21721  21736  21772  21809
  161.086   224319  1387.85   224646  1387.45  22463  22471  22464  22455  22464  22469  22456  22474  22468  22462  22472  22423  22463  22424  22414  22427  22402  22418  22454  22422
  166.086   230906  1377.53   231448  1377.36  23145  23151  23142  23134  23144  23149  23137  23154  23149  23143  23082  23103  23074  23106  23096  23105  23080  23096  23065  23099
  171.086   237698  1379.30   238251  1377.35  23825  23832  23822  23814  23824  23829  23818  23834  23830  23823  23760  23783  23756  23786  23775  23785  23754  23774  23746  23779
  176.086   244476  1370.20   245036  1368.42  24504  24511  24501  24492  24503  24507  24497  24510  24510  24501  24437  24460  24436  24463  24452  24464  24432  24453  24423  24456
  181.086   251270  1361.07   251832  1368.19  25184  25189  25180  25171  25183  25188  25175  25189  25190  25183  25115  25139  25117  25145  25133  25144  25111  25131  25104  25131
  186.086   258055  1353.46   258633  1357.18  25865  25871  25859  25851  25863  25867  25855  25868  25869  25865  25793  25819  25794  25823  25812  25823  25790  25809  25783  25809
  191.087   264853  1353.46   265424  1363.89  26546  26547  26538  26531  26543  26547  26535  26547  26547  26543  26473  26500  26474  26505  26492  26502  26469  26489  26460  26489
  196.086   271644  1360.17   272215  1354.33  27227  27226  27216  27210  27222  27225  27214  27226  27226  27223  27155  27177  27154  27185  27173  27184  27150  27164  27135  27167
  201.086   278440  1358.15   279022  1354.60  27908  27908  27898  27891  27902  27907  27894  27905  27907  27902  27836  27855  27835  27861  27852  27866  27830  27842  27817  27846
  206.086   285210  1353.37   285804  1345.28  28587  28586  28576  28569  28580  28586  28571  28583  28585  28581  28514  28534  28508  28539  28528  28540  28507  28520  28493  28527
  211.086   291976  1350.07   292582  1344.70  29265  29263  29254  29245  29258  29264  29249  29263  29262  29259  29188  29212  29184  29219  29205  29215  29186  29198  29168  29201
  216.086   298666  1342.52   299274  1343.56  29874  29940  29929  29921  29934  29940  29925  29939  29938  29934  29864  29885  29856  29895  29882  29893  29798  29874  29842  29877
  221.086   305420  1342.49   306035  1343.60  30553  30551  30613  30603  30617  30626  30609  30621  30622  30620  30546  30496  30537  30579  30569  30575  30477  30560  30523  30558
  226.086   313292  1379.38   313762  1381.25  31346  31344  31410  31400  31413  31344  31407  31418  31341  31339  31342  31288  31332  31375  31367  31368  31270  31277  31319  31354
  231.086   321280  1419.81   321765  1421.62  32148  32144  32211  32201  32213  32145  32207  32217  32140  32139  32143  32085  32133  32173  32165  32168  32070  32075  32115  32153
  236.086   328983  1455.94   329469  1457.52  32933  32930  32996  32987  32999  32932  32917  32925  32926  32924  32928  32869  32919  32881  32873  32954  32856  32863  32902  32938
  241.086   336499  1486.34   336909  1487.48  33699  33697  33685  33678  33691  33699  33684  33691  33693  33692  33696  33635  33685  33648  33639  33645  33623  33631  33667  33630
  246.086   343805  1510.20   344321  1511.64  34439  34437  34427  34420  34433  34440  34426  34433  34434  34432  34428  34371  34415  34385  34379  34388  34363  34369  34333  34374
  251.087   350622  1516.85   351274  1518.09  35135  35132  35122  35113  35129  35136  35122  35128  35130  35127  35056  35064  35045  35080  35072  35080  35063  35062  35028  35072
  256.086   357604  1486.98   358266  1493.42  35835  35833  35820  35810  35827  35835  35821  35828  35830  35827  35752  35762  35743  35778  35773  35777  35763  35759  35725  35772
  261.086   364524  1451.09   365203  1457.60  36531  36528  36512  36502  36522  36525  36514  36521  36523  36525  36443  36455  36434  36472  36466  36468  36455  36452  36413  36466
  266.086   372135  1445.50   372823  1452.28  37293  37289  37273  37264  37285  37287  37276  37284  37285  37287  37205  37215  37194  37233  37228  37229  37214  37213  37175  37229
  271.086   380173  1463.05   380867  1467.55  38097  38095  38077  38068  38089  38091  38081  38088  38088  38093  38008  38019  38000  38037  38031  38031  38018  38017  37979  38033
  276.086   387941  1475.87   388640  1479.40  38874  38874  38854  38844  38867  38868  38858  38865  38865  38871  38784  38796  38777  38813  38807  38808  38797  38793  38756  38810
  281.086   395589  1501.16   396290  1489.71  39640  39637  39620  39608  39633  39632  39624  39632  39629  39635  39548  39561  39543  39579  39574  39572  39559  39559  39519  39575
  286.086   403176  1513.49   403873  1509.36  40401  40397  40377  40366  40391  40389  40380  40390  40387  40395  40306  40317  40302  40338  40333  40332  40320  40318  40276  40334
  291.086   411404  1554.26   412106  1549.03  41222  41221  41200  41188  41215  41215  41202  41214  41211  41218  41128  41141  41123  41161  41157  41154  41143  41142  41099  41156
  296.087   419047  1553.19   419748  1553.59  41984  41984  41964  41954  41980  41980  41967  41977  41975  41983  41894  41903  41887  41927  41922  41921  41904  41905  41864  41920
  301.086   426567  1536.49   427130  1534.61  42669  42669  42724  42715  42741  42740  42729  42737  42737  42669  42654  42663  42647  42686  42681  42681  42587  42664  42623  42681
  306.086   434361  1533.76   434923  1534.66  43448  43449  43503  43494  43521  43519  43508  43517  43516  43448  43435  43443  43427  43464  43460  43462  43363  43444  43401  43462
  311.086   442172  1542.74   442810  1543.27  44238  44239  44292  44283  44308  44307  44296  44306  44304  44237  44223  44232  44217  44254  44249  44252  44151  44157  44190  44247
  316.086   449865  1548.49   450359  1549.46  45015  45016  45073  45059  45009  45008  45074  45085  45005  45015  44999  44931  44993  45032  45029  45029  44926  44933  44969  45024
  321.087   457356  1529.68   457868  1530.72  45782  45783  45836  45822  45776  45777  45763  45774  45773  45782  45761  45700  45759  45792  45717  45792  45691  45700  45732  45712
  326.086   464875  1530.35   465534  1531.46  46548  46551  46602  46589  46544  46543  46530  46541  46539  46547  46528  46467  46525  46486  46486  46484  46457  46467  46497  46478
  331.086   472714  1543.42   473445  1549.06  47340  47341  47394  47380  47334  47335  47320  47333  47331  47337  47321  47260  47317  47277  47277  47273  47249  47258  47212  47270
  336.086   480443  1543.76   481188  1549.93  48122  48123  48100  48163  48116  48115  48101  48115  48113  48120  48106  48042  48022  48056  48058  48050  48032  48038  47992  48047
  341.086   488065  1540.03   488813  1543.72  48892  48893  48870  48856  48886  48884  48870  48887  48883  48892  48798  48812  48792  48827  48829  48821  48801  48808  48762  48815
  346.087   496060  1550.17   496816  1558.96  49692  49693  49669  49656  49686  49685  49671  49689  49682  49693  49597  49612  49591  49627  49628  49621  49603  49608  49559  49614
  351.086   503780  1557.90   504533  1565.99  50462  50464  50442  50429  50457  50457  50444  50460  50454  50464  50371  50384  50365  50400  50401  50394  50373  50380  50329  50383
  356.086   511264  1554.18   512025  1552.50  51211  51215  51192  51179  51206  51204  51194  51209  51202  51213  51119  51133  51115  51145  51149  51141  51121  51129  51079  51133
  361.086   518989  1547.38   519753  1545.74  51984  51990  51962  51948  51980  51979  51966  51981  51977  51986  51889  51907  51884  51921  51922  51914  51894  51903  51849  51906
  366.086   526757  1546.48   527524  1544.66  52761  52768  52739  52728  52757  52755  52743  52758  52753  52762  52669  52682  52662  52697  52696  52691  52670  52680  52628  52682
  371.086   535028  1561.14   535807  1556.24  53592  53598  53564  53551  53585  53586  53569  53588  53581  53593  53493  53509  53487  53525  53526  53518  53500  53509  53453  53508
  376.086   542684  1550.96   543468  1546.29  54361  54365  54331  54317  54351  54351  54333  54353  54347  54359  54259  54274  54252  54290  54291  54286  54266  54274  54220  54272
  381.086   550973  1566.98   551753  1562.25  55187  55192  55163  55149  55179  55179  55163  55181  55175  55185  55091  55102  55082  55117  55116  55115  55092  55103  55054  55101
  386.086   558413  1561.60   559143  1565.09  55933  55868  55909  55898  55926  55924  55908  55926  55920  55931  55835  55843  55829  55863  55861  55857  55836  55845  55800  55844
  391.086   566242  1560.29   566878  1562.27  56638  56642  56697  56686  56721  56723  56702  56720  56715  56634  56623  56639  56616  56657  56654  56649  56540  56639  56591  56634
  396.087   574001  1565.34   574745  1567.21  57436  57439  57484  57472  57501  57501  57485  57500  57495  57432  57410  57416  57400  57436  57437  57429  57337  57344  57375  57417
  401.086   582106  1561.31   582851  1562.79  58252  58255  58302  58288  58322  58244  58305  58321  58315  58247  58228  58158  58218  58256  58258  58247  58154  58158  58194  58235
  406.086   590240  1582.72   591001  1584.60  59083  59087  59133  59119  59074  59074  59134  59073  59145  59079  59059  58990  59047  59007  59006  59075  58984  58987  59021  59064
  411.086   598196  1570.59   598875  1572.97  59878  59880  59930  59916  59868  59867  59934  59867  59863  59872  59855  59781  59844  59799  59798  59876  59779  59779  59821  59864
  416.086   605675  1575.48   606377  1579.85  60636  60638  60685  60672  60628  60627  60611  60626  60622  60632  60606  60539  60598  60559  60556  60552  60538  60537  60573  60617
  421.086   613773  1589.83   614645  1597.75  61463  61464  61513  61498  61455  61454  61437  61454  61450  61457  61431  61365  61421  61386  61381  61376  61360  61363  61322  61368
  426.086   621998  1608.17   622879  1612.74  62294  62294  62267  62329  62286  62286  62269  62286  62281  62287  62258  62197  62173  62216  62211  62209  62189  62193  62154  62198
  431.086   629984  1603.91   630789  1608.71  63096  63096  63062  63051  63084  63084  63065  63083  63080  63088  63061  62995  62969  63018  63010  63006  62989  62991  62951  62994
  436.086   637511  1586.28   638401  1590.60  63854  63854  63825  63815  63846  63844  63828  63845  63842  63848  63740  63755  63731  63778  63769  63771  63747  63751  63712  63757
  441.087   645856  1599.33   646755  1601.61  64689  64689  64662  64651  64682  64677  64663  64681  64678  64683  64574  64589  64564  64613  64605  64607  64580  64585  64549  64590
  446.086   653610  1606.01   654515  1607.72  65465  65466  65439  65428  65457  65452  65440  65456  65453  65459  65352  65364  65341  65387  65380  65384  65357  65358  65322  65365
  451.086   661957  1614.15   662875  1610.19  66303  66301  66276  66262  66292  66289  66276  66292  66288  66296  66185  66195  66171  66221  66215  66220  66195  66194  66158  66203
  456.086   669626  1593.12   670544  1591.74  67070  67068  67043  67029  67058  67056  67045  67057  67054  67064  66952  66963  66939  66988  66980  66986  66962  66959  66928  66969
  461.086   677364  1578.66   678280  1582.45  67843  67841  67818  67803  67831  67830  67820  67830  67827  67837  67726  67737  67713  67764  67753  67760  67735  67732  67701  67743
  466.086   685459  1593.39   686376  1591.78  68652  68652  68628  68613  68640  68640  68630  68639  68636  68646  68537  68545  68521  68574  68565  68572  68542  68540  68512  68551
  471.086   692972  1566.17   693890  1561.85  69403  69404  69380  69365  69391  69391  69381  69391  69387  69397  69291  69296  69272  69325  69316  69324  69294  69291  69263  69300
  476.086   700820  1563.58   701580  1564.05  70111  70111  70163  70148  70176  70175  70165  70175  70173  70183  70075  70080  70055  70112  70102  70108  70079  70079  70046  70084
  481.086   708757  1552.54   709534  1550.49  70914  70915  70966  70951  70981  70977  70968  70977  70975  70910  70875  70881  70856  70912  70904  70911  70806  70880  70847  70885
  486.086   716477  1548.68   717265  1552.13  71685  71687  71741  71724  71754  71751  71741  71750  71749  71683  71649  71654  71627  71684  71676  71685  71577  71651  71619  71655
  491.086   724444  1556.88   725317  1558.26  72486  72486  72548  72528  72563  72560  72548  72558  72556  72484  72451  72461  72432  72407  72482  72493  72377  72458  72423  72460
  496.086   731901  1545.65   732858  1547.03  73259  73260  73316  73299  73255  73251  73315  73323  73322  73258  73220  73151  73199  73182  73247  73185  73150  73147  73191  73229
  501.086   739582  1551.91   740469  1553.83  74032  74033  74100  74083  74026  74023  74104  74020  74016  74032  74004  73922  73980  73952  73943  73956  73922  73916  73976  74011
  506.086   747442  1554.35   748266  1561.60  74819  74822  74879  74863  74820  74816  74804  74814  74810  74819  74783  74714  74759  74746  74737  74747  74709  74709  74752  74786
  511.087   755027  1542.53   755855  1549.35  75582  75582  75636  75622  75579  75573  75560  75572  75568  75581  75542  75473  75519  75503  75495  75506  75472  75466  75507  75544
  516.086   762856  1551.17   763774  1558.12  76382  76382  76359  76423  76377  76371  76360  76371  76368  76381  76342  76270  76320  76303  76292  76302  76272  76261  76228  76266
  521.086   770630  1549.87   771633  1554.23  77175  77174  77152  77139  77171  77165  77156  77165  77161  77175  77059  77062  77033  77096  77085  77096  77065  77056  77020  77058
  526.086   778229  1554.63   779233  1556.21  77935  77934  77912  77898  77932  77925  77916  77926  77920  77935  77819  77823  77792  77855  77845  77856  77824  77816  77779  77820
  531.086   786442  1572.54   787469  1577.23  78762  78760  78733  78717  78757  78748  78737  78750  78742  78763  78637  78644  78610  78679  78670  78677  78652  78637  78595  78641
  536.086   794172  1565.54   795188  1566.81  79528  79528  79508  79496  79528  79520  79511  79523  79516  79530  79418  79416  79386  79448  79441  79450  79418  79410  79371  79414
  541.086   802030  1574.66   803060  1576.24  80317  80316  80295  80283  80314  80306  80299  80308  80303  80319  80203  80200  80173  80234  80226  80236  80206  80195  80156  80201
  546.086   809710  1559.75   810740  1568.54  81085  81083  81063  81050  81081  81075  81067  81078  81071  81087  80972  80966  80941  81002  80994  81005  80973  80963  80925  80969
  551.086   817600  1563.31   818637  1561.86  81874  81873  81851  81840  81872  81865  81857  81867  81861  81877  81759  81755  81730  81792  81783  81794  81763  81755  81713  81756
  556.086   825228  1561.90   826270  1558.17  82637  82637  82615  82605  82635  82629  82619  82630  82623  82640  82522  82518  82494  82556  82546  82555  82526  82518  82476  82517
  561.086   833446  1562.18   834493  1557.75  83460  83461  83439  83429  83456  83449  83440  83451  83445  83463  83343  83341  83317  83378  83366  83377  83346  83341  83299  83338
  566.086   841178  1549.36   842249  1553.83  84239  84239  84210  84199  84233  84226  84216  84226  84220  84241  84112  84116  84090  84152  84138  84151  84125  84113  84072  84109
  571.086   849213  1560.44   850137  1561.91  84972  84971  85025  85016  85045  85036  85028  85037  85034  84973  84928  84924  84907  84961  84950  84960  84855  84919  84886  84923
  576.086   857380  1576.54   858317  1578.42  85791  85788  85843  85834  85863  85856  85845  85854  85852  85791  85745  85742  85724  85775  85766  85777  85673  85735  85703  85740
  581.086   864975  1575.89   866166  1578.24  86580  86577  86639  86628  86576  86652  86639  86649  86646  86580  86541  86452  86518  86486  86558  86489  86461  86444  86496  86530
  586.086   872729  1578.04   873842  1580.46  87353  87349  87418  87405  87348  87339  87421  87430  87425  87354  87319  87225  87299  87260  87336  87259  87235  87214  87274  87308
  591.086   880693  1575.13   881890  1577.45  88163  88161  88217  88206  88160  88151  88219  88227  88223  88163  88117  88037  88096  88071  88057  88070  88041  88026  88072  88106
  596.086   888896  1591.34   889873  1593.15  88984  88982  89035  89025  88984  88975  88965  88972  88968  88983  88934  88861  88915  88893  88880  88889  88861  88847  88891  88925
  601.086   897131  1600.29   898189  1607.40  89817  89814  89870  89859  89816  89805  89794  89802  89798  89814  89767  89692  89669  89724  89709  89720  89690  89680  89723  89757
  606.086   904705  1588.09   905838  1594.66  90596  90595  90571  90563  90597  90585  90574  90582  90580  90595  90469  90471  90451  90507  90489  90501  90470  90462  90426  90459
  611.086   912314  1588.56   913450  1586.71  91358  91354  91334  91327  91357  91347  91335  91344  91340  91354  91232  91232  91215  91267  91249  91261  91229  91221  91187  91221
  616.086   920564  1605.20   921707  1606.21  92182  92181  92159  92152  92184  92172  92162  92168  92166  92181  92057  92058  92039  92092  92075  92086  92055  92046  92011  92045
  621.086   928245  1595.70   929388  1593.89  92950  92948  92926  92921  92952  92940  92931  92937  92935  92948  92824  92826  92807  92862  92845  92855  92821  92815  92777  92813
  626.086   936045  1576.88   937186  1579.73  93730  93729  93704  93701  93731  93720  93710  93717  93715  93729  93604  93607  93585  93643  93626  93635  93602  93594  93555  93594
  631.086   943601  1554.28   944741  1551.80  94484  94485  94459  94456  94488  94476  94466  94473  94470  94484  94360  94364  94340  94397  94381  94392  94358  94348  94311  94350
  636.087   951310  1551.21   952452  1554.06  95254  95255  95233  95229  95258  95247  95237  95244  95241  95254  95134  95133  95111  95166  95153  95162  95128  95118  95084  95121
  641.087   959076  1555.97   960219  1558.86  96032  96033  96009  96004  96034  96022  96014  96021  96018  96032  95910  95910  95887  95943  95928  95939  95906  95896  95859  95898
  646.086   967305  1549.25   968475  1550.12  96861  96864  96832  96826  96859  96847  96840  96844  96842  96860  96725  96735  96708  96769  96750  96765  96735  96720  96679  96719
  651.086   974989  1553.15   976165  1549.06  97626  97629  97604  97599  97629  97616  97610  97616  97612  97624  97499  97502  97478  97532  97520  97529  97499  97487  97451  97492
  656.086   982729  1551.11   983912  1544.77  98400  98404  98378  98375  98403  98390  98385  98391  98387  98399  98273  98276  98252  98305  98294  98304  98274  98261  98225  98265
  661.086   990806  1561.26   991939  1566.09  99144  99147  99195  99193  99221  99206  99203  99209  99204  99217  99090  99090  99069  99119  99107  99119  99015  99074  99042  99081
  666.086   998507  1561.80   999645  1564.31  99919  99925  99972  99972 100000  99987  99983  99987  99983  99917  99867  99867  99846  99820  99886  99896  99792  99853  99820  99860
  671.087  1005955  1555.45  1007105  1558.17 100675 100678 100727 100724 100676 100742 100735 100739 100736 100673 100620 100618 100599 100574 100640 100572 100545 100605 100571 100611
  676.086  1013836  1548.58  1015160  1551.16 101481 101485 101533 101530 101482 101546 101541 101545 101540 101477 101422 101344 101403 101376 101444 101375 101349 101331 101376 101416
  681.086  1021904  1563.99  1023158  1566.71 102296 102298 102349 102346 102296 102285 102280 102359 102356 102293 102237 102160 102216 102190 102181 102191 102163 102145 102192 102229
  686.086  1029555  1561.17  1030659  1563.62 103059 103063 103114 103112 103061 103050 103045 103051 103046 103058 103002 102925 102982 102953 102945 102955 102927 102911 102959 102996
  691.086  1037242  1547.87  1038270  1552.10 103827 103832 103883 103803 103832 103819 103814 103817 103814 103829 103771 103694 103750 103725 103712 103725 103697 103679 103726 103763
  696.086  1044735  1546.04  1045921  1550.27 104590 104595 104649 104567 104598 104583 104581 104584 104579 104595 104459 104459 104515 104490 104475 104489 104462 104443 104491 104452
  701.086  1052814  1572.50  1054082  1576.46 105415 105418 105395 105392 105423 105407 105404 105407 105403 105418 105283 105279 105265 105311 105300 105314 105284 105267 105235 105276
  706.086  1060442  1564.01  1061714  1562.27 106177 106182 106158 106156 106186 106170 106167 106171 106165 106182 106046 106041 106028 106075 106062 106076 106046 106029 105998 106041
  711.087  1068246  1551.88  1069520  1555.77 106959 106966 106935 106935 106970 106948 106948 106951 106942 106966 106824 106822 106804 106859 106841 106857 106835 106811 106776 106817
  716.086  1076298  1565.97  1077562  1571.38 107760 107766 107744 107742 107772 107753 107752 107756 107749 107768 107634 107627 107613 107661 107646 107661 107633 107614 107585 107624
  721.086  1084325  1574.80  1085596  1583.02 108564 108570 108547 108546 108575 108557 108555 108559 108551 108572 108439 108431 108413 108464 108445 108465 108435 108417 108388 108428
  726.086  1092529  1596.14  1093800  1596.48 109384 109390 109368 109366 109395 109378 109376 109380 109372 109391 109260 109253 109235 109285 109264 109287 109254 109237 109207 109247
  731.086  1100088  1576.01  1101377  1576.74 110140 110148 110126 110123 110151 110136 110135 110138 110132 110148 110017 110007 109991 110040 110021 110044 110009 109993 109964 110002
  736.086  1107700  1573.24  1108989  1573.74 110901 110908 110888 110885 110912 110896 110896 110899 110893 110911 110776 110766 110755 110802 110781 110805 110770 110754 110726 110765
  741.086  1115903  1586.53  1117203  1579.78 111723 111729 111709 111706 111734 111717 111718 111719 111717 111731 111597 111588 111577 111622 111599 111626 111589 111576 111542 111587
  746.086  1124201  1594.60  1125586  1590.87 112562 112567 112549 112544 112571 112554 112556 112559 112554 112570 112432 112428 112415 112460 112436 112464 112350 112410 112383 112423
  751.086  1132239  1578.86  1133670  1580.57 113371 113379 113354 113349 113381 113360 113364 113368 113362 113382 113236 113234 113217 113270 113241 113273 113142 113213 113186 113227
  756.087  1139922  1570.23  1141326  1572.25 114142 114148 114130 114126 114152 114136 114137 114141 114137 114077 114012 114004 113993 113965 114016 114043 113933 113989 113965 114002
  761.086  1147484  1572.75  1148898  1574.53 114905 114838 114897 114892 114917 114901 114900 114906 114901 114841 114775 114767 114759 114729 114778 114733 114697 114752 114729 114765
  766.086  1155099  1572.20  1156368  1574.11 115592 115597 115659 115655 115602 115664 115663 115671 115664 115601 115535 115531 115521 115488 115539 115492 115458 115515 115493 115527
  771.086  1162556  1550.69  1163831  1552.23 116346 116352 116412 116410 116357 116416 116415 116350 116415 116358 116287 116208 116272 116244 116292 116249 116213 116268 116244 116279
  776.087  1170213  1530.86  1171497  1530.15 117120 117126 117188 117186 117129 117191 117113 117121 117192 117131 117061 116980 117048 117018 117066 117020 116986 116962 117018 117054
  781.086  1178072  1528.24  1179372  1526.33 117917 117923 117979 117976 117928 117982 117909 117920 117912 117926 117779 117777 117840 117813 117855 117817 117780 117759 117808 117844
  786.086  1185444  1522.67  1186752  1521.93 118669 118675 118732 118655 118681 118661 118662 118672 118666 118679 118533 118528 118518 118565 118533 118568 118533 118511 118559 118596
  791.086  1192880  1523.36  1194261  1522.25 119428 119435 119417 119413 119439 119419 119419 119430 119424 119437 119290 119287 119277 119324 119289 119328 119292 119270 119242 119281
  796.086  1200847  1535.17  1202231  1539.03 120225 120233 120214 120210 120236 120216 120215 120228 120220 120234 120087 120085 120073 120119 120088 120124 120089 120066 120038 120078
  801.086  1208715  1546.36  1210110  1552.93 121014 121019 121001 120999 121024 121004 121001 121018 121007 121023 120873 120872 120861 120906 120878 120909 120877 120852 120823 120864
  806.086  1216355  1543.22  1217753  1549.66 121778 121782 121764 121764 121788 121769 121766 121783 121772 121787 121638 121635 121628 121670 121642 121673 121640 121617 121584 121628
  811.086  1224068  1538.39  1225469  1544.33 122551 122553 122535 122535 122559 122540 122538 122555 122544 122559 122410 122408 122401 122442 122412 122444 122412 122387 122354 122398
  816.086  1232050  1555.77  1233452  1558.72 123349 123351 123334 123334 123356 123340 123335 123354 123342 123357 123207 123206 123199 123240 123210 123243 123210 123187 123151 123197
  821.086  1239999  1571.01  1241419  1569.66 124146 124147 124130 124132 124152 124137 124132 124150 124138 124155 124001 124001 123995 124036 124007 124038 124004 123984 123946 123987
  826.086  1247686  1558.96  1249115  1560.37 124915 124917 124900 124901 124923 124906 124901 124919 124909 124924 124768 124769 124761 124808 124773 124808 124772 124752 124718 124757
  831.086  1255223  1545.32  1256662  1541.66 125671 125672 125654 125656 125677 125661 125656 125673 125665 125677 125521 125522 125516 125562 125526 125562 125526 125506 125471 125511
  836.087  1262657  1538.29  1264268  1537.55 126432 126434 126413 126415 126437 126421 126416 126433 126427 126440 126281 126281 126274 126245 126284 126320 126208 126266 126228 126270
  841.086  1270561  1543.12  1272127  1542.48 127230 127232 127204 127208 127231 127214 127210 127227 127223 127148 127071 127074 127065 127031 127073 127114 126995 127057 127020 127061
  846.087  1278278  1530.40  1279754  1532.82 127997 127922 127977 127978 128000 127986 127981 127996 127992 127925 127841 127845 127835 127806 127843 127884 127770 127826 127792 127836
  851.086  1285867  1521.17  1287347  1523.22 128686 128689 128744 128744 128767 128754 128748 128763 128759 128693 128607 128612 128600 128574 128610 128574 128538 128591 128559 128602
  856.086  1293519  1522.58  1294927  1524.43 129460 129462 129516 129517 129464 129528 129521 129459 129533 129467 129381 129308 129372 129347 129385 129348 129309 129364 129332 129373
  861.086  1300642  1512.58  1302064  1514.43 130183 130187 130235 130233 130189 130244 130237 130185 130181 130190 130097 130031 130088 130067 130102 130074 130029 130012 130051 130091
  866.086  1307356  1493.24  1308855  1489.41 130869 130873 130920 130919 130876 130863 130922 130870 130866 130877 130718 130717 130773 130752 130722 130759 130712 130696 130731 130776
  871.086  1314051  1454.97  1315484  1452.68 131544 131550 131595 131528 131552 131540 131532 131547 131542 131554 131397 131392 131384 131427 131398 131435 131388 131374 131405 131451
  876.086  1320704  1421.52  1322216  1422.70 132220 132224 132269 132198 132225 132213 132204 132221 132215 132227 132066 132068 132054 132096 132071 132107 132061 132048 132010 132123
  881.086  1327498  1397.06  1329005  1397.97 132906 132910 132887 132884 132911 132898 132889 132905 132903 132912 132751 132756 132739 132781 132758 132790 132747 132741 132692 132743
  886.086  1334388  1369.16  1335913  1375.37 133597 133601 133577 133574 133604 133590 133579 133596 133594 133601 133441 133445 133425 133472 133448 133479 133434 133434 133379 133431
  891.086  1341142  1354.50  1342682  1358.46 134274 134279 134253 134251 134281 134266 134255 134274 134271 134278 134116 134118 134099 134149 134127 134154 134108 134111 134055 134105
  896.086  1347886  1355.57  1349433  1352.75 134949 134953 134929 134927 134956 134941 134931 134948 134946 134953 134792 134790 134776 134824 134801 134827 134780 134787 134729 134780
  901.086  1354642  1352.55  1356209  1354.63 135628 135633 135604 135602 135638 135616 135605 135625 135624 135634 135465 135466 135450 135505 135475 135505 135458 135463 135402 135453
  906.086  1361515  1357.01  1363093  1356.61 136316 136322 136292 136293 136325 136303 136293 136315 136313 136321 136149 136153 136135 136196 136166 136188 136146 136154 136090 136138
  911.086  1368310  1358.30  1369898  1356.49 136994 137000 136975 136975 137003 136985 136975 136996 136995 137000 136831 136832 136816 136871 136845 136866 136824 136832 136773 136820
  916.086  1374947  1347.56  1376488  1348.03 137669 137605 137647 137646 137676 137657 137645 137669 137668 137606 137499 137503 137488 137544 137515 137534 137425 137505 137444 137490
  921.086  1381607  1342.09  1383093  1344.71 138275 138279 138320 138320 138283 138331 138321 138342 138342 138280 138173 138177 138161 138153 138183 138205 138094 138181 138117 138163
  926.086  1388938  1362.50  1390494  1365.28 139019 139023 139070 139067 139028 139081 139069 139095 139018 139024 138922 138855 138910 138896 138934 138953 138838 138856 138863 138911
  931.086  1396694  1395.89  1398167  1397.73 139793 139797 139845 139844 139803 139857 139845 139793 139792 139798 139699 139630 139687 139670 139709 139731 139612 139632 139639 139685
  936.086  1404314  1420.69  1405793  1422.60 140556 140560 140608 140608 140567 140618 140607 140554 140553 140562 140462 140393 140450 140430 140473 140494 140375 140392 140399 140446
  941.086  1412351  1464.97  1413934  1467.42 141372 141372 141420 141422 141381 141432 141421 141370 141368 141376 141273 141205 141262 141242 141285 141227 141188 141201 141211 141257
  946.086  1420224  1509.13  1421815  1513.36 142167 142167 142216 142218 142177 142150 142217 142167 142164 142172 141991 142000 142057 142037 142079 142022 141981 141998 142007 142052
  951.086  1427976  1550.81  1429586  1557.55 142958 142958 143012 142933 142971 142942 142932 142960 142955 142965 142777 142791 142770 142827 142793 142809 142774 142788 142803 142844
  956.086  1435471  1561.51  1437171  1566.34 143724 143725 143701 143698 143737 143707 143698 143728 143721 143732 143543 143555 143532 143591 143558 143576 143538 143554 143492 143532
  961.086  1443277  1560.70  1444978  1570.84 144505 144506 144482 144480 144516 144489 144481 144507 144501 144511 144324 144334 144312 144372 144340 144355 144319 144334 144274 144313
  966.086  1451183  1570.30  1452883  1580.20 145296 145297 145271 145269 145308 145279 145271 145298 145292 145302 145113 145125 145101 145161 145131 145147 145110 145127 145064 145104
  971.086  1458969  1559.16  1460681  1563.42 146077 146077 146051 146048 146089 146058 146050 146079 146072 146080 145892 145906 145879 145941 145908 145926 145887 145906 145841 145883
  976.086  1466553  1549.55  1468263  1548.31 146835 146836 146809 146805 146848 146816 146809 146836 146831 146838 146647 146667 146635 146698 146666 146687 146648 146664 146600 146641
  981.086  1474489  1550.76  1476198  1548.91 147629 147629 147603 147599 147640 147609 147603 147629 147626 147631 147441 147461 147430 147490 147459 147482 147440 147457 147395 147434
  986.087  1482145  1555.97  1483844  1550.81 148394 148393 148368 148363 148406 148373 148369 148393 148390 148395 148208 148225 148197 148254 148223 148250 148204 148224 148162 148198
  991.086  1490303  1567.35  1492091  1565.03 149220 149218 149193 149190 149230 149196 149195 149216 149213 149220 149031 149047 149021 149078 149043 149075 148956 149047 148986 149019
  996.086  1497926  1556.74  1499733  1553.99 149989 149985 149950 149949 150000 149954 149956 149981 149980 149989 149796 149813 149780 149846 149804 149841 149713 149813 149745 149775
 1001.086  1505943  1563.52  1507729  1560.91 150784 150782 150757 150754 150793 150757 150760 150779 150779 150784 150598 150609 150583 150642 150605 150641 150524 150612 150547 150582
 1006.087  1514157  1579.50  1515954  1579.87 151607 151604 151578 151578 151615 151580 151584 151601 151601 151606 151420 151431 151405 151465 151428 151463 151343 151430 151368 151404
 1011.086  1522287  1586.01  1523870  1586.85 152354 152351 152400 152398 152361 152401 152405 152424 152424 152352 152241 152249 152225 152212 152248 152286 152162 152252 152187 152225
 1016.086  1529872  1580.36  1531529  1581.93 153114 153110 153171 153169 153120 153171 153175 153194 153195 153110 153009 153017 152996 152970 153015 153056 152923 152936 152957 152993
 1021.086  1537775  1578.15  1539466  1577.25 153921 153919 153967 153964 153929 153968 153972 153991 153916 153919 153805 153736 153791 153776 153808 153850 153722 153746 153753 153788
 1026.086  1545938  1598.36  1547643  1597.42 154745 154745 154793 154791 154753 154793 154797 154739 154742 154745 154628 154557 154616 154599 154632 154600 154544 154571 154579 154612
 1031.087  1553987  1602.17  1555786  1602.61 155559 155559 155606 155604 155568 155608 155611 155553 155558 155560 155366 155372 155428 155413 155444 155413 155353 155383 155391 155424
 1036.086  1561804  1586.03  1563507  1586.09 156335 156336 156396 156393 156344 156398 156308 156327 156333 156337 156135 156149 156219 156190 156233 156187 156134 156159 156182 156216
 1041.086  1569712  1586.31  1571600  1593.99 157146 157146 157199 157194 157155 157198 157125 157141 157146 157150 156948 156962 157017 156999 156955 157001 156942 156970 156902 157016
 1046.086  1577570  1598.03  1579469  1603.60 157941 157941 157993 157912 157950 157991 157921 157936 157939 157945 157741 157757 157734 157792 157751 157796 157735 157762 157694 157808
 1051.086  1585676  1604.90  1587514  1612.35 158761 158760 158738 158732 158768 158736 158740 158756 158759 158764 158558 158574 158550 158613 158568 158615 158554 158579 158512 158553
 1056.086  1593191  1583.14  1595037  1590.46 159515 159512 159490 159485 159520 159487 159493 159509 159511 159515 159312 159324 159301 159365 159321 159367 159306 159330 159262 159303
 1061.086  1600686  1564.65  1602532  1568.71 160263 160263 160239 160236 160271 160237 160242 160258 160260 160263 160060 160071 160050 160114 160072 160119 160054 160080 160013 160053
 1066.086  1608497  1561.83  1610342  1569.15 161044 161044 161020 161016 161053 161017 161022 161041 161041 161044 160842 160853 160831 160896 160851 160899 160835 160861 160796 160833
 1071.086  1616198  1552.25  1618060  1548.86 161815 161816 161793 161787 161824 161789 161794 161812 161814 161816 161610 161622 161602 161668 161622 161666 161606 161630 161567 161605
 1076.086  1623767  1540.40  1625626  1536.68 162573 162572 162549 162543 162579 162546 162553 162570 162570 162571 162367 162379 162359 162429 162380 162423 162361 162386 162322 162361
 1081.086  1631391  1520.19  1633261  1518.31 163337 163336 163311 163305 163344 163306 163317 163336 163334 163335 163131 163141 163117 163192 163143 163185 163125 163149 163086 163122
 1086.086  1638778  1518.34  1640729  1519.65 164082 164080 164060 164055 164090 164058 164064 164081 164078 164081 163878 163884 163866 163936 163888 163930 163801 163893 163831 163871
 1091.086  1645817  1501.58  1647787  1500.54 164791 164787 164760 164761 164798 164761 164768 164787 164786 164788 164582 164591 164569 164643 164591 164638 164500 164599 164533 164571
 1096.086  1653451  1492.15  1655429  1493.69 165483 165561 165528 165532 165572 165532 165539 165562 165557 165563 165357 165363 165340 165336 165363 165412 165266 165374 165301 165339
 1101.086  1661086  1488.15  1662907  1491.95 166251 166319 166295 166297 166256 166297 166302 166324 166320 166246 166119 166125 166107 166104 166125 166171 166033 166133 166063 166106
 1106.086  1668601  1487.11  1670350  1488.36 167011 167005 167054 167056 167016 167055 167059 167009 167079 167006 166879 166884 166865 166866 166885 166929 166792 166817 166820 166864
 1111.086  1676064  1483.72  1677818  1484.93 167765 167758 167809 167812 167770 167809 167815 167762 167758 167760 167633 167636 167617 167619 167639 167608 167547 167572 167574 167619
 1116.086  1683702  1494.60  1685538  1493.39 168535 168531 168581 168584 168542 168582 168587 168534 168531 168531 168406 168333 168388 168390 168411 168381 168317 168340 168346 168390
 1121.086  1691113  1509.85  1693026  1507.97 169283 169279 169329 169332 169291 169330 169335 169284 169282 169281 169079 169083 169136 169138 169158 169130 169068 169087 169095 169139
 1126.086  1698895  1515.64  1700904  1513.56 170068 170064 170122 170124 170075 170123 170129 170068 170067 170064 169859 169865 169926 169924 169861 169913 169857 169872 169886 169932
 1131.086  1706056  1502.30  1707918  1505.92 170786 170785 170830 170764 170795 170829 170766 170790 170789 170784 170584 170585 170636 170641 170585 170634 170569 170592 170591 170639
 1136.086  1712586  1476.06  1714646  1482.00 171459 171458 171502 171437 171468 171500 171441 171463 171462 171456 171259 171260 171243 171314 171255 171305 171243 171265 171196 171246
 1141.086  1719316  1449.08  1721246  1457.36 172133 172132 172106 172110 172143 172104 172113 172137 172137 172131 171932 171932 171915 171989 171926 171982 171920 171937 171866 171917
 1146.086  1726384  1427.28  1728322  1435.70 172840 172839 172817 172816 172851 172815 172822 172843 172842 172837 172643 172639 172619 172693 172634 172687 172626 172644 172574 172625
 1151.086  1733859  1429.33  1735805  1435.54 173589 173589 173564 173563 173598 173564 173570 173591 173590 173587 173392 173387 173368 173439 173380 173435 173374 173393 173321 173370
 1156.086  1741388  1418.72  1743341  1411.98 174342 174343 174316 174316 174351 174319 174324 174345 174344 174341 174146 174139 174122 174190 174134 174188 174128 174149 174071 174121
 1161.086  1749431  1442.95  1751397  1443.89 175147 175148 175122 175122 175156 175125 175131 175150 175150 175146 174949 174943 174928 174995 174940 174992 174934 174951 174875 174924
 1166.086  1757016  1475.45  1758976  1472.16 175905 175907 175878 175881 175914 175883 175889 175906 175908 175905 175705 175701 175683 175754 175700 175751 175694 175711 175635 175682
 1171.086  1765190  1526.76  1767233  1528.14 176731 176732 176704 176708 176739 176710 176715 176731 176733 176730 176529 176528 176507 176579 176525 176577 176444 176535 176460 176506
 1176.086  1773028  1545.96  1775085  1546.70 177518 177520 177484 177491 177527 177492 177497 177517 177521 177518 177315 177315 177291 177366 177307 177364 177216 177323 177243 177288
 1181.086  1780983  1563.11  1783032  1563.88 178311 178313 178283 178290 178318 178291 178292 178310 178314 178310 178110 178108 178088 178157 178099 178158 178022 178116 178039 178086
 1186.086  1788831  1571.73  1790973  1575.46 179104 179107 179077 179086 179112 179085 179087 179104 179106 179105 178905 178899 178879 178871 178892 178949 178815 178907 178834 178880
 1191.086  1796787  1570.44  1798784  1574.19 179908 179834 179881 179891 179840 179890 179890 179908 179910 179832 179709 179704 179682 179674 179695 179750 179620 179633 179638 179682
 1196.086  1804304  1572.28  1806313  1576.71 180594 180597 180649 180666 180605 180663 180664 180685 180596 180594 180486 180390 180452 180435 180467 180438 180381 180397 180407 180451
