Test case: 
Description: 
	10 senders: persistent queues
	10 receivers: client acknowledge every 50 messages
Timestamp: 2011.11.2 2:9:5
Version: 
Setting up JMS benchmark connections... 

Start processing messages.
Fri Dec 02 02:09:05 EST 2011

  Seconds   Send   Send/Sec   Recv   Recv/Sec   RCV0   RCV1   RCV2   RCV3   RCV4   RCV5   RCV6   RCV7   RCV8   RCV9  SND10  SND11  SND12  SND13  SND14  SND15  SND16  SND17  SND18  SND19
  ------- -------- -------- -------- -------- ------ ------ ------ ------ ------ ------ ------ ------ ------ ------ ------ ------ ------ ------ ------ ------ ------ ------ ------ ------
    1.122        0     0.00        0     0.00      0      0      0      0      0      0      0      0      0      0      0      0      0      0      0      0      0      0      0      0
    6.122     2055   446.74     2229   484.57    222    223    225    226    222    222    223    222    222    222    206    205    205    205    205    208    205    206    205    205
   11.122     4614   478.02     4785   495.83    478    480    480    482    477    477    478    477    479    477    463    462    461    459    459    465    461    461    462    461
   16.122     7086   468.22     7258   480.00    726    727    727    730    724    724    725    725    725    725    711    708    709    706    707    713    709    708    708    707
   21.123     9579   478.11     9786   487.30    981    957    983    984    979    980    981    981    980    980    965    962    940    960    962    941    963    962    961    963
   26.122    12076   488.86    12215   496.54   1222   1224   1224   1225   1218   1220   1221   1222   1220   1219   1205   1202   1207   1224   1224   1207   1202   1202   1200   1203
   31.122    14585   492.74    14769   498.95   1477   1479   1480   1481   1472   1476   1477   1477   1476   1474   1459   1459   1465   1455   1455   1462   1458   1457   1455   1460
   36.122    17200   507.35    17391   508.79   1739   1741   1742   1743   1734   1739   1740   1739   1737   1737   1720   1720   1727   1716   1717   1723   1720   1720   1717   1720
   41.122    19812   506.80    20000   504.95   1999   2002   2002   2005   1995   2000   2001   2000   1998   1998   1982   1981   1987   1977   1978   1983   1982   1982   1978   1982
   46.122    22463   508.22    22673   508.76   2266   2271   2269   2272   2262   2267   2268   2267   2266   2265   2250   2249   2229   2244   2245   2250   2250   2250   2246   2250
   51.122    24942   511.53    25155   510.72   2529   2503   2532   2505   2525   2501   2502   2500   2529   2529   2512   2483   2490   2507   2507   2484   2484   2483   2508   2484
   56.122    27382   513.64    27565   515.12   2755   2758   2758   2760   2753   2757   2758   2756   2755   2755   2738   2738   2743   2733   2736   2739   2740   2739   2737   2739
   61.122    29877   512.32    30058   513.05   3004   3007   3007   3009   3001   3007   3008   3006   3004   3005   2987   2988   2992   2981   2986   2989   2991   2989   2986   2988
   66.122    32405   508.36    32593   507.32   3257   3262   3260   3262   3255   3261   3262   3258   3258   3258   3239   3240   3246   3236   3238   3242   3244   3241   3238   3241
   71.122    35032   502.05    35247   502.11   3522   3529   3525   3526   3521   3528   3529   3523   3522   3522   3505   3505   3483   3503   3504   3507   3510   3506   3504   3505
   76.123    37659   502.16    37822   501.56   3788   3765   3791   3792   3788   3766   3767   3789   3788   3788   3770   3771   3749   3768   3770   3774   3747   3772   3768   3770
   81.122    40038   505.70    40209   505.17   4018   4023   4021   4022   4018   4025   4028   4018   4018   4018   4001   4001   4007   4023   3999   4004   4004   4002   3998   3999
   86.122    42627   511.58    42832   511.44   4281   4285   4284   4285   4280   4285   4290   4281   4280   4281   4263   4263   4268   4257   4261   4265   4265   4265   4260   4260
   91.122    45214   513.76    45431   513.22   4541   4544   4544   4544   4541   4544   4550   4541   4541   4541   4519   4521   4528   4517   4520   4523   4525   4525   4518   4518
   96.122    47861   512.79    48062   510.20   4805   4812   4812   4808   4807   4811   4788   4805   4809   4805   4783   4786   4793   4782   4786   4789   4789   4789   4782   4782
  101.122    50453   509.90    50625   510.13   5066   5047   5073   5070   5068   5047   5052   5067   5069   5066   5045   5048   5027   5047   5047   5050   5050   5051   5044   5044
  106.123    52874   506.29    53030   507.84   5318   5300   5301   5322   5296   5299   5309   5294   5297   5294   5299   5274   5280   5300   5299   5276   5276   5277   5296   5297
  111.122    55358   514.11    55585   515.15   5552   5561   5561   5557   5558   5560   5568   5555   5557   5556   5535   5536   5541   5535   5534   5536   5538   5539   5532   5532
  116.122    58002   515.02    58233   514.95   5818   5826   5824   5822   5822   5824   5833   5821   5822   5821   5798   5800   5808   5798   5800   5799   5803   5804   5795   5797
  121.122    60616   514.28    60825   510.55   6081   6087   6087   6085   6084   6085   6068   6082   6084   6082   6061   6061   6069   6059   6062   6060   6063   6065   6058   6058
  126.122    63166   505.67    63376   506.71   6338   6318   6345   6342   6342   6343   6326   6340   6342   6340   6320   6319   6300   6316   6319   6317   6320   6323   6317   6315
  131.122    65664   504.56    65776   506.71   6593   6575   6575   6596   6572   6573   6580   6570   6572   6570   6574   6548   6556   6572   6572   6571   6575   6552   6571   6573
  136.123    68077   509.31    68285   511.06   6825   6830   6831   6826   6827   6829   6837   6826   6828   6826   6805   6804   6813   6804   6804   6829   6807   6807   6801   6803
  141.122    70674   513.12    70901   513.12   7088   7090   7092   7088   7089   7092   7097   7088   7089   7088   7068   7067   7075   7066   7067   7065   7070   7068   7063   7065
  146.122    73308   511.88    73532   508.15   7350   7353   7355   7352   7352   7356   7361   7350   7353   7350   7332   7329   7339   7330   7331   7328   7333   7331   7326   7329
  151.122    75860   506.31    76080   504.06   7608   7609   7613   7610   7608   7612   7594   7608   7610   7608   7590   7587   7573   7588   7591   7584   7592   7587   7583   7585
  156.122    78411   505.87    78586   506.28   7845   7870   7848   7869   7869   7848   7853   7870   7845   7869   7851   7824   7832   7847   7849   7845   7827   7848   7843   7845
  161.122    80962   509.58    81112   513.71   8108   8107   8111   8132   8106   8110   8117   8107   8108   8106   8088   8086   8096   8111   8086   8106   8089   8085   8107   8108
  166.122    83533   516.93    83739   517.74   8374   8371   8378   8371   8370   8376   8383   8371   8375   8370   8352   8350   8362   8349   8352   8371   8355   8350   8346   8346
  171.123    85968   512.42    86193   510.74   8621   8619   8626   8620   8618   8623   8607   8619   8623   8617   8602   8597   8587   8597   8600   8594   8604   8599   8595   8593
  176.122    88563   508.39    88781   507.32   8880   8877   8886   8878   8877   8882   8867   8877   8882   8875   8862   8855   8846   8857   8859   8856   8865   8857   8853   8853
  181.122    91110   505.79    91302   504.85   9138   9134   9118   9135   9134   9139   9123   9135   9115   9131   9120   9114   9103   9115   9116   9113   9096   9113   9110   9110
  186.122    93634   505.60    93825   507.01   9370   9391   9376   9392   9392   9371   9380   9393   9372   9388   9353   9346   9361   9372   9373   9371   9354   9370   9366   9368
  191.122    96157   506.31    96322   508.62   9632   9625   9634   9627   9626   9631   9640   9628   9632   9647   9613   9609   9622   9607   9606   9630   9613   9629   9625   9603
  196.122    98650   506.46    98870   506.93   9889   9881   9893   9884   9884   9889   9897   9886   9890   9877   9871   9868   9879   9864   9865   9860   9869   9859   9856   9859
  201.122   101228   509.55   101444   508.44  10148  10141  10154  10145  10145  10148  10131  10146  10150  10136  10132  10127  10114  10124  10126  10120  10129  10118  10118  10120
  206.122   103811   506.54   104007   505.00  10407  10401  10387  10404  10403  10407  10390  10405  10408  10395  10389  10386  10373  10383  10384  10377  10386  10375  10377  10381
  211.122   106232   504.13   106428   504.23  10631  10652  10637  10653  10653  10631  10641  10654  10632  10644  10613  10610  10622  10633  10634  10626  10612  10625  10626  10631
  216.123   108693   501.58   108891   502.72  10885  10879  10889  10908  10881  10884  10898  10882  10886  10899  10866  10862  10876  10861  10862  10882  10866  10879  10881  10858
  221.122   111266   503.99   111459   505.94  11144  11140  11149  11139  11141  11143  11157  11142  11146  11158  11125  11122  11136  11122  11124  11141  11125  11139  11112  11120
  226.122   113760   504.43   113976   504.26  11400  11397  11405  11396  11398  11399  11390  11398  11402  11391  11381  11379  11369  11377  11381  11374  11382  11370  11370  11377
  231.122   116332   502.35   116541   500.30  11656  11655  11661  11652  11655  11655  11647  11655  11658  11647  11638  11635  11626  11634  11638  11631  11639  11627  11629  11635
  236.122   118989   503.14   119173   502.70  11925  11923  11904  11922  11923  11923  11914  11922  11900  11917  11907  11904  11893  11903  11906  11900  11881  11894  11899  11902
  241.123   121572   511.28   121750   511.54  12168  12167  12176  12194  12168  12168  12184  12167  12171  12187  12154  12151  12163  12173  12153  12170  12153  12164  12171  12146
  246.122   124177   516.58   124346   516.64  12429  12429  12439  12430  12429  12429  12448  12428  12434  12451  12417  12414  12429  12410  12415  12434  12415  12428  12406  12409
  251.122   126748   516.96   126916   517.84  12692  12692  12700  12693  12692  12692  12684  12691  12696  12684  12679  12676  12666  12672  12677  12670  12679  12688  12669  12672
  256.122   129420   521.21   129608   520.27  12962  12961  12969  12962  12962  12961  12951  12961  12966  12953  12948  12946  12935  12942  12948  12940  12950  12932  12937  12942
  261.122   131911   518.36   132173   517.38  13219  13217  13225  13218  13219  13218  13208  13217  13222  13210  13205  13177  13191  13198  13180  13197  13181  13191  13194  13197
  266.122   134422   512.74   134605   512.74  13447  13446  13453  13471  13471  13471  13463  13471  13449  13463  13433  13430  13446  13454  13434  13449  13434  13445  13447  13450
  271.122   136852   511.02   137063   512.13  13704  13702  13710  13702  13701  13700  13720  13700  13705  13719  13688  13687  13677  13685  13689  13680  13691  13700  13676  13679
  276.122   139481   511.81   139688   513.99  13970  13967  13975  13968  13966  13966  13958  13966  13971  13981  13954  13952  13943  13950  13955  13945  13956  13939  13941  13946
  281.122   142159   513.52   142337   514.77  14238  14236  14243  14235  14233  14233  14224  14234  14239  14222  14222  14221  14210  14217  14223  14212  14224  14205  14211  14214
  286.122   144771   509.36   145001   508.83  14504  14502  14510  14503  14500  14500  14490  14500  14504  14488  14488  14459  14478  14483  14489  14480  14463  14473  14478  14480
  291.122   147278   511.41   147498   509.16  14733  14757  14739  14758  14754  14754  14747  14756  14756  14744  14717  14718  14735  14739  14718  14735  14721  14728  14732  14735
  296.123   149854   516.16   150075   515.72  15001  15001  15005  15025  14998  15021  15014  14999  15000  15011  14984  14987  14977  14982  14984  15003  14989  14997  14975  14976
  301.122   152393   518.89   152592   519.40  15257  15258  15261  15258  15253  15254  15269  15256  15258  15268  15240  15243  15234  15237  15240  15234  15246  15253  15232  15234
  306.122   154920   514.73   155149   513.79  15513  15515  15517  15512  15508  15511  15523  15513  15514  15523  15496  15496  15492  15494  15496  15488  15500  15482  15486  15490
  311.122   157478   508.07   157660   507.33  15770  15771  15773  15769  15766  15766  15754  15768  15770  15753  15753  15750  15748  15750  15753  15744  15755  15738  15741  15746
  316.122   159936   504.41   160113   503.57  16000  16002  16003  16024  16023  16021  16008  16024  16000  16008  15984  15981  15979  16006  16008  16000  15987  15991  15997  16003
  321.122   162398   505.65   162555   505.29  16255  16257  16258  16254  16251  16250  16263  16251  16255  16261  16238  16235  16236  16233  16237  16254  16241  16245  16249  16230
  326.122   164924   504.88   165134   503.61  16513  16514  16516  16513  16508  16509  16520  16509  16513  16519  16496  16492  16493  16491  16496  16487  16498  16501  16482  16488
  331.122   167508   501.68   167709   501.78  16772  16771  16774  16769  16764  16765  16779  16766  16772  16777  16755  16752  16753  16748  16755  16745  16757  16760  16738  16745
  336.122   169973   501.71   170209   499.26  17028  17027  17030  17023  17020  17020  17008  17022  17026  17005  17008  17008  16983  17002  17009  16999  16985  16988  16991  17000
  341.122   172352   496.51   172561   496.54  17254  17241  17257  17263  17261  17261  17254  17263  17253  17254  17236  17232  17233  17244  17223  17241  17235  17236  17232  17240
  346.123   174945   495.81   175107   497.05  17514  17500  17517  17522  17520  17496  17514  17496  17514  17514  17496  17492  17493  17502  17482  17500  17495  17496  17491  17498
  351.122   177519   501.58   177699   503.32  17780  17762  17784  17758  17756  17760  17781  17758  17780  17780  17763  17759  17760  17738  17746  17736  17762  17762  17759  17734
  356.122   180025   506.74   180232   506.64  18019  18030  18023  18027  18023  18027  18020  18026  18019  18018  18003  17999  17999  18005  18012  18003  18002  18003  17998  18001
  361.122   182571   504.63   182778   504.83  18274  18284  18277  18281  18277  18281  18275  18281  18274  18274  18257  18255  18254  18259  18266  18259  18255  18257  18252  18257
  366.123   185102   505.12   185315   503.51  18528  18539  18530  18534  18531  18534  18528  18535  18527  18529  18512  18507  18508  18513  18517  18510  18508  18510  18506  18511
  371.122   187694   506.02   187885   506.29  18787  18772  18790  18794  18789  18794  18788  18794  18787  18790  18770  18767  18765  18772  18777  18769  18768  18770  18766  18770
  376.122   190232   506.36   190384   508.54  19047  19033  19049  19030  19049  19027  19047  19028  19048  19026  19029  19026  19024  19007  19009  19028  19027  19029  19025  19028
  381.122   192610   505.54   192815   507.25  19277  19289  19280  19286  19280  19282  19278  19284  19277  19282  19261  19256  19256  19263  19264  19258  19257  19260  19278  19257
  386.122   195139   507.18   195376   507.32  19534  19545  19537  19541  19536  19537  19536  19540  19534  19536  19520  19511  19511  19518  19518  19513  19511  19518  19507  19512
  391.122   197652   505.29   197882   504.45  19784  19795  19787  19792  19787  19788  19787  19790  19785  19787  19771  19763  19763  19769  19770  19763  19762  19769  19758  19764
  396.122   200152   499.41   200360   497.63  20036  20020  20039  20041  20037  20038  20037  20039  20036  20037  20020  20013  20014  20019  20019  20013  20013  20019  20008  20014
  401.122   202689   495.34   202914   496.51  20292  20274  20295  20296  20292  20293  20293  20294  20292  20293  20276  20269  20270  20250  20274  20271  20270  20276  20263  20270
  406.122   205081   494.80   205201   497.21  20518  20526  20521  20522  20518  20519  20519  20521  20518  20519  20501  20520  20496  20503  20502  20523  20522  20502  20516  20496
  411.123   207553   501.46   207771   501.90  20775  20782  20778  20779  20775  20776  20776  20779  20775  20776  20758  20752  20754  20761  20760  20755  20754  20759  20747  20753
  416.123   210151   502.03   210380   501.76  21037  21041  21039  21041  21036  21037  21037  21039  21036  21037  21016  21010  21016  21023  21021  21014  21013  21020  21007  21011
  421.122   212697   501.51   212935   496.74  21294  21295  21294  21298  21290  21294  21292  21294  21290  21294  21270  21266  21271  21276  21276  21269  21268  21276  21260  21265
  426.122   215121   497.08   215337   497.35  21518  21522  21545  21522  21542  21543  21543  21518  21541  21543  21520  21516  21521  21500  21501  21519  21517  21502  21510  21515
  431.122   217618   495.75   217710   496.53  21770  21774  21773  21773  21770  21770  21771  21770  21769  21770  21771  21767  21749  21754  21753  21772  21769  21755  21763  21765
  436.122   220001   499.85   220226   504.21  22022  22024  22025  22025  22021  22021  22023  22022  22021  22022  21997  21992  22000  22006  22005  21996  21995  22006  22014  21990
  441.122   222462   498.00   222720   495.45  22272  22273  22275  22273  22271  22269  22272  22272  22271  22272  22247  22242  22248  22255  22254  22244  22243  22255  22236  22238
  446.122   225011   495.25   225278   491.39  22528  22528  22530  22530  22527  22526  22527  22528  22526  22528  22500  22497  22504  22512  22510  22497  22497  22509  22492  22493
  451.122   227504   493.52   227748   491.21  22757  22782  22784  22785  22756  22781  22782  22782  22781  22758  22755  22754  22757  22742  22739  22752  22751  22762  22745  22747
  456.122   229971   492.65   230084   494.87  23008  23009  23011  23009  23008  23005  23009  23009  23007  23009  23007  23007  22982  22994  22989  23005  23004  22986  22998  22999
  461.122   232501   495.94   232680   502.35  23268  23268  23271  23269  23268  23265  23269  23268  23266  23268  23240  23238  23243  23252  23248  23262  23260  23247  23256  23255
  466.122   235003   498.07   235236   498.24  23522  23524  23526  23526  23523  23522  23524  23524  23523  23522  23492  23492  23503  23505  23505  23491  23488  23506  23511  23510
  471.122   237562   503.32   237838   498.93  23781  23785  23787  23785  23784  23781  23785  23785  23784  23781  23752  23752  23763  23767  23766  23753  23750  23767  23746  23746
  476.122   240057   504.06   240268   499.66  24038  24017  24021  24042  24018  24039  24019  24017  24018  24039  24009  24009  24020  24000  23999  24009  24005  24001  24003  24002
  481.122   242590   505.40   242747   502.48  24268  24273  24276  24297  24273  24270  24274  24273  24273  24270  24265  24265  24250  24257  24255  24265  24262  24256  24258  24257
  486.123   245280   509.18   245402   514.04  24534  24542  24545  24538  24542  24537  24543  24542  24542  24537  24534  24535  24519  24525  24525  24533  24531  24525  24528  24525
  491.122   247785   507.74   247937   512.00  24788  24795  24798  24792  24795  24791  24796  24795  24795  24792  24786  24762  24774  24779  24777  24786  24783  24778  24782  24778
  496.122   250305   509.60   250603   507.89  25053  25061  25066  25057  25062  25059  25061  25061  25062  25061  25024  25026  25040  25046  25044  25024  25021  25043  25019  25018
  501.122   252946   512.79   253225   508.72  25315  25323  25327  25321  25323  25323  25324  25323  25323  25323  25289  25289  25303  25307  25306  25290  25287  25306  25285  25284
  506.122   255492   517.95   255674   515.30  25579  25563  25566  25588  25563  25562  25564  25563  25563  25563  25554  25551  25544  25546  25547  25553  25553  25546  25550  25548
  511.122   258098   518.64   258244   518.37  25839  25824  25825  25823  25822  25822  25824  25821  25822  25822  25815  25813  25805  25809  25807  25813  25812  25805  25810  25809
  516.122   260716   511.19   260812   517.13  26073  26085  26083  26084  26080  26080  26084  26080  26080  26083  26078  26076  26066  26069  26068  26075  26074  26065  26072  26073
  521.123   263138   511.71   263387   516.71  26333  26341  26341  26341  26337  26337  26342  26337  26337  26341  26310  26307  26324  26327  26324  26308  26307  26322  26304  26305
  526.122   265682   514.30   265986   508.52  26593  26603  26599  26601  26596  26597  26602  26597  26597  26601  26567  26567  26559  26562  26584  26567  26566  26580  26565  26565
  531.122   268328   515.30   268570   508.99  26858  26845  26866  26866  26863  26862  26843  26862  26863  26842  26835  26834  26825  26829  26825  26835  26835  26846  26833  26831
  536.122   270962   515.52   271223   515.65  27124  27109  27132  27131  27129  27127  27108  27127  27129  27107  27101  27101  27091  27095  27090  27100  27101  27086  27099  27098
  541.123   273564   513.15   273623   516.07  27356  27367  27364  27362  27361  27360  27366  27359  27361  27367  27362  27361  27352  27355  27350  27361  27360  27346  27360  27357
  546.122   276106   512.11   276251   518.09  27620  27628  27627  27627  27625  27623  27626  27622  27625  27628  27624  27598  27613  27615  27613  27599  27621  27609  27620  27594
  551.122   278701   518.88   278930   519.92  27889  27896  27896  27893  27893  27889  27895  27890  27893  27896  27866  27865  27881  27881  27880  27866  27862  27877  27862  27861
  556.122   281307   521.91   281551   514.26  28153  28156  28157  28157  28154  28153  28156  28153  28154  28158  28131  28128  28119  28142  28142  28131  28126  28139  28124  28125
  561.122   283769   516.34   284071   512.01  28407  28386  28413  28411  28408  28407  28411  28408  28409  28411  28384  28385  28372  28369  28370  28386  28378  28369  28379  28377
  566.123   286301   510.40   286492   508.15  28659  28640  28640  28663  28659  28659  28638  28659  28636  28639  28638  28638  28626  28623  28623  28641  28629  28622  28631  28630
  571.122   288872   509.21   288969   514.98  28893  28902  28898  28897  28894  28893  28898  28895  28898  28901  28900  28873  28888  28885  28888  28876  28892  28884  28893  28893
  576.122   291506   511.54   291660   517.08  29162  29170  29167  29166  29164  29162  29168  29165  29167  29169  29144  29142  29156  29154  29157  29144  29161  29154  29160  29134
  581.122   293972   509.53   294226   508.42  29418  29425  29423  29422  29420  29419  29426  29423  29424  29426  29397  29397  29388  29407  29409  29398  29386  29408  29393  29389
  586.122   296578   508.86   296867   504.90  29683  29688  29687  29687  29684  29683  29690  29688  29689  29688  29661  29660  29651  29670  29643  29662  29652  29670  29656  29653
  591.122   299190   513.27   299470   509.95  29948  29953  29953  29951  29951  29947  29931  29953  29930  29953  29927  29926  29918  29911  29910  29927  29920  29910  29922  29919
  596.122   301771   514.11   301951   516.26  30208  30190  30188  30211  30187  30207  30191  30190  30191  30188  30188  30162  30180  30171  30171  30187  30180  30170  30183  30179
  601.123   304264   515.57   304498   521.11  30444  30450  30450  30447  30450  30443  30453  30453  30455  30453  30424  30425  30416  30434  30433  30422  30444  30431  30420  30415
  606.122   306829   510.87   307065   512.75  30702  30707  30708  30703  30708  30700  30709  30709  30710  30709  30681  30682  30672  30691  30689  30681  30697  30688  30676  30672
  611.122   309402   514.23   309663   512.68  30961  30967  30966  30962  30968  30961  30969  30969  30971  30969  30941  30941  30932  30953  30949  30941  30932  30947  30935  30931
  616.122   311985   513.41   312253   509.98  31225  31231  31230  31226  31232  31226  31207  31233  31210  31233  31204  31204  31196  31190  31185  31206  31196  31211  31199  31194
  621.122   314628   512.62   314818   511.41  31492  31471  31496  31495  31472  31494  31474  31473  31478  31473  31472  31470  31462  31459  31452  31472  31463  31451  31467  31460
  626.123   317130   512.68   317319   515.70  31726  31732  31729  31730  31732  31728  31734  31734  31740  31734  31707  31704  31723  31720  31711  31707  31724  31710  31702  31722
  631.123   319635   514.04   319868   514.88  31979  31988  31986  31983  31988  31982  31989  31990  31994  31989  31962  31960  31952  31974  31966  31965  31979  31968  31957  31952
  636.122   322161   511.86   322428   510.35  32236  32244  32242  32239  32244  32238  32245  32245  32250  32245  32217  32216  32206  32230  32221  32219  32208  32224  32212  32208
  641.122   324692   507.87   324958   506.29  32493  32499  32498  32495  32500  32492  32501  32501  32478  32501  32472  32472  32462  32460  32476  32475  32464  32479  32468  32464
  646.122   327242   506.11   327411   504.77  32752  32732  32758  32755  32730  32751  32732  32733  32735  32733  32732  32732  32724  32720  32709  32737  32725  32712  32728  32723
  651.122   329799   505.69   330004   507.87  33014  32998  32995  32994  32995  33014  32998  32998  33000  32998  32996  32969  32986  32983  32975  32974  32987  32977  32966  32986
  656.122   332394   509.61   332594   512.60  33252  33262  33259  33260  33260  33252  33262  33262  33264  33261  33237  33233  33249  33248  33238  33239  33252  33242  33232  33224
  661.122   334923   510.42   335177   509.38  33509  33520  33518  33519  33517  33509  33520  33521  33524  33520  33497  33492  33482  33505  33497  33496  33484  33501  33488  33481
  666.122   337478   508.89   337733   507.72  33769  33778  33777  33777  33774  33767  33778  33779  33756  33778  33755  33750  33740  33736  33756  33753  33742  33758  33748  33740
  671.122   340014   509.80   340216   508.49  34028  34011  34035  34037  34033  34024  34013  34011  34013  34011  34014  34009  33998  33994  33990  34012  34001  33992  34006  33998
  676.122   342526   510.32   342722   512.06  34287  34268  34267  34270  34268  34281  34270  34270  34272  34269  34249  34241  34255  34253  34251  34247  34259  34251  34264  34256
  681.123   345116   511.24   345314   512.85  34523  34529  34527  34529  34532  34543  34533  34533  34534  34531  34513  34500  34515  34513  34513  34512  34521  34513  34500  34516
  686.122   347624   505.86   347849   508.44  34777  34785  34784  34786  34789  34773  34790  34790  34789  34786  34770  34755  34770  34769  34769  34769  34751  34770  34755  34746
  691.122   350169   507.25   350413   506.04  35034  35041  35041  35042  35046  35029  35047  35046  35046  35041  35026  35012  35002  35027  35026  35027  35008  35026  35013  35002
  696.122   352590   505.44   352861   503.42  35289  35297  35296  35298  35275  35283  35275  35275  35275  35298  35255  35268  35257  35258  35255  35255  35262  35254  35268  35258
  701.122   355177   505.23   355353   506.14  35549  35530  35529  35531  35535  35544  35536  35534  35534  35531  35515  35527  35514  35516  35513  35516  35522  35512  35527  35515
  706.122   357754   508.32   357962   510.50  35786  35793  35793  35795  35800  35807  35800  35796  35798  35794  35777  35764  35778  35780  35776  35781  35784  35774  35762  35778
  711.122   360302   505.39   360518   506.86  36044  36051  36053  36055  36056  36039  36057  36054  36055  36054  36034  36023  36032  36037  36033  36038  36041  36034  36020  36010
  716.123   362823   503.72   363064   503.36  36295  36305  36308  36309  36310  36295  36312  36310  36310  36310  36288  36279  36287  36291  36288  36292  36271  36290  36274  36263
  721.122   365192   502.52   365469   502.01  36545  36558  36559  36561  36535  36545  36537  36559  36535  36535  36536  36528  36511  36516  36511  36517  36522  36514  36524  36513
  726.122   367724   505.35   367925   505.52  36799  36789  36791  36791  36791  36799  36794  36789  36789  36793  36769  36783  36767  36770  36767  36774  36777  36769  36779  36769
  731.122   370258   503.57   370478   505.89  37055  37043  37046  37047  37046  37055  37050  37044  37044  37048  37024  37014  37022  37026  37024  37030  37033  37026  37034  37025
  736.122   372782   499.16   373052   502.15  37311  37301  37304  37304  37304  37312  37307  37301  37302  37306  37282  37270  37280  37282  37283  37287  37266  37284  37267  37281
  741.122   375268   497.87   375541   497.16  37539  37555  37558  37561  37557  37539  37562  37556  37555  37559  37537  37524  37533  37535  37512  37542  37519  37537  37520  37509
  746.122   377733   498.59   378051   497.82  37797  37811  37814  37817  37813  37794  37793  37811  37811  37790  37793  37781  37764  37767  37768  37773  37777  37768  37776  37766
  751.122   380249   502.65   380436   502.25  38052  38039  38042  38046  38043  38048  38045  38039  38039  38043  38023  38036  38018  38020  38023  38026  38031  38021  38031  38020
  756.122   382814   503.56   383018   505.54  38311  38296  38300  38305  38301  38306  38303  38298  38296  38302  38284  38268  38279  38277  38280  38286  38291  38279  38290  38280
  761.123   385403   503.96   385672   507.28  38576  38561  38567  38570  38566  38571  38569  38565  38561  38566  38548  38532  38543  38542  38544  38549  38529  38544  38528  38544
  766.123   387952   503.89   388223   503.02  38807  38819  38824  38828  38825  38829  38827  38821  38819  38824  38806  38789  38800  38801  38801  38805  38787  38802  38785  38776
  771.122   390489   508.94   390827   506.59  39071  39086  39090  39093  39089  39070  39065  39087  39086  39090  39044  39054  39037  39039  39039  39070  39050  39068  39048  39040
  776.122   392999   510.54   393199   508.32  39327  39316  39318  39321  39317  39326  39322  39316  39316  39320  39301  39310  39294  39296  39296  39301  39307  39296  39304  39294
  781.122   395568   511.41   395786   514.23  39588  39575  39575  39577  39577  39584  39581  39575  39575  39579  39560  39544  39553  39556  39555  39560  39569  39555  39562  39554
  786.122   398160   510.34   398405   513.52  39850  39836  39836  39838  39838  39848  39845  39836  39837  39841  39821  39805  39815  39817  39818  39822  39803  39817  39824  39818
  791.122   400666   507.10   400934   507.94  40080  40092  40092  40094  40093  40102  40099  40092  40093  40097  40077  40061  40071  40072  40073  40078  40060  40074  40053  40047
  796.122   403203   507.90   403469   504.82  40337  40351  40351  40354  40353  40333  40330  40351  40353  40356  40336  40320  40303  40331  40305  40338  40320  40335  40310  40305
  801.123   405729   509.66   406043   506.34  40602  40613  40613  40616  40612  40598  40594  40613  40590  40592  40571  40584  40566  40567  40569  40573  40583  40573  40574  40569
  806.123   408317   512.15   408496   511.51  40861  40845  40845  40848  40844  40859  40853  40845  40848  40848  40829  40843  40825  40827  40827  40831  40844  40831  40832  40828
  811.122   410890   512.40   411129   512.23  41124  41109  41107  41112  41108  41120  41118  41109  41111  41111  41091  41078  41088  41091  41091  41093  41080  41093  41094  41091
  816.122   413418   506.17   413684   509.36  41377  41365  41363  41369  41364  41373  41373  41365  41368  41367  41347  41334  41343  41346  41346  41349  41335  41349  41348  41321
  821.122   415936   507.97   416198   506.02  41606  41621  41621  41627  41621  41604  41629  41621  41624  41624  41602  41591  41598  41578  41604  41607  41593  41608  41578  41577
  826.122   418377   507.52   418709   506.28  41863  41877  41877  41884  41876  41859  41860  41877  41856  41880  41835  41847  41830  41836  41835  41838  41849  41838  41835  41834
  831.122   420864   506.19   421074   503.57  42113  42102  42125  42107  42099  42107  42109  42102  42106  42104  42083  42096  42080  42084  42083  42087  42098  42088  42083  42082
  836.123   423392   502.40   423625   506.83  42371  42358  42359  42364  42356  42367  42368  42358  42362  42362  42339  42329  42336  42343  42341  42343  42331  42348  42342  42340
  841.122   425886   498.93   426114   500.27  42619  42607  42610  42613  42608  42616  42618  42607  42607  42609  42587  42583  42584  42591  42588  42591  42586  42597  42591  42588
  846.123   428510   498.67   428731   499.78  42857  42872  42873  42877  42873  42881  42882  42872  42871  42873  42850  42848  42850  42856  42855  42856  42851  42861  42855  42828
  851.123   431059   501.85   431311   500.57  43118  43136  43138  43140  43136  43117  43118  43136  43136  43136  43113  43111  43114  43092  43118  43120  43114  43097  43090  43090
  856.123   433606   507.55   433884   503.99  43381  43394  43397  43400  43370  43378  43379  43394  43395  43396  43372  43369  43347  43354  43351  43377  43373  43359  43351  43353
  861.122   436163   512.55   436388   513.02  43648  43634  43638  43639  43636  43643  43645  43634  43636  43635  43613  43609  43612  43620  43617  43617  43614  43625  43617  43619
  866.122   438723   511.90   438947   511.66  43904  43890  43893  43895  43891  43900  43901  43891  43891  43891  43869  43866  43869  43878  43872  43871  43871  43880  43872  43875
  871.122   441308   512.65   441557   515.30  44166  44151  44153  44158  44151  44160  44163  44150  44151  44154  44131  44126  44130  44141  44133  44131  44132  44142  44133  44109
  876.122   443872   511.16   444115   511.12  44403  44415  44419  44419  44416  44399  44401  44413  44415  44415  44396  44389  44395  44378  44398  44395  44397  44379  44372  44373
  881.122   446311   510.07   446658   508.96  44657  44669  44674  44674  44671  44652  44653  44670  44669  44669  44625  44645  44623  44631  44626  44649  44627  44634  44626  44625
  886.122   448831   510.05   449050   508.94  44915  44900  44905  44906  44902  44909  44910  44903  44900  44900  44882  44877  44880  44887  44883  44881  44884  44890  44883  44884
  891.122   451384   508.12   451597   509.50  45170  45156  45159  45161  45156  45163  45164  45158  45156  45154  45138  45132  45135  45142  45140  45135  45140  45145  45137  45140
  896.122   453895   504.11   454102   506.90  45401  45408  45413  45413  45408  45416  45417  45411  45408  45407  45389  45385  45390  45397  45394  45388  45392  45400  45390  45370
  901.122   456402   501.31   456661   502.55  45656  45664  45670  45671  45663  45670  45673  45668  45663  45663  45644  45641  45644  45626  45651  45644  45649  45630  45647  45626
  906.122   458973   503.27   459264   502.27  45920  45929  45935  45938  45928  45911  45913  45933  45929  45928  45907  45905  45909  45892  45890  45909  45888  45895  45888  45890
  911.122   461527   507.95   461789   504.13  46180  46191  46169  46172  46188  46170  46174  46166  46191  46188  46142  46165  46142  46151  46150  46170  46149  46156  46150  46152
  916.122   464053   509.03   464264   509.63  46438  46422  46426  46431  46420  46429  46432  46424  46422  46420  46399  46396  46400  46407  46409  46402  46408  46414  46407  46411
  921.123   466559   504.70   466795   507.32  46690  46675  46678  46686  46673  46684  46685  46676  46675  46673  46651  46649  46653  46659  46664  46655  46661  46667  46662  46638
  926.122   469184   507.84   469393   510.52  46927  46937  46941  46948  46936  46945  46946  46937  46938  46938  46913  46912  46916  46921  46928  46917  46922  46929  46925  46901
  931.123   471739   511.38   472057   509.26  47195  47203  47208  47214  47202  47211  47212  47203  47204  47205  47180  47177  47182  47187  47167  47182  47163  47169  47165  47167
  936.122   474307   511.63   474582   509.18  47456  47466  47445  47449  47466  47448  47449  47466  47467  47470  47447  47440  47417  47422  47429  47445  47422  47430  47427  47428
  941.122   476934   514.36   477151   512.89  47721  47729  47711  47715  47704  47714  47715  47729  47704  47709  47682  47703  47686  47689  47696  47707  47689  47695  47693  47694
  946.122   479538   516.95   479756   518.99  47986  47969  47977  47981  47970  47979  47980  47969  47969  47976  47949  47942  47952  47955  47961  47946  47954  47961  47959  47959
  951.122   482143   517.74   482387   518.88  48250  48231  48239  48245  48234  48243  48244  48230  48230  48241  48211  48205  48216  48218  48224  48209  48216  48224  48224  48196
  956.122   484704   516.22   484979   518.44  48484  48492  48501  48508  48496  48505  48507  48491  48491  48504  48472  48465  48477  48480  48459  48469  48478  48487  48458  48459
  961.122   487244   518.61   487495   516.36  48747  48754  48762  48744  48757  48742  48742  48754  48754  48739  48734  48726  48712  48715  48721  48731  48740  48722  48721  48722
  966.123   489816   517.08   490054   515.03  49002  49010  49015  49002  49012  48998  48998  49010  49009  48998  48992  48984  48975  48978  48982  48989  48973  48983  48980  48980
  971.122   492351   511.02   492508   513.57  49256  49240  49245  49257  49244  49254  49253  49265  49240  49254  49222  49241  49229  49235  49239  49246  49229  49240  49234  49236
  976.122   494911   511.51   495121   511.24  49521  49504  49508  49522  49507  49518  49517  49502  49504  49518  49486  49478  49494  49499  49502  49484  49492  49503  49498  49475
  981.122   497448   508.52   497611   507.55  49749  49758  49763  49752  49762  49771  49771  49756  49758  49771  49741  49732  49748  49752  49755  49737  49747  49756  49750  49730
  986.122   499893   507.79   500096   504.53  50002  50015  50020  50006  50021  50000  50001  50014  50016  50001  50000  49987  49980  49982  49985  49996  50007  49987  49981  49988
  991.122   502411   507.30   502662   504.71  50259  50271  50276  50263  50276  50258  50259  50270  50271  50259  50231  50243  50237  50240  50242  50253  50236  50245  50239  50245
  996.122   505003   506.98   505207   505.87  50519  50530  50510  50523  50510  50518  50518  50530  50530  50519  50491  50503  50496  50499  50501  50512  50496  50503  50498  50504
 1001.122   507600   506.48   507778   508.05  50784  50770  50775  50787  50775  50782  50783  50770  50769  50783  50755  50767  50762  50763  50765  50751  50762  50767  50764  50744
 1006.122   510167   506.31   510370   506.88  51043  51030  51034  51046  51035  51041  51042  51028  51029  51042  51015  51000  51021  51022  51024  51010  51021  51027  51023  51004
 1011.122   512521   504.09   512757   506.54  51268  51281  51286  51271  51287  51268  51268  51279  51281  51268  51266  51249  51246  51248  51250  51259  51247  51251  51248  51257
 1016.122   515112   509.88   515343   508.31  51529  51542  51546  51533  51523  51529  51530  51539  51544  51528  51503  51510  51508  51508  51513  51520  51508  51513  51511  51518
 1021.122   517642   510.23   517848   507.85  51784  51799  51777  51788  51779  51784  51784  51795  51775  51783  51759  51764  51764  51764  51767  51776  51763  51768  51768  51749
 1026.122   520245   506.98   520421   507.89  52045  52033  52037  52048  52038  52045  52044  52054  52033  52044  52018  52025  52025  52025  52027  52036  52023  52029  52029  52008
 1031.122   522788   503.79   522968   505.54  52302  52289  52293  52306  52296  52302  52302  52286  52290  52302  52275  52282  52281  52283  52285  52267  52281  52284  52284  52266
 1036.123   525211   501.34   525411   502.99  52531  52542  52548  52535  52550  52531  52556  52542  52545  52531  52531  52510  52511  52512  52514  52525  52535  52539  52513  52521
 1041.123   527811   510.47   528034   510.03  52796  52807  52813  52800  52814  52796  52794  52807  52810  52797  52795  52776  52776  52777  52779  52793  52774  52777  52778  52786
 1046.123   530376   510.27   530603   508.19  53055  53066  53075  53059  53047  53054  53054  53066  53072  53055  53026  53035  53036  53036  53037  53053  53032  53036  53039  53046
 1051.122   532910   509.77   533129   511.04  53313  53323  53305  53317  53307  53312  53312  53323  53304  53313  53285  53295  53296  53294  53296  53283  53292  53293  53298  53278
 1056.122   535517   508.12   535703   508.46  53575  53560  53570  53578  53571  53574  53574  53560  53567  53574  53547  53559  53560  53557  53559  53547  53555  53555  53537  53541
 1061.122   537965   505.87   538204   505.23  53824  53810  53820  53830  53818  53826  53824  53810  53816  53826  53796  53785  53786  53806  53810  53795  53805  53805  53787  53790
 1066.122   540482   509.68   540691   509.95  54059  54073  54081  54065  54079  54062  54060  54073  54078  54061  54058  54047  54048  54041  54045  54059  54041  54041  54050  54052
 1071.123   543049   507.84   543244   506.76  54316  54331  54313  54324  54336  54320  54317  54331  54336  54320  54315  54303  54305  54300  54302  54314  54296  54298  54308  54308
 1076.122   545672   509.95   545866   510.52  54583  54597  54580  54593  54577  54589  54584  54597  54577  54589  54556  54571  54572  54568  54570  54557  54563  54566  54574  54575
 1081.122   548194   509.40   548414   510.30  54843  54833  54838  54854  54837  54850  54841  54832  54837  54849  54817  54832  54808  54826  54831  54816  54825  54823  54808  54808
 1086.122   550749   507.25   550973   508.62  55104  55091  55096  55085  55095  55109  55100  55091  55095  55107  55072  55062  55066  55085  55091  55073  55085  55084  55068  55063
 1091.122   553242   510.87   553473   508.89  55336  55348  55355  55344  55354  55340  55357  55349  55352  55338  55329  55319  55323  55316  55321  55333  55316  55340  55325  55320
 1096.123   555848   513.05   556085   512.32  55601  55612  55618  55608  55619  55601  55596  55612  55617  55601  55591  55582  55585  55580  55585  55597  55579  55581  55589  55579
 1101.122   558441   512.08   558627   513.52  55860  55872  55877  55868  55853  55859  55855  55873  55850  55860  55852  55842  55842  55838  55845  55855  55839  55839  55851  55838
 1106.122   561000   510.00   561193   510.84  56124  56110  56115  56134  56117  56124  56118  56112  56115  56124  56090  56107  56106  56103  56108  56093  56102  56101  56088  56102
 1111.123   563464   509.06   563702   510.40  56377  56364  56368  56362  56371  56377  56372  56365  56369  56377  56344  56335  56334  56359  56359  56347  56358  56356  56343  56329
 1116.122   566026   510.97   566306   509.50  56636  56625  56629  56622  56632  56636  56633  56627  56630  56636  56605  56595  56594  56596  56620  56608  56596  56617  56604  56591
 1121.122   568478   508.76   568743   507.28  56862  56876  56882  56872  56883  56862  56883  56880  56881  56862  56855  56845  56844  56845  56845  56860  56845  56843  56856  56840
 1126.122   571000   505.86   571190   504.28  57115  57128  57134  57124  57109  57115  57110  57132  57108  57115  57107  57098  57097  57098  57096  57112  57098  57093  57108  57093
 1131.122   573543   500.92   573700   504.85  57374  57360  57366  57384  57368  57374  57369  57365  57366  57374  57367  57359  57357  57360  57354  57345  57358  57351  57340  57352
 1136.122   576103   503.26   576323   504.16  57636  57623  57629  57645  57630  57636  57632  57628  57628  57636  57602  57619  57617  57597  57617  57607  57617  57613  57603  57611
 1141.122   578676   508.74   578973   508.10  57904  57891  57896  57887  57898  57904  57900  57894  57895  57904  57870  57860  57859  57865  57884  57875  57859  57880  57871  57853
 1146.122   581215   505.44   581437   503.52  58133  58144  58150  58140  58152  58133  58156  58147  58149  58133  58126  58113  58113  58118  58138  58128  58113  58134  58125  58107
 1151.122   583733   508.99   583950   506.41  58389  58401  58406  58399  58382  58389  58386  58404  58405  58389  58385  58367  58371  58375  58369  58384  58371  58362  58383  58366
 1156.122   586300   509.23   586494   511.88  58651  58664  58642  58659  58647  58649  58648  58641  58641  58652  58621  58629  58632  58635  58632  58645  58632  58627  58620  58627
 1161.122   588923   512.62   589114   514.63  58915  58903  58907  58924  58911  58914  58912  58906  58905  58917  58885  58893  58897  58902  58896  58884  58896  58892  58885  58893
 1166.122   591431   511.80   591679   512.70  59176  59163  59166  59158  59168  59173  59169  59165  59163  59178  59145  59150  59130  59135  59154  59143  59155  59149  59144  59126
 1171.123   594013   509.70   594239   507.28  59410  59424  59426  59417  59431  59435  59432  59427  59425  59412  59407  59412  59389  59393  59416  59404  59389  59412  59406  59385
 1176.122   596480   509.72   596709   509.01  59667  59679  59682  59672  59659  59661  59660  59683  59679  59667  59660  59638  59645  59647  59644  59660  59644  59641  59661  59640
 1181.122   599065   512.68   599314   512.85  59930  59944  59946  59934  59921  59924  59922  59921  59942  59930  59897  59902  59908  59909  59907  59925  59908  59905  59899  59905
 1186.122   601674   512.52   601872   513.49  60194  60181  60183  60197  60185  60188  60189  60182  60178  60195  60160  60166  60172  60173  60172  60162  60172  60170  60160  60167
 1191.123   604321   511.38   604550   512.62  60460  60450  60452  60464  60454  60455  60455  60450  60447  60463  60427  60432  60439  60439  60439  60431  60439  60438  60428  60409
 1196.122   606821   511.88   607050   510.40  60691  60708  60709  60695  60712  60714  60714  60708  60704  60695  60685  60689  60671  60670  60697  60689  60671  60698  60685  60666
