Test case: 
Description: 
	10 senders: persistent queues
	10 receivers: client acknowledge every 50 messages
Timestamp: 2011.11.2 2:9:4
Version: 
Setting up JMS benchmark connections... 

Start processing messages.
Fri Dec 02 02:09:04 EST 2011

  Seconds   Send   Send/Sec   Recv   Recv/Sec   RCV0   RCV1   RCV2   RCV3   RCV4   RCV5   RCV6   RCV7   RCV8   RCV9  SND10  SND11  SND12  SND13  SND14  SND15  SND16  SND17  SND18  SND19
  ------- -------- -------- -------- -------- ------ ------ ------ ------ ------ ------ ------ ------ ------ ------ ------ ------ ------ ------ ------ ------ ------ ------ ------ ------
    0.941        0     0.00        0     0.00      0      0      0      0      0      0      0      0      0      0      0      0      0      0      0      0      0      0      0      0
    5.941     1955   425.00     2327   505.87    234    232    234    234    231    230    232    235    231    234    195    194    194    196    196    197    195    197    196    195
   10.941     4514   470.21     4887   506.35    490    488    490    489    488    486    488    491    487    490    450    450    449    453    451    452    452    453    452    452
   15.941     6990   468.29     7372   497.95    738    736    738    739    737    735    735    739    735    740    698    695    695    701    702    697    699    702    701    700
   20.941     9521   473.27     9845   492.40    989    987    989    993    966    963    986    992    986    994    952    948    948    954    957    950    953    954    955    950
   25.941    12074   484.72    12456   500.24   1255   1251   1255   1234   1234   1231   1252   1257   1252   1235   1216   1212   1214   1194   1221   1191   1195   1219   1196   1216
   30.941    14491   488.58    14875   501.55   1482   1508   1483   1489   1490   1488   1479   1486   1480   1490   1443   1440   1470   1449   1451   1444   1451   1449   1449   1445
   35.941    17104   508.36    17492   507.15   1746   1744   1748   1754   1756   1751   1743   1752   1744   1754   1708   1705   1706   1714   1713   1709   1714   1713   1712   1710
   40.941    19728   508.86    20108   507.42   2008   2007   2009   2015   2015   2012   2005   2015   2006   2016   1970   1968   1969   1975   1976   1971   1976   1976   1974   1973
   45.941    22397   510.05    22721   512.47   2274   2273   2275   2282   2257   2254   2271   2281   2272   2282   2236   2235   2236   2243   2243   2238   2241   2244   2242   2239
   50.941    24885   509.95    25259   511.63   2535   2533   2535   2512   2515   2512   2532   2541   2532   2512   2496   2495   2496   2475   2502   2499   2473   2476   2474   2499
   55.941    27364   510.57    27787   510.27   2789   2786   2788   2771   2773   2770   2785   2769   2786   2770   2750   2723   2751   2733   2729   2728   2733   2733   2732   2752
   60.941    29785   512.38    30150   510.91   3013   3010   3013   3020   3021   3018   3008   3018   3010   3019   2974   2973   2977   2983   2977   2976   2983   2983   2981   2978
   65.941    32300   508.15    32669   507.48   3264   3262   3264   3270   3275   3272   3260   3271   3261   3270   3226   3224   3228   3237   3228   3226   3236   3233   3233   3229
   70.941    34926   505.13    35263   505.64   3529   3527   3529   3535   3512   3509   3525   3537   3525   3535   3491   3489   3494   3476   3493   3491   3501   3499   3498   3494
   75.941    37562   501.16    37907   502.87   3796   3795   3797   3774   3777   3776   3792   3804   3794   3802   3757   3755   3759   3743   3760   3758   3738   3766   3765   3761
   80.941    40069   505.20    40440   505.07   4054   4053   4056   4034   4035   4034   4050   4037   4053   4034   4016   4012   4017   4002   4018   3991   3998   3999   3997   4019
   85.941    42557   508.12    42924   507.08   4290   4289   4292   4296   4294   4296   4286   4299   4289   4293   4252   4248   4253   4265   4254   4252   4259   4261   4258   4255
   90.941    45154   513.10    45525   512.43   4549   4548   4553   4556   4555   4554   4546   4561   4549   4554   4510   4508   4514   4523   4514   4513   4518   4520   4519   4515
   95.941    47759   515.00    48140   514.46   4814   4812   4817   4820   4820   4791   4807   4828   4812   4819   4772   4771   4776   4759   4778   4776   4782   4783   4783   4779
  100.941    50369   511.48    50727   512.95   5078   5076   5081   5081   5058   5056   5073   5066   5076   5082   5037   5034   5039   5025   5042   5039   5019   5047   5044   5043
  105.941    52749   507.95    53162   509.40   5308   5331   5333   5310   5311   5309   5325   5319   5307   5309   5288   5265   5293   5277   5273   5265   5271   5274   5270   5273
  110.942    55320   510.10    55712   509.13   5569   5564   5567   5569   5573   5570   5585   5580   5567   5568   5549   5524   5528   5538   5533   5524   5530   5533   5529   5532
  115.941    57932   515.03    58324   514.06   5832   5828   5830   5832   5838   5837   5823   5845   5829   5830   5787   5788   5792   5804   5795   5787   5793   5796   5794   5796
  120.941    60533   512.65    60873   514.19   6095   6091   6092   6094   6075   6073   6085   6083   6092   6093   6050   6049   6055   6039   6060   6050   6056   6059   6056   6059
  125.941    63109   508.12    63449   508.49   6352   6351   6351   6352   6331   6330   6342   6339   6350   6351   6305   6308   6313   6295   6319   6310   6312   6316   6315   6316
  130.941    65637   505.86    66002   506.93   6606   6606   6605   6607   6587   6586   6599   6595   6605   6606   6562   6563   6568   6552   6574   6565   6566   6570   6545   6572
  135.941    68017   510.62    68409   509.92   6837   6837   6836   6837   6842   6842   6855   6850   6836   6837   6819   6793   6799   6808   6804   6795   6796   6800   6801   6802
  140.941    70612   512.27    71007   510.55   7100   7099   7098   7099   7105   7105   7091   7113   7098   7099   7055   7055   7061   7072   7065   7057   7058   7062   7063   7064
  145.941    73206   511.70    73603   510.99   7363   7361   7360   7361   7369   7341   7353   7376   7359   7360   7317   7317   7323   7310   7326   7318   7320   7324   7326   7325
  150.942    75790   505.87    76136   507.82   7622   7619   7619   7619   7602   7599   7610   7609   7618   7619   7575   7577   7583   7566   7585   7577   7578   7582   7585   7582
  155.941    78370   505.42    78745   508.27   7882   7880   7878   7880   7864   7862   7872   7872   7877   7878   7836   7837   7843   7828   7845   7837   7839   7843   7821   7841
  160.942    80830   507.11    81290   508.42   8117   8116   8141   8116   8125   8125   8134   8133   8141   8142   8098   8072   8080   8090   8081   8073   8075   8079   8079   8103
  165.942    83470   516.81    83873   515.44   8385   8383   8380   8383   8390   8392   8399   8398   8381   8382   8363   8339   8346   8356   8349   8341   8342   8346   8346   8342
  170.941    85911   513.39    86318   512.18   8634   8632   8633   8632   8638   8616   8623   8647   8631   8632   8587   8589   8595   8580   8599   8590   8589   8595   8594   8593
  175.942    88494   507.67    88848   507.06   8893   8890   8891   8890   8871   8873   8880   8879   8890   8891   8844   8848   8853   8836   8859   8849   8847   8853   8853   8852
  180.941    91067   505.81    91428   507.99   9151   9148   9148   9148   9129   9132   9139   9136   9149   9148   9101   9106   9112   9094   9116   9107   9103   9111   9109   9108
  185.941    93494   504.82    93900   504.98   9383   9404   9405   9380   9386   9389   9397   9392   9383   9381   9359   9341   9346   9350   9348   9339   9361   9343   9342   9365
  190.941    96072   508.78    96445   505.86   9643   9639   9638   9638   9647   9649   9656   9653   9642   9640   9619   9600   9605   9613   9609   9600   9595   9604   9602   9625
  195.941    98600   506.90    99021   504.98   9900   9898   9897   9896   9903   9906   9913   9911   9900   9897   9852   9858   9863   9871   9868   9858   9853   9862   9860   9855
  200.941   101168   507.74   101520   509.28  10159  10158  10156  10158  10139  10140  10147  10147  10160  10156  10111  10117  10123  10104  10127  10117  10112  10123  10120  10114
  205.941   103752   506.80   104107   506.83  10418  10416  10416  10416  10397  10400  10406  10404  10419  10415  10369  10376  10382  10361  10386  10376  10369  10382  10379  10372
  210.941   106129   503.76   106577   504.23  10668  10666  10666  10666  10646  10649  10655  10654  10643  10664  10619  10603  10607  10611  10611  10626  10618  10608  10605  10621
  215.941   108628   504.35   108999   504.04  10896  10893  10892  10894  10897  10902  10909  10905  10894  10917  10871  10855  10858  10864  10863  10853  10872  10861  10856  10875
  220.941   111163   504.53   111551   503.22  11153  11151  11149  11151  11156  11161  11168  11164  11151  11147  11130  11115  11115  11124  11123  11111  11102  11121  11115  11107
  225.941   113719   501.22   114093   501.39  11416  11412  11408  11413  11414  11391  11397  11422  11415  11405  11359  11373  11376  11380  11378  11374  11361  11379  11373  11366
  230.941   116260   501.11   116606   502.62  11674  11670  11665  11670  11644  11647  11653  11652  11671  11660  11617  11629  11633  11611  11636  11630  11617  11635  11629  11623
  235.941   118836   504.35   119241   504.28  11917  11937  11932  11938  11914  11916  11923  11921  11914  11929  11885  11872  11900  11879  11880  11873  11885  11877  11896  11889
  240.941   121499   513.12   121900   512.42  12188  12181  12204  12182  12186  12186  12193  12193  12186  12201  12157  12144  12144  12152  12151  12145  12158  12148  12140  12160
  245.941   124106   515.60   124454   515.87  12448  12443  12438  12442  12448  12447  12453  12453  12447  12435  12420  12403  12404  12414  12411  12404  12420  12407  12400  12423
  250.941   126694   515.60   127092   516.01  12714  12708  12702  12707  12711  12709  12716  12715  12711  12699  12657  12668  12669  12675  12676  12670  12656  12673  12665  12685
  255.941   129337   518.88   129737   519.75  12985  12977  12972  12976  12955  12953  12983  12986  12981  12969  12927  12937  12938  12919  12946  12939  12927  12941  12935  12928
  260.941   131819   518.62   132217   520.37  13214  13233  13230  13233  13211  13209  13212  13215  13235  13225  13180  13193  13195  13174  13175  13169  13186  13197  13192  13184
  265.942   134286   515.87   134687   516.58  13469  13461  13483  13462  13464  13463  13467  13471  13465  13482  13436  13421  13422  13427  13431  13423  13440  13426  13420  13440
  270.941   136818   511.39   137218   512.27  13724  13717  13738  13717  13720  13721  13723  13726  13721  13711  13691  13677  13677  13685  13687  13680  13668  13683  13674  13696
  275.941   139446   510.42   139851   511.46  13991  13981  13978  13981  13986  13987  13989  13991  13989  13978  13957  13941  13940  13950  13953  13947  13933  13951  13938  13936
  280.941   142068   512.40   142501   512.70  14260  14248  14246  14248  14253  14228  14257  14258  14257  14246  14198  14207  14205  14191  14220  14215  14200  14221  14207  14204
  285.941   144633   510.35   145019   508.91  14496  14515  14513  14516  14490  14492  14495  14496  14494  14512  14463  14472  14471  14456  14457  14452  14463  14457  14473  14469
  290.941   147185   511.36   147562   512.37  14756  14745  14768  14770  14748  14749  14753  14753  14753  14767  14720  14702  14726  14713  14715  14714  14721  14716  14730  14728
  295.941   149835   517.40   150188   518.44  15024  15012  15036  15012  15017  15018  15020  15020  15020  15009  14988  14969  14994  14982  14981  14982  14989  14982  14971  14997
  300.941   152323   516.79   152729   516.12  15280  15268  15266  15268  15274  15274  15277  15278  15279  15265  15244  15227  15225  15238  15239  15238  15218  15239  15228  15227
  305.941   154826   512.75   155249   512.52  15535  15522  15520  15522  15528  15505  15531  15533  15534  15519  15475  15483  15480  15469  15493  15492  15474  15495  15484  15481
  310.941   157334   509.73   157727   508.42  15766  15778  15775  15777  15759  15761  15784  15788  15763  15776  15731  15738  15737  15725  15749  15724  15729  15726  15739  15736
  315.941   159854   508.22   160225   506.88  16022  16032  16031  16032  16014  16017  16013  16016  16016  16032  15986  15993  15991  15981  15978  15977  15984  15981  15993  15990
  320.941   162374   504.65   162766   505.99  16276  16287  16284  16287  16269  16271  16266  16269  16272  16285  16240  16222  16244  16236  16233  16232  16238  16236  16247  16246
  325.942   164929   500.42   165271   501.80  16535  16518  16541  16518  16528  16530  16525  16527  16532  16517  16498  16482  16501  16495  16491  16491  16496  16494  16478  16503
  330.941   167367   502.11   167787   501.68  16793  16774  16773  16774  16785  16761  16782  16782  16789  16774  16729  16739  16733  16724  16748  16748  16726  16751  16735  16734
  335.941   169877   503.34   170265   502.16  17024  17028  17030  17029  17014  17018  17038  17037  17017  17030  16987  16995  16990  16982  17003  16977  16983  16980  16990  16990
  340.941   172312   497.37   172724   497.16  17265  17278  17281  17278  17255  17271  17279  17281  17257  17279  17228  17211  17240  17236  17243  17217  17236  17220  17239  17242
  345.941   174752   499.09   175138   500.44  17524  17510  17515  17512  17514  17505  17513  17516  17516  17513  17488  17471  17473  17467  17477  17476  17470  17481  17473  17476
  350.941   177388   502.03   177772   502.67  17788  17775  17779  17775  17776  17769  17775  17780  17779  17776  17753  17733  17738  17730  17740  17740  17733  17745  17737  17739
  355.941   180030   503.20   180445   505.62  18054  18043  18046  18043  18043  18036  18042  18048  18047  18043  17991  18001  18004  17996  18008  18006  18002  18012  18003  18007
  360.941   182584   502.95   182969   501.71  18283  18299  18301  18298  18297  18291  18298  18302  18301  18299  18248  18255  18260  18252  18263  18262  18258  18267  18258  18261
  365.941   185039   503.62   185449   503.42  18534  18552  18554  18552  18525  18544  18551  18555  18528  18554  18500  18484  18515  18505  18515  18489  18511  18494  18511  18515
  370.941   187497   508.67   187855   507.77  18793  18786  18786  18785  18782  18777  18784  18788  18787  18787  18757  18743  18748  18763  18748  18748  18745  18752  18745  18748
  375.941   190083   513.59   190473   513.72  19056  19049  19047  19046  19044  19038  19045  19050  19050  19048  19018  19003  19008  18999  19011  19009  19007  19012  19006  19010
  380.941   192640   508.22   193031   508.52  19312  19305  19301  19301  19302  19294  19301  19305  19306  19304  19274  19257  19265  19255  19267  19265  19264  19269  19260  19264
  385.941   195174   501.43   195567   500.69  19541  19562  19555  19556  19558  19551  19560  19562  19561  19561  19504  19514  19522  19511  19526  19521  19517  19524  19514  19521
  390.941   197590   499.46   197956   499.70  19794  19789  19806  19806  19784  19802  19787  19812  19788  19788  19756  19767  19773  19761  19752  19748  19768  19751  19766  19772
  395.942   200000   501.24   200391   500.60  20046  20039  20057  20033  20034  20029  20037  20040  20038  20038  20005  19993  20000  20012  20004  19997  19995  20000  19994  20000
  400.942   202513   503.02   202905   504.16  20300  20293  20286  20287  20288  20283  20291  20294  20291  20292  20259  20247  20254  20240  20257  20252  20249  20253  20247  20255
  405.942   205043   497.84   205425   499.24  20552  20545  20538  20539  20540  20535  20543  20546  20543  20544  20512  20499  20506  20493  20512  20507  20502  20505  20499  20508
  410.941   207564   495.81   207998   494.77  20807  20804  20795  20798  20797  20793  20800  20803  20800  20801  20744  20756  20763  20750  20770  20739  20759  20762  20756  20765
  415.942   210136   496.02   210550   495.86  21041  21039  21055  21057  21057  21053  21061  21065  21060  21062  21003  21018  21023  21009  21004  20997  21019  21023  21016  21024
  420.942   212564   499.98   212955   501.63  21296  21294  21310  21311  21289  21283  21290  21297  21291  21294  21258  21247  21252  21266  21259  21252  21249  21256  21271  21254
  425.941   215015   502.99   215397   503.56  21545  21543  21535  21535  21538  21533  21540  21546  21540  21542  21508  21497  21502  21489  21510  21503  21499  21508  21495  21504
  430.941   217540   499.24   217919   499.65  21795  21795  21787  21786  21790  21787  21793  21798  21792  21796  21760  21752  21755  21740  21761  21756  21752  21761  21747  21756
  435.941   220054   496.98   220439   497.11  22048  22047  22038  22038  22042  22039  22045  22050  22045  22047  22011  22003  22008  21992  22012  22007  22004  22011  21999  22007
  440.941   222378   495.54   222770   493.32  22275  22273  22288  22286  22268  22266  22293  22276  22271  22274  22236  22229  22235  22239  22237  22231  22231  22237  22248  22255
  445.941   224897   493.59   225281   492.58  22529  22527  22542  22540  22520  22520  22524  22528  22523  22528  22491  22484  22490  22493  22490  22485  22483  22492  22503  22486
  450.941   227418   496.73   227779   497.47  22783  22781  22773  22770  22776  22774  22778  22784  22778  22782  22746  22740  22744  22747  22746  22739  22739  22746  22730  22741
  455.941   229895   494.09   230282   495.13  23033  23031  23024  23020  23027  23027  23028  23032  23028  23032  22997  22990  22995  22972  22994  22989  22990  22997  22981  22990
  460.941   232465   494.73   232881   495.10  23293  23291  23284  23278  23286  23285  23289  23293  23289  23293  23257  23249  23254  23231  23254  23250  23250  23231  23239  23250
  465.941   234853   495.74   235228   495.40  23523  23521  23538  23532  23516  23513  23520  23524  23520  23521  23484  23477  23483  23485  23485  23478  23478  23486  23492  23505
  470.941   237476   504.06   237842   504.06  23786  23784  23799  23793  23779  23773  23780  23787  23780  23781  23746  23740  23745  23749  23746  23741  23741  23748  23755  23765
  475.942   240023   505.87   240421   506.34  24045  24043  24056  24048  24038  24031  24038  24045  24038  24039  24005  23999  24002  24004  24003  24000  23997  24005  24011  23997
  480.941   242562   503.34   242953   504.31  24300  24298  24287  24303  24293  24287  24296  24300  24294  24295  24263  24255  24259  24259  24258  24257  24253  24262  24242  24254
  485.941   245189   507.90   245607   507.23  24569  24567  24554  24544  24562  24554  24565  24569  24561  24562  24505  24525  24528  24500  24525  24524  24523  24529  24509  24521
  490.941   247608   506.41   248023   505.54  24797  24795  24809  24801  24790  24808  24794  24798  24815  24816  24761  24754  24757  24755  24780  24752  24753  24758  24763  24775
  495.941   250224   514.83   250582   514.26  25060  25057  25074  25066  25053  25047  25057  25059  25054  25055  25024  25018  25021  25020  25019  25015  25018  25020  25029  25040
  500.941   252846   513.17   253237   514.88  25326  25322  25336  25330  25319  25313  25322  25325  25322  25322  25290  25283  25286  25286  25286  25280  25282  25285  25292  25276
  505.942   255493   514.98   255885   517.30  25590  25588  25600  25595  25583  25579  25586  25591  25586  25587  25555  25546  25551  25551  25551  25544  25547  25549  25556  25543
  510.941   258026   513.67   258437   512.57  25849  25848  25834  25831  25843  25838  25847  25852  25847  25848  25790  25808  25812  25787  25813  25805  25808  25810  25790  25803
  515.941   260537   511.02   261038   509.82  26107  26108  26092  26092  26104  26097  26109  26114  26107  26108  26049  26038  26044  26047  26073  26066  26039  26070  26048  26063
  520.942   263056   517.52   263462   516.34  26364  26340  26355  26352  26335  26355  26339  26345  26338  26339  26311  26300  26307  26307  26305  26296  26301  26300  26309  26320
  525.941   265661   515.40   266011   516.04  26599  26599  26614  26610  26596  26589  26600  26605  26600  26599  26571  26560  26567  26566  26566  26557  26562  26562  26569  26581
  530.941   268301   515.92   268674   516.23  26864  26867  26881  26878  26863  26854  26865  26871  26865  26866  26839  26826  26833  26833  26831  26824  26828  26829  26837  26821
  535.941   270900   510.49   271271   514.41  27129  27132  27120  27116  27127  27118  27131  27135  27132  27131  27079  27090  27097  27073  27098  27089  27092  27094  27103  27085
  540.941   273458   512.21   273857   511.81  27385  27391  27377  27374  27387  27375  27392  27396  27391  27389  27337  27349  27355  27332  27356  27346  27351  27354  27335  27343
  545.941   275985   515.81   276457   511.34  27650  27652  27641  27639  27649  27638  27629  27656  27652  27651  27603  27585  27592  27595  27618  27607  27587  27592  27599  27607
  550.941   278609   519.41   279033   519.98  27918  27895  27909  27907  27891  27906  27896  27898  27895  27918  27869  27852  27860  27862  27861  27850  27854  27860  27866  27875
  555.941   281217   519.50   281589   521.07  28157  28157  28172  28169  28154  28146  28159  28161  28158  28156  28132  28115  28123  28126  28124  28112  28117  28125  28129  28114
  560.941   283713   514.50   284113   516.34  28408  28410  28425  28422  28405  28398  28413  28415  28408  28409  28384  28368  28374  28354  28375  28364  28369  28376  28384  28365
  565.941   286199   509.18   286600   510.18  28663  28664  28653  28650  28659  28651  28666  28669  28663  28662  28611  28621  28628  28609  28629  28616  28623  28632  28611  28619
  570.941   288714   510.22   289192   508.44  28924  28928  28912  28910  28923  28912  28904  28931  28925  28923  28872  28860  28866  28871  28888  28877  28861  28868  28872  28879
  575.941   291398   513.72   291800   511.38  29193  29171  29181  29179  29166  29181  29173  29174  29192  29190  29141  29130  29135  29139  29156  29146  29130  29136  29138  29147
  580.941   293871   508.26   294272   508.46  29421  29425  29439  29437  29420  29437  29427  29428  29420  29418  29396  29381  29387  29392  29381  29371  29380  29386  29396  29401
  585.941   296465   508.19   296887   511.61  29689  29688  29702  29699  29683  29674  29692  29691  29685  29684  29635  29647  29652  29631  29647  29637  29643  29651  29659  29663
  590.941   299092   512.58   299514   515.07  29958  29955  29943  29941  29952  29941  29961  29958  29953  29952  29903  29914  29921  29898  29915  29904  29911  29920  29901  29905
  595.941   301647   515.87   302099   515.07  30221  30215  30205  30203  30213  30202  30197  30218  30212  30213  30163  30174  30157  30158  30176  30164  30172  30156  30162  30165
  600.941   304233   517.89   304663   514.30  30455  30477  30467  30464  30447  30464  30458  30480  30477  30474  30424  30409  30418  30419  30438  30426  30434  30415  30425  30425
  605.941   306759   511.28   307160   512.92  30713  30708  30725  30720  30706  30721  30717  30711  30708  30731  30681  30669  30675  30678  30670  30683  30665  30672  30683  30683
  610.941   309321   514.80   309727   514.90  30972  30966  30985  30980  30965  30979  30978  30970  30967  30965  30942  30927  30934  30936  30929  30915  30924  30930  30942  30942
  615.941   311851   513.71   312305   515.65  31233  31230  31222  31244  31228  31216  31241  31233  31230  31228  31180  31189  31199  31174  31191  31180  31187  31194  31178  31179
  620.941   314526   514.16   314919   515.00  31500  31497  31491  31483  31495  31482  31480  31500  31497  31494  31446  31457  31466  31440  31458  31448  31455  31462  31446  31448
  625.941   317056   514.46   317530   512.58  31760  31757  31753  31745  31754  31744  31744  31759  31758  31756  31707  31693  31700  31701  31719  31708  31714  31697  31707  31710
  630.941   319558   509.73   320063   510.54  32016  32012  32009  32001  31983  32002  32000  32015  32012  32013  31963  31948  31955  31955  31948  31966  31941  31953  31963  31966
  635.942   322089   510.97   322464   511.01  32245  32242  32265  32255  32241  32231  32255  32245  32242  32243  32220  32203  32211  32210  32203  32197  32198  32208  32220  32219
  640.941   324538   508.02   324991   510.47  32500  32497  32495  32510  32497  32488  32510  32500  32497  32497  32450  32458  32465  32441  32459  32452  32451  32462  32450  32450
  645.941   327122   509.53   327546   509.50  32758  32756  32751  32741  32755  32745  32769  32759  32756  32756  32707  32719  32725  32697  32718  32712  32709  32721  32707  32707
  650.941   329742   505.44   330175   505.84  33024  33022  33016  33008  33020  33011  33006  33025  33021  33022  32974  32957  32986  32962  32985  32978  32973  32983  32972  32972
  655.941   332305   508.22   332791   506.88  33287  33286  33280  33272  33258  33276  33272  33289  33285  33286  33239  33220  33223  33226  33225  33242  33238  33221  33236  33235
  660.941   334810   509.40   335245   507.82  33520  33519  33537  33530  33518  33533  33530  33522  33517  33519  33472  33477  33482  33483  33484  33475  33471  33480  33493  33493
  665.941   337365   510.92   337803   512.20  33780  33778  33796  33788  33776  33765  33787  33781  33775  33777  33729  33734  33740  33742  33741  33733  33730  33738  33727  33751
  670.941   339889   512.50   340340   513.30  34040  34036  34030  34021  34034  34023  34046  34041  34034  34035  33986  33992  33998  33973  34000  33992  33986  33997  33983  33982
  675.941   342475   510.91   342907   510.23  34301  34295  34289  34281  34294  34281  34279  34302  34292  34293  34244  34252  34256  34229  34261  34250  34244  34257  34244  34238
  680.941   345007   507.42   345436   508.22  34534  34556  34550  34543  34527  34542  34540  34535  34554  34555  34505  34486  34517  34489  34495  34513  34507  34491  34506  34498
  685.941   347525   508.24   347923   505.39  34791  34786  34805  34800  34784  34798  34796  34793  34785  34785  34762  34742  34748  34747  34752  34744  34763  34748  34763  34756
  690.941   350017   508.62   350467   508.22  35047  35044  35063  35058  35040  35030  35051  35051  35043  35040  34994  34999  35004  35004  35007  35000  34995  35005  34995  35014
  695.942   352570   506.88   352977   507.52  35303  35298  35295  35289  35296  35288  35307  35307  35297  35297  35249  35254  35260  35260  35260  35256  35250  35260  35250  35271
  700.941   355104   506.21   355537   505.60  35562  35556  35552  35547  35555  35547  35541  35566  35555  35556  35507  35513  35518  35493  35518  35518  35508  35518  35506  35505
  705.941   357706   505.77   358111   505.81  35800  35818  35813  35808  35820  35810  35803  35802  35818  35819  35770  35750  35783  35757  35780  35781  35771  35781  35767  35766
  710.941   360212   507.01   360645   507.15  36058  36077  36071  36065  36051  36068  36063  36062  36053  36077  36030  36011  36014  36014  36038  36012  36030  36013  36025  36025
  715.941   362669   505.47   363105   506.78  36311  36304  36323  36319  36305  36295  36319  36317  36307  36305  36257  36266  36265  36268  36267  36266  36257  36266  36278  36279
  720.941   365130   505.47   365605   505.47  36564  36557  36551  36572  36557  36550  36569  36568  36559  36558  36511  36516  36516  36518  36518  36517  36511  36515  36502  36506
  725.941   367656   501.83   368112   503.47  36820  36812  36808  36801  36813  36807  36799  36824  36815  36813  36766  36771  36771  36748  36774  36773  36766  36770  36756  36761
  730.941   370189   501.17   370646   501.98  37076  37068  37063  37058  37068  37063  37057  37056  37069  37068  37021  37002  37027  37004  37029  37029  37021  37025  37013  37018
  735.941   372660   500.07   373122   501.11  37308  37326  37320  37316  37301  37295  37315  37314  37301  37326  37277  37259  37259  37262  37262  37261  37277  37258  37270  37275
  740.942   375147   498.64   375601   499.38  37562  37554  37573  37568  37553  37549  37567  37567  37554  37554  37507  37513  37513  37516  37516  37513  37506  37512  37523  37528
  745.941   377714   501.38   378169   502.01  37819  37811  37829  37825  37810  37805  37825  37824  37810  37811  37763  37769  37770  37772  37773  37770  37764  37769  37780  37784
  750.941   380176   500.65   380629   501.59  38072  38064  38058  38053  38065  38058  38054  38078  38063  38064  38017  38022  38023  38000  38029  38025  38017  38023  38008  38012
  755.941   382755   500.40   383184   500.44  38330  38322  38315  38310  38323  38318  38312  38310  38321  38323  38274  38279  38283  38257  38287  38283  38277  38281  38265  38269
  760.941   385253   504.68   385773   505.05  38570  38589  38581  38577  38563  38558  38578  38579  38588  38590  38539  38517  38522  38522  38527  38522  38518  38520  38531  38535
  765.941   387802   505.39   388268   504.55  38827  38819  38839  38836  38820  38816  38836  38836  38819  38820  38771  38774  38779  38779  38784  38782  38776  38778  38788  38791
  770.941   390450   510.82   390913   510.22  39091  39085  39104  39100  39084  39081  39100  39099  39084  39085  39037  39041  39045  39043  39047  39046  39041  39043  39052  39055
  775.941   392968   505.75   393391   507.30  39348  39340  39332  39329  39341  39338  39328  39354  39340  39341  39295  39299  39302  39273  39304  39304  39299  39300  39282  39310
  780.941   395500   508.99   395951   508.89  39606  39599  39591  39588  39598  39596  39587  39588  39600  39598  39554  39531  39561  39531  39561  39561  39559  39559  39540  39543
  785.942   398007   510.00   398509   510.64  39841  39862  39852  39848  39858  39831  39848  39849  39862  39858  39816  39791  39797  39793  39821  39796  39795  39794  39800  39804
  790.941   400534   511.91   401004   508.56  40098  40093  40110  40105  40089  40088  40106  40107  40094  40114  40048  40050  40053  40052  40052  40055  40052  40052  40058  40062
  795.941   403101   509.72   403551   509.11  40354  40348  40371  40363  40346  40346  40364  40364  40351  40344  40305  40308  40308  40309  40308  40312  40309  40308  40314  40320
  800.941   405746   508.15   406144   508.52  40618  40613  40608  40627  40611  40610  40602  40630  40615  40610  40570  40571  40574  40573  40573  40577  40574  40572  40578  40584
  805.941   408231   506.95   408676   509.43  40877  40869  40867  40860  40870  40868  40860  40863  40874  40868  40829  40804  40832  40806  40833  40836  40834  40830  40811  40816
  810.941   410811   510.30   411307   510.91  41140  41133  41131  41123  41133  41131  41124  41127  41136  41129  41091  41068  41094  41070  41095  41073  41071  41093  41076  41080
  815.941   413265   511.19   413765   508.61  41371  41389  41388  41377  41364  41361  41379  41383  41367  41386  41322  41323  41325  41326  41326  41328  41326  41323  41330  41336
  820.941   415823   509.65   416245   508.88  41626  41619  41619  41632  41618  41616  41636  41640  41622  41617  41577  41579  41581  41582  41582  41583  41581  41579  41586  41593
  825.941   418393   509.78   418796   509.88  41884  41876  41876  41891  41876  41874  41868  41896  41880  41875  41835  41837  41839  41838  41840  41839  41837  41836  41843  41849
  830.941   420787   499.50   421237   502.99  42134  42126  42124  42113  42126  42123  42116  42120  42130  42125  42085  42060  42089  42062  42091  42090  42086  42085  42066  42073
  835.941   423342   502.82   423806   502.65  42392  42384  42380  42371  42382  42379  42372  42377  42387  42382  42345  42319  42347  42320  42348  42323  42344  42342  42324  42330
  840.941   425706   498.94   426218   497.00  42615  42633  42634  42618  42604  42603  42619  42626  42633  42633  42568  42567  42571  42578  42568  42572  42567  42563  42573  42579
  845.941   428332   504.71   428766   502.50  42881  42872  42874  42881  42870  42867  42884  42893  42872  42872  42833  42831  42837  42817  42833  42836  42833  42829  42838  42845
  850.941   430954   503.99   431385   505.23  43144  43133  43135  43144  43131  43128  43147  43155  43134  43134  43096  43095  43098  43079  43094  43099  43096  43090  43100  43107
  855.941   433542   503.12   433971   506.61  43405  43396  43397  43406  43391  43389  43408  43389  43395  43395  43357  43356  43360  43340  43353  43362  43358  43352  43362  43342
  860.941   436128   509.73   436583   509.06  43671  43662  43663  43646  43657  43656  43649  43657  43661  43661  43623  43597  43626  43606  43619  43603  43624  43617  43603  43610
  865.941   438618   510.08   439118   508.77  43901  43918  43918  43901  43912  43913  43906  43914  43920  43915  43853  43853  43857  43862  43878  43860  43855  43874  43859  43867
  870.941   441153   516.48   441601   513.36  44158  44150  44179  44159  44145  44145  44165  44173  44152  44175  44110  44111  44115  44122  44111  44118  44114  44107  44119  44126
  875.941   443783   515.00   444209   516.48  44426  44417  44417  44425  44411  44412  44429  44439  44420  44413  44377  44377  44381  44360  44378  44384  44378  44373  44383  44392
  880.941   446302   510.00   446722   512.18  44679  44671  44670  44680  44665  44666  44682  44666  44675  44668  44630  44632  44637  44614  44632  44639  44632  44628  44638  44620
  885.941   448770   507.52   449270   509.90  44936  44928  44928  44936  44923  44923  44916  44924  44931  44925  44887  44864  44869  44872  44889  44871  44888  44884  44869  44877
  890.941   451296   505.47   451795   504.36  45190  45182  45183  45167  45177  45177  45170  45180  45188  45181  45141  45119  45126  45127  45146  45126  45117  45139  45122  45133
  895.941   453760   506.38   454258   503.83  45418  45436  45437  45422  45430  45406  45425  45433  45416  45435  45370  45374  45380  45381  45374  45382  45369  45367  45377  45386
  900.941   456293   503.72   456712   505.34  45674  45666  45668  45677  45661  45660  45681  45688  45671  45666  45627  45629  45637  45612  45628  45637  45625  45622  45633  45643
  905.942   458919   503.02   459355   505.74  45939  45931  45932  45942  45923  45925  45947  45951  45937  45928  45891  45893  45901  45877  45893  45901  45891  45889  45901  45882
  910.941   461422   505.64   461910   507.05  46200  46191  46193  46203  46184  46185  46182  46187  46197  46188  46152  46128  46136  46137  46152  46136  46152  46148  46137  46144
  915.941   463956   506.98   464437   504.60  46459  46448  46450  46435  46442  46442  46440  46444  46431  46446  46385  46388  46395  46396  46409  46395  46386  46406  46395  46401
  920.942   466487   505.34   466936   503.72  46687  46701  46702  46685  46695  46694  46694  46696  46683  46699  46638  46642  46648  46650  46662  46648  46638  46659  46648  46654
  925.941   469045   508.66   469563   507.68  46951  46963  46964  46948  46957  46955  46957  46959  46947  46962  46903  46906  46912  46887  46897  46912  46903  46896  46913  46916
  930.941   471670   512.68   472107   514.09  47219  47205  47206  47216  47199  47197  47224  47224  47213  47204  47170  47173  47180  47155  47164  47180  47170  47163  47156  47159
  935.941   474194   510.72   474657   510.69  47480  47466  47464  47478  47457  47455  47459  47460  47476  47462  47432  47407  47414  47416  47424  47415  47431  47423  47415  47417
  940.941   476809   514.61   477266   514.41  47720  47731  47731  47719  47723  47721  47725  47728  47740  47728  47673  47677  47681  47681  47689  47682  47671  47690  47681  47684
  945.941   479463   517.72   479899   517.05  47984  48000  47996  47982  47989  47986  47993  47995  47979  47995  47939  47942  47947  47948  47953  47946  47935  47957  47946  47950
  950.941   482047   516.96   482501   517.23  48249  48237  48257  48248  48251  48247  48254  48257  48244  48257  48202  48206  48211  48187  48217  48210  48198  48195  48209  48212
  955.941   484652   517.25   485112   514.33  48512  48497  48518  48509  48514  48507  48514  48518  48504  48519  48463  48467  48471  48448  48477  48472  48457  48455  48469  48473
  960.942   487147   516.81   487590   516.95  48774  48760  48755  48772  48751  48745  48752  48756  48769  48756  48725  48703  48707  48710  48713  48734  48721  48717  48706  48711
  965.941   489730   517.85   490143   517.05  49028  49014  49011  49026  49007  49001  49008  49012  49024  49012  48985  48964  48968  48974  48975  48967  48981  48976  48968  48972
  970.941   492196   514.46   492619   512.38  49256  49270  49268  49253  49263  49256  49263  49268  49253  49269  49212  49219  49223  49202  49231  49221  49209  49230  49222  49227
  975.941   494835   510.72   495258   509.45  49520  49533  49530  49519  49527  49519  49527  49532  49519  49532  49477  49483  49487  49467  49493  49487  49474  49492  49485  49490
  980.941   497307   508.94   497731   507.94  49774  49765  49784  49773  49759  49773  49782  49786  49772  49763  49731  49736  49742  49721  49748  49740  49728  49722  49717  49722
  985.941   499780   505.87   500183   503.15  50033  50021  50015  50027  50011  50004  50012  50017  50027  50016  49986  49966  49972  49976  49978  49997  49983  49976  49970  49976
  990.941   502332   506.96   502755   506.29  50289  50279  50273  50284  50268  50260  50269  50276  50284  50273  50244  50224  50230  50234  50236  50229  50241  50234  50227  50233
  995.941   504897   506.39   505319   506.69  50522  50539  50532  50542  50527  50520  50527  50535  50543  50532  50477  50483  50488  50493  50496  50490  50501  50493  50485  50491
 1000.941   507493   509.75   507920   508.98  50787  50804  50799  50782  50792  50785  50793  50800  50781  50797  50741  50749  50753  50731  50762  50755  50740  50756  50748  50758
 1005.941   510043   506.14   510485   506.01  51047  51036  51057  51042  51050  51044  51054  51058  51042  51055  51002  51008  51014  50990  50998  51015  51001  50992  51007  51016
 1010.941   512473   507.25   512890   507.01  51296  51285  51307  51292  51277  51295  51280  51284  51292  51282  51253  51234  51241  51241  51248  51265  51251  51241  51257  51242
 1015.942   515039   509.55   515454   509.95  51556  51547  51541  51553  51539  51531  51543  51547  51553  51544  51515  51495  51502  51502  51510  51500  51512  51503  51495  51505
 1020.941   517592   507.84   518009   508.51  51811  51803  51796  51810  51795  51784  51799  51803  51808  51800  51769  51751  51758  51757  51767  51756  51768  51758  51749  51759
 1025.941   520115   506.36   520525   506.02  52044  52063  52056  52045  52052  52044  52058  52062  52043  52058  52003  52011  52018  51991  52026  52016  52003  52019  52009  52019
 1030.941   522692   504.16   523078   503.62  52303  52296  52314  52303  52309  52303  52316  52318  52301  52315  52261  52268  52277  52250  52283  52274  52260  52275  52268  52276
 1035.941   525155   503.62   525598   502.79  52558  52551  52568  52557  52563  52559  52545  52573  52554  52570  52515  52523  52504  52504  52512  52528  52513  52504  52521  52531
 1040.941   527701   510.12   528116   509.18  52823  52815  52807  52823  52803  52798  52808  52812  52818  52809  52781  52763  52768  52769  52777  52767  52778  52768  52760  52770
 1045.941   530280   508.54   530699   507.67  53081  53074  53064  53082  53061  53054  53067  53071  53078  53067  53041  53021  53026  53028  53034  53024  53035  53025  53018  53028
 1050.941   532850   507.20   533265   508.74  53339  53333  53323  53316  53321  53315  53327  53329  53336  53326  53275  53281  53286  53286  53294  53285  53293  53286  53278  53286
 1055.941   535427   507.72   535845   507.99  53575  53595  53588  53579  53585  53579  53589  53593  53572  53590  53540  53543  53548  53521  53557  53548  53529  53549  53542  53550
 1060.941   537827   505.30   538321   505.54  53828  53818  53838  53830  53834  53829  53839  53842  53824  53839  53789  53792  53774  53771  53781  53798  53780  53774  53792  53776
 1065.941   540354   509.09   540775   507.38  54090  54076  54075  54094  54068  54065  54072  54077  54085  54073  54050  54027  54033  54032  54039  54033  54041  54036  54028  54035
 1070.941   542930   507.52   543325   508.59  54347  54335  54333  54323  54326  54323  54330  54335  54342  54331  54306  54283  54293  54288  54298  54291  54298  54294  54286  54293
 1075.941   545582   510.00   545985   512.08  54590  54602  54602  54593  54595  54592  54599  54603  54609  54600  54549  54552  54561  54556  54566  54559  54565  54560  54554  54560
 1080.941   548177   507.45   548566   507.42  54851  54862  54864  54855  54857  54851  54858  54864  54843  54861  54810  54811  54819  54816  54825  54820  54823  54821  54813  54819
 1085.941   550675   506.26   551137   505.89  55108  55120  55120  55114  55113  55108  55116  55121  55100  55117  55067  55070  55074  55048  55081  55077  55054  55054  55072  55078
 1090.941   553183   511.81   553565   508.93  55367  55351  55353  55372  55346  55342  55349  55377  55359  55349  55325  55326  55332  55309  55312  55311  55314  55314  55330  55310
 1095.941   555745   513.88   556153   514.35  55628  55616  55618  55611  55611  55606  55613  55615  55623  55612  55588  55564  55570  55573  55576  55576  55581  55576  55568  55573
 1100.941   558335   513.46   558750   515.87  55888  55876  55877  55871  55870  55867  55872  55874  55884  55871  55846  55823  55830  55833  55835  55835  55841  55834  55827  55831
 1105.941   560892   512.90   561341   511.96  56125  56140  56142  56136  56134  56132  56136  56139  56121  56136  56083  56088  56093  56071  56099  56098  56080  56097  56091  56092
 1110.941   563404   506.58   563881   506.91  56382  56394  56397  56390  56386  56386  56390  56393  56374  56389  56334  56341  56345  56328  56352  56351  56337  56324  56345  56347
 1115.941   566013   508.59   566415   508.32  56644  56630  56634  56649  56646  56622  56650  56654  56636  56650  56595  56602  56605  56590  56612  56612  56599  56585  56605  56608
 1120.941   568394   507.89   568799   510.37  56894  56880  56884  56874  56873  56873  56877  56881  56888  56875  56846  56827  56856  56838  56837  56839  56849  56838  56830  56834
 1125.941   570893   504.78   571316   507.10  57146  57132  57136  57126  57124  57125  57128  57132  57140  57127  57098  57080  57082  57092  57089  57091  57102  57091  57082  57086
 1130.941   573411   504.06   573871   503.83  57378  57390  57394  57382  57383  57384  57387  57391  57399  57383  57357  57336  57338  57323  57345  57350  57334  57348  57338  57342
 1135.941   575982   505.49   576467   502.16  57640  57651  57655  57645  57646  57645  57651  57654  57634  57646  57592  57598  57601  57585  57607  57612  57597  57584  57601  57605
 1140.942   578658   506.66   579087   505.08  57908  57916  57896  57914  57912  57886  57918  57921  57902  57914  57859  57866  57869  57854  57875  57878  57864  57851  57869  57873
 1145.941   581152   502.79   581478   504.60  58161  58145  58150  58144  58141  58140  58147  58149  58157  58144  58114  58120  58122  58109  58129  58108  58119  58107  58098  58126
 1150.941   583634   507.47   584018   508.78  58418  58399  58402  58398  58395  58393  58399  58403  58412  58399  58371  58349  58380  58367  58358  58361  58377  58362  58353  58356
 1155.941   586193   511.73   586664   513.34  58679  58664  58668  58664  58660  58658  58664  58668  58675  58664  58633  58616  58614  58603  58624  58625  58613  58625  58617  58623
 1160.942   588810   513.27   589260   509.45  58918  58928  58932  58929  58925  58922  58929  58932  58915  58930  58871  58881  58878  58867  58888  58889  58876  58890  58882  58888
 1165.942   591374   512.33   591860   509.85  59179  59188  59191  59189  59185  59181  59189  59192  59176  59190  59129  59140  59139  59125  59148  59149  59135  59122  59140  59147
 1170.941   593915   506.23   594238   506.56  59438  59420  59422  59422  59418  59412  59422  59424  59437  59423  59388  59371  59398  59386  59381  59408  59395  59380  59401  59407
 1175.941   596398   509.06   596814   512.92  59694  59678  59680  59678  59677  59670  59681  59684  59691  59681  59645  59629  59653  59640  59639  59636  59650  59637  59633  59636
 1180.941   598995   511.98   599415   515.81  59931  59940  59942  59940  59940  59932  59944  59948  59953  59945  59908  59891  59915  59877  59901  59899  59912  59899  59894  59899
 1185.941   601554   514.60   602019   511.98  60196  60203  60205  60202  60203  60195  60206  60210  60191  60208  60147  60154  60153  60141  60164  60162  60150  60165  60156  60162
 1190.941   604198   511.49   604685   509.98  60461  60472  60470  60469  60469  60461  60475  60477  60457  60474  60413  60422  60418  60407  60430  60433  60413  60406  60424  60432
 1195.941   606748   512.33   607158   509.82  60719  60729  60727  60726  60701  60720  60707  60708  60716  60705  60672  60679  60676  60665  60687  60689  60672  60664  60681  60663
