Test case: 
Description: 
	10 senders: persistent queues
	10 receivers: client acknowledge every 50 messages
Timestamp: 2011.11.2 2:9:5
Version: 
Setting up JMS benchmark connections... 

Start processing messages.
Fri Dec 02 02:09:05 EST 2011

  Seconds   Send   Send/Sec   Recv   Recv/Sec   RCV0   RCV1   RCV2   RCV3   RCV4   RCV5   RCV6   RCV7   RCV8   RCV9  SND10  SND11  SND12  SND13  SND14  SND15  SND16  SND17  SND18  SND19
  ------- -------- -------- -------- -------- ------ ------ ------ ------ ------ ------ ------ ------ ------ ------ ------ ------ ------ ------ ------ ------ ------ ------ ------ ------
    1.012        0     0.00        0     0.00      0      0      0      0      0      0      0      0      0      0      0      0      0      0      0      0      0      0      0      0
    6.012     2020   439.13     2503   544.13    251    249    244    249    259    250    250    251    249    251    202    202    202    203    201    202    202    201    202    203
   11.013     4584   477.50     5064   527.50    506    506    500    506    515    506    506    506    506    507    458    458    459    458    457    459    459    458    459    459
   16.012     7062   473.42     7540   504.38    753    754    747    752    764    754    755    753    754    754    704    705    709    704    706    707    706    707    709    705
   21.012     9599   476.89    10074   501.22   1006   1007   1001   1005   1019   1008   1008   1006   1007   1007    957    959    962    957    959    962    961    961    963    958
   26.013    12086   488.25    12609   507.48   1271   1273   1241   1272   1260   1248   1274   1274   1248   1248   1221   1225   1204   1222   1226   1203   1202   1203   1205   1200
   31.012    14569   492.20    15057   507.70   1526   1503   1495   1503   1517   1502   1504   1502   1503   1502   1450   1456   1461   1450   1457   1458   1458   1458   1464   1457
   36.012    17201   508.59    17657   507.65   1762   1766   1757   1765   1782   1764   1766   1765   1766   1764   1715   1720   1723   1712   1720   1722   1721   1722   1726   1720
   41.012    19819   506.23    20275   509.61   2023   2028   2019   2027   2043   2026   2028   2027   2028   2026   1977   1982   1983   1974   1984   1984   1983   1983   1987   1982
   46.012    22487   508.89    22916   508.99   2289   2294   2286   2294   2285   2293   2294   2294   2294   2293   2243   2249   2252   2242   2250   2250   2250   2249   2254   2248
   51.012    24984   510.30    25525   510.57   2549   2555   2547   2555   2545   2554   2556   2554   2555   2555   2503   2482   2485   2505   2511   2510   2483   2510   2486   2509
   56.012    27410   512.57    27907   510.02   2803   2785   2775   2782   2801   2805   2785   2806   2783   2782   2757   2740   2742   2732   2740   2740   2740   2738   2744   2737
   61.012    29875   513.64    30351   511.56   3052   3034   3025   3032   3051   3028   3035   3030   3032   3032   2981   2989   2990   2981   2990   2989   2989   2987   2992   2987
   66.012    32398   507.23    32834   508.37   3278   3284   3275   3283   3304   3278   3286   3281   3283   3282   3233   3240   3245   3232   3243   3239   3243   3239   3246   3238
   71.012    35053   503.42    35461   504.73   3543   3549   3541   3549   3540   3544   3552   3547   3548   3548   3499   3504   3512   3498   3508   3505   3509   3503   3512   3503
   76.012    37625   501.22    38125   502.63   3811   3817   3808   3817   3803   3810   3818   3812   3815   3814   3764   3771   3749   3765   3774   3771   3745   3769   3748   3769
   81.013    40045   504.58    40551   501.63   4070   4049   4040   4049   4062   4068   4050   4069   4047   4047   4022   4002   4008   3998   4004   4001   4003   4001   4005   4001
   86.012    42626   510.62    43079   509.14   4306   4310   4299   4309   4322   4303   4311   4305   4306   4308   4257   4263   4270   4260   4264   4260   4263   4260   4265   4264
   91.012    45229   511.74    45675   513.36   4566   4571   4559   4569   4581   4563   4570   4564   4565   4567   4518   4523   4530   4519   4524   4521   4523   4520   4526   4525
   96.013    47875   513.69    48326   515.17   4830   4836   4824   4836   4847   4828   4837   4828   4829   4831   4781   4790   4795   4781   4788   4785   4787   4784   4792   4792
  101.012    50373   509.90    50927   512.28   5093   5097   5088   5097   5084   5092   5098   5091   5092   5095   5043   5027   5031   5045   5049   5050   5024   5047   5028   5029
  106.012    52895   508.22    53384   507.01   5349   5325   5341   5325   5337   5344   5327   5343   5345   5348   5296   5281   5282   5296   5300   5301   5277   5301   5280   5281
  111.012    55371   514.31    55880   512.70   5584   5584   5575   5584   5597   5604   5587   5603   5580   5582   5531   5542   5543   5531   5534   5535   5537   5535   5541   5542
  116.012    58013   513.62    58469   515.54   5848   5847   5839   5847   5863   5842   5852   5842   5843   5846   5795   5806   5809   5795   5796   5798   5802   5799   5806   5807
  121.013    60636   512.75    61098   515.84   6109   6110   6101   6110   6126   6105   6115   6106   6107   6109   6057   6069   6070   6058   6059   6061   6065   6061   6067   6069
  126.012    63141   506.19    63646   508.88   6363   6368   6360   6368   6358   6363   6372   6362   6365   6367   6316   6301   6301   6316   6318   6320   6323   6320   6325   6301
  131.012    65637   508.19    66167   505.77   6618   6622   6614   6622   6614   6617   6602   6617   6620   6621   6571   6557   6557   6569   6571   6574   6552   6574   6557   6555
  136.012    68099   509.33    68625   507.95   6876   6852   6843   6854   6870   6874   6857   6874   6875   6850   6801   6815   6815   6799   6828   6804   6808   6805   6813   6811
  141.012    70695   512.42    71146   511.38   7114   7113   7105   7115   7133   7112   7119   7111   7112   7112   7063   7077   7079   7061   7064   7066   7071   7066   7075   7073
  146.013    73323   509.40    73774   511.85   7377   7375   7368   7379   7395   7373   7384   7374   7375   7374   7325   7340   7342   7322   7326   7328   7335   7329   7339   7337
  151.012    75800   508.00    76331   509.45   7635   7633   7625   7638   7628   7632   7643   7632   7633   7632   7583   7572   7572   7580   7586   7586   7568   7588   7595   7570
  156.012    78387   507.40    78911   506.36   7895   7894   7885   7897   7891   7892   7879   7892   7894   7892   7844   7835   7835   7839   7846   7847   7831   7848   7830   7832
  161.012    81010   511.17    81542   508.46   8160   8158   8148   8159   8154   8156   8140   8155   8157   8155   8108   8098   8095   8103   8111   8110   8091   8112   8090   8092
  166.012    83534   517.10    84011   514.65   8399   8397   8388   8397   8418   8396   8405   8419   8397   8395   8347   8364   8360   8343   8350   8350   8356   8351   8356   8357
  171.012    86024   511.19    86476   513.64   8648   8646   8638   8646   8665   8645   8653   8644   8646   8645   8596   8613   8608   8593   8598   8599   8605   8600   8604   8608
  176.012    88591   507.97    89057   511.12   8906   8904   8896   8904   8924   8904   8911   8901   8904   8903   8854   8846   8867   8853   8857   8861   8864   8859   8864   8866
  181.012    91095   508.17    91614   505.99   9165   9162   9155   9162   9155   9163   9169   9159   9162   9162   9112   9106   9100   9111   9114   9120   9096   9115   9122   9099
  186.012    93618   507.60    94117   504.95   9424   9420   9390   9420   9411   9419   9401   9417   9418   9397   9369   9364   9356   9369   9372   9352   9353   9373   9353   9357
  191.012    96116   506.01    96614   503.99   9658   9655   9650   9655   9670   9653   9660   9677   9678   9658   9603   9624   9616   9603   9605   9611   9614   9608   9614   9618
  196.012    98695   506.16    99168   507.77   9917   9915   9907   9915   9927   9913   9919   9932   9909   9914   9863   9881   9872   9862   9864   9868   9872   9866   9870   9877
  201.012   101291   507.23   101736   510.39  10177  10175  10167  10174  10187  10170  10179  10167  10167  10173  10123  10139  10132  10120  10122  10129  10131  10126  10131  10138
  206.012   103804   505.27   104325   506.24  10436  10434  10426  10433  10446  10429  10437  10424  10428  10432  10382  10372  10391  10379  10382  10388  10363  10385  10390  10372
  211.012   106231   504.56   106766   502.68  10684  10684  10674  10681  10671  10677  10663  10673  10679  10680  10632  10622  10615  10629  10631  10614  10613  10636  10617  10622
  216.012   108678   503.56   109163   502.21  10911  10910  10900  10908  10924  10930  10915  10926  10932  10907  10858  10875  10867  10883  10858  10865  10867  10862  10867  10876
  221.012   111238   504.63   111687   504.87  11168  11168  11157  11165  11182  11160  11174  11185  11164  11164  11117  11134  11126  11113  11117  11125  11127  11119  11125  11135
  226.012   113824   502.42   114286   504.70  11430  11427  11419  11427  11438  11418  11432  11441  11427  11427  11376  11391  11383  11372  11380  11382  11384  11381  11383  11392
  231.012   116318   498.83   116829   499.23  11687  11684  11676  11684  11694  11675  11689  11671  11685  11684  11634  11623  11642  11628  11638  11638  11615  11638  11640  11622
  236.012   118900   503.89   119482   502.28  11955  11951  11943  11951  11938  11943  11957  11940  11952  11952  11901  11892  11884  11897  11883  11882  11883  11905  11882  11891
  241.012   121617   513.69   122112   510.60  12200  12221  12213  12221  12211  12214  12201  12212  12222  12197  12171  12165  12156  12167  12156  12153  12157  12175  12154  12163
  246.012   124178   517.28   124623   516.88  12462  12455  12448  12455  12473  12477  12461  12474  12459  12459  12405  12427  12416  12429  12417  12415  12417  12411  12415  12426
  251.012   126784   518.12   127233   520.81  12728  12720  12714  12720  12734  12712  12723  12735  12722  12725  12671  12689  12678  12665  12680  12677  12679  12679  12678  12688
  256.012   129427   518.36   129923   521.24  12999  12989  12983  12989  13002  12983  12991  13003  12990  12994  12939  12934  12948  12935  12949  12945  12950  12949  12947  12931
  261.012   131960   519.58   132466   517.67  13255  13247  13239  13247  13257  13241  13248  13233  13248  13251  13194  13188  13203  13192  13205  13201  13179  13206  13204  13188
  266.012   134372   517.48   134901   513.15  13482  13500  13493  13500  13486  13494  13503  13487  13477  13479  13446  13443  13434  13445  13432  13431  13433  13434  13433  13441
  271.012   136930   510.34   137363   510.91  13738  13730  13724  13730  13744  13750  13733  13745  13734  13735  13700  13699  13690  13699  13688  13688  13691  13689  13688  13698
  276.012   139535   512.72   139988   512.11  14006  13993  13988  13993  14011  13989  13998  14010  13997  14003  13940  13965  13956  13938  13953  13954  13955  13955  13955  13964
  281.013   142159   510.65   142660   514.11  14274  14260  14255  14260  14279  14256  14264  14277  14264  14271  14206  14206  14223  14207  14220  14221  14224  14223  14224  14205
  286.012   144790   510.54   145298   510.00  14540  14526  14523  14526  14546  14523  14532  14514  14531  14537  14471  14469  14490  14475  14487  14488  14460  14490  14490  14470
  291.012   147221   511.28   147771   508.46  14769  14782  14777  14782  14776  14779  14785  14770  14785  14766  14728  14727  14719  14729  14717  14718  14717  14719  14720  14727
  296.012   149898   519.28   150370   516.49  15036  15050  15018  15050  15042  15047  15027  15038  15026  15036  14995  14994  14988  14996  14985  14986  14987  14986  14986  14995
  301.013   152466   516.98   152887   519.19  15292  15281  15276  15280  15300  15303  15285  15296  15282  15292  15253  15250  15244  15252  15242  15242  15243  15244  15244  15252
  306.012   154967   512.00   155409   514.14  15548  15536  15529  15533  15556  15532  15540  15552  15536  15547  15482  15505  15501  15481  15496  15496  15500  15499  15500  15507
  311.012   157424   508.88   157916   510.25  15806  15792  15785  15788  15811  15787  15795  15783  15791  15778  15739  15735  15756  15737  15753  15750  15731  15753  15731  15739
  316.013   159970   505.91   160414   503.83  16034  16048  16038  16043  16039  16042  16050  16040  16046  16034  15994  15988  16011  15990  16007  16006  15986  16008  15987  15993
  321.012   162417   507.42   162964   504.66  16290  16302  16292  16297  16296  16298  16303  16294  16303  16289  16248  16244  16239  16245  16234  16235  16241  16238  16243  16250
  326.012   164988   502.13   165435   502.97  16549  16533  16524  16554  16555  16554  16534  16552  16534  16546  16505  16501  16497  16501  16492  16491  16499  16495  16500  16507
  331.012   167511   501.22   167954   501.96  16807  16790  16781  16785  16812  16786  16790  16809  16790  16804  16737  16759  16754  16760  16748  16748  16758  16752  16756  16739
  336.012   169986   500.52   170433   503.31  17038  17045  17036  17042  17043  17041  17048  17037  17045  17058  16991  16990  17008  16989  17004  17003  16987  17008  17010  16996
  341.012   172412   495.97   172858   496.17  17278  17292  17285  17292  17283  17292  17293  17278  17292  17273  17242  17230  17248  17242  17246  17244  17240  17248  17225  17247
  346.012   174805   497.84   175296   499.41  17537  17526  17519  17526  17541  17526  17527  17536  17526  17532  17476  17489  17482  17477  17480  17479  17474  17482  17485  17481
  351.012   177441   504.16   177933   502.32  17801  17790  17783  17790  17803  17790  17791  17800  17790  17795  17740  17753  17746  17741  17744  17743  17737  17746  17747  17744
  356.012   180120   506.90   180604   507.27  18068  18057  18051  18058  18069  18058  18059  18066  18057  18061  18008  18020  18014  18009  18013  18011  18005  18014  18013  18013
  361.012   182664   501.69   183149   503.17  18322  18312  18305  18314  18323  18312  18314  18321  18312  18314  18263  18274  18270  18263  18267  18264  18260  18268  18267  18268
  366.012   185176   501.93   185628   503.04  18548  18564  18558  18567  18576  18565  18568  18550  18567  18565  18516  18503  18527  18517  18522  18518  18513  18519  18520  18521
  371.012   187585   507.37   188113   508.37  18808  18823  18793  18799  18810  18825  18800  18808  18824  18823  18750  18761  18760  18750  18755  18777  18746  18779  18752  18755
  376.012   190148   514.87   190614   514.03  19068  19057  19054  19060  19070  19059  19061  19068  19059  19058  19010  19025  19023  19012  19014  19012  19008  19014  19013  19017
  381.012   192705   511.29   193176   510.62  19323  19315  19309  19315  19329  19314  19318  19324  19315  19314  19265  19282  19278  19267  19270  19270  19263  19270  19267  19273
  386.013   195241   501.48   195726   503.22  19578  19569  19566  19569  19584  19568  19574  19580  19570  19568  19519  19512  19534  19523  19527  19526  19522  19525  19523  19530
  391.013   197750   498.93   198218   498.36  19829  19822  19817  19820  19834  19822  19824  19808  19820  19822  19769  19765  19784  19773  19777  19778  19774  19775  19775  19780
  396.012   200085   498.74   200584   499.48  20055  20073  20044  20071  20060  20050  20052  20058  20071  20050  20019  20015  20010  20000  20004  20004  19999  20026  20002  20006
  401.012   202606   502.30   203051   501.26  20310  20303  20297  20299  20313  20304  20306  20313  20302  20304  20274  20272  20265  20254  20258  20258  20253  20254  20257  20261
  406.013   205107   500.30   205569   501.04  20561  20555  20549  20551  20564  20556  20558  20564  20554  20557  20500  20525  20519  20507  20510  20509  20506  20508  20510  20513
  411.012   207652   497.48   208142   499.73  20819  20813  20806  20808  20821  20813  20815  20821  20812  20814  20757  20757  20776  20764  20767  20766  20763  20765  20767  20770
  416.012   210233   497.85   210747   496.24  21079  21074  21068  21067  21082  21075  21076  21080  21071  21075  21017  21016  21012  21025  21029  21028  21023  21024  21028  21031
  421.012   212632   497.73   213100   497.73  21310  21307  21297  21322  21312  21307  21306  21310  21326  21328  21272  21271  21267  21255  21261  21257  21252  21278  21259  21260
  426.012   215133   502.35   215569   501.98  21559  21557  21547  21571  21562  21555  21556  21559  21549  21554  21523  21523  21518  21505  21509  21507  21502  21528  21508  21510
  431.012   217608   501.74   218068   503.93  21811  21809  21800  21798  21814  21808  21809  21811  21801  21807  21749  21774  21771  21759  21762  21760  21755  21755  21760  21763
  436.012   220099   497.20   220585   497.20  22062  22060  22052  22050  22067  22060  22061  22062  22051  22060  22000  22024  22023  22011  22014  22012  22008  22006  22011  22016
  441.012   222566   495.81   223033   495.03  22290  22309  22300  22298  22315  22287  22312  22312  22301  22309  22248  22248  22248  22259  22263  22261  22257  22256  22260  22266
  446.012   224967   492.68   225430   490.97  22544  22539  22530  22553  22546  22541  22542  22541  22556  22538  22503  22503  22502  22488  22495  22491  22487  22511  22490  22497
  451.012   227514   497.68   227974   496.54  22798  22795  22784  22806  22799  22795  22796  22797  22810  22794  22756  22758  22758  22744  22749  22748  22741  22765  22744  22751
  456.012   229996   496.01   230453   498.56  23051  23046  23034  23057  23049  23048  23044  23048  23034  23042  23009  23009  23010  22995  22999  22998  22989  22991  22994  23002
  461.012   232574   496.11   233022   496.58  23309  23307  23293  23289  23309  23306  23305  23309  23292  23303  23241  23269  23270  23256  23260  23259  23250  23251  23256  23262
  466.013   235049   496.39   235580   496.02  23564  23561  23548  23544  23568  23561  23563  23564  23546  23561  23495  23497  23498  23510  23515  23516  23508  23506  23512  23492
  471.012   237586   501.51   238040   501.88  23800  23797  23810  23805  23827  23797  23799  23800  23808  23797  23758  23761  23761  23744  23751  23752  23767  23767  23771  23754
  476.012   240105   506.29   240570   506.36  24059  24055  24042  24062  24060  24055  24058  24059  24064  24056  24013  24017  24017  24002  24009  24011  24000  24023  24002  24011
  481.012   242652   504.63   243126   506.78  24314  24311  24299  24317  24316  24311  24313  24314  24320  24311  24269  24274  24275  24260  24265  24268  24257  24255  24258  24271
  486.013   245312   507.65   245787   508.36  24583  24580  24567  24587  24583  24580  24582  24583  24562  24580  24512  24543  24545  24528  24535  24536  24526  24522  24524  24541
  491.012   247771   506.58   248299   505.87  24836  24834  24822  24816  24837  24833  24835  24836  24817  24833  24766  24771  24773  24782  24789  24788  24779  24776  24778  24769
  496.012   250304   510.96   250782   508.20  25074  25071  25089  25078  25104  25070  25072  25073  25080  25071  25029  25033  25036  25020  25026  25025  25019  25041  25043  25032
  501.013   252950   513.84   253380   514.78  25340  25336  25325  25343  25343  25335  25338  25339  25345  25336  25292  25298  25300  25285  25291  25291  25284  25306  25305  25298
  506.012   255574   515.03   256033   517.25  25604  25602  25592  25607  25609  25601  25603  25603  25611  25601  25556  25562  25565  25551  25557  25557  25548  25569  25546  25563
  511.012   258156   514.97   258633   517.75  25864  25861  25852  25869  25868  25860  25862  25865  25871  25861  25816  25824  25825  25810  25818  25820  25809  25804  25806  25824
  516.012   260674   510.55   261181   508.54  26126  26122  26112  26102  26125  26118  26124  26126  26103  26123  26076  26056  26058  26068  26079  26080  26070  26063  26066  26058
  521.012   263186   514.63   263764   511.98  26383  26380  26372  26363  26382  26376  26381  26382  26365  26380  26308  26319  26321  26327  26310  26311  26327  26321  26323  26319
  526.012   265737   517.05   266210   516.04  26618  26614  26608  26624  26642  26634  26616  26617  26622  26615  26570  26581  26581  26561  26571  26569  26562  26580  26583  26579
  531.012   268411   515.29   268829   517.53  26885  26881  26875  26891  26883  26875  26884  26885  26888  26882  26838  26849  26849  26827  26838  26837  26829  26849  26848  26847
  536.012   271040   514.45   271479   516.49  27149  27146  27139  27156  27150  27142  27148  27149  27154  27146  27103  27115  27115  27093  27103  27101  27094  27115  27088  27113
  541.012   273552   511.93   274042   510.52  27409  27405  27399  27387  27409  27401  27406  27407  27413  27406  27364  27348  27374  27352  27362  27360  27354  27349  27345  27344
  546.012   276132   515.25   276643   511.93  27672  27667  27662  27653  27672  27663  27668  27669  27648  27669  27600  27614  27609  27614  27624  27622  27617  27614  27609  27609
  551.012   278729   519.06   279193   515.23  27913  27910  27903  27921  27940  27932  27911  27936  27917  27910  27868  27879  27876  27880  27866  27864  27859  27883  27878  27876
  556.012   281344   520.40   281747   520.54  28175  28173  28165  28185  28178  28171  28174  28172  28181  28173  28132  28144  28140  28118  28129  28127  28123  28147  28142  28142
  561.012   283833   513.96   284270   516.38  28425  28426  28417  28439  28430  28422  28427  28425  28433  28426  28386  28399  28394  28372  28383  28381  28377  28376  28370  28395
  566.012   286322   508.61   286784   512.73  28680  28680  28670  28666  28685  28677  28681  28680  28686  28679  28639  28628  28646  28627  28638  28636  28632  28629  28623  28624
  571.012   288911   510.94   289378   507.55  28942  28942  28932  28927  28947  28939  28943  28944  28921  28941  28873  28889  28906  28891  28900  28899  28894  28889  28884  28886
  576.012   291495   513.76   292065   510.54  29210  29211  29200  29196  29215  29207  29212  29213  29191  29210  29143  29157  29149  29160  29143  29141  29137  29157  29154  29154
  581.013   294005   508.72   294390   509.97  29437  29438  29427  29451  29443  29434  29438  29441  29444  29437  29400  29410  29404  29385  29402  29392  29389  29410  29407  29406
  586.012   296615   508.05   297040   511.44  29703  29702  29693  29714  29707  29699  29704  29705  29711  29702  29662  29675  29668  29649  29664  29657  29653  29674  29644  29669
  591.012   299214   511.81   299717   516.61  29971  29970  29962  29981  29973  29965  29972  29973  29979  29971  29929  29916  29935  29917  29930  29926  29922  29916  29912  29911
  596.012   301773   515.13   302303   516.58  30231  30229  30224  30218  30235  30227  30234  30235  30239  30231  30166  30176  30196  30178  30166  30187  30183  30176  30174  30171
  601.012   304309   514.78   304899   513.17  30493  30491  30487  30479  30497  30488  30497  30498  30475  30494  30425  30437  30432  30442  30426  30423  30418  30438  30436  30432
  606.012   306857   514.66   307364   510.03  30750  30747  30717  30737  30755  30745  30728  30729  30732  30724  30682  30692  30691  30673  30685  30682  30676  30694  30693  30689
  611.012   309424   514.61   309848   517.80  30983  30980  30976  30996  30989  30979  30986  30987  30989  30983  30941  30951  30949  30930  30945  30941  30938  30953  30928  30948
  616.012   312054   511.96   312482   517.33  31246  31244  31241  31259  31252  31244  31249  31251  31251  31245  31205  31214  31213  31192  31207  31203  31200  31217  31192  31211
  621.012   314646   513.22   315154   513.36  31513  31511  31509  31524  31519  31511  31516  31519  31520  31512  31471  31455  31480  31459  31474  31470  31466  31459  31459  31453
  626.012   317182   513.54   317736   509.92  31773  31772  31770  31759  31780  31771  31778  31780  31781  31772  31705  31718  31740  31720  31708  31732  31701  31721  31720  31717
  631.012   319686   514.19   320230   508.12  32028  32028  32023  32014  32035  32026  32031  32007  32010  32028  31962  31974  31969  31974  31963  31961  31957  31977  31976  31973
  636.012   322193   512.06   322631   511.43  32284  32258  32252  32268  32266  32256  32260  32265  32264  32258  32217  32229  32224  32206  32218  32216  32213  32234  32207  32229
  641.013   324697   509.90   325155   512.79  32513  32512  32508  32524  32520  32511  32516  32520  32518  32513  32473  32485  32480  32461  32475  32471  32467  32464  32462  32459
  646.012   327262   505.45   327744   509.21  32771  32770  32768  32785  32778  32770  32774  32780  32777  32771  32732  32718  32739  32719  32735  32732  32728  32722  32720  32717
  651.012   329876   506.80   330366   505.32  33036  33037  33032  33023  33043  33035  33040  33042  33041  33037  32994  32983  33002  32985  32972  32995  32991  32988  32984  32982
  656.012   332417   508.62   332980   504.56  33301  33300  33296  33288  33307  33299  33304  33305  33280  33300  33233  33248  33240  33248  33237  33235  33228  33253  33249  33246
  661.012   334972   509.56   335461   507.62  33560  33558  33529  33546  33566  33558  33536  33537  33538  33533  33491  33506  33498  33482  33494  33493  33485  33511  33507  33505
  666.012   337481   512.15   337941   512.92  33793  33791  33786  33804  33799  33791  33794  33796  33795  33792  33749  33766  33757  33740  33753  33751  33743  33744  33740  33738
  671.012   340033   511.96   340531   515.12  34051  34051  34045  34063  34057  34049  34054  34055  34055  34051  34007  33998  34015  33997  34012  34010  33999  34002  33998  33995
  676.013   342615   510.84   343121   509.06  34308  34313  34303  34319  34316  34309  34314  34315  34314  34310  34265  34256  34273  34255  34270  34268  34258  34260  34256  34254
  681.012   345116   508.52   345634   506.61  34571  34549  34564  34554  34578  34570  34550  34578  34549  34571  34498  34517  34507  34519  34502  34500  34520  34519  34520  34514
  686.013   347654   507.27   348113   505.35  34826  34805  34795  34811  34833  34824  34806  34806  34805  34802  34755  34772  34764  34775  34761  34758  34750  34774  34775  34770
  691.012   350168   507.37   350604   508.17  35056  35061  35051  35067  35066  35056  35064  35063  35062  35058  35012  35029  35021  35005  35017  35014  35005  35029  35007  35029
  696.012   352672   507.27   353158   509.82  35311  35317  35307  35323  35321  35311  35318  35319  35317  35314  35267  35260  35277  35260  35274  35268  35261  35283  35262  35260
  701.012   355229   506.44   355746   504.46  35570  35575  35568  35581  35580  35569  35576  35577  35575  35575  35526  35517  35536  35520  35530  35529  35520  35515  35520  35516
  706.012   357831   505.32   358352   503.94  35832  35839  35831  35818  35842  35832  35840  35841  35839  35838  35790  35779  35800  35783  35791  35765  35783  35778  35783  35779
  711.012   360331   507.32   360774   505.60  36091  36070  36062  36077  36100  36090  36071  36073  36071  36069  36021  36037  36031  36042  36020  36025  36040  36035  36041  36039
  716.012   362786   506.01   363258   507.32  36345  36323  36315  36331  36329  36318  36324  36326  36325  36322  36275  36289  36282  36295  36273  36278  36269  36289  36269  36267
  721.012   365274   505.23   365754   507.55  36573  36575  36568  36582  36581  36571  36576  36577  36576  36575  36525  36538  36534  36523  36525  36528  36521  36538  36522  36520
  726.012   367804   502.57   368314   505.12  36829  36831  36824  36838  36837  36828  36832  36832  36832  36831  36780  36770  36790  36777  36781  36784  36777  36793  36777  36775
  731.012   370312   501.93   370844   499.92  37084  37087  37080  37069  37091  37084  37088  37087  37087  37087  37036  37027  37045  37033  37036  37016  37033  37025  37031  37030
  736.012   372787   499.26   373366   497.82  37342  37344  37312  37325  37350  37340  37345  37345  37344  37319  37269  37283  37278  37291  37269  37274  37265  37282  37288  37288
  741.012   375266   499.48   375740   501.36  37595  37571  37566  37577  37578  37567  37571  37572  37570  37573  37521  37536  37531  37519  37522  37527  37517  37534  37518  37541
  746.012   377805   501.38   378279   504.06  37827  37828  37823  37832  37835  37824  37827  37828  37826  37829  37777  37791  37788  37775  37779  37784  37775  37791  37773  37772
  751.012   380342   503.05   380817   504.60  38080  38081  38076  38089  38089  38077  38083  38080  38079  38083  38031  38045  38041  38028  38031  38038  38029  38046  38027  38026
  756.012   382842   500.10   383398   499.80  38338  38339  38332  38348  38347  38335  38341  38338  38339  38341  38290  38277  38298  38288  38288  38270  38287  38276  38285  38283
  761.012   385499   503.62   386026   501.85  38605  38604  38597  38586  38612  38601  38605  38606  38604  38606  38556  38544  38563  38553  38554  38537  38552  38542  38551  38547
  766.012   387947   506.95   388404   503.76  38837  38837  38830  38845  38844  38859  38838  38839  38837  38838  38787  38801  38796  38786  38786  38794  38784  38800  38808  38805
  771.012   390543   511.74   391025   512.92  39102  39102  39095  39109  39108  39098  39103  39104  39102  39102  39050  39066  39062  39050  39051  39059  39047  39065  39048  39045
  776.012   393108   510.07   393592   512.99  39357  39359  39352  39365  39366  39354  39360  39361  39359  39359  39305  39321  39320  39307  39308  39313  39305  39320  39306  39303
  781.012   395669   508.22   396179   507.65  39616  39617  39609  39625  39624  39614  39619  39620  39619  39616  39564  39554  39578  39567  39567  39573  39564  39578  39561  39563
  786.012   398229   510.05   398767   507.60  39879  39877  39870  39859  39885  39876  39881  39883  39880  39877  39824  39815  39840  39829  39827  39807  39825  39814  39823  39825
  791.012   400643   507.32   401123   505.77  40110  40108  40100  40117  40140  40107  40112  40112  40110  40107  40056  40072  40071  40059  40058  40064  40056  40071  40080  40056
  796.012   403182   510.32   403662   512.03  40366  40364  40357  40373  40372  40362  40370  40368  40366  40364  40313  40330  40325  40317  40313  40321  40311  40330  40310  40312
  801.012   405829   510.37   406305   511.88  40631  40629  40622  40637  40637  40625  40635  40631  40629  40629  40579  40594  40590  40582  40578  40586  40575  40593  40576  40576
  806.012   408389   510.13   408892   511.64  40890  40887  40881  40897  40895  40882  40894  40890  40888  40888  40837  40825  40848  40841  40837  40847  40834  40851  40834  40835
  811.012   410996   507.37   411496   507.03  41153  41150  41144  41134  41158  41146  41157  41153  41150  41151  41101  41089  41111  41105  41099  41085  41097  41113  41098  41098
  816.012   413479   507.57   414030   505.49  41409  41405  41400  41390  41414  41403  41387  41409  41406  41407  41332  41344  41368  41335  41356  41340  41353  41342  41355  41354
  821.012   415907   512.21   416387   512.21  41641  41634  41631  41645  41645  41634  41643  41641  41636  41637  41587  41599  41598  41591  41586  41594  41584  41597  41586  41585
  826.012   418479   512.52   418969   512.82  41898  41893  41890  41905  41903  41892  41901  41898  41894  41895  41844  41854  41855  41848  41844  41849  41843  41854  41844  41844
  831.012   420969   503.69   421466   502.68  42149  42142  42138  42155  42154  42141  42149  42149  42144  42145  42094  42104  42105  42095  42093  42096  42093  42103  42092  42094
  836.013   423520   499.97   424016   499.83  42406  42399  42396  42388  42412  42399  42408  42406  42400  42402  42350  42337  42362  42354  42350  42355  42352  42360  42350  42350
  841.012   425890   495.60   426371   495.77  42629  42646  42644  42636  42635  42648  42631  42629  42647  42626  42596  42585  42609  42577  42597  42577  42574  42583  42597  42595
  846.013   428539   501.12   428972   499.71  42895  42909  42884  42902  42901  42888  42895  42894  42912  42892  42861  42849  42873  42841  42862  42843  42839  42850  42861  42860
  851.013   431022   507.21   431541   507.58  43158  43146  43146  43165  43162  43149  43157  43156  43148  43154  43097  43109  43108  43102  43099  43105  43100  43111  43096  43095
  856.012   433639   505.23   434159   506.24  43420  43407  43408  43426  43424  43410  43419  43418  43411  43416  43358  43372  43371  43363  43359  43368  43362  43373  43358  43355
  861.012   436298   510.20   436795   509.36  43687  43673  43673  43666  43691  43677  43685  43685  43676  43682  43624  43637  43638  43629  43625  43633  43628  43639  43624  43621
  866.012   438808   507.94   439261   508.24  43918  43929  43929  43923  43923  43934  43918  43917  43932  43938  43880  43868  43893  43885  43881  43864  43884  43895  43880  43878
  871.012   441327   513.26   441796   514.73  44174  44188  44163  44182  44180  44195  44177  44175  44193  44169  44144  44125  44154  44117  44141  44124  44115  44128  44140  44139
  876.012   443948   513.64   444402   516.06  44441  44451  44430  44447  44447  44433  44444  44441  44431  44437  44382  44390  44416  44383  44405  44390  44383  44394  44402  44403
  881.013   446386   513.88   446915   514.21  44694  44681  44685  44702  44699  44688  44697  44695  44684  44690  44636  44645  44644  44637  44634  44645  44636  44646  44631  44632
  886.012   448953   510.45   449461   508.31  44951  44939  44941  44935  44956  44945  44955  44951  44941  44947  44894  44901  44901  44894  44890  44903  44891  44903  44888  44888
  891.012   451453   505.94   451987   504.56  45206  45195  45196  45191  45209  45201  45185  45206  45196  45202  45148  45132  45156  45148  45144  45132  45148  45159  45144  45142
  896.012   453914   502.73   454366   504.35  45432  45447  45423  45445  45438  45429  45440  45434  45449  45429  45403  45386  45408  45377  45398  45388  45375  45385  45398  45396
  901.012   456442   503.79   456903   505.20  45688  45704  45679  45703  45693  45684  45696  45691  45680  45685  45633  45641  45663  45635  45652  45643  45629  45640  45654  45652
  906.012   458990   503.96   459503   505.87  45954  45942  45942  45942  45959  45950  45964  45955  45946  45949  45900  45905  45903  45900  45892  45909  45893  45904  45892  45892
  911.012   461588   507.53   462082   506.36  46214  46203  46203  46203  46220  46210  46199  46215  46206  46209  46158  46165  46164  46160  46151  46170  46152  46163  46153  46152
  916.012   464140   506.12   464663   504.88  46473  46460  46463  46460  46478  46470  46456  46473  46463  46467  46416  46424  46422  46416  46409  46402  46411  46421  46410  46409
  921.012   466598   503.79   467071   502.65  46700  46714  46691  46713  46707  46698  46710  46701  46715  46722  46670  46650  46675  46642  46662  46655  46640  46676  46664  46664
  926.012   469198   508.62   469681   510.50  46964  46976  46956  46976  46971  46963  46973  46965  46977  46960  46932  46915  46937  46906  46925  46919  46902  46911  46925  46926
  931.013   471841   512.70   472344   514.95  47230  47242  47223  47242  47238  47230  47239  47231  47242  47227  47174  47183  47203  47174  47191  47188  47167  47179  47191  47191
  936.012   474345   513.36   474878   510.30  47492  47476  47483  47476  47500  47491  47502  47493  47476  47489  47435  47444  47438  47433  47425  47451  47427  47440  47426  47426
  941.012   476976   513.76   477515   512.65  47759  47744  47747  47743  47767  47757  47741  47760  47743  47754  47699  47710  47704  47699  47690  47689  47694  47706  47693  47692
  946.012   479605   515.44   480012   515.07  47998  48009  47988  48007  48004  47995  48009  47998  48009  47995  47968  47948  47969  47964  47955  47955  47960  47971  47959  47956
  951.013   482208   520.34   482654   520.37  48264  48271  48253  48269  48270  48260  48272  48264  48271  48260  48232  48211  48230  48201  48218  48218  48223  48235  48222  48218
  956.012   484741   516.91   485261   519.06  48523  48532  48515  48530  48529  48522  48533  48523  48532  48522  48466  48471  48491  48462  48479  48479  48458  48471  48485  48479
  961.012   487340   516.70   487896   515.02  48787  48795  48779  48791  48794  48786  48796  48787  48795  48786  48731  48734  48752  48724  48740  48742  48720  48734  48720  48743
  966.012   489841   517.37   490347   513.84  49042  49026  49034  49019  49049  49041  49027  49042  49026  49041  48995  48994  48985  48985  48973  48977  48979  48995  48980  48978
  971.012   492397   512.92   492811   510.57  49296  49283  49287  49274  49276  49268  49282  49270  49281  49294  49251  49248  49240  49240  49229  49233  49235  49251  49237  49233
  976.012   494956   512.57   495379   513.04  49535  49547  49525  49539  49541  49532  49547  49535  49546  49532  49489  49485  49504  49479  49493  49496  49498  49516  49500  49496
  981.012   497440   508.81   497916   509.08  49788  49801  49779  49793  49794  49785  49802  49788  49801  49785  49743  49739  49757  49732  49745  49750  49727  49744  49755  49748
  986.012   499981   507.77   500401   505.32  50043  50032  50038  50048  50050  50039  50031  50044  50032  50044  49998  49996  50015  49989  50002  50007  49984  50000  49986  50004
  991.012   502530   504.56   502972   499.87  50300  50289  50294  50305  50308  50298  50288  50301  50289  50300  50256  50254  50272  50247  50260  50238  50242  50258  50244  50259
  996.012   505042   505.81   505537   504.53  50559  50549  50552  50538  50566  50558  50548  50560  50548  50559  50514  50513  50507  50506  50493  50496  50500  50518  50503  50492
 1001.012   507638   508.83   508031   508.02  50799  50813  50791  50803  50830  50796  50814  50800  50813  50798  50779  50752  50773  50746  50757  50762  50764  50782  50768  50755
 1006.012   510189   507.89   510625   509.19  51060  51070  51050  51062  51065  51057  51073  51059  51070  51059  51013  51013  51034  51006  51018  51024  51022  51017  51027  51015
 1011.012   512669   507.55   513124   507.75  51308  51321  51300  51312  51315  51307  51323  51308  51321  51309  51262  51261  51286  51255  51269  51276  51249  51268  51278  51265
 1016.012   515206   508.39   515656   510.23  51569  51557  51560  51573  51575  51567  51559  51569  51557  51570  51522  51524  51522  51516  51528  51512  51511  51530  51514  51527
 1021.012   517760   506.01   518213   505.40  51824  51813  51817  51827  51830  51824  51815  51824  51813  51826  51776  51780  51778  51771  51782  51768  51768  51785  51770  51782
 1026.012   520280   507.92   520734   506.48  52084  52073  52052  52061  52091  52084  52074  52084  52072  52059  52034  52015  52038  52030  52016  52028  52026  52047  52029  52017
 1031.012   522810   504.95   523206   505.86  52316  52330  52310  52317  52323  52316  52331  52317  52330  52316  52291  52273  52295  52263  52276  52286  52284  52279  52285  52278
 1036.012   525305   504.63   525750   504.93  52570  52585  52564  52571  52577  52570  52586  52572  52585  52570  52521  52526  52551  52516  52530  52541  52513  52533  52541  52533
 1041.012   527877   508.61   528324   510.08  52836  52825  52829  52836  52842  52835  52825  52836  52825  52835  52786  52790  52792  52780  52794  52780  52778  52798  52780  52799
 1046.012   530462   507.05   530912   505.13  53095  53082  53089  53096  53101  53094  53083  53095  53082  53095  53045  53049  53050  53040  53053  53038  53037  53056  53037  53057
 1051.012   532998   507.32   533402   507.28  53353  53342  53322  53330  53359  53329  53343  53353  53342  53329  53303  53307  53311  53299  53286  53297  53296  53313  53297  53289
 1056.013   535600   507.99   535977   508.02  53590  53605  53584  53593  53597  53591  53606  53615  53605  53591  53566  53545  53574  53561  53547  53562  53559  53574  53559  53553
 1061.013   537989   506.79   538447   508.87  53838  53856  53832  53846  53847  53839  53856  53841  53853  53839  53788  53793  53800  53785  53796  53811  53806  53797  53810  53803
 1066.012   540517   509.50   540979   510.07  54100  54089  54093  54108  54108  54100  54090  54103  54088  54100  54047  54054  54062  54046  54057  54044  54040  54057  54045  54065
 1071.012   543093   508.77   543561   504.98  54361  54349  54351  54363  54366  54358  54350  54361  54344  54358  54305  54310  54319  54303  54313  54303  54299  54316  54304  54321
 1076.013   545744   508.46   546220   508.46  54629  54617  54620  54605  54635  54627  54618  54629  54613  54627  54573  54577  54588  54570  54581  54569  54567  54584  54572  54563
 1081.012   548317   508.09   548674   510.77  54865  54877  54855  54867  54869  54861  54879  54865  54874  54862  54835  54836  54848  54828  54815  54830  54827  54844  54830  54824
 1086.012   550847   506.06   551246   509.61  55122  55136  55112  55125  55124  55116  55139  55122  55131  55119  55095  55068  55107  55087  55071  55087  55086  55076  55088  55082
 1091.012   553326   512.03   553778   512.74  55381  55369  55370  55383  55383  55375  55370  55381  55390  55376  55326  55329  55338  55317  55330  55345  55317  55336  55346  55342
 1096.012   555926   516.26   556388   514.48  55642  55634  55634  55646  55646  55639  55635  55644  55629  55639  55593  55592  55605  55585  55594  55583  55581  55600  55585  55608
 1101.012   558492   512.38   558956   511.38  55901  55893  55893  55881  55905  55898  55895  55903  55890  55897  55852  55851  55865  55844  55854  55840  55841  55859  55844  55842
 1106.012   561136   509.72   561571   508.27  56165  56156  56132  56146  56170  56162  56158  56165  56155  56162  56114  56117  56129  56109  56118  56104  56105  56124  56109  56107
 1111.012   563541   507.38   563985   511.17  56396  56410  56386  56400  56397  56389  56412  56396  56410  56389  56368  56344  56356  56337  56348  56357  56359  56351  56361  56360
 1116.012   566104   509.40   566521   511.71  56658  56646  56648  56662  56657  56649  56648  56658  56646  56649  56604  56605  56616  56597  56609  56618  56596  56614  56623  56622
 1121.012   568568   510.62   569027   509.18  56908  56896  56898  56914  56908  56900  56899  56908  56896  56900  56855  56856  56868  56849  56858  56870  56848  56865  56850  56849
 1126.012   571061   506.14   571526   502.75  57161  57148  57150  57140  57161  57153  57151  57161  57148  57153  57107  57109  57118  57101  57111  57097  57099  57118  57102  57099
 1131.012   573647   502.10   574056   501.16  57392  57406  57382  57398  57420  57412  57409  57418  57407  57412  57365  57368  57376  57360  57370  57356  57357  57378  57359  57358
 1136.012   576166   498.94   576623   500.65  57654  57669  57644  57661  57681  57648  57671  57652  57670  57673  57629  57603  57638  57595  57604  57620  57620  57614  57621  57622
 1141.012   578767   508.32   579172   508.76  57922  57911  57914  57928  57922  57916  57913  57920  57912  57914  57870  57872  57879  57864  57874  57887  57861  57883  57888  57889
 1146.012   581260   507.75   581716   509.03  58176  58167  58168  58180  58178  58170  58168  58175  58167  58167  58125  58128  58134  58119  58127  58116  58115  58138  58116  58142
 1151.012   583780   509.50   584279   507.92  58434  58423  58424  58437  58434  58426  58425  58432  58423  58421  58381  58383  58389  58375  58381  58369  58370  58393  58369  58370
 1156.012   586412   510.96   586875   508.37  58694  58686  58686  58674  58696  58688  58688  58692  58687  58684  58644  58645  58652  58637  58643  58634  58633  58654  58634  58636
 1161.012   589033   511.09   589470   511.16  58935  58950  58925  58938  58960  58953  58952  58957  58951  58949  58908  58886  58918  58902  58907  58898  58897  58918  58899  58900
 1166.012   591523   511.14   591977   511.85  59194  59207  59184  59198  59193  59185  59210  59191  59209  59206  59141  59147  59175  59136  59139  59158  59156  59153  59158  59160
 1171.012   594061   510.32   594458   512.03  59452  59439  59443  59457  59451  59443  59442  59451  59441  59439  59398  59405  59407  59394  59395  59419  59389  59413  59420  59421
 1176.013   596539   511.04   597023   510.20  59708  59696  59698  59712  59707  59700  59699  59708  59698  59697  59655  59661  59663  59650  59651  59649  59646  59668  59647  59649
 1181.012   599171   513.86   599625   511.44  59970  59960  59962  59948  59971  59962  59962  59970  59961  59959  59919  59925  59927  59913  59915  59911  59910  59930  59909  59912
 1186.012   601778   512.25   602243   508.89  60233  60224  60201  60213  60234  60226  60228  60233  60227  60224  60184  60164  60189  60178  60176  60173  60174  60193  60173  60174
 1191.012   604395   509.83   604830   510.84  60472  60491  60467  60482  60501  60493  60494  60472  60467  60491  60450  60431  60456  60418  60443  60441  60442  60432  60440  60442
 1196.012   606923   512.40   607277   512.57  60730  60724  60726  60739  60733  60723  60725  60730  60724  60723  60681  60690  60713  60676  60700  60700  60675  60689  60698  60701
