Test case: 
Description: 
	10 senders: persistent queues
	10 receivers: client acknowledge every 50 messages
Timestamp: 2011.11.2 2:9:5
Version: 
Setting up JMS benchmark connections... 

Start processing messages.
Fri Dec 02 02:09:05 EST 2011

  Seconds   Send   Send/Sec   Recv   Recv/Sec   RCV0   RCV1   RCV2   RCV3   RCV4   RCV5   RCV6   RCV7   RCV8   RCV9  SND10  SND11  SND12  SND13  SND14  SND15  SND16  SND17  SND18  SND19
  ------- -------- -------- -------- -------- ------ ------ ------ ------ ------ ------ ------ ------ ------ ------ ------ ------ ------ ------ ------ ------ ------ ------ ------ ------
    1.048        0     0.00        0     0.00      0      0      0      0      0      0      0      0      0      0      0      0      0      0      0      0      0      0      0      0
    6.048     1959   425.87     2240   486.96    224    221    225    224    223    221    223    228    226    225    195    196    193    195    195    199    198    199    195    194
   11.048     4526   471.46     4801   500.10    480    477    481    480    479    477    480    484    482    481    451    452    451    452    452    456    454    455    452    451
   16.048     7004   471.16     7274   484.52    728    723    730    726    725    724    728    734    729    727    700    698    696    702    699    705    702    702    703    697
   21.048     9509   473.67     9792   487.76    982    977    985    980    980    978    982    964    983    981    954    951    949    955    951    935    955    953    956    950
   26.049    12120   485.57    12278   497.07   1247   1219   1226   1222   1221   1220   1247   1229   1224   1223   1219   1215   1216   1197   1218   1201   1220   1219   1199   1216
   31.048    14521   489.54    14789   499.61   1477   1476   1483   1478   1477   1477   1477   1484   1481   1479   1448   1471   1445   1453   1449   1456   1449   1448   1457   1445
   36.048    17150   508.04    17421   509.41   1740   1739   1746   1741   1740   1740   1740   1747   1746   1742   1711   1730   1708   1715   1714   1718   1711   1711   1722   1710
   41.048    19745   509.03    20039   504.63   2003   2000   2007   2003   2001   2001   2003   2008   2009   2004   1973   1967   1970   1977   1976   1979   1973   1974   1984   1972
   46.048    22387   511.01    22690   509.46   2269   2266   2275   2271   2270   2269   2270   2277   2251   2272   2240   2234   2237   2246   2242   2245   2239   2240   2226   2238
   51.048    24942   511.91    25097   511.58   2530   2500   2507   2503   2503   2501   2532   2508   2509   2504   2502   2494   2498   2479   2504   2478   2500   2501   2486   2500
   56.048    27382   509.65    27607   514.41   2759   2758   2765   2760   2759   2758   2759   2764   2764   2761   2752   2746   2750   2737   2732   2736   2729   2731   2741   2728
   61.048    29822   511.74    30089   513.42   3008   3006   3013   3008   3007   3006   3007   3012   3013   3009   2976   2995   2973   2985   2982   2985   2978   2980   2991   2977
   66.048    32316   506.19    32618   504.51   3259   3260   3267   3262   3259   3260   3258   3266   3266   3261   3226   3221   3225   3240   3236   3238   3230   3230   3243   3227
   71.048    34970   507.01    35278   502.62   3525   3526   3533   3529   3523   3527   3524   3534   3532   3525   3492   3486   3490   3505   3501   3505   3496   3496   3508   3491
   76.048    37543   502.80    37759   501.83   3791   3762   3769   3767   3788   3763   3790   3771   3768   3790   3758   3751   3757   3742   3766   3743   3761   3762   3744   3759
   81.048    40050   504.43    40236   508.02   4022   4021   4028   4026   4020   4022   4022   4028   4025   4022   4016   4009   4017   4002   3999   4003   4016   3994   4003   3991
   86.048    42588   509.40    42846   511.38   4283   4281   4288   4289   4282   4282   4282   4290   4285   4284   4251   4270   4252   4264   4259   4265   4251   4258   4266   4252
   91.048    45183   512.85    45438   514.19   4545   4540   4547   4547   4542   4541   4541   4547   4544   4544   4510   4530   4511   4523   4519   4523   4512   4520   4524   4511
   96.048    47803   514.90    48091   510.74   4812   4805   4812   4812   4807   4806   4805   4812   4811   4809   4774   4765   4775   4788   4784   4789   4776   4786   4791   4775
  101.048    50378   512.03    50692   509.68   5075   5068   5075   5050   5069   5069   5067   5074   5073   5072   5038   5031   5039   5025   5046   5025   5039   5046   5051   5038
  106.048    52838   509.87    53022   511.34   5303   5296   5303   5302   5298   5297   5319   5303   5301   5300   5292   5284   5290   5278   5275   5277   5293   5275   5281   5293
  111.048    55393   512.35    55603   515.67   5564   5556   5563   5562   5558   5559   5555   5563   5561   5562   5552   5546   5525   5538   5536   5538   5552   5535   5541   5530
  116.048    57987   514.03    58252   515.17   5829   5822   5829   5828   5824   5825   5817   5828   5825   5825   5788   5810   5790   5804   5802   5803   5790   5801   5805   5794
  121.049    60583   512.58    60885   510.70   6092   6085   6093   6089   6087   6090   6080   6091   6089   6089   6051   6045   6053   6065   6066   6064   6052   6063   6068   6056
  126.048    63130   509.09    63432   507.82   6349   6342   6350   6346   6344   6321   6339   6349   6346   6346   6309   6302   6310   6322   6323   6296   6310   6320   6325   6313
  131.048    65580   506.93    65777   505.42   6579   6571   6579   6576   6573   6578   6592   6578   6576   6575   6565   6557   6565   6551   6554   6552   6565   6550   6555   6566
  136.048    68142   510.07    68344   513.29   6837   6828   6837   6832   6829   6833   6849   6835   6832   6832   6823   6814   6821   6806   6811   6808   6822   6806   6811   6820
  141.049    70660   510.59    70943   512.06   7100   7091   7101   7094   7091   7095   7085   7097   7094   7095   7059   7076   7056   7069   7073   7072   7058   7068   7073   7056
  146.048    73291   508.34    73575   506.36   7362   7354   7364   7358   7355   7358   7348   7360   7358   7358   7321   7339   7319   7333   7336   7336   7320   7332   7337   7318
  151.048    75791   507.74    76075   504.51   7594   7613   7620   7591   7612   7589   7607   7617   7615   7617   7580   7570   7576   7566   7594   7567   7579   7589   7594   7576
  156.048    78324   508.20    78537   506.06   7856   7850   7857   7853   7847   7851   7867   7852   7850   7854   7840   7831   7836   7828   7831   7828   7840   7825   7829   7836
  161.048    80956   512.21    81154   515.07   8116   8113   8120   8115   8108   8114   8132   8112   8111   8113   8104   8094   8102   8090   8090   8091   8105   8088   8092   8100
  166.048    83503   513.72    83781   516.28   8382   8377   8386   8379   8373   8381   8370   8378   8376   8379   8344   8360   8341   8354   8356   8357   8344   8352   8356   8339
  171.048    85989   510.39    86263   509.28   8630   8625   8633   8627   8620   8629   8619   8627   8624   8629   8594   8606   8590   8602   8605   8605   8594   8599   8606   8588
  176.048    88553   507.80    88831   504.98   8891   8883   8892   8886   8880   8862   8878   8886   8884   8889   8853   8865   8848   8862   8863   8839   8855   8858   8863   8847
  181.048    91054   509.65    91275   507.57   9123   9114   9124   9117   9137   9121   9135   9143   9141   9120   9110   9099   9106   9094   9094   9098   9113   9116   9120   9104
  186.048    93580   508.42    93771   510.34   9379   9371   9382   9374   9369   9378   9393   9375   9373   9377   9369   9357   9364   9351   9350   9356   9371   9347   9353   9362
  191.048    96110   505.81    96348   509.87   9638   9631   9644   9634   9627   9638   9628   9636   9634   9638   9604   9618   9624   9611   9612   9617   9605   9608   9614   9597
  196.048    98658   506.88    98917   505.37   9894   9888   9901   9891   9885   9895   9886   9892   9890   9895   9862   9875   9856   9867   9869   9875   9863   9865   9870   9856
  201.048   101204   508.07   101516   506.80  10155  10146  10160  10152  10147  10154  10145  10152  10150  10155  10119  10111  10115  10128  10129  10110  10122  10125  10130  10115
  206.048   103786   506.83   104024   504.68  10413  10405  10394  10409  10405  10388  10404  10410  10408  10388  10376  10368  10375  10386  10387  10368  10381  10383  10389  10373
  211.048   106209   505.13   106442   505.60  10637  10630  10643  10632  10655  10637  10654  10660  10657  10637  10626  10617  10624  10612  10611  10618  10631  10632  10613  10625
  216.048   108656   504.09   108892   506.48  10889  10883  10896  10883  10881  10890  10909  10886  10884  10891  10880  10868  10878  10866  10863  10870  10858  10858  10863  10852
  221.049   111226   504.35   111455   504.14  11148  11141  11155  11143  11141  11149  11138  11146  11143  11151  11111  11127  11139  11126  11124  11131  11118  11116  11123  11111
  226.048   113776   503.84   114035   503.84  11406  11398  11411  11401  11399  11406  11401  11404  11402  11407  11370  11384  11368  11382  11380  11388  11376  11375  11382  11371
  231.048   116294   500.94   116549   497.21  11663  11655  11641  11658  11657  11635  11658  11660  11658  11664  11626  11615  11625  11640  11637  11619  11633  11632  11639  11628
  236.048   118930   504.63   119183   503.36  11931  11923  11911  11901  11925  11903  11926  11930  11928  11905  11895  11884  11893  11884  11905  11888  11903  11899  11882  11897
  241.048   121586   512.50   121769   513.47  12175  12168  12181  12173  12171  12176  12197  12175  12174  12179  12166  12156  12163  12155  12150  12159  12147  12170  12154  12166
  246.048   124154   516.19   124356   518.94  12437  12430  12441  12435  12431  12439  12433  12435  12436  12439  12430  12419  12426  12417  12410  12422  12407  12406  12416  12401
  251.048   126732   517.70   126987   518.54  12700  12693  12704  12696  12694  12700  12699  12699  12699  12703  12665  12681  12663  12678  12673  12682  12673  12674  12678  12665
  256.048   129399   519.03   129680   516.31  12970  12961  12973  12965  12963  12969  12970  12968  12969  12972  12935  12949  12933  12947  12943  12925  12944  12943  12947  12933
  261.049   131907   519.53   132159   517.65  13226  13216  13204  13219  13218  13200  13226  13224  13225  13201  13191  13180  13190  13176  13198  13180  13200  13200  13204  13188
  266.048   134371   514.73   134623   514.77  13455  13470  13459  13473  13472  13453  13455  13477  13453  13456  13446  13436  13444  13429  13452  13434  13428  13431  13431  13440
  271.048   136910   509.80   137077   513.69  13710  13700  13717  13701  13701  13710  13710  13705  13709  13714  13703  13694  13699  13688  13683  13691  13683  13687  13686  13696
  276.048   139487   511.98   139728   513.26  13975  13965  13982  13965  13965  13976  13975  13971  13975  13979  13943  13958  13940  13954  13949  13955  13950  13952  13952  13934
  281.048   142162   512.45   142400   511.85  14242  14230  14250  14232  14231  14244  14242  14238  14244  14247  14210  14226  14205  14223  14217  14224  14217  14219  14219  14202
  286.048   144749   511.17   144983   507.58  14510  14497  14487  14500  14498  14482  14510  14504  14511  14484  14476  14465  14472  14462  14484  14463  14485  14487  14487  14468
  291.048   147233   511.73   147460   510.12  14741  14750  14744  14753  14752  14741  14741  14757  14740  14741  14731  14722  14728  14719  14739  14720  14715  14718  14717  14724
  296.048   149884   517.95   150139   517.18  15011  15017  15013  15020  15019  15008  15009  15024  15008  15010  14999  14989  14996  14987  14981  14987  14983  14986  14984  14992
  301.048   152423   516.24   152600   519.16  15267  15250  15269  15250  15249  15263  15267  15254  15266  15265  15231  15245  15252  15243  15238  15243  15241  15242  15241  15247
  306.048   154924   513.83   155154   512.62  15524  15506  15524  15506  15505  15518  15522  15510  15520  15519  15485  15500  15480  15498  15494  15499  15498  15498  15494  15478
  311.049   157409   508.27   157685   508.71  15756  15761  15779  15761  15761  15773  15777  15766  15776  15775  15741  15731  15735  15730  15751  15731  15753  15755  15749  15733
  316.048   159915   505.40   160106   506.61  16011  16017  16008  16016  16015  16002  16007  16020  16006  16004  15997  15985  15992  15985  16007  15986  15982  15985  16006  15990
  321.048   162413   506.01   162653   506.44  16265  16272  16261  16272  16271  16257  16262  16276  16259  16258  16251  16242  16247  16242  16236  16243  16236  16239  16234  16243
  326.048   164987   501.74   165204   502.08  16524  16504  16519  16528  16528  16514  16519  16533  16518  16517  16507  16499  16506  16498  16495  16499  16494  16497  16493  16499
  331.048   167483   499.95   167695   501.09  16782  16759  16776  16758  16759  16772  16776  16764  16775  16774  16737  16758  16736  16757  16752  16757  16751  16753  16751  16731
  336.048   169952   500.79   170220   501.22  17010  17015  17031  17013  17014  17026  17033  17021  17029  17028  16993  16986  16993  16984  17007  16986  17004  17008  17006  16985
  341.048   172381   495.44   172597   494.30  17252  17259  17271  17262  17261  17241  17247  17266  17270  17268  17241  17238  17242  17224  17247  17239  17245  17224  17247  17234
  346.048   174901   498.52   175115   500.17  17512  17519  17504  17522  17521  17500  17506  17526  17504  17501  17501  17498  17503  17485  17480  17499  17479  17483  17479  17494
  351.048   177403   502.13   177639   502.90  17775  17756  17767  17759  17758  17762  17768  17764  17767  17763  17739  17736  17741  17749  17743  17737  17741  17745  17741  17731
  356.048   180077   505.50   180313   506.14  18041  18023  18035  18027  18025  18029  18035  18032  18034  18032  18006  18004  18009  18015  18011  18005  18008  18012  18010  17997
  361.048   182596   504.61   182860   503.84  18295  18279  18290  18282  18281  18283  18289  18288  18287  18286  18261  18258  18263  18246  18264  18260  18264  18266  18264  18250
  366.048   185132   502.43   185363   500.32  18522  18532  18545  18535  18534  18535  18541  18541  18539  18539  18516  18511  18516  18500  18518  18513  18517  18521  18517  18503
  371.048   187650   507.05   187879   507.48  18781  18792  18779  18794  18793  18769  18800  18801  18798  18772  18776  18772  18776  18760  18751  18773  18750  18754  18777  18761
  376.049   190131   509.36   190331   510.60  19043  19026  19039  19028  19028  19032  19033  19035  19032  19035  19012  19006  19012  19022  19011  19010  19011  19014  19011  19022
  381.048   192634   511.12   192891   510.92  19300  19282  19294  19285  19284  19288  19290  19291  19288  19289  19267  19259  19268  19252  19267  19266  19268  19269  19267  19251
  386.048   195197   503.15   195450   503.62  19555  19536  19550  19540  19539  19544  19546  19548  19545  19547  19523  19513  19525  19508  19524  19521  19525  19526  19524  19508
  391.048   197705   500.59   197928   500.02  19780  19788  19800  19790  19789  19794  19796  19799  19795  19797  19774  19766  19776  19759  19774  19772  19775  19777  19774  19758
  396.048   200139   498.79   200362   498.49  20031  20038  20026  20041  20040  20020  20048  20048  20047  20023  20025  20016  20026  20010  20001  20022  20001  20004  20026  20008
  401.048   202586   498.61   202758   499.31  20285  20269  20279  20271  20270  20274  20278  20278  20278  20276  20255  20270  20256  20264  20254  20252  20257  20259  20256  20263
  406.048   205055   499.98   205277   500.72  20537  20521  20533  20523  20522  20524  20530  20531  20529  20527  20508  20497  20508  20515  20507  20504  20508  20508  20510  20490
  411.048   207626   500.64   207852   500.40  20792  20779  20792  20782  20781  20781  20787  20788  20786  20784  20765  20755  20765  20770  20765  20761  20765  20765  20767  20748
  416.048   210203   497.45   210456   496.61  21052  21039  21053  21041  21040  21042  21048  21049  21047  21045  21026  21014  21025  21005  21024  21021  21027  21026  21028  21007
  421.048   212652   498.19   212930   497.52  21281  21294  21282  21296  21294  21297  21303  21303  21279  21301  21258  21269  21278  21259  21256  21276  21255  21279  21260  21262
  426.048   215101   499.48   215306   499.75  21530  21520  21534  21545  21544  21522  21528  21529  21529  21525  21509  21519  21527  21510  21506  21501  21507  21502  21509  21511
  431.048   217567   501.06   217777   504.01  21782  21774  21786  21770  21769  21776  21780  21781  21782  21777  21762  21746  21753  21761  21758  21752  21759  21754  21760  21762
  436.049   220055   500.79   220297   501.53  22034  22026  22036  22022  22021  22027  22033  22034  22034  22030  22015  21998  22004  22010  22009  22002  22011  22007  22011  21988
  441.048   222474   495.91   222785   494.87  22284  22274  22285  22270  22270  22275  22283  22283  22283  22278  22240  22247  22253  22234  22258  22251  22236  22256  22261  22238
  446.048   224969   492.01   225238   491.74  22514  22530  22515  22524  22525  22531  22514  22537  22514  22534  22494  22501  22507  22488  22488  22506  22491  22511  22491  22492
  451.048   227513   495.29   227680   493.24  22768  22759  22769  22780  22779  22759  22768  22766  22769  22763  22749  22755  22760  22743  22743  22759  22747  22765  22747  22745
  456.048   229973   495.39   230158   497.47  23018  23009  23020  23005  23031  23009  23018  23016  23019  23013  22999  23007  23013  22994  22996  22984  22999  22990  22995  22996
  461.048   232512   497.16   232731   500.08  23278  23270  23280  23265  23264  23268  23278  23275  23279  23274  23259  23241  23243  23253  23256  23243  23259  23248  23256  23254
  466.048   235005   498.10   235285   496.73  23535  23527  23535  23521  23516  23523  23535  23528  23534  23531  23512  23495  23497  23507  23511  23497  23487  23503  23514  23482
  471.048   237520   503.17   237794   500.29  23771  23787  23771  23781  23779  23785  23771  23789  23770  23790  23748  23756  23759  23741  23747  23758  23751  23765  23750  23745
  476.048   240095   504.19   240298   502.79  24030  24019  24029  24038  24037  24017  24030  24046  24029  24023  24007  24014  24015  23999  24006  24014  24008  24022  24008  24002
  481.048   242636   503.29   242810   506.88  24285  24275  24285  24271  24294  24275  24285  24277  24284  24279  24265  24271  24271  24255  24262  24269  24266  24253  24264  24260
  486.048   245268   507.01   245464   510.13  24554  24542  24554  24537  24536  24543  24554  24545  24553  24546  24534  24513  24540  24523  24530  24512  24534  24519  24533  24530
  491.048   247706   507.33   248007   506.66  24807  24797  24807  24792  24792  24798  24807  24800  24806  24801  24762  24768  24768  24777  24785  24767  24762  24774  24786  24757
  496.048   250333   512.43   250672   508.57  25073  25064  25074  25059  25058  25065  25074  25065  25071  25069  25027  25035  25034  25043  25023  25034  25025  25040  25051  25021
  501.048   252916   514.90   253121   511.71  25309  25301  25311  25322  25321  25302  25310  25329  25309  25307  25293  25298  25297  25279  25288  25297  25291  25301  25287  25285
  506.048   255561   514.09   255746   516.71  25575  25567  25575  25585  25584  25569  25575  25570  25574  25572  25558  25562  25561  25545  25553  25560  25555  25565  25553  25549
  511.048   258118   515.17   258290   519.46  25834  25826  25835  25819  25818  25829  25834  25829  25833  25833  25819  25797  25824  25805  25814  25794  25815  25826  25814  25810
  516.048   260641   511.90   260887   511.56  26095  26088  26094  26079  26076  26088  26091  26089  26093  26094  26080  26058  26057  26064  26076  26052  26075  26059  26075  26045
  521.048   263180   516.64   263466   512.65  26353  26345  26352  26337  26336  26347  26348  26347  26351  26350  26312  26317  26317  26324  26333  26313  26306  26321  26331  26306
  526.049   265704   513.22   265939   509.77  26588  26579  26611  26597  26597  26582  26608  26606  26585  26586  26573  26575  26577  26560  26568  26575  26566  26581  26566  26563
  531.048   268373   515.27   268553   515.27  26856  26845  26851  26863  26862  26850  26849  26873  26852  26852  26841  26842  26845  26827  26834  26840  26833  26847  26834  26830
  536.048   271025   512.58   271180   516.11  27120  27110  27117  27129  27128  27114  27114  27113  27118  27117  27106  27108  27110  27091  27098  27106  27099  27113  27098  27096
  541.048   273533   512.52   273711   516.54  27380  27369  27377  27360  27359  27372  27370  27371  27377  27376  27366  27339  27371  27349  27357  27338  27358  27344  27356  27355
  546.048   276103   514.56   276341   513.36  27643  27633  27640  27625  27624  27634  27633  27634  27638  27637  27601  27604  27605  27611  27619  27603  27618  27610  27618  27614
  551.048   278729   518.39   278994   516.04  27886  27901  27908  27892  27892  27902  27901  27901  27906  27905  27868  27872  27872  27879  27887  27873  27860  27877  27885  27856
  556.048   281287   520.45   281499   518.88  28148  28139  28146  28156  28156  28140  28165  28165  28142  28142  28132  28135  28134  28117  28126  28137  28124  28140  28122  28120
  561.048   283793   513.86   283978   515.81  28399  28390  28396  28410  28411  28392  28394  28392  28397  28397  28383  28390  28389  28370  28376  28366  28376  28395  28376  28372
  566.049   286272   508.31   286491   512.97  28653  28644  28651  28662  28639  28646  28648  28646  28652  28650  28634  28617  28641  28623  28631  28621  28629  28621  28630  28625
  571.048   288870   509.28   289080   511.36  28914  28906  28913  28897  28901  28908  28907  28907  28914  28913  28896  28878  28876  28887  28893  28883  28891  28883  28895  28888
  576.048   291479   512.48   291766   512.38  29183  29174  29181  29166  29169  29177  29176  29177  29183  29180  29140  29146  29145  29156  29161  29150  29135  29152  29164  29130
  581.048   293947   507.77   294237   506.66  29411  29431  29438  29421  29422  29404  29431  29434  29409  29436  29397  29403  29401  29382  29386  29405  29395  29407  29391  29380
  586.048   296559   509.80   296792   509.63  29676  29666  29675  29683  29685  29669  29695  29697  29674  29672  29659  29667  29663  29645  29650  29643  29659  29673  29654  29646
  591.048   299155   512.95   299409   516.14  29943  29932  29943  29950  29951  29937  29935  29937  29941  29940  29926  29908  29929  29914  29918  29910  29902  29913  29920  29915
  596.048   301739   516.53   301968   517.70  30206  30194  30202  30187  30187  30199  30195  30198  30201  30199  30163  30168  30189  30176  30177  30171  30163  30176  30180  30176
  601.048   304304   514.06   304583   514.53  30470  30456  30463  30446  30448  30462  30456  30460  30462  30460  30424  30429  30426  30438  30439  30434  30423  30437  30442  30412
  606.048   306868   511.41   307122   510.27  30701  30712  30721  30703  30705  30717  30712  30716  30719  30716  30681  30686  30683  30692  30696  30690  30680  30692  30699  30669
  611.048   309387   513.52   309669   513.36  30961  30972  30980  30963  30965  30951  30973  30976  30952  30976  30943  30945  30941  30927  30930  30950  30940  30951  30933  30927
  616.048   312000   513.66   312228   514.43  31225  31211  31218  31226  31229  31216  31235  31239  31216  31213  31207  31208  31207  31191  31193  31187  31205  31216  31196  31190
  621.048   314563   515.17   314819   515.27  31491  31478  31485  31492  31471  31484  31477  31478  31483  31480  31449  31448  31473  31459  31460  31452  31446  31456  31463  31457
  626.048   317176   515.32   317429   516.12  31752  31739  31746  31753  31733  31745  31738  31740  31744  31739  31711  31708  31735  31721  31720  31713  31709  31717  31723  31719
  631.048   319677   511.34   319955   510.40  32006  31994  32001  31983  31989  31997  31995  31996  31998  31996  31967  31963  31965  31974  31975  31969  31964  31975  31980  31971
  636.048   322224   509.36   322455   508.52  32236  32250  32256  32238  32245  32227  32250  32251  32253  32249  32224  32217  32219  32228  32231  32223  32218  32228  32235  32201
  641.048   324698   509.43   324904   508.62  32490  32480  32485  32492  32501  32481  32506  32507  32483  32479  32481  32472  32475  32457  32459  32478  32473  32483  32464  32456
  646.048   327204   507.21   327408   508.39  32751  32738  32744  32751  32732  32739  32735  32739  32742  32737  32711  32732  32735  32715  32716  32709  32733  32715  32723  32715
  651.049   329796   509.46   330059   509.70  33013  33003  33009  33014  32998  33004  33000  33007  33008  33003  32977  32968  32998  32980  32983  32974  32970  32980  32988  32978
  656.048   332415   508.76   332674   506.34  33276  33266  33272  33254  33263  33267  33263  33273  33272  33268  33241  33233  33238  33244  33247  33239  33234  33246  33251  33242
  661.048   334973   507.25   335254   506.51  33534  33525  33530  33511  33522  33526  33521  33530  33530  33525  33500  33491  33497  33502  33504  33499  33492  33505  33508  33475
  666.048   337528   507.68   337689   508.66  33767  33759  33763  33770  33781  33759  33780  33764  33763  33783  33758  33751  33755  33734  33763  33757  33750  33763  33765  33732
  671.048   339981   510.20   340224   512.32  34025  34018  34020  34030  34014  34017  34038  34024  34022  34016  33991  34008  34014  33992  33995  33990  34008  33997  33998  33988
  676.048   342520   513.09   342793   513.66  34285  34281  34280  34289  34272  34277  34270  34282  34281  34276  34251  34240  34271  34250  34253  34251  34242  34256  34259  34247
  681.048   345110   511.02   345379   508.34  34547  34543  34543  34524  34532  34538  34529  34544  34542  34537  34512  34500  34506  34513  34513  34515  34504  34517  34521  34509
  686.048   347671   506.01   347886   505.44  34777  34771  34798  34782  34789  34793  34787  34799  34797  34793  34768  34759  34763  34768  34770  34772  34758  34773  34776  34764
  691.049   350161   505.30   350363   504.43  35036  35028  35031  35039  35045  35025  35045  35033  35031  35050  35024  35015  35019  34999  35028  35003  35017  35029  35033  34994
  696.049   352617   503.83   352867   507.65  35292  35283  35288  35295  35275  35280  35300  35288  35285  35281  35255  35270  35276  35254  35259  35258  35273  35260  35263  35249
  701.049   355178   508.19   355450   508.29  35549  35542  35548  35553  35533  35538  35559  35545  35544  35539  35513  35529  35534  35513  35517  35515  35507  35519  35522  35509
  706.048   357754   510.35   358028   506.80  35812  35806  35813  35789  35797  35800  35794  35808  35807  35802  35777  35765  35769  35776  35780  35777  35771  35781  35785  35773
  711.048   360338   505.32   360600   504.98  36069  36062  36069  36047  36052  36058  36052  36066  36065  36060  36036  36023  36028  36034  36038  36035  36028  36040  36045  36031
  716.048   362804   503.27   363009   504.78  36296  36289  36296  36300  36305  36313  36307  36295  36294  36314  36290  36276  36284  36290  36291  36264  36282  36294  36272  36261
  721.048   365212   502.57   365479   505.55  36548  36542  36549  36552  36556  36539  36558  36547  36546  36542  36515  36526  36535  36516  36518  36515  36531  36521  36524  36511
  726.048   367743   505.92   368016   506.69  36805  36798  36805  36808  36787  36795  36813  36805  36802  36798  36769  36780  36791  36772  36773  36771  36762  36776  36782  36767
  731.048   370247   503.15   370523   501.61  37060  37054  37061  37040  37043  37050  37044  37061  37057  37053  37025  37011  37021  37028  37028  37025  37017  37032  37038  37022
  736.048   372819   500.34   373091   499.53  37318  37311  37318  37295  37300  37305  37302  37318  37314  37310  37280  37267  37279  37286  37285  37282  37274  37290  37296  37280
  741.048   375278   497.85   375495   498.09  37545  37538  37545  37548  37552  37561  37555  37545  37542  37564  37534  37520  37531  37514  37541  37538  37526  37544  37523  37507
  746.048   377765   499.43   378012   501.71  37802  37795  37801  37805  37808  37792  37813  37802  37799  37795  37792  37777  37787  37770  37772  37768  37782  37774  37779  37764
  751.048   380278   502.99   380553   503.26  38057  38050  38054  38059  38062  38045  38068  38057  38053  38048  38021  38031  38042  38024  38025  38021  38036  38028  38032  38018
  756.048   382813   502.06   383078   500.05  38312  38307  38313  38319  38294  38302  38299  38313  38312  38307  38280  38291  38274  38284  38282  38280  38268  38287  38291  38276
  761.049   385445   504.80   385710   504.50  38578  38573  38578  38557  38561  38566  38566  38580  38578  38573  38547  38529  38540  38551  38549  38545  38533  38550  38559  38542
  766.049   387949   504.16   388156   503.76  38810  38803  38810  38815  38818  38824  38823  38812  38811  38830  38803  38787  38799  38783  38808  38803  38792  38808  38791  38775
  771.048   390518   509.61   390754   511.16  39075  39069  39076  39079  39085  39064  39086  39076  39075  39069  39069  39051  39064  39047  39047  39043  39055  39048  39055  39039
  776.048   393055   510.49   393319   511.06  39332  39325  39333  39335  39339  39322  39342  39333  39332  39326  39297  39308  39320  39304  39302  39299  39311  39306  39311  39297
  781.048   395615   510.30   395856   510.03  39591  39583  39590  39595  39573  39580  39575  39593  39591  39585  39557  39569  39553  39563  39558  39557  39568  39565  39570  39555
  786.048   398175   510.94   398443   509.26  39853  39844  39851  39829  39835  39843  39835  39854  39852  39847  39817  39802  39815  39825  39818  39819  39802  39827  39831  39819
  791.048   400662   508.10   400954   507.33  40108  40099  40107  40087  40091  40099  40092  40084  40084  40103  40075  40059  40072  40057  40073  40076  40056  40084  40061  40049
  796.048   403192   508.61   403394   510.39  40338  40331  40336  40344  40350  40329  40349  40342  40340  40335  40336  40316  40333  40314  40333  40308  40315  40315  40316  40306
  801.048   405784   510.54   406035   510.17  40602  40596  40602  40609  40612  40592  40614  40605  40603  40600  40573  40581  40596  40579  40571  40573  40578  40580  40582  40571
  806.048   408342   509.46   408594   510.77  40861  40855  40859  40868  40846  40850  40872  40864  40860  40859  40832  40841  40829  40838  40827  40830  40836  40838  40841  40830
  811.048   410953   511.21   411175   508.83  41125  41118  41123  41106  41111  41113  41109  41125  41123  41122  41097  41079  41093  41101  41091  41094  41099  41101  41105  41093
  816.048   413429   508.52   413732   507.18  41380  41374  41378  41361  41367  41370  41364  41381  41379  41378  41353  41333  41349  41331  41347  41350  41328  41356  41359  41323
  821.048   415940   509.21   416137   507.77  41609  41604  41609  41616  41626  41626  41621  41610  41609  41607  41586  41587  41606  41587  41604  41606  41584  41612  41588  41580
  826.048   418455   510.50   418685   510.60  41868  41862  41867  41875  41857  41880  41877  41868  41866  41865  41845  41842  41838  41844  41860  41836  41841  41867  41845  41837
  831.049   420898   503.69   421151   505.50  42117  42111  42115  42124  42107  42103  42125  42118  42116  42115  42094  42092  42087  42095  42083  42086  42090  42089  42095  42087
  836.048   423471   502.48   423703   501.91  42374  42368  42373  42358  42366  42362  42382  42375  42373  42372  42350  42351  42344  42352  42341  42344  42347  42345  42353  42344
  841.048   425856   494.97   426166   495.40  42620  42614  42622  42615  42615  42614  42605  42622  42621  42618  42595  42573  42593  42574  42593  42591  42570  42599  42600  42568
  846.048   428505   500.77   428789   498.46  42885  42879  42887  42880  42879  42878  42870  42887  42862  42882  42859  42838  42858  42838  42858  42856  42835  42864  42865  42834
  851.048   431022   504.26   431227   505.47  43121  43115  43123  43116  43114  43140  43132  43123  43124  43119  43122  43100  43121  43100  43094  43092  43097  43099  43101  43096
  856.048   433584   505.96   433817   506.93  43382  43378  43385  43377  43377  43374  43395  43384  43386  43379  43356  43362  43354  43362  43355  43354  43361  43360  43361  43359
  861.048   436244   511.63   436473   513.34  43648  43644  43651  43643  43642  43639  43661  43651  43650  43644  43621  43628  43620  43629  43621  43619  43626  43627  43628  43625
  866.048   438785   510.50   439013   510.40  43903  43901  43908  43899  43897  43897  43894  43908  43906  43900  43878  43884  43876  43887  43877  43876  43882  43883  43885  43857
  871.048   441307   512.79   441617   509.90  44163  44161  44169  44160  44157  44157  44153  44168  44168  44161  44138  44117  44136  44122  44139  44136  44114  44143  44146  44116
  876.048   443926   513.15   444158   511.48  44427  44400  44407  44423  44423  44421  44418  44407  44406  44426  44402  44381  44400  44389  44403  44399  44381  44406  44385  44380
  881.048   446335   513.02   446570   513.99  44655  44654  44661  44652  44652  44649  44672  44661  44660  44654  44631  44634  44629  44642  44632  44628  44635  44635  44638  44631
  886.048   448907   511.59   449142   513.41  44912  44911  44919  44908  44909  44906  44930  44918  44917  44912  44888  44891  44887  44901  44891  44886  44891  44891  44894  44887
  891.048   451434   506.22   451665   507.16  45166  45165  45175  45163  45164  45160  45159  45172  45174  45167  45143  45146  45142  45131  45145  45143  45146  45146  45147  45145
  896.048   453924   502.16   454194   504.41  45419  45417  45428  45416  45417  45413  45413  45424  45427  45420  45398  45400  45396  45386  45397  45397  45373  45401  45400  45376
  901.048   456458   503.29   456706   500.23  45676  45673  45658  45672  45673  45670  45668  45681  45658  45677  45653  45631  45651  45642  45653  45653  45629  45657  45657  45632
  906.048   458979   502.57   459254   503.14  45941  45914  45923  45912  45936  45935  45932  45921  45924  45916  45892  45895  45915  45906  45892  45892  45894  45895  45899  45899
  911.049   461554   508.96   461775   509.36  46176  46173  46183  46170  46171  46170  46192  46180  46184  46176  46152  46155  46148  46167  46152  46151  46154  46155  46160  46160
  916.049   464085   506.73   464331   507.97  46433  46432  46441  46429  46428  46427  46424  46440  46443  46434  46410  46412  46406  46400  46410  46410  46412  46413  46419  46393
  921.049   466619   505.13   466869   505.70  46687  46686  46697  46682  46682  46681  46678  46694  46696  46686  46663  46666  46659  46653  46663  46664  46666  46665  46674  46646
  926.048   469191   507.21   469416   505.64  46949  46949  46934  46944  46944  46942  46942  46931  46934  46947  46925  46928  46922  46916  46925  46927  46903  46927  46909  46909
  931.048   471826   510.08   472057   510.29  47215  47191  47200  47211  47210  47208  47208  47199  47201  47214  47191  47169  47188  47182  47190  47192  47170  47192  47176  47176
  936.048   474313   512.62   474534   511.81  47449  47451  47461  47445  47444  47443  47470  47458  47463  47450  47426  47429  47423  47445  47427  47428  47432  47427  47436  47440
  941.048   476940   514.58   477196   515.76  47716  47718  47726  47713  47710  47710  47735  47725  47729  47714  47693  47695  47688  47708  47692  47694  47696  47694  47703  47677
  946.048   479575   517.20   479824   516.36  47981  47983  47993  47978  47976  47974  47974  47991  47995  47979  47958  47961  47954  47948  47959  47963  47961  47960  47967  47944
  951.048   482201   518.57   482426   519.45  48244  48246  48255  48241  48239  48236  48237  48254  48234  48240  48221  48225  48214  48213  48220  48226  48224  48221  48230  48207
  956.048   484733   516.90   484957   516.79  48506  48482  48490  48502  48501  48497  48497  48489  48493  48500  48482  48462  48475  48474  48481  48487  48458  48482  48465  48467
  961.048   487312   515.35   487580   516.53  48768  48744  48751  48764  48763  48762  48759  48751  48755  48763  48744  48725  48739  48738  48719  48724  48720  48747  48727  48729
  966.048   489774   516.28   490012   517.65  48999  48999  49010  48996  48993  48993  49013  49006  49009  48994  48972  48982  48967  48990  48970  48976  48976  48976  48984  48981
  971.049   492281   512.08   492564   511.11  49255  49254  49265  49250  49248  49248  49268  49262  49266  49248  49228  49237  49222  49220  49227  49233  49232  49232  49239  49211
  976.049   494870   509.83   495118   510.70  49519  49516  49504  49513  49511  49511  49506  49525  49503  49510  49492  49475  49485  49485  49493  49495  49496  49496  49478  49475
  981.048   497342   505.74   497639   505.74  49774  49771  49758  49767  49767  49766  49759  49754  49757  49766  49746  49730  49740  49739  49724  49725  49724  49751  49734  49729
  986.048   499880   504.63   500151   506.17  50005  50000  50013  50023  50025  50024  50018  50009  50011  50023  50004  49985  49997  49994  49980  49982  49980  49982  49991  49985
  991.048   502408   503.99   502644   503.83  50262  50258  50271  50255  50256  50253  50274  50267  50269  50279  50234  50243  50229  50252  50239  50241  50238  50242  50248  50242
  996.048   504953   505.89   505211   507.43  50522  50517  50531  50514  50515  50513  50533  50524  50528  50514  50495  50502  50486  50486  50500  50502  50497  50502  50507  50476
 1001.049   507584   509.18   507835   510.72  50787  50781  50796  50780  50781  50778  50772  50788  50792  50780  50760  50766  50752  50752  50763  50768  50763  50769  50749  50742
 1006.048   510126   507.85   510378   506.34  51047  51040  51030  51039  51041  51036  51032  51046  51027  51040  51018  51001  51013  51010  51022  51025  50998  51027  51008  51004
 1011.048   512554   507.05   512862   505.60  51272  51290  51281  51291  51290  51288  51283  51296  51279  51292  51269  51251  51266  51261  51247  51250  51248  51253  51257  51252
 1016.049   515116   509.60   515324   509.16  51535  51526  51541  51527  51525  51525  51544  51531  51542  51528  51506  51512  51502  51522  51508  51511  51509  51515  51518  51513
 1021.048   517649   507.94   517878   508.64  51789  51781  51797  51783  51781  51781  51800  51787  51795  51784  51761  51768  51758  51752  51764  51767  51766  51769  51776  51768
 1026.048   520200   507.32   520477   509.63  52049  52041  52057  52042  52041  52040  52060  52046  52057  52044  52021  52028  52018  52013  52025  52026  52029  52029  52010  52001
 1031.048   522728   504.01   522971   505.42  52307  52300  52289  52299  52298  52296  52290  52303  52289  52300  52281  52284  52276  52270  52259  52284  52260  52287  52266  52261
 1036.048   525252   502.35   525496   502.08  52537  52555  52543  52555  52553  52551  52544  52559  52543  52556  52536  52513  52531  52528  52513  52538  52515  52541  52519  52518
 1041.048   527821   509.70   528017   507.68  52802  52794  52808  52794  52793  52816  52809  52799  52807  52795  52774  52778  52795  52795  52778  52776  52780  52778  52783  52784
 1046.048   530319   509.21   530571   509.72  53061  53052  53065  53052  53050  53049  53068  53056  53065  53053  53031  53035  53027  53026  53036  53033  53040  53035  53041  53015
 1051.048   532919   509.93   533166   510.57  53320  53312  53323  53312  53311  53308  53327  53316  53323  53314  53292  53295  53287  53285  53295  53294  53301  53296  53300  53274
 1056.048   535499   508.14   535766   506.96  53583  53576  53586  53575  53573  53571  53564  53579  53584  53575  53554  53557  53551  53550  53558  53557  53537  53559  53538  53538
 1061.048   537969   505.49   538206   505.25  53832  53825  53810  53824  53822  53818  53813  53828  53809  53825  53805  53805  53801  53798  53783  53807  53785  53810  53788  53787
 1066.048   540483   508.32   540775   508.09  54069  54061  54071  54086  54084  54082  54075  54090  54069  54088  54041  54038  54063  54063  54043  54040  54047  54046  54050  54052
 1071.048   542982   507.85   543216   510.03  54327  54318  54328  54317  54315  54312  54332  54321  54326  54320  54300  54296  54294  54293  54302  54299  54305  54304  54305  54284
 1076.048   545666   512.38   545896   512.52  54595  54586  54595  54585  54583  54580  54601  54589  54594  54588  54569  54564  54563  54562  54570  54567  54573  54571  54573  54554
 1081.048   548235   510.52   548465   509.92  54854  54848  54855  54845  54843  54838  54836  54847  54853  54846  54829  54823  54822  54823  54829  54826  54808  54831  54832  54812
 1086.048   550785   505.57   550945   506.58  55088  55081  55088  55102  55102  55096  55093  55104  55086  55105  55087  55079  55078  55081  55061  55083  55065  55090  55091  55070
 1091.048   553314   509.66   553534   509.93  55347  55341  55348  55361  55360  55353  55352  55363  55346  55363  55342  55336  55337  55340  55321  55341  55324  55320  55323  55330
 1096.048   555828   514.06   556098   512.45  55610  55605  55613  55599  55599  55619  55615  55626  55610  55602  55581  55599  55576  55578  55584  55580  55587  55585  55588  55570
 1101.048   558399   514.75   558637   514.01  55868  55865  55871  55858  55858  55852  55874  55861  55870  55860  55840  55832  55836  55837  55845  55840  55846  55844  55850  55829
 1106.048   561037   513.22   561251   511.81  56130  56129  56136  56121  56122  56117  56114  56125  56134  56123  56103  56096  56099  56100  56109  56105  56110  56107  56114  56094
 1111.048   563548   506.88   563735   508.96  56385  56356  56363  56376  56377  56371  56368  56378  56386  56375  56357  56348  56353  56354  56362  56360  56340  56360  56367  56347
 1116.048   566087   508.42   566292   510.70  56620  56616  56623  56638  56638  56631  56631  56639  56621  56635  56618  56610  56615  56613  56598  56597  56603  56622  56602  56609
 1121.048   568500   506.98   568752   508.12  56871  56867  56874  56865  56863  56882  56880  56891  56872  56887  56845  56862  56840  56866  56849  56849  56854  56847  56853  56835
 1126.048   570966   507.13   571199   505.89  57123  57120  57127  57118  57115  57108  57132  57117  57125  57114  57096  57088  57092  57092  57101  57100  57106  57099  57106  57086
 1131.048   573522   505.62   573793   504.82  57381  57381  57388  57377  57375  57365  57392  57376  57385  57373  57354  57345  57350  57351  57360  57358  57336  57358  57365  57345
 1136.048   576150   501.71   576362   502.62  57643  57617  57649  57640  57638  57628  57625  57640  57646  57636  57617  57609  57612  57613  57622  57622  57600  57621  57626  57608
 1141.049   578723   505.74   578990   507.55  57911  57887  57892  57908  57906  57895  57894  57907  57887  57903  57885  57876  57879  57881  57863  57863  57868  57864  57869  57875
 1146.049   581212   504.13   581431   506.31  58141  58141  58146  58137  58134  58148  58148  58137  58143  58156  58114  58129  58132  58133  58118  58118  58122  58119  58123  58104
 1151.048   583717   508.69   583962   507.48  58395  58398  58403  58393  58388  58407  58405  58391  58398  58384  58370  58388  58359  58361  58376  58373  58376  58375  58378  58361
 1156.048   586317   512.62   586567   512.35  58659  58658  58664  58657  58652  58645  58665  58657  58660  58650  58633  58625  58624  58626  58637  58635  58636  58638  58640  58623
 1161.048   588940   512.15   589216   511.44  58924  58923  58930  58921  58917  58910  58930  58921  58925  58915  58897  58890  58889  58891  58901  58900  58876  58903  58905  58888
 1166.048   591521   509.03   591708   509.90  59182  59158  59164  59179  59175  59170  59164  59181  59160  59175  59156  59147  59148  59149  59159  59158  59136  59160  59162  59146
 1171.048   593958   508.27   594231   508.51  59416  59418  59424  59411  59408  59433  59424  59442  59419  59436  59388  59406  59410  59411  59391  59390  59397  59392  59395  59378
 1176.048   596471   510.32   596710   512.74  59673  59673  59680  59667  59664  59661  59679  59670  59677  59666  59646  59660  59640  59641  59648  59646  59653  59649  59653  59635
 1181.048   599105   514.56   599335   512.38  59936  59935  59942  59929  59927  59923  59941  59934  59940  59928  59910  59924  59903  59903  59911  59910  59918  59912  59915  59899
 1186.048   601699   510.97   601975   511.88  60200  60200  60205  60191  60190  60186  60205  60201  60205  60192  60176  60161  60167  60165  60178  60175  60155  60178  60180  60164
 1191.048   604367   511.28   604541   508.66  60466  60442  60444  60459  60457  60455  60445  60468  60445  60460  60443  60426  60435  60433  60445  60442  60420  60445  60446  60432
 1196.048   606786   510.47   607069   511.88  60698  60701  60703  60717  60716  60713  60703  60698  60702  60718  60674  60683  60692  60691  60677  60674  60678  60676  60678  60663
