Test case: 
Description: 
	10 senders: persistent queues
	10 receivers: client acknowledge every 50 messages
Timestamp: 2011.11.1 23:24:32
Version: 
Setting up JMS benchmark connections... 

Start processing messages.
Thu Dec 01 23:24:32 EST 2011

  Seconds   Send   Send/Sec   Recv   Recv/Sec   RCV0   RCV1   RCV2   RCV3   RCV4   RCV5   RCV6   RCV7   RCV8   RCV9  SND10  SND11  SND12  SND13  SND14  SND15  SND16  SND17  SND18  SND19
  ------- -------- -------- -------- -------- ------ ------ ------ ------ ------ ------ ------ ------ ------ ------ ------ ------ ------ ------ ------ ------ ------ ------ ------ ------
    1.202        0     0.00        0     0.00      0      0      0      0      0      0      0      0      0      0      0      0      0      0      0      0      0      0      0      0
    6.202     6211  1350.22     6290  1367.39    629    629    628    629    629    630    628    629    629    630    624    619    629    621    618    618    622    622    622    616
   11.202    12873  1340.94    12961  1350.10   1296   1296   1295   1296   1296   1297   1295   1294   1299   1297   1292   1284   1298   1282   1286   1283   1289   1288   1290   1281
   16.202    19977  1368.29    20076  1375.07   2008   2008   2006   2008   2009   2007   2006   2005   2012   2007   2005   1992   2005   1992   1997   1994   2002   1996   1998   1996
   21.202    27166  1386.02    27281  1391.89   2728   2728   2727   2728   2730   2727   2727   2727   2732   2727   2725   2713   2722   2712   2712   2716   2721   2716   2715   2714
   26.202    34305  1394.51    34430  1399.59   3443   3443   3442   3444   3444   3443   3442   3442   3446   3441   3441   3424   3436   3425   3422   3435   3438   3430   3428   3426
   31.202    41384  1398.11    41513  1402.47   4151   4151   4151   4151   4151   4151   4150   4151   4156   4150   4147   4133   4144   4131   4131   4144   4145   4138   4138   4133
   36.202    48276  1411.58    48421  1413.79   4842   4842   4842   4842   4842   4842   4841   4842   4848   4838   4836   4822   4834   4819   4824   4829   4829   4830   4831   4822
   41.202    55192  1420.10    55361  1422.82   5536   5536   5536   5537   5537   5535   5534   5537   5541   5532   5527   5513   5524   5506   5516   5525   5522   5520   5525   5514
   46.202    61950  1403.95    62121  1408.61   6213   6212   6211   6213   6213   6210   6210   6213   6216   6210   6201   6187   6200   6182   6192   6205   6196   6199   6199   6189
   51.202    69102  1395.34    69292  1395.44   6931   6930   6927   6931   6931   6926   6926   6931   6933   6926   6917   6904   6913   6904   6904   6921   6908   6910   6917   6904
   56.202    76539  1392.56    76751  1395.18   7676   7677   7673   7676   7676   7673   7673   7676   7678   7673   7660   7649   7654   7649   7645   7664   7652   7654   7664   7648
   61.202    84302  1411.31    84526  1414.56   8453   8453   8450   8453   8453   8451   8451   8453   8458   8451   8435   8424   8429   8427   8422   8442   8430   8431   8440   8422
   66.202    92368  1455.00    92634  1459.13   9264   9264   9260   9264   9264   9262   9261   9264   9269   9262   9242   9234   9236   9234   9226   9245   9239   9236   9247   9229
   71.202   100057  1479.53   100334  1483.09  10035  10035  10029  10035  10035  10031  10029  10035  10039  10031  10012  10003  10006  10001   9993  10012  10008  10007  10015  10000
   76.202   107891  1518.56   108278  1523.19  10829  10830  10823  10830  10830  10824  10824  10829  10834  10825  10801  10795  10797  10792  10785  10801  10799  10799  10731  10791
   81.202   115353  1537.37   115754  1542.03  11527  11528  11593  11598  11598  11593  11593  11598  11530  11596  11497  11561  11563  11558  11553  11496  11566  11496  11502  11561
   86.202   122813  1536.93   122921  1541.43  12272  12272  12344  12268  12268  12345  12344  12268  12273  12267  12240  12309  12313  12307  12303  12237  12313  12237  12245  12309
   91.202   130443  1548.36   130808  1553.09  13083  13083  13077  13082  13082  13077  13077  13082  13084  13081  13050  13043  13042  13040  13032  13047  13045  13048  13055  13041
   96.202   137561  1516.49   137949  1520.59  13797  13797  13790  13797  13797  13790  13790  13797  13797  13797  13763  13756  13754  13753  13742  13757  13756  13762  13765  13753
  101.202   144384  1487.53   144787  1491.76  14481  14481  14474  14481  14479  14474  14474  14481  14481  14481  14443  14440  14434  14434  14426  14439  14441  14441  14449  14437
  106.202   151456  1461.91   151884  1463.29  15191  15191  15183  15191  15189  15183  15183  15191  15191  15191  15151  15147  15142  15145  15132  15146  15145  15149  15153  15146
  111.202   158257  1439.73   158700  1441.14  15874  15874  15864  15870  15870  15864  15863  15874  15875  15872  15831  15827  15821  15829  15811  15825  15826  15831  15831  15825
  116.202   165642  1437.21   166096  1448.83  16614  16617  16602  16610  16610  16602  16603  16614  16614  16610  16573  16564  16563  16565  16548  16566  16565  16565  16569  16564
  121.202   173784  1451.93   174295  1459.25  17435  17436  17421  17430  17430  17422  17421  17435  17435  17430  17386  17379  17379  17378  17360  17380  17378  17380  17382  17382
  126.203   181349  1469.40   181873  1463.49  18191  18193  18179  18189  18189  18180  18181  18191  18191  18189  18143  18134  18137  18133  18116  18136  18137  18137  18139  18137
  131.202   188502  1473.81   189024  1468.74  18905  18911  18894  18904  18904  18896  18896  18906  18905  18903  18852  18849  18851  18852  18830  18852  18853  18854  18856  18853
  136.202   195670  1472.28   196206  1468.83  19624  19631  19612  19623  19623  19613  19614  19624  19622  19620  19569  19569  19564  19570  19548  19567  19568  19569  19577  19569
  141.202   202833  1476.23   203358  1474.04  20340  20345  20327  20338  20338  20329  20330  20338  20338  20335  20285  20284  20280  20287  20264  20280  20285  20288  20295  20285
  146.202   209700  1453.83   210248  1456.17  21031  21034  21015  21028  21028  21018  21015  21028  21028  21023  20972  20970  20966  20970  20951  20966  20970  20977  20988  20970
  151.202   216784  1418.62   217283  1420.37  21740  21670  21725  21740  21738  21730  21725  21738  21740  21737  21681  21679  21670  21677  21660  21675  21680  21686  21697  21679
  156.202   224621  1429.68   225073  1432.03  22460  22463  22520  22533  22533  22525  22519  22533  22532  22530  22473  22469  22460  22468  22453  22465  22471  22479  22414  22469
  161.202   232316  1453.12   232633  1456.04  23246  23250  23307  23243  23243  23310  23305  23244  23243  23242  23184  23255  23245  23251  23236  23178  23257  23260  23198  23252
  166.203   239816  1463.49   240139  1466.61  23996  23999  24060  23993  23993  24062  24057  23994  23995  23990  23930  24006  23996  24004  23989  23923  24006  24012  23946  24004
  171.202   247513  1486.68   247873  1491.28  24785  24789  24771  24781  24782  24774  24845  24783  24785  24778  24715  24794  24779  24790  24773  24709  24715  24719  24733  24786
  176.202   254998  1517.60   255589  1521.56  25563  25569  25550  25560  25561  25554  25549  25562  25563  25558  25493  25498  25486  25568  25476  25484  25495  25497  25513  25488
  181.202   262610  1537.79   263285  1543.69  26331  26340  26320  26330  26331  26323  26319  26331  26333  26327  26262  26266  26256  26261  26243  26254  26263  26267  26282  26256
  186.202   270418  1536.81   271140  1543.36  27117  27127  27103  27115  27117  27109  27101  27117  27119  27115  27046  27046  27034  27039  27022  27036  27045  27046  27069  27035
  191.203   278196  1539.60   278924  1553.39  27895  27902  27883  27894  27895  27888  27883  27895  27895  27894  27821  27825  27814  27816  27800  27814  27824  27823  27846  27813
  196.203   285714  1540.25   286447  1554.01  28646  28657  28637  28646  28646  28640  28637  28646  28646  28646  28571  28578  28566  28568  28550  28565  28576  28576  28598  28566
  201.203   293794  1553.05   294544  1566.14  29455  29465  29449  29455  29455  29451  29448  29455  29455  29456  29379  29388  29373  29374  29358  29374  29383  29386  29408  29371
  206.202   301882  1570.20   302680  1577.15  30270  30280  30262  30270  30270  30262  30258  30270  30268  30270  30189  30195  30184  30180  30164  30185  30191  30194  30221  30179
  211.202   309484  1570.37   310304  1575.23  31032  31039  31029  31031  31031  31029  31021  31032  31030  31030  30946  30956  30944  30942  30926  30946  30951  30954  30978  30941
  216.202   317357  1567.25   318210  1558.29  31823  31830  31820  31822  31822  31819  31812  31821  31821  31820  31738  31741  31732  31729  31711  31734  31737  31739  31765  31731
  221.202   325426  1574.82   326301  1566.93  32632  32637  32628  32630  32632  32629  32620  32632  32632  32629  32543  32546  32538  32538  32520  32540  32544  32545  32571  32541
  226.203   333483  1584.08   334403  1580.59  33443  33449  33436  33441  33444  33439  33426  33443  33443  33439  33349  33351  33344  33342  33324  33347  33348  33353  33380  33345
  231.203   341165  1566.97   342077  1569.92  34209  34216  34205  34209  34211  34206  34197  34209  34209  34206  34113  34122  34111  34116  34095  34113  34115  34123  34145  34112
  236.202   349223  1563.68   350171  1568.54  35018  35027  35015  35018  35020  35015  35006  35018  35018  35016  34921  34925  34914  34924  34901  34920  34920  34927  34953  34918
  241.202   357087  1575.05   358054  1580.02  35813  35748  35811  35813  35817  35811  35803  35813  35813  35812  35716  35719  35706  35719  35695  35711  35715  35719  35673  35714
  246.202   365023  1572.67   365927  1578.21  36610  36535  36607  36611  36529  36607  36601  36610  36610  36607  36510  36515  36501  36513  36490  36506  36508  36514  36459  36507
  251.203   372557  1560.62   373251  1564.75  37293  37303  37371  37295  37296  37371  37364  37294  37293  37371  37272  37273  37262  37273  37252  37269  37192  37273  37223  37268
  256.202   380471  1561.38   381132  1565.50  38105  38117  38102  38110  38108  38102  38174  38108  38104  38102  37998  38080  38070  38083  38057  37996  38001  38076  38035  38075
  261.202   387998  1564.11   388824  1568.74  38882  38893  38880  38885  38884  38880  38874  38884  38882  38880  38776  38854  38771  38856  38757  38773  38777  38775  38812  38847
  266.202   395757  1556.56   396680  1560.76  39668  39681  39664  39671  39670  39665  39659  39669  39668  39665  39559  39637  39554  39563  39537  39559  39561  39559  39598  39630
  271.202   403146  1545.66   404264  1550.72  40427  40441  40419  40431  40429  40423  40415  40429  40427  40423  40312  40314  40309  40317  40290  40314  40318  40311  40354  40307
  276.202   411163  1548.37   412289  1555.82  41229  41241  41223  41233  41230  41225  41220  41230  41229  41229  41114  41116  41110  41120  41094  41117  41117  41114  41148  41113
  281.202   418882  1554.53   420013  1569.19  42001  42012  41996  42006  42003  41997  41993  42003  42001  42001  41884  41890  41881  41894  41865  41889  41887  41887  41920  41885
  286.203   426949  1559.66   428097  1576.01  42810  42822  42802  42815  42812  42803  42801  42812  42810  42810  42691  42695  42687  42702  42671  42697  42694  42693  42728  42691
  291.202   434344  1555.29   435488  1563.34  43551  43558  43542  43554  43551  43542  43542  43551  43548  43549  43428  43432  43425  43442  43409  43437  43436  43435  43468  43432
  296.202   441860  1544.68   443008  1549.78  44303  44310  44295  44306  44303  44293  44293  44303  44301  44301  44179  44182  44178  44192  44160  44188  44188  44188  44220  44185
  301.202   449503  1550.45   450664  1544.08  45070  45076  45060  45072  45069  45057  45059  45069  45066  45066  44943  44948  44942  44957  44923  44952  44953  44952  44983  44950
  306.202   457243  1537.21   458403  1531.51  45843  45849  45834  45845  45844  45831  45833  45844  45840  45840  45718  45726  45715  45729  45696  45728  45725  45728  45753  45725
  311.202   464266  1509.80   465433  1503.22  46547  46554  46536  46549  46547  46532  46535  46547  46543  46543  46423  46426  46417  46432  46400  46429  46432  46428  46457  46422
  316.202   471163  1460.49   472315  1463.04  47237  47242  47225  47236  47235  47220  47224  47235  47230  47231  47112  47119  47106  47121  47091  47119  47121  47117  47149  47108
  321.202   478272  1451.16   479437  1451.86  47950  47954  47938  47948  47947  47933  47935  47947  47942  47943  47822  47828  47816  47835  47802  47832  47831  47830  47858  47818
  326.202   485619  1443.29   486728  1444.30  48686  48618  48672  48686  48685  48669  48670  48685  48678  48679  48560  48560  48554  48570  48534  48566  48566  48564  48595  48550
  331.203   492850  1435.20   493836  1436.54  49353  49359  49413  49351  49351  49410  49410  49351  49418  49420  49296  49299  49291  49309  49272  49301  49229  49304  49261  49288
  336.202   500263  1427.37   501334  1429.88  50107  50116  50172  50108  50108  50168  50169  50107  50178  50101  49976  50052  50049  50067  50030  49981  49984  50065  50015  50044
  341.202   507885  1448.26   508895  1450.70  50870  50879  50937  50872  50872  50932  50932  50870  50865  50866  50735  50816  50810  50829  50794  50746  50746  50829  50776  50804
  346.202   515304  1473.56   516489  1477.25  51637  51645  51628  51640  51640  51698  51698  51638  51632  51633  51495  51583  51500  51520  51558  51510  51513  51514  51542  51569
  351.202   522867  1489.04   523918  1492.60  52394  52401  52387  52398  52398  52381  52380  52397  52391  52391  52253  52337  52257  52276  52313  52268  52271  52272  52298  52322
  356.202   530085  1489.53   531300  1495.70  53131  53140  53124  53138  53138  53118  53116  53138  53129  53128  52985  52998  52995  53015  52976  53003  53012  53006  53033  53062
  361.202   537593  1501.49   538906  1512.47  53890  53901  53887  53898  53898  53880  53878  53896  53889  53889  53742  53755  53755  53772  53738  53762  53769  53767  53791  53742
  366.202   545122  1505.34   546458  1514.23  54643  54658  54642  54653  54652  54636  54635  54651  54643  54645  54493  54511  54510  54526  54489  54515  54523  54520  54540  54495
  371.202   552510  1497.48   553868  1509.16  55385  55398  55384  55395  55394  55374  55375  55392  55385  55386  55232  55248  55250  55266  55227  55252  55263  55261  55278  55233
  376.202   559935  1497.68   561304  1501.38  56127  56142  56128  56140  56139  56118  56116  56136  56127  56131  55974  55988  55994  56010  55968  55993  56009  56002  56021  55976
  381.202   567469  1494.16   568848  1500.07  56882  56897  56882  56892  56892  56873  56872  56891  56882  56885  56727  56739  56747  56766  56722  56747  56761  56756  56774  56730
  386.202   575265  1513.52   576677  1512.35  57667  57680  57665  57673  57674  57657  57653  57674  57666  57668  57504  57517  57528  57546  57503  57526  57543  57536  57554  57508
  391.202   583011  1511.39   584437  1507.53  58444  58454  58442  58447  58448  58433  58431  58449  58444  58445  58279  58290  58302  58320  58280  58299  58317  58313  58330  58281
  396.202   590561  1509.75   591997  1508.07  59200  59211  59198  59204  59205  59189  59186  59204  59199  59201  59030  59047  59058  59074  59037  59053  59074  59066  59084  59038
  401.202   598168  1516.83   599644  1515.25  59964  59979  59960  59970  59976  59949  59947  59970  59963  59966  59792  59807  59819  59834  59796  59816  59837  59825  59846  59796
  406.203   605971  1525.66   607466  1521.39  60747  60763  60741  60752  60757  60729  60730  60753  60745  60749  60573  60585  60601  60615  60576  60596  60618  60604  60628  60575
  411.202   613727  1532.06   615149  1530.79  61522  61461  61517  61528  61532  61508  61508  61529  61520  61524  61346  61362  61375  61388  61356  61372  61391  61383  61401  61353
  416.202   621498  1526.51   622873  1530.34  62302  62243  62295  62307  62237  62289  62289  62307  62301  62303  62120  62137  62153  62167  62134  62149  62169  62160  62178  62131
  421.202   629091  1523.09   630317  1526.61  63070  63009  63063  62997  63001  63058  63056  62997  63070  62996  62884  62905  62922  62935  62901  62916  62859  62925  62945  62899
  426.202   636778  1532.89   638029  1537.01  63781  63794  63849  63784  63789  63842  63841  63784  63780  63785  63669  63689  63709  63641  63686  63699  63641  63707  63654  63683
  431.202   644170  1533.72   645671  1537.08  64545  64560  64612  64549  64552  64605  64605  64549  64545  64549  64356  64453  64394  64402  64447  64386  64404  64472  64413  64443
  436.202   651745  1526.29   653192  1529.58  65305  65320  65296  65309  65313  65363  65364  65310  65304  65308  65114  65210  65152  65161  65204  65144  65163  65227  65169  65201
  441.202   659121  1518.31   660590  1524.92  66058  66075  66051  66063  66068  66046  66045  66063  66058  66063  65865  65965  65904  65914  65882  65897  65915  65905  65921  65953
  446.202   666679  1516.19   668319  1525.08  66831  66846  66825  66838  66841  66816  66815  66838  66831  66838  66637  66659  66675  66687  66652  66670  66684  66675  66692  66648
  451.202   674409  1520.74   676058  1534.93  67605  67620  67600  67611  67613  67591  67591  67611  67605  67611  67411  67434  67445  67458  67427  67443  67456  67448  67463  67424
  456.203   681899  1514.13   683561  1527.92  68356  68371  68351  68360  68363  68341  68341  68360  68356  68362  68160  68180  68194  68207  68177  68191  68205  68197  68214  68174
  461.202   689481  1520.50   691148  1523.52  69115  69128  69111  69118  69122  69101  69101  69117  69115  69120  68920  68937  68952  68966  68936  68950  68963  68954  68969  68934
  466.202   697221  1526.04   698904  1531.54  69891  69901  69886  69893  69897  69879  69879  69891  69891  69896  69693  69711  69727  69739  69709  69725  69738  69728  69743  69708
  471.203   704944  1535.17   706653  1535.64  70666  70677  70658  70669  70672  70654  70653  70666  70666  70672  70466  70483  70499  70515  70480  70496  70512  70500  70516  70477
  476.202   712464  1523.66   714179  1521.01  71419  71430  71411  71422  71423  71407  71405  71419  71419  71424  71217  71237  71252  71268  71231  71247  71263  71252  71269  71228
  481.202   719990  1516.98   721726  1514.73  72174  72184  72165  72177  72177  72162  72160  72175  72175  72177  71969  71987  72005  72023  71984  71996  72018  72004  72021  71983
  486.202   727907  1526.53   729658  1523.91  72970  72977  72957  72969  72970  72954  72954  72968  72968  72971  72762  72775  72793  72816  72775  72789  72810  72793  72819  72775
  491.202   735750  1534.58   737528  1530.69  73755  73765  73746  73758  73756  73742  73742  73753  73753  73758  73546  73561  73574  73600  73560  73575  73597  73576  73603  73558
  496.202   743299  1521.86   745034  1526.09  74513  74448  74504  74516  74514  74500  74500  74511  74512  74516  74301  74315  74332  74357  74314  74328  74351  74331  74360  74310
  501.202   750753  1512.47   752360  1516.36  75260  75193  75251  75190  75262  75246  75247  75259  75262  75190  75049  75059  75078  75103  75058  75073  75095  75075  75106  75057
  506.203   758069  1512.53   759609  1516.93  75939  75947  76007  75944  75943  76001  76001  75940  75943  75944  75800  75813  75833  75783  75812  75827  75773  75831  75787  75810
  511.203   765880  1522.00   767483  1526.46  76720  76733  76803  76728  76728  76798  76798  76723  76726  76726  76594  76605  76537  76564  76607  76620  76554  76626  76567  76606
  516.202   773499  1517.11   775235  1521.74  77500  77512  77568  77507  77507  77565  77564  77503  77505  77504  77357  77370  77316  77340  77370  77306  77332  77391  77344  77373
  521.202   781096  1511.56   782853  1515.89  78269  78283  78261  78277  78277  78332  78332  78273  78275  78274  78049  78134  78082  78109  78136  78074  78101  78156  78113  78142
  526.202   788555  1513.51   790323  1519.71  79031  79044  79025  79039  79039  79020  79018  79034  79038  79035  78808  78898  78844  78867  78825  78835  78860  78842  78874  78902
  531.203   796084  1518.49   797944  1529.66  79793  79806  79788  79800  79800  79782  79780  79797  79801  79797  79569  79661  79605  79629  79583  79596  79619  79601  79634  79587
  536.202   803854  1536.46   805839  1551.39  80584  80597  80576  80589  80589  80569  80566  80587  80594  80588  80353  80364  80390  80416  80364  80382  80406  80385  80421  80373
  541.202   811408  1527.84   813389  1540.52  81337  81350  81334  81342  81342  81328  81324  81341  81349  81342  81108  81122  81143  81169  81121  81139  81160  81142  81173  81131
  546.202   818879  1522.82   820861  1531.07  82083  82095  82081  82090  82090  82076  82073  82088  82094  82091  81859  81867  81890  81916  81869  81882  81906  81890  81923  81877
  551.202   825856  1499.40   827856  1504.93  82782  82795  82780  82789  82789  82777  82773  82787  82794  82790  82556  82565  82589  82614  82568  82580  82601  82587  82620  82576
  556.202   832810  1480.47   834826  1481.91  83479  83490  83478  83488  83488  83475  83470  83482  83489  83487  83252  83258  83285  83307  83269  83273  83295  83283  83314  83274
  561.202   839904  1463.64   841934  1460.12  84190  84201  84189  84197  84198  84187  84181  84193  84200  84198  83962  83967  84001  84016  83975  83981  84001  83995  84024  83982
  566.202   847058  1438.54   849100  1433.74  84907  84920  84905  84914  84914  84901  84899  84910  84915  84915  84676  84682  84716  84731  84694  84697  84717  84708  84741  84696
  571.202   853940  1411.56   856003  1403.74  85599  85612  85593  85605  85605  85591  85587  85601  85605  85605  85364  85370  85403  85422  85378  85385  85408  85395  85432  85383
  576.202   860807  1390.94   862861  1386.41  86286  86295  86280  86290  86290  86278  86274  86289  86289  86290  86053  86059  86090  86104  86065  86072  86091  86085  86117  86071
  581.202   867903  1392.75   869893  1390.23  86995  86938  86990  87000  87000  86988  86984  86999  86999  87000  86757  86770  86804  86814  86772  86784  86800  86795  86826  86781
  586.202   874967  1394.43   876710  1396.54  87710  87654  87706  87649  87649  87703  87698  87647  87647  87647  87467  87485  87520  87459  87483  87500  87513  87506  87539  87495
  591.202   881864  1390.58   883683  1393.40  88344  88357  88415  88350  88350  88412  88406  88348  88350  88351  88172  88188  88225  88158  88189  88207  88142  88211  88174  88198
  596.202   888628  1381.51   890470  1383.83  89033  89043  89028  89038  89038  89092  89086  89035  89039  89038  88851  88868  88906  88847  88872  88823  88831  88889  88863  88878
  601.202   895629  1387.65   897484  1389.73  89740  89751  89737  89746  89746  89734  89796  89742  89747  89745  89558  89574  89544  89552  89578  89531  89539  89597  89574  89582
  606.202   902548  1393.86   904475  1396.44  90446  90457  90443  90451  90452  90440  90433  90449  90453  90451  90197  90280  90251  90260  90283  90235  90241  90233  90282  90286
  611.202   909223  1384.25   911275  1388.61  91125  91138  91124  91131  91133  91120  91112  91128  91133  91131  90875  90958  90932  90945  90897  90916  90924  90916  90964  90896
  616.203   916023  1375.44   918087  1388.49  91807  91820  91806  91812  91814  91801  91793  91810  91813  91811  91556  91635  91613  91624  91580  91597  91602  91598  91643  91575
  621.202   922742  1371.79   924884  1382.63  92488  92500  92485  92491  92493  92481  92472  92490  92493  92491  92232  92245  92292  92302  92256  92275  92279  92281  92324  92256
  626.202   929524  1372.40   931672  1380.35  93168  93179  93161  93170  93173  93159  93152  93170  93172  93168  92913  92927  92970  92978  92935  92952  92958  92962  93000  92929
  631.202   936566  1368.59   938731  1376.38  93874  93888  93866  93876  93881  93863  93855  93876  93878  93874  93615  93627  93674  93682  93638  93659  93667  93665  93707  93632
  636.202   943990  1383.22   946159  1381.38  94617  94630  94610  94619  94624  94606  94600  94618  94619  94616  94357  94371  94416  94422  94383  94402  94406  94408  94448  94377
  641.202   951913  1422.38   954103  1416.61  95411  95427  95404  95413  95422  95400  95392  95411  95415  95408  95149  95161  95208  95217  95175  95196  95200  95199  95240  95168
  646.202   959673  1452.13   961874  1449.18  96188  96201  96184  96190  96196  96178  96169  96188  96192  96188  95926  95940  95986  95990  95951  95972  95975  95976  96016  95941
  651.202   967182  1473.47   969396  1470.85  96940  96955  96936  96941  96949  96929  96921  96940  96945  96940  96678  96690  96733  96743  96702  96722  96725  96730  96767  96692
  656.203   974804  1502.11   976961  1500.07  97703  97646  97700  97705  97712  97693  97686  97703  97710  97703  97439  97453  97494  97505  97466  97483  97486  97491  97531  97456
  661.203   982233  1517.65   984401  1513.02  98454  98398  98451  98456  98390  98444  98438  98454  98461  98455  98190  98203  98246  98185  98216  98232  98233  98242  98279  98207
  666.202   989543  1512.11   991740  1513.09  99195  99140  99193  99197  99132  99184  99176  99195  99131  99197  98928  98940  98984  98924  98953  98972  98972  98979  98948  98943
  671.202   997331  1504.43   999313  1507.21  99974  99920  99974  99901  99909  99964  99957  99903  99908  99903  99706  99723  99763  99701  99730  99750  99751  99759  99723  99725
  676.202  1004724  1499.56  1006795  1502.45 100662 100684 100662 100664 100671 100728 100720 100666 100672 100666 100468 100483 100451 100465 100493 100438 100437 100520 100484 100485
  681.202  1012548  1509.04  1014632  1512.57 101445 101465 101445 101447 101452 101517 101507 101449 101454 101451 101255 101265 101233 101242 101278 101221 101216 101307 101262 101269
  686.202  1020270  1513.21  1022336  1520.15 102224 102244 102224 102228 102231 102214 102281 102228 102232 102230 102024 102036 102006 102016 102048 101994 101993 102077 102037 102039
  691.202  1027682  1517.74  1029919  1524.98 102983 103001 102983 102986 102990 102972 103038 102986 102992 102988 102704 102790 102764 102773 102803 102750 102748 102760 102794 102796
  696.202  1035577  1539.36  1037826  1546.51 103780 103800 103780 103784 103789 103770 103762 103784 103791 103786 103496 103592 103562 103569 103603 103545 103547 103557 103587 103519
  701.203  1043108  1530.87  1045389  1543.62 104537 104557 104537 104540 104544 104526 104518 104540 104547 104543 104248 104342 104316 104325 104352 104300 104303 104310 104338 104274
  706.202  1050560  1538.12  1053027  1548.86 105300 105321 105301 105304 105308 105289 105281 105304 105313 105306 105009 105023 105075 105085 105034 105061 105065 105071 105102 105035
  711.202  1058428  1539.60  1060908  1548.02 106089 106107 106090 106093 106095 106078 106069 106093 106100 106094 105796 105809 105860 105871 105817 105852 105855 105858 105889 105821
  716.202  1065981  1531.53  1068461  1540.52 106843 106862 106845 106849 106852 106835 106824 106849 106854 106848 106553 106563 106616 106623 106574 106606 106609 106614 106645 106578
  721.202  1073728  1540.32  1076229  1536.93 107618 107639 107624 107625 107630 107611 107601 107625 107631 107625 107329 107338 107390 107397 107350 107380 107383 107388 107421 107352
  726.202  1081289  1526.02  1083809  1524.58 108376 108395 108383 108384 108387 108369 108359 108384 108388 108384 108086 108090 108148 108152 108107 108136 108138 108145 108177 108110
  731.202  1088776  1519.68  1091311  1520.32 109127 109145 109135 109133 109136 109118 109110 109133 109138 109136 108834 108840 108895 108903 108856 108883 108887 108892 108926 108860
  736.202  1096360  1524.45  1098910  1517.13 109887 109906 109895 109892 109895 109879 109870 109892 109899 109895 109594 109597 109654 109658 109617 109642 109644 109651 109684 109619
  741.202  1103901  1508.31  1106387  1506.26 110642 110586 110650 110647 110651 110635 110627 110646 110653 110650 110348 110351 110407 110412 110371 110395 110397 110405 110440 110375
  746.202  1111769  1517.84  1114280  1516.83 111431 111380 111440 111435 111440 111422 111417 111435 111440 111440 111135 111139 111192 111197 111159 111184 111184 111191 111224 111164
  751.202  1118483  1484.28  1120776  1482.33 112112 112052 112045 112116 112044 112102 112098 112117 112045 112045 111811 111819 111872 111875 111836 111865 111864 111869 111831 111841
  756.202  1126133  1485.69  1128437  1489.35 112896 112834 112825 112818 112824 112888 112881 112819 112827 112825 112595 112602 112655 112578 112615 112646 112562 112650 112608 112622
  761.202  1133894  1497.06  1136166  1500.32 113597 113616 113608 113601 113607 113662 113656 113601 113609 113609 113369 113376 113428 113361 113391 113417 113346 113424 113388 113394
  766.202  1141767  1510.22  1144197  1514.31 114398 114419 114410 114401 114409 114472 114466 114400 114411 114411 114177 114181 114154 114156 114196 114141 114142 114230 114187 114203
  771.202  1149519  1515.10  1151883  1523.52 115174 115196 115188 115179 115184 115161 115250 115175 115188 115188 114957 114959 114923 114929 114972 114913 114913 115010 114961 114982
  776.202  1157145  1517.62  1159736  1525.37 115968 115992 115981 115973 115976 115958 115955 115970 115982 115981 115659 115740 115718 115719 115756 115705 115705 115710 115747 115686
  781.202  1165128  1560.30  1167754  1576.44 116770 116794 116783 116774 116779 116760 116756 116772 116783 116783 116457 116538 116515 116518 116551 116503 116504 116509 116546 116487
  786.202  1172860  1562.95  1175509  1577.11 117546 117570 117557 117551 117554 117536 117533 117547 117558 117557 117233 117314 117286 117291 117322 117278 117275 117282 117316 117263
  791.202  1180133  1551.64  1182967  1567.85 118292 118317 118303 118297 118301 118281 118277 118292 118305 118302 117977 117977 118029 118035 117990 118021 118018 118023 118062 118001
  796.202  1187046  1519.43  1189871  1521.64 118981 119003 118994 118987 118994 118973 118970 118981 118994 118994 118671 118672 118720 118722 118685 118712 118705 118716 118750 118693
  801.203  1194610  1513.17  1197475  1517.57 119739 119764 119757 119747 119757 119731 119727 119739 119757 119757 119432 119424 119477 119479 119441 119467 119461 119472 119510 119447
  806.202  1202668  1525.15  1205581  1522.77 120547 120579 120569 120555 120569 120541 120536 120547 120569 120569 120237 120230 120281 120283 120248 120271 120267 120278 120317 120256
  811.202  1210244  1508.74  1213172  1508.14 121305 121338 121329 121314 121328 121300 121295 121305 121329 121329 120994 120989 121038 121040 121005 121029 121023 121034 121077 121015
  816.202  1217815  1503.42  1220761  1502.95 122064 122095 122087 122074 122086 122059 122057 122064 122088 122087 121748 121748 121797 121800 121761 121788 121779 121790 121834 121770
  821.202  1225517  1512.75  1228406  1507.25 122837 122792 122857 122845 122859 122831 122831 122838 122859 122857 122517 122518 122569 122571 122533 122558 122548 122563 122601 122539
  826.202  1233412  1538.26  1236161  1535.74 123628 123582 123648 123634 123575 123622 123621 123628 123575 123648 123305 123307 123359 123363 123322 123349 123337 123353 123389 123328
  831.202  1240968  1535.22  1243585  1534.45 124386 124337 124331 124391 124332 124380 124379 124386 124332 124331 124062 124062 124116 124117 124078 124104 124093 124109 124144 124083
  836.202  1248392  1516.23  1251094  1514.18 125139 125086 125080 125145 125083 125132 125128 125138 125082 125081 124812 124811 124867 124791 124826 124852 124843 124860 124898 124832
  841.202  1256323  1525.97  1259129  1529.43 125941 125890 125886 125947 125888 125933 125932 125940 125886 125886 125612 125616 125668 125594 125630 125652 125641 125660 125617 125633
  846.202  1263865  1524.82  1266606  1528.21 126697 126645 126641 126626 126642 126690 126689 126694 126641 126641 126366 126372 126424 126345 126384 126405 126394 126414 126373 126388
  851.202  1271531  1523.81  1274150  1529.92 127391 127414 127411 127395 127411 127459 127458 127389 127411 127411 127133 127141 127190 127110 127149 127172 127161 127180 127141 127154
  856.203  1278977  1514.97  1281765  1527.48 128155 128186 128183 128161 128181 128149 128232 128152 128183 128183 127820 127914 127878 127874 127917 127945 127847 127952 127906 127924
  861.202  1286755  1526.48  1289576  1543.32 128947 128971 128969 128952 128968 128944 128940 128946 128970 128969 128611 128694 128669 128662 128697 128722 128641 128734 128693 128632
  866.202  1294764  1551.12  1297765  1566.09 129764 129791 129790 129771 129789 129763 129757 129762 129790 129788 129429 129506 129481 129479 129513 129457 129461 129476 129512 129450
  871.202  1302690  1550.64  1305713  1563.22 130557 130588 130588 130565 130586 130555 130548 130554 130586 130586 130219 130302 130271 130272 130307 130248 130253 130269 130308 130241
  876.202  1310251  1551.24  1313286  1553.19 131317 131342 131343 131323 131341 131314 131309 131313 131342 131342 130977 131058 131028 131027 131061 131007 131009 131025 131064 130995
  881.202  1317653  1547.72  1320862  1554.77 132074 132100 132099 132080 132099 132072 132068 132071 132100 132099 131733 131737 131781 131781 131740 131766 131763 131783 131818 131751
  886.202  1325740  1569.28  1328978  1571.63 132890 132911 132909 132891 132909 132883 132879 132883 132912 132911 132543 132549 132588 132586 132546 132575 132578 132589 132625 132561
  891.202  1333879  1578.36  1337169  1582.48 133708 133732 133729 133710 133729 133700 133695 133701 133733 133732 133355 133364 133404 133399 133360 133388 133392 133403 133441 133373
  896.203  1341527  1563.12  1344872  1565.17 134479 134505 134500 134479 134502 134466 134462 134470 134505 134504 134116 134129 134166 134169 134124 134153 134156 134167 134211 134136
  901.202  1349413  1560.35  1352748  1560.56 135266 135288 135286 135268 135286 135259 135255 135262 135288 135290 134905 134923 134956 134954 134920 134937 134941 134957 134996 134924
  906.202  1357367  1571.09  1360738  1574.62 136065 136087 136085 136067 136085 136059 136054 136060 136087 136089 135699 135720 135753 135750 135716 135733 135734 135753 135791 135718
  911.202  1365148  1580.82  1368475  1577.23 136846 136867 136867 136850 136867 136839 136835 136842 136867 136795 136476 136498 136531 136528 136494 136512 136512 136531 136568 136498
  916.202  1372727  1555.02  1375741  1555.72 137606 137545 137545 137611 137545 137598 137594 137601 137546 137550 137232 137255 137289 137291 137246 137270 137269 137289 137330 137256
  921.202  1380365  1540.29  1383406  1539.31 138368 138314 138314 138372 138314 138363 138362 138365 138315 138319 137998 138018 138049 138051 138017 138035 138031 138058 138092 138016
  926.202  1388341  1552.94  1391554  1553.54 139183 139129 139129 139187 139129 139178 139177 139179 139129 139134 138810 138833 138860 138787 138827 138846 138846 138873 138828 138831
  931.202  1395928  1543.37  1399151  1544.68 139942 139890 139889 139945 139890 139938 139937 139938 139889 139893 139568 139594 139617 139547 139587 139602 139604 139630 139589 139590
  936.202  1403242  1522.42  1406486  1525.37 140683 140632 140630 140613 140631 140678 140676 140678 140631 140634 140306 140332 140356 140286 140326 140341 140270 140369 140328 140328
  941.202  1410680  1512.00  1413941  1517.70 141360 141387 141382 141363 141382 141433 141432 141433 141382 141387 141060 141086 141033 141032 141078 141094 141017 141124 141075 141081
  946.202  1417996  1511.01  1421273  1527.92 142120 142141 142138 142123 142139 142112 142111 142112 142137 142140 141737 141841 141788 141788 141830 141772 141774 141798 141833 141835
  951.202  1425677  1512.99  1428967  1528.89 142889 142909 142907 142892 142907 142885 142882 142883 142905 142908 142510 142611 142557 142554 142597 142542 142542 142566 142600 142598
  956.202  1432969  1495.10  1436420  1505.57 143635 143654 143652 143639 143651 143631 143627 143627 143651 143653 143254 143278 143303 143300 143341 143284 143288 143310 143344 143267
  961.202  1440581  1495.60  1444088  1507.95 144399 144421 144422 144405 144422 144394 144390 144394 144422 144419 144017 144034 144064 144065 144104 144044 144051 144071 144106 144025
  966.202  1448343  1510.77  1451871  1512.18 145177 145201 145201 145183 145201 145169 145167 145172 145201 145199 144796 144812 144838 144839 144882 144821 144828 144843 144883 144801
  971.202  1456105  1524.33  1459727  1523.86 145965 145984 145985 145969 145985 145957 145955 145960 145985 145982 145581 145596 145622 145620 145589 145606 145611 145628 145664 145588
  976.202  1463558  1526.61  1467188  1528.39 146712 146730 146730 146716 146730 146705 146701 146706 146730 146728 146325 146342 146368 146363 146339 146350 146358 146372 146410 146331
  981.202  1471004  1516.12  1474651  1517.74 147459 147475 147478 147462 147478 147451 147448 147451 147476 147473 147069 147088 147112 147106 147083 147095 147104 147118 147154 147075
  986.202  1478634  1524.66  1482338  1522.32 148229 148244 148250 148229 148249 148217 148213 148219 148244 148244 147834 147849 147875 147870 147847 147858 147867 147879 147920 147835
  991.202  1486319  1525.00  1490023  1524.16 148999 149009 149016 149000 149014 148990 148987 148990 149009 149009 148602 148621 148643 148636 148615 148628 148634 148650 148685 148605
  996.203  1493734  1505.45  1497380  1504.68 149743 149751 149757 149743 149685 149733 149732 149734 149751 149751 149345 149361 149385 149378 149355 149370 149374 149394 149426 149346
 1001.202  1501229  1496.90  1504831  1493.61 150495 150504 150435 150497 150436 150487 150483 150486 150505 150503 150096 150112 150135 150128 150105 150117 150124 150142 150176 150094
 1006.202  1508780  1500.39  1512190  1497.87 151252 151189 151194 151253 151195 151244 151240 151244 151190 151189 150854 150865 150890 150882 150860 150874 150879 150896 150930 150850
 1011.202  1516449  1505.13  1519956  1507.79 152031 151963 151970 152031 151971 152021 152017 152021 151967 151964 151627 151636 151664 151659 151634 151649 151655 151670 151633 151622
 1016.202  1523874  1498.39  1527249  1499.73 152700 152708 152715 152700 152714 152764 152763 152764 152712 152709 152369 152378 152406 152400 152377 152392 152399 152413 152374 152366
 1021.202  1531287  1493.99  1534816  1495.50 153453 153465 153471 153455 153471 153523 153521 153523 153469 153465 153125 153135 153163 153082 153135 153149 153078 153170 153128 153122
 1026.202  1538968  1503.04  1542593  1509.82 154231 154243 154249 154234 154249 154299 154298 154299 154248 154243 153827 153914 153939 153857 153910 153923 153853 153946 153903 153896
 1031.202  1546628  1510.59  1550124  1519.95 155007 155018 155026 155009 155026 155000 154999 154999 155023 155017 154602 154689 154637 154630 154685 154698 154622 154720 154675 154670
 1036.202  1553983  1509.60  1557666  1526.04 155761 155773 155780 155764 155780 155754 155753 155754 155777 155770 155355 155439 155386 155383 155434 155372 155371 155394 155429 155420
 1041.202  1561537  1508.02  1565336  1522.82 156527 156539 156547 156531 156547 156521 156519 156522 156546 156537 156116 156127 156150 156145 156197 156134 156133 156156 156194 156185
 1046.202  1569134  1516.04  1573033  1536.38 157297 157308 157318 157301 157316 157291 157288 157292 157316 157306 156883 156892 156917 156912 156967 156902 156900 156925 156960 156876
 1051.202  1576663  1519.97  1580591  1528.02 158052 158065 158073 158058 158074 158047 158040 158046 158073 158063 157637 157643 157672 157666 157718 157653 157654 157677 157717 157626
 1056.202  1584075  1511.11  1588004  1516.31 158791 158805 158813 158800 158815 158790 158783 158790 158813 158804 158377 158384 158416 158408 158457 158393 158395 158418 158456 158371
 1061.202  1591708  1510.20  1595656  1515.07 159555 159572 159578 159565 159581 159553 159549 159553 159578 159572 159135 159151 159182 159167 159219 159158 159160 159181 159219 159136
 1066.202  1599171  1513.79  1603224  1512.82 160310 160330 160339 160321 160339 160308 160303 160308 160336 160330 159889 159903 159934 159924 159898 159911 159913 159935 159975 159889
 1071.202  1606239  1492.45  1610318  1493.49 161023 161039 161046 161030 161046 161019 161015 161019 161043 161038 160599 160607 160641 160629 160601 160621 160621 160643 160683 160594
 1076.202  1613103  1464.23  1617175  1460.87 161710 161725 161731 161715 161729 161707 161704 161706 161727 161721 161283 161296 161326 161311 161291 161305 161306 161329 161368 161288
 1081.202  1619857  1437.95  1623730  1431.64 162386 162399 162339 162391 162338 162383 162381 162383 162334 162396 161957 161972 162000 161991 161966 161981 161979 162005 162042 161964
 1086.202  1626592  1411.02  1630410  1409.44 163061 163007 163013 163067 163013 163057 163054 163058 163009 163071 162630 162643 162672 162668 162638 162654 162647 162680 162717 162643
 1091.202  1633380  1382.56  1637210  1383.27 163747 163693 163700 163754 163701 163743 163741 163744 163695 163692 163319 163333 163357 163349 163325 163338 163335 163367 163333 163324
 1096.202  1640197  1358.54  1643979  1358.50 164432 164376 164385 164369 164386 164427 164425 164428 164377 164374 163999 164016 164038 164030 164007 164023 164019 164047 164013 164005
 1101.202  1646963  1348.59  1650675  1347.62 165042 165051 165061 165044 165062 165104 165102 165103 165055 165051 164674 164695 164713 164705 164683 164700 164698 164724 164689 164682
 1106.202  1653804  1354.70  1657741  1354.60 165748 165758 165767 165750 165772 165809 165809 165810 165761 165757 165379 165399 165347 165346 165385 165405 165337 165426 165394 165386
 1111.202  1660529  1356.97  1664390  1364.38 166430 166444 166453 166434 166460 166426 166426 166426 166447 166444 165994 166087 166031 166029 166071 166021 166017 166118 166082 166079
 1116.202  1667413  1363.10  1671377  1374.78 167128 167141 167149 167135 167158 167127 167127 167127 167144 167141 166694 166777 166727 166723 166766 166721 166717 166738 166777 166773
 1121.202  1674402  1372.08  1678429  1380.94 167834 167846 167854 167840 167863 167832 167832 167832 167850 167846 167397 167417 167430 167431 167473 167426 167427 167444 167479 167478
 1126.202  1682017  1400.81  1686137  1412.15 168604 168618 168628 168609 168636 168601 168601 168603 168622 168615 168163 168184 168198 168200 168245 168192 168196 168211 168249 168179
 1131.202  1689791  1434.14  1693955  1446.39 169385 169401 169413 169388 169422 169381 169381 169381 169405 169398 168937 168957 168977 168978 169032 168971 168975 168986 169029 168949
 1136.202  1697488  1463.39  1701650  1465.94 170156 170169 170183 170158 170187 170153 170153 170152 170172 170167 169711 169732 169747 169747 169793 169738 169745 169761 169791 169723
 1141.202  1705446  1502.38  1709644  1508.76 170956 170967 170982 170958 170987 170952 170952 170951 170974 170965 170507 170528 170542 170543 170589 170536 170539 170560 170585 170517
 1146.202  1713341  1536.24  1717560  1537.45 171746 171759 171775 171750 171777 171745 171745 171744 171763 171756 171296 171320 171332 171331 171377 171328 171327 171350 171375 171305
 1151.202  1721054  1557.68  1725216  1559.63 172518 172534 172548 172521 172480 172517 172517 172517 172535 172529 172068 172090 172102 172105 172149 172099 172095 172121 172145 172080
 1156.202  1728540  1550.77  1732719  1547.79 173276 173291 173232 173280 173235 173275 173276 173275 173293 173286 172825 172841 172858 172863 172831 172856 172853 172881 172900 172832
 1161.202  1736456  1548.91  1740671  1547.90 174070 174087 174029 174075 174030 174070 174070 174070 174089 174081 173616 173635 173650 173653 173624 173646 173643 173672 173693 173624
 1166.202  1744590  1563.01  1748814  1562.57 174884 174901 174843 174890 174845 174885 174884 174885 174901 174896 174429 174449 174465 174464 174434 174463 174455 174488 174505 174438
 1171.203  1752210  1548.26  1756476  1547.48 175651 175670 175603 175657 175607 175652 175651 175651 175671 175663 175192 175213 175229 175224 175190 175227 175216 175251 175268 175200
 1176.202  1759890  1541.63  1764021  1543.81 176419 176362 176379 176424 176385 176419 176419 176419 176362 176433 175961 175980 175997 175994 175964 175994 175979 176017 176036 175968
 1181.202  1767809  1548.76  1771961  1555.97 177221 177163 177178 177228 177188 177220 177221 177220 177163 177159 176762 176780 176795 176794 176762 176794 176779 176816 176760 176767
 1186.202  1775543  1560.23  1779727  1567.82 178004 177947 177963 177938 177972 178004 178004 178001 177950 177944 177544 177563 177576 177498 177544 177574 177559 177596 177539 177550
 1191.202  1783059  1549.41  1787422  1557.36 178778 178711 178733 178700 178742 178778 178778 178778 178715 178709 178232 178331 178261 178263 178313 178342 178331 178369 178297 178320
 1196.202  1790380  1528.66  1794610  1536.78 179448 179463 179483 179451 179492 179449 179449 179448 179467 179460 178982 179078 179011 179014 179061 179006 178998 179115 179048 179067
