Test case: 
Description: 
	10 senders: persistent queues
	10 receivers: client acknowledge every 50 messages
Timestamp: 2011.11.1 23:24:32
Version: 
Setting up JMS benchmark connections... 

Start processing messages.
Thu Dec 01 23:24:32 EST 2011

  Seconds   Send   Send/Sec   Recv   Recv/Sec   RCV0   RCV1   RCV2   RCV3   RCV4   RCV5   RCV6   RCV7   RCV8   RCV9  SND10  SND11  SND12  SND13  SND14  SND15  SND16  SND17  SND18  SND19
  ------- -------- -------- -------- -------- ------ ------ ------ ------ ------ ------ ------ ------ ------ ------ ------ ------ ------ ------ ------ ------ ------ ------ ------ ------
    0.979        0     0.00        0     0.00      0      0      0      0      0      0      0      0      0      0      0      0      0      0      0      0      0      0      0      0
    5.979     6291  1367.61     6754  1468.26    674    670    662    688    688    670    672    689    664    677    629    626    626    624    629    635    634    625    631    632
   10.979    13024  1356.67    13465  1402.60   1346   1342   1334   1359   1358   1341   1344   1360   1333   1348   1300   1300   1296   1304   1305   1303   1306   1298   1305   1307
   15.979    20144  1379.63    20584  1409.77   2059   2054   2047   2070   2068   2053   2057   2072   2044   2060   2013   2015   2010   2013   2011   2014   2020   2010   2015   2023
   20.979    27328  1394.29    27769  1416.79   2778   2772   2764   2790   2788   2771   2775   2790   2764   2777   2732   2736   2729   2734   2725   2732   2737   2726   2735   2742
   25.979    34472  1401.30    34898  1418.62   3490   3485   3477   3503   3500   3485   3489   3503   3475   3491   3446   3453   3442   3445   3441   3447   3459   3433   3450   3456
   30.980    41562  1404.12    41972  1417.97   4196   4193   4185   4209   4207   4193   4198   4210   4183   4198   4155   4163   4150   4152   4151   4157   4167   4139   4158   4170
   35.979    48484  1415.92    48905  1414.51   4889   4886   4878   4901   4901   4887   4888   4905   4877   4893   4849   4856   4844   4842   4845   4848   4858   4830   4852   4860
   40.979    55426  1420.57    55834  1421.78   5581   5578   5574   5593   5595   5578   5581   5597   5571   5586   5545   5549   5538   5536   5538   5544   5554   5522   5547   5553
   45.979    62204  1406.88    62614  1408.15   6260   6257   6253   6269   6273   6257   6259   6274   6247   6265   6224   6227   6212   6217   6216   6223   6233   6196   6223   6233
   50.980    69380  1401.14    69767  1396.78   6975   6971   6968   6986   6988   6972   6974   6989   6964   6980   6943   6946   6931   6936   6934   6938   6949   6917   6939   6947
   55.980    76831  1399.23    77211  1395.27   7720   7716   7712   7732   7732   7715   7718   7733   7708   7725   7688   7692   7676   7682   7679   7683   7693   7661   7685   7692
   60.980    84562  1416.49    84922  1414.85   8490   8487   8486   8503   8502   8486   8489   8503   8478   8498   8464   8465   8448   8458   8453   8455   8462   8433   8458   8466
   65.979    92773  1461.11    93108  1458.15   9308   9304   9301   9324   9320   9305   9308   9324   9298   9316   9281   9283   9268   9281   9275   9279   9284   9254   9280   9288
   70.979   100458  1485.54   100783  1482.82  10075  10072  10068  10091  10088  10073  10076  10091  10066  10083  10049  10052  10035  10051  10043  10047  10054  10023  10049  10055
   75.979   108369  1525.00   108750  1521.64  10872  10869  10864  10888  10885  10870  10872  10888  10863  10879  10769  10850  10838  10849  10842  10848  10852  10822  10847  10852
   80.979   116095  1545.05   116310  1541.80  11643  11640  11562  11658  11656  11641  11643  11658  11632  11577  11548  11623  11608  11621  11615  11620  11622  11594  11619  11625
   85.979   123122  1545.84   123239  1542.05  12313  12309  12308  12329  12402  12311  12312  12329  12303  12323  12295  12295  12356  12295  12287  12292  12369  12341  12293  12299
   90.979   131153  1558.12   131239  1554.26  13120  13117  13117  13136  13134  13119  13119  13136  13110  13131  13108  13105  13168  13106  13098  13100  13182  13075  13103  13108
   95.979   138200  1524.45   138430  1520.92  13839  13836  13834  13855  13853  13839  13838  13857  13829  13850  13822  13826  13813  13827  13817  13820  13827  13795  13823  13830
  100.979   145051  1496.46   145267  1492.80  14522  14521  14516  14539  14537  14522  14522  14542  14513  14533  14507  14509  14496  14512  14503  14507  14511  14483  14508  14515
  105.979   152140  1468.87   152349  1463.10  15229  15230  15226  15246  15244  15230  15230  15251  15222  15241  15218  15219  15205  15217  15212  15213  15216  15193  15220  15227
  110.979   158955  1438.30   159176  1438.50  15912  15913  15908  15929  15927  15912  15914  15934  15905  15922  15897  15900  15889  15902  15895  15894  15895  15873  15898  15912
  115.979   166323  1449.70   166550  1453.39  16649  16651  16645  16666  16664  16649  16652  16672  16642  16660  16634  16637  16626  16637  16632  16633  16632  16609  16633  16650
  120.979   174466  1453.46   174658  1457.01  17460  17462  17457  17476  17475  17458  17462  17484  17452  17472  17450  17451  17442  17451  17446  17448  17443  17423  17447  17465
  125.979   182109  1470.91   182278  1471.41  18223  18223  18219  18239  18238  18221  18224  18245  18214  18232  18213  18213  18205  18215  18212  18213  18211  18186  18213  18228
  130.979   189311  1482.92   189482  1481.41  18943  18943  18940  18960  18960  18942  18944  18964  18935  18951  18933  18933  18925  18933  18937  18931  18934  18905  18933  18947
  135.979   196494  1476.93   196665  1464.21  19662  19660  19660  19678  19678  19661  19661  19682  19653  19670  19650  19652  19643  19652  19654  19650  19653  19629  19646  19665
  140.979   203656  1475.35   203811  1473.30  20378  20374  20375  20394  20394  20375  20375  20396  20366  20384  20365  20370  20360  20366  20370  20369  20366  20348  20361  20381
  145.979   210490  1458.64   210649  1456.32  21062  21057  21060  21078  21077  21058  21061  21078  21050  21068  21051  21054  21043  21047  21052  21056  21048  21033  21044  21062
  150.979   217637  1425.56   217760  1423.41  21773  21767  21770  21789  21788  21770  21772  21789  21762  21780  21766  21766  21758  21760  21767  21770  21765  21749  21761  21775
  155.979   225535  1434.55   225706  1432.20  22567  22561  22564  22584  22582  22565  22567  22584  22556  22576  22489  22566  22555  22558  22566  22567  22562  22546  22555  22571
  160.979   233415  1457.25   233496  1454.30  23351  23348  23276  23371  23368  23352  23354  23371  23342  23363  23275  23353  23344  23345  23356  23354  23351  23335  23344  23358
  165.979   240642  1468.46   240704  1464.77  24102  24100  24026  24046  24120  24027  24106  24046  24094  24037  24027  24028  24021  24098  24034  24108  24104  24012  24098  24112
  170.979   248402  1494.04   248360  1489.92  24889  24886  24813  24836  24832  24816  24818  24836  24808  24826  24819  24821  24814  24888  24825  24824  24893  24804  24887  24827
  175.979   255997  1527.08   256008  1522.11  25594  25589  25594  25616  25612  25597  25597  25616  25588  25605  25602  25602  25597  25594  25607  25606  25599  25587  25596  25607
  180.980   263702  1545.81   263709  1541.91  26365  26360  26362  26386  26383  26367  26367  26386  26358  26375  26371  26373  26368  26365  26377  26378  26369  26356  26368  26377
  185.979   271507  1542.68   271492  1536.44  27144  27136  27141  27163  27162  27144  27146  27163  27138  27155  27155  27154  27149  27142  27158  27160  27147  27138  27146  27158
  190.979   279370  1542.17   279337  1538.34  27929  27923  27925  27946  27946  27929  27931  27946  27923  27939  27941  27942  27933  27930  27943  27946  27937  27922  27933  27943
  195.980   286934  1553.42   286893  1549.97  28685  28679  28681  28701  28701  28685  28686  28701  28678  28696  28697  28699  28690  28686  28698  28702  28695  28679  28689  28699
  200.980   295039  1565.00   294978  1564.36  29493  29489  29489  29510  29509  29493  29493  29511  29487  29504  29509  29510  29501  29497  29508  29513  29505  29490  29499  29507
  205.979   303130  1581.70   303048  1578.58  30298  30295  30297  30315  30315  30302  30300  30319  30296  30311  30319  30320  30310  30304  30315  30322  30314  30301  30308  30317
  210.979   310824  1578.84   310718  1577.54  31066  31063  31062  31083  31083  31069  31068  31085  31062  31077  31086  31087  31079  31076  31083  31092  31086  31071  31078  31086
  215.979   318766  1580.72   318624  1581.66  31857  31855  31852  31874  31875  31859  31858  31875  31853  31866  31880  31881  31872  31870  31875  31886  31881  31867  31874  31880
  220.979   326882  1579.38   326711  1579.72  32665  32662  32662  32682  32683  32669  32666  32683  32663  32676  32691  32693  32683  32682  32686  32698  32692  32679  32686  32692
  225.979   334922  1584.92   334723  1576.70  33464  33463  33464  33484  33484  33472  33467  33484  33464  33477  33498  33495  33488  33486  33490  33502  33496  33484  33490  33493
  230.979   342711  1576.73   342498  1569.05  34242  34240  34241  34262  34261  34249  34246  34262  34241  34254  34275  34274  34265  34267  34268  34280  34275  34263  34270  34274
  235.979   350830  1574.95   350592  1569.68  35053  35049  35051  35071  35071  35058  35055  35071  35050  35063  35085  35085  35079  35078  35080  35093  35088  35074  35081  35087
  240.979   358802  1584.31   358553  1579.48  35850  35844  35847  35868  35868  35854  35850  35868  35845  35859  35885  35883  35873  35873  35875  35891  35886  35871  35880  35885
  245.979   366778  1579.21   366510  1575.05  36646  36639  36645  36661  36666  36650  36645  36662  36642  36654  36683  36680  36671  36667  36674  36691  36682  36670  36678  36682
  250.979   374245  1568.69   373967  1565.10  37408  37401  37328  37423  37427  37334  37405  37423  37403  37415  37368  37443  37432  37432  37437  37450  37444  37353  37441  37445
  255.979   382152  1571.78   381851  1568.36  38220  38213  38139  38234  38161  38145  38217  38234  38138  38150  38182  38180  38168  38247  38251  38187  38256  38168  38254  38259
  260.979   389694  1571.70   389312  1568.51  38920  38987  38916  38934  38937  38922  38918  38935  38915  38928  38960  38958  38947  39022  38953  38964  39030  38946  38954  38960
  265.979   397499  1563.37   397096  1560.48  39708  39696  39702  39718  39725  39709  39702  39719  39702  39715  39749  39748  39736  39809  39737  39755  39742  39734  39741  39748
  270.979   404982  1549.66   404638  1546.48  40461  40452  40455  40474  40478  40462  40457  40474  40456  40469  40503  40503  40491  40491  40496  40510  40499  40488  40498  40503
  275.979   413079  1553.72   412699  1549.97  41266  41258  41262  41280  41284  41269  41262  41279  41263  41276  41313  41312  41301  41300  41305  41321  41308  41297  41308  41314
  280.979   420811  1562.88   420422  1559.15  42039  42029  42034  42051  42056  42043  42033  42050  42037  42050  42089  42084  42075  42074  42079  42095  42079  42070  42080  42086
  285.979   428933  1567.27   428512  1565.86  42847  42839  42844  42859  42865  42852  42842  42859  42846  42859  42901  42895  42886  42884  42893  42907  42892  42882  42894  42899
  290.979   436309  1564.26   435879  1562.65  43583  43577  43581  43595  43601  43589  43578  43595  43584  43596  43636  43631  43626  43624  43634  43644  43628  43620  43629  43637
  295.979   443853  1555.50   443422  1554.56  44337  44332  44335  44350  44354  44343  44333  44351  44337  44350  44387  44385  44381  44380  44389  44400  44382  44375  44384  44390
  300.979   451550  1557.43   451092  1553.61  45104  45098  45101  45117  45122  45109  45100  45119  45105  45117  45157  45156  45150  45150  45158  45171  45150  45144  45154  45160
  305.979   459333  1545.30   458860  1540.00  45880  45875  45877  45895  45898  45885  45878  45897  45882  45893  45936  45931  45929  45927  45935  45950  45930  45922  45934  45939
  310.979   466318  1506.44   465854  1506.44  46579  46574  46577  46594  46598  46586  46576  46595  46582  46593  46634  46630  46629  46625  46632  46651  46626  46622  46633  46636
  315.979   473248  1466.68   472777  1462.62  47272  47268  47269  47287  47289  47276  47270  47288  47274  47284  47326  47322  47323  47318  47325  47343  47323  47316  47323  47329
  320.979   480366  1455.72   479906  1454.51  47985  47979  47983  47999  48001  47990  47982  48001  47987  47999  48041  48036  48032  48033  48037  48054  48032  48029  48035  48037
  325.979   487545  1446.12   487240  1445.45  48718  48711  48716  48734  48735  48723  48715  48736  48720  48732  48700  48766  48764  48767  48771  48710  48768  48760  48770  48769
  330.979   494975  1437.20   494508  1436.89  49460  49451  49458  49476  49476  49464  49456  49478  49388  49401  49442  49510  49509  49509  49515  49453  49509  49503  49514  49511
  335.979   502467  1428.12   501905  1427.89  50217  50210  50135  50233  50233  50140  50213  50234  50139  50151  50194  50268  50187  50269  50273  50205  50269  50260  50272  50270
  340.979   510053  1452.43   509562  1451.56  50980  50973  50904  50997  50997  50909  50975  50997  50909  50921  50964  51032  50959  51033  51036  50975  51032  50951  51037  51034
  345.980   517594  1477.97   516929  1476.56  51672  51740  51672  51689  51688  51676  51742  51689  51675  51686  51733  51801  51728  51804  51806  51744  51803  51718  51731  51726
  350.979   524970  1494.26   524373  1492.18  52431  52422  52431  52449  52448  52436  52424  52449  52436  52447  52493  52486  52489  52564  52489  52505  52488  52477  52492  52487
  355.979   532280  1501.17   531739  1493.26  53168  53158  53166  53186  53186  53172  53160  53186  53174  53183  53234  53224  53226  53227  53226  53242  53228  53216  53231  53226
  360.979   539908  1507.82   539347  1504.66  53930  53919  53929  53946  53948  53933  53921  53946  53933  53942  53996  53986  53989  53991  53988  54004  53990  53981  53994  53989
  365.979   547494  1510.97   546922  1510.64  54687  54678  54687  54703  54705  54689  54680  54703  54691  54699  54755  54744  54747  54750  54746  54764  54750  54739  54751  54748
  370.979   554896  1504.80   554308  1501.54  55426  55416  55426  55442  55442  55426  55420  55442  55431  55437  55496  55486  55485  55489  55488  55506  55490  55478  55491  55487
  375.979   562343  1501.69   561759  1504.41  56173  56160  56171  56189  56188  56170  56164  56188  56174  56182  56240  56231  56230  56235  56232  56250  56235  56223  56235  56232
  380.979   569897  1502.57   569304  1502.73  56928  56913  56927  56944  56943  56925  56916  56943  56928  56937  56997  56984  56987  56991  56986  57007  56988  56980  56991  56986
  385.979   577755  1520.79   577141  1515.69  57711  57696  57711  57729  57727  57709  57698  57728  57713  57719  57782  57771  57773  57777  57770  57794  57774  57767  57776  57771
  390.979   585529  1520.65   584901  1508.17  58488  58470  58486  58505  58504  58485  58474  58505  58490  58494  58560  58549  58548  58555  58545  58573  58552  58545  58552  58550
  395.979   593103  1520.30   592465  1508.02  59243  59226  59243  59262  59261  59242  59231  59261  59246  59250  59319  59307  59305  59313  59304  59330  59308  59300  59310  59307
  400.979   600731  1525.17   600086  1515.60  60004  59989  60005  60025  60024  60004  59992  60024  60007  60012  60080  60071  60068  60076  60068  60092  60070  60062  60072  60072
  405.979   608524  1524.50   607877  1522.08  60781  60767  60785  60804  60803  60782  60769  60804  60790  60792  60863  60849  60846  60855  60848  60873  60849  60841  60851  60849
  410.979   616385  1533.96   615703  1531.24  61565  61551  61565  61587  61585  61565  61554  61587  61568  61576  61645  61638  61633  61642  61635  61654  61636  61626  61638  61638
  415.980   624052  1533.76   623351  1530.67  62342  62331  62272  62366  62365  62346  62334  62366  62272  62357  62353  62420  62414  62424  62416  62363  62417  62408  62419  62418
  420.980   631771  1530.00   630961  1526.91  63113  63103  63037  63134  63133  63115  63106  63134  63038  63048  63118  63194  63186  63198  63189  63130  63191  63180  63193  63192
  425.979   639478  1541.07   638499  1537.18  63898  63886  63823  63841  63840  63823  63888  63841  63826  63833  63909  63978  63895  63982  63973  63918  63976  63890  63978  63979
  430.980   647155  1542.62   646087  1538.56  64589  64652  64590  64607  64606  64590  64656  64607  64591  64599  64676  64746  64663  64753  64738  64686  64743  64658  64747  64745
  435.979   654394  1536.74   653616  1532.38  65349  65411  65351  65368  65368  65351  65341  65368  65351  65358  65438  65432  65425  65439  65499  65448  65430  65420  65433  65430
  440.979   661872  1526.46   661081  1522.80  66102  66091  66104  66123  66122  66105  66095  66123  66104  66112  66192  66188  66179  66193  66179  66203  66186  66176  66189  66187
  445.979   669566  1527.37   668768  1524.11  66871  66861  66874  66890  66888  66873  66866  66890  66874  66881  66962  66957  66947  66961  66949  66974  66957  66944  66958  66957
  450.979   677356  1529.75   676543  1529.65  67650  67638  67649  67668  67667  67649  67644  67668  67651  67659  67742  67736  67725  67739  67728  67751  67737  67725  67735  67738
  455.979   684865  1523.05   684040  1528.22  68400  68388  68398  68418  68417  68397  68393  68418  68402  68409  68493  68487  68478  68489  68478  68503  68486  68478  68484  68489
  460.979   692481  1521.06   691635  1528.51  69161  69147  69157  69176  69177  69158  69154  69178  69161  69166  69252  69250  69240  69251  69240  69263  69247  69240  69247  69251
  465.979   700248  1533.78   699376  1533.14  69937  69921  69930  69949  69952  69932  69927  69953  69934  69941  70030  70028  70014  70027  70019  70037  70024  70015  70025  70029
  470.979   708012  1540.77   707122  1539.97  70710  70698  70704  70723  70726  70704  70703  70729  70709  70716  70806  70806  70789  70802  70795  70813  70800  70794  70801  70806
  475.980   715554  1535.49   714646  1523.98  71463  71449  71456  71475  71478  71455  71455  71483  71462  71470  71561  71561  71543  71558  71549  71568  71554  71547  71553  71560
  480.979   723105  1520.25   722184  1511.70  72217  72203  72209  72228  72232  72209  72208  72238  72215  72225  72317  72315  72298  72312  72304  72323  72311  72303  72307  72315
  485.979   731069  1521.95   730126  1518.42  73013  72994  73004  73020  73028  73004  73001  73033  73009  73020  73116  73112  73093  73109  73095  73122  73108  73102  73102  73110
  490.979   738957  1534.46   737991  1527.75  73800  73781  73789  73808  73813  73789  73788  73820  73797  73806  73905  73900  73880  73898  73885  73914  73897  73891  73891  73896
  495.979   746475  1531.39   745578  1525.55  74559  74540  74548  74567  74572  74548  74548  74578  74555  74563  74661  74659  74641  74655  74645  74601  74656  74647  74652  74658
  500.979   753883  1519.53   752887  1515.84  75304  75286  75293  75311  75319  75293  75294  75251  75227  75309  75334  75407  75388  75403  75394  75347  75406  75395  75401  75408
  505.979   761455  1519.65   760360  1515.92  76059  76041  75972  76068  76074  76048  76052  76003  75980  76063  76089  76165  76146  76162  76150  76103  76163  76156  76157  76164
  510.979   769271  1529.68   767989  1525.89  76766  76829  76755  76858  76780  76839  76843  76787  76763  76769  76873  76958  76937  76953  76940  76887  76955  76865  76947  76956
  515.979   776967  1523.39   775510  1520.10  77548  77605  77533  77548  77556  77530  77533  77568  77543  77546  77658  77732  77715  77728  77719  77669  77731  77647  77721  77647
  520.979   784380  1519.26   783228  1515.54  78319  78372  78305  78322  78330  78305  78306  78337  78313  78319  78430  78425  78409  78497  78489  78441  78426  78420  78418  78425
  525.979   791948  1523.49   790780  1516.85  79081  79062  79068  79085  79092  79066  79069  79099  79076  79082  79194  79190  79172  79187  79254  79207  79189  79184  79183  79188
  530.979   799490  1530.49   798401  1527.37  79844  79822  79831  79847  79854  79827  79831  79861  79838  79846  79956  79951  79933  79947  79942  79971  79951  79947  79943  79949
  535.979   807369  1540.79   806253  1540.09  80629  80608  80617  80633  80639  80612  80616  80646  80623  80630  80743  80740  80719  80736  80729  80759  80740  80734  80731  80738
  540.979   814973  1533.62   813850  1538.96  81390  81366  81377  81393  81400  81372  81375  81406  81382  81389  81503  81500  81478  81496  81490  81521  81502  81495  81490  81498
  545.979   822489  1525.23   821347  1538.15  82139  82117  82127  82143  82149  82122  82126  82155  82130  82139  82254  82250  82229  82248  82241  82276  82252  82244  82243  82252
  550.979   829461  1507.58   828311  1502.52  82836  82813  82824  82839  82846  82817  82822  82852  82827  82835  82951  82944  82923  82947  82934  82976  82951  82942  82943  82950
  555.979   836465  1489.26   835308  1480.54  83537  83513  83522  83537  83546  83517  83524  83551  83526  83535  83650  83645  83629  83651  83640  83671  83652  83638  83640  83649
  560.979   843567  1474.51   842421  1461.06  84249  84223  84234  84247  84257  84229  84235  84263  84238  84246  84362  84357  84338  84359  84349  84387  84360  84348  84348  84359
  565.979   850771  1445.05   849606  1434.34  84968  84940  84954  84967  84975  84947  84953  84980  84957  84965  85086  85074  85056  85078  85070  85105  85086  85068  85067  85081
  570.979   857550  1415.77   856460  1406.41  85655  85625  85641  85648  85660  85632  85639  85667  85644  85649  85775  85754  85741  85761  85756  85714  85777  85759  85751  85762
  575.979   864472  1390.70   863293  1387.05  86275  86319  86331  86340  86349  86323  86329  86356  86333  86338  86463  86445  86434  86452  86451  86412  86467  86445  86448  86455
  580.979   871507  1392.92   870192  1391.74  86985  87028  86975  87051  87058  87034  87040  86999  86974  87048  87106  87156  87145  87159  87160  87126  87178  87155  87157  87165
  585.979   878677  1398.23   877347  1397.06  87701  87742  87690  87767  87774  87749  87756  87715  87690  87763  87824  87873  87863  87876  87874  87841  87893  87872  87873  87888
  590.979   885671  1394.51   884151  1392.50  88402  88449  88386  88476  88403  88454  88386  88413  88389  88393  88524  88584  88573  88580  88587  88541  88526  88580  88580  88596
  595.980   892389  1385.31   890959  1383.17  89092  89132  89076  89089  89095  89135  89077  89101  89080  89082  89217  89267  89255  89263  89271  89230  89219  89196  89263  89208
  600.979   899422  1393.32   897975  1390.84  89802  89840  89785  89799  89801  89775  89785  89810  89788  89790  89928  89975  89967  89969  89982  89940  89934  89903  89904  89920
  605.979   906370  1401.38   904970  1398.56  90509  90478  90490  90506  90506  90482  90490  90517  90495  90497  90638  90615  90609  90678  90689  90650  90643  90614  90610  90624
  610.979   913022  1393.12   911765  1395.07  91189  91158  91170  91186  91185  91163  91169  91196  91172  91177  91317  91295  91286  91288  91298  91330  91322  91293  91291  91302
  615.979   919856  1379.56   918581  1383.69  91872  91839  91851  91868  91866  91845  91851  91876  91854  91859  92001  91980  91971  91971  91979  92016  92004  91976  91974  91984
  620.979   926640  1372.52   925373  1381.01  92552  92518  92531  92547  92544  92524  92530  92555  92533  92539  92676  92657  92647  92651  92660  92693  92680  92657  92655  92664
  625.979   933428  1372.70   932158  1380.31  93229  93195  93210  93225  93224  93203  93208  93234  93212  93218  93356  93332  93328  93333  93338  93368  93358  93336  93338  93341
  630.979   940463  1372.19   939182  1375.35  93934  93896  93912  93928  93928  93904  93910  93935  93915  93920  94062  94034  94033  94035  94038  94074  94061  94038  94043  94045
  635.979   947912  1386.62   946626  1385.31  94679  94639  94657  94673  94674  94647  94653  94680  94659  94665  94807  94779  94779  94779  94781  94817  94807  94783  94789  94791
  640.979   955863  1429.90   954552  1417.38  95472  95430  95450  95465  95467  95439  95447  95473  95452  95457  95603  95573  95574  95572  95577  95613  95603  95576  95585  95587
  645.979   963600  1457.82   962333  1448.12  96250  96210  96228  96243  96244  96218  96225  96250  96231  96234  96385  96355  96355  96352  96360  96319  96382  96357  96368  96367
  650.979   971130  1480.40   969775  1470.07  96925  96963  96980  96995  96995  96970  96977  97002  96983  96985  97137  97107  97109  97104  97114  97071  97135  97110  97122  97121
  655.980   978728  1505.05   977441  1499.45  97690  97728  97746  97764  97764  97736  97744  97767  97749  97753  97826  97874  97878  97869  97881  97839  97902  97879  97890  97890
  660.979   986259  1519.33   984806  1513.49  98441  98478  98423  98515  98515  98488  98497  98518  98427  98504  98580  98626  98631  98623  98635  98593  98655  98632  98643  98641
  665.979   993672  1517.42   992203  1513.42  99183  99219  99166  99256  99252  99227  99234  99256  99169  99241  99324  99366  99373  99364  99376  99339  99396  99370  99383  99381
  670.979  1001434  1511.68   999861  1508.02  99959 100000  99944  99964 100034 100010 100017  99964  99946 100023 100104 100148 100160 100148 100162 100118 100106 100156 100167 100165
  675.979  1009074  1508.79  1007266  1502.89 100720 100762 100708 100726 100723 100772 100706 100726 100711 100712 100867 100911 100924 100911 100925 100885 100871 100923 100930 100927
  680.979  1016697  1518.96  1015017  1515.67 101504 101543 101490 101508 101505 101482 101487 101508 101496 101494 101649 101694 101709 101696 101712 101669 101655 101634 101642 101637
  685.979  1024430  1526.19  1022799  1519.61 102282 102320 102267 102287 102283 102261 102265 102288 102274 102272 102428 102476 102413 102477 102492 102450 102435 102416 102425 102418
  690.979  1031954  1528.54  1030381  1526.96 103040 103078 103027 103045 103039 103018 103023 103047 103034 103030 103190 103235 103172 103237 103177 103210 103193 103176 103186 103178
  695.979  1039876  1544.98  1038363  1546.33 103838 103876 103827 103840 103836 103817 103821 103846 103834 103828 103992 103958 103968 104038 103971 104012 103995 103978 103986 103978
  700.979  1047378  1539.19  1045843  1543.02 104593 104557 104582 104597 104590 104572 104576 104601 104590 104585 104748 104721 104728 104722 104731 104766 104749 104736 104742 104735
  705.980  1055033  1539.70  1053483  1548.32 105359 105319 105344 105362 105354 105336 105339 105364 105356 105350 105512 105486 105493 105487 105495 105532 105517 105501 105509 105501
  710.979  1062962  1550.00  1061371  1550.44 106145 106109 106132 106151 106143 106125 106127 106157 106143 106139 106304 106279 106287 106283 106288 106322 106309 106293 106301 106296
  715.979  1070535  1542.07  1068933  1537.94 106901 106864 106889 106908 106898 106881 106883 106914 106899 106896 107063 107037 107045 107040 107044 107080 107065 107049 107058 107054
  720.979  1078324  1551.21  1076698  1539.63 107675 107644 107665 107685 107675 107659 107660 107689 107674 107672 107839 107819 107823 107822 107826 107856 107844 107828 107836 107831
  725.979  1085886  1538.72  1084255  1524.46 108435 108397 108425 108440 108428 108413 108415 108445 108430 108427 108596 108573 108580 108575 108583 108616 108598 108586 108592 108587
  730.979  1093430  1529.87  1091770  1520.77 109183 109150 109173 109194 109181 109165 109168 109196 109178 109182 109348 109328 109336 109329 109337 109368 109354 109341 109346 109343
  735.979  1100985  1527.03  1099375  1517.53 109944 109909 109933 109954 109940 109925 109928 109958 109939 109945 110112 110093 110098 110092 110100 110056 110116 110103 110109 110106
  740.979  1108546  1512.30  1106926  1506.06 110699 110663 110688 110709 110696 110680 110684 110715 110694 110698 110867 110849 110855 110847 110856 110814 110872 110859 110865 110862
  745.979  1116493  1521.98  1114758  1518.46 111488 111457 111477 111499 111488 111471 111476 111503 111412 111487 111657 111644 111652 111642 111651 111612 111667 111653 111658 111657
  750.979  1123261  1486.21  1121322  1482.82 112094 112129 112084 112178 112167 112149 112156 112110 112089 112166 112333 112315 112330 112315 112333 112290 112344 112331 112336 112334
  755.979  1130999  1493.14  1128963  1489.82 112870 112909 112861 112883 112947 112929 112941 112885 112867 112871 113038 113098 113112 113096 113115 113068 113124 113113 113119 113116
  760.979  1138766  1504.11  1136720  1501.09 113656 113690 113645 113668 113727 113711 113646 113669 113652 113656 113825 113883 113898 113883 113899 113853 113831 113896 113900 113898
  765.979  1146604  1519.85  1144660  1514.28 114457 114494 114446 114468 114534 114437 114446 114471 114451 114456 114628 114691 114710 114694 114710 114656 114632 114626 114629 114628
  770.979  1154152  1524.08  1152266  1518.34 115227 115268 115216 115235 115219 115203 115213 115241 115219 115225 115396 115471 115394 115471 115394 115433 115400 115396 115399 115398
  775.979  1162178  1527.92  1160260  1524.33 116025 116062 116014 116034 116022 116005 116014 116041 116018 116025 116199 116263 116202 116262 116202 116230 116207 116203 116207 116203
  780.979  1170230  1571.11  1168287  1573.52 116828 116862 116818 116838 116825 116808 116817 116843 116821 116827 117004 117067 117009 117067 117007 117036 117012 117009 117011 117008
  785.979  1177857  1569.90  1176048  1577.55 117605 117637 117595 117615 117600 117584 117591 117620 117597 117604 117781 117769 117788 117771 117783 117815 117789 117786 117789 117786
  790.979  1185288  1558.42  1183402  1566.51 118348 118303 118338 118360 118342 118325 118335 118364 118339 118348 118527 118512 118531 118514 118526 118560 118529 118529 118531 118529
  795.979  1192258  1529.80  1190352  1533.29 119041 119003 119030 119054 119040 119022 119032 119057 119032 119041 119223 119211 119229 119214 119225 119251 119229 119221 119227 119228
  800.979  1199805  1529.46  1197910  1519.13 119799 119754 119786 119811 119796 119777 119788 119812 119789 119798 119977 119965 119983 119965 119982 120011 119982 119976 119984 119980
  805.980  1207902  1531.86  1205997  1517.00 120608 120563 120594 120620 120603 120584 120598 120620 120599 120608 120789 120774 120794 120775 120792 120820 120790 120785 120794 120789
  810.979  1215526  1514.85  1213596  1502.20 121367 121321 121353 121381 121364 121344 121358 121381 121358 121369 121552 121536 121557 121538 121553 121582 121551 121548 121556 121553
  815.979  1223144  1512.13  1221188  1497.30 122128 122082 122111 122139 122124 122104 122115 122139 122119 122127 122313 122299 122319 122301 122316 122343 122313 122310 122318 122312
  820.979  1230896  1512.94  1228926  1504.98 122901 122855 122884 122915 122897 122876 122888 122915 122892 122903 123089 123075 123093 123076 123091 123119 123089 123085 123094 123085
  825.979  1238764  1543.00  1236835  1537.40 123693 123645 123674 123706 123688 123668 123680 123706 123681 123694 123883 123868 123889 123873 123886 123835 123883 123878 123888 123881
  830.979  1246333  1543.78  1244022  1537.33 124372 124403 124430 124388 124445 124422 124436 124387 124363 124376 124641 124624 124647 124630 124643 124590 124642 124635 124643 124638
  835.979  1253846  1519.48  1251520  1517.74 125123 125151 125180 125138 125194 125172 125184 125138 125113 125127 125393 125375 125397 125383 125394 125342 125394 125386 125394 125388
  840.979  1261843  1534.36  1259492  1532.65 125928 125957 125909 125943 125998 125976 125990 125943 125918 125930 126126 126183 126204 126189 126201 126149 126202 126194 126199 126196
  845.980  1269396  1531.68  1266962  1528.42 126683 126713 126662 126697 126753 126731 126669 126697 126673 126684 126878 126940 126960 126945 126958 126904 126957 126949 126953 126952
  850.979  1277121  1530.47  1274662  1526.98 127452 127483 127432 127467 127523 127503 127438 127467 127443 127454 127648 127714 127730 127717 127733 127676 127731 127721 127726 127725
  855.979  1284425  1523.72  1282174  1518.69 128219 128255 128197 128233 128212 128193 128205 128233 128208 128219 128417 128488 128503 128493 128423 128442 128421 128411 128415 128412
  860.979  1292263  1536.11  1290089  1543.32 129012 129041 128989 129025 129003 128984 128996 129026 129000 129013 129210 129273 129212 129277 129218 129237 129217 129205 129209 129205
  865.979  1300400  1559.58  1298279  1566.39 129830 129859 129809 129842 129823 129804 129817 129845 129819 129831 130031 130092 130033 130023 130041 130056 130039 130027 130031 130027
  870.979  1308258  1557.55  1306196  1564.43 130623 130658 130600 130633 130612 130593 130607 130638 130610 130622 130826 130810 130826 130817 130832 130851 130832 130819 130824 130821
  875.979  1315872  1559.65  1313692  1568.17 131382 131335 131357 131391 131372 131352 131363 131395 131366 131379 131584 131575 131590 131579 131593 131611 131593 131580 131585 131582
  880.979  1323476  1552.97  1321299  1559.91 132140 132096 132120 132153 132130 132113 132124 132154 132128 132141 132345 132336 132350 132339 132354 132372 132354 132340 132345 132341
  885.979  1331620  1580.97  1329415  1571.85 132952 132908 132930 132965 132941 132923 132937 132966 132940 132953 133160 133150 133165 133151 133168 133190 133170 133153 133159 133154
  890.979  1339789  1591.74  1337568  1577.82 133769 133718 133745 133782 133753 133736 133754 133784 133757 133770 133979 133966 133980 133964 133986 134013 133983 133971 133976 133971
  895.979  1347490  1577.28  1345240  1556.04 134538 134483 134512 134549 134520 134505 134521 134549 134525 134538 134750 134739 134750 134732 134754 134785 134752 134743 134744 134741
  900.979  1355504  1580.32  1353193  1559.34 135330 135284 135311 135341 135317 135303 135317 135341 135318 135331 135551 135544 135553 135536 135554 135581 135553 135544 135545 135543
  905.979  1363451  1594.03  1361180  1575.84 136128 136084 136109 136141 136115 136101 136116 136139 136116 136131 136352 136348 136355 136340 136354 136309 136355 136347 136347 136344
  910.979  1371280  1596.04  1368993  1578.62 136910 136866 136889 136923 136894 136880 136898 136922 136899 136912 137135 137131 137140 137123 137137 137092 137136 137129 137130 137127
  915.979  1378839  1564.33  1376480  1558.26 137588 137620 137647 137681 137647 137635 137656 137681 137656 137669 137893 137885 137896 137877 137894 137851 137892 137882 137885 137884
  920.979  1386560  1550.08  1383879  1544.31 138361 138390 138411 138377 138418 138407 138421 138377 138352 138365 138662 138657 138669 138650 138666 138624 138663 138655 138659 138655
  925.979  1394720  1561.81  1392004  1559.13 139171 139204 139225 139189 139233 139219 139235 139188 139163 139177 139478 139473 139483 139467 139483 139440 139480 139470 139476 139470
  930.979  1402351  1549.43  1399470  1545.30 139933 139968 139912 139950 139994 139980 139922 139949 139924 139938 140241 140237 140246 140231 140245 140204 140243 140233 140239 140232
  935.979  1409698  1532.50  1406888  1526.56 140674 140710 140656 140692 140735 140721 140665 140690 140665 140680 140911 140980 140985 140973 140988 140946 140983 140974 140982 140976
  940.979  1417183  1521.95  1414401  1515.81 141423 141467 141404 141441 141492 141478 141413 141439 141415 141429 141663 141738 141743 141731 141746 141697 141741 141729 141661 141734
  945.979  1424422  1521.28  1421803  1518.15 142179 142221 142161 142199 142165 142151 142167 142199 142174 142187 142420 142413 142418 142487 142421 142460 142497 142486 142412 142408
  950.979  1432030  1523.36  1429529  1529.40 142951 142989 142936 142971 142941 142927 142941 142971 142944 142958 143196 143192 143198 143260 143201 143231 143193 143182 143189 143188
  955.979  1439429  1500.30  1436988  1507.11 143698 143733 143681 143717 143688 143673 143686 143718 143690 143704 143943 143939 143946 143935 143946 143979 143941 143929 143936 143935
  960.979  1447006  1495.40  1444516  1511.61 144462 144414 144441 144479 144442 144431 144446 144481 144454 144466 144704 144695 144703 144690 144703 144746 144695 144684 144693 144693
  965.979  1454861  1512.99  1452319  1517.08 145240 145199 145219 145255 145229 145216 145227 145260 145231 145243 145486 145482 145489 145475 145490 145524 145483 145473 145481 145478
  970.980  1462778  1527.55  1460203  1524.56 146029 145988 146008 146043 146016 146003 146017 146048 146020 146031 146278 146274 146281 146266 146281 146314 146275 146265 146273 146271
  975.979  1470272  1536.09  1467670  1524.28 146776 146734 146755 146789 146764 146750 146763 146795 146767 146777 147026 147028 147031 147015 147031 147062 147022 147014 147023 147020
  980.979  1477739  1531.26  1475131  1512.43 147523 147480 147501 147536 147509 147496 147509 147540 147513 147524 147772 147774 147778 147762 147778 147811 147768 147762 147769 147765
  985.980  1485424  1538.47  1482792  1519.61 148291 148247 148267 148300 148276 148263 148274 148307 148279 148288 148539 148542 148547 148532 148545 148581 148537 148531 148536 148534
  990.979  1493139  1543.21  1490495  1523.14 149061 149017 149038 149070 149046 149032 149046 149077 149050 149058 149311 149313 149319 149303 149316 149353 149309 149302 149308 149305
  995.979  1500515  1520.87  1497871  1509.36 149804 149763 149783 149819 149789 149776 149790 149746 149794 149807 150059 150059 150064 150048 150061 150021 150054 150046 150053 150050
 1000.979  1508060  1504.71  1505099  1496.73 150483 150514 150535 150497 150541 150529 150543 150500 150472 150485 150815 150815 150819 150802 150815 150777 150808 150798 150808 150803
 1005.979  1515654  1499.97  1512690  1498.15 151243 151274 151293 151258 151301 151285 151300 151260 151230 151246 151573 151574 151577 151563 151575 151536 151570 151555 151569 151562
 1010.979  1523456  1511.17  1520382  1508.36 152019 152051 151996 152034 152079 152063 152076 152037 152005 152022 152350 152355 152357 152342 152356 152315 152350 152337 152350 152344
 1015.979  1530850  1504.41  1527758  1501.46 152764 152794 152740 152780 152824 152808 152747 152782 152751 152768 153023 153102 153104 153089 153102 153062 153099 153082 153096 153091
 1020.979  1538434  1499.77  1535331  1497.05 153521 153552 153495 153537 153581 153567 153506 153539 153508 153525 153782 153860 153861 153850 153860 153820 153858 153839 153854 153850
 1025.979  1546156  1514.82  1542965  1510.86 154298 154331 154273 154314 154287 154273 154283 154319 154285 154302 154563 154567 154640 154628 154640 154602 154636 154618 154635 154627
 1030.979  1553713  1521.58  1550710  1527.99 155072 155109 155048 155087 155059 155046 155058 155095 155061 155075 155339 155342 155343 155408 155417 155380 155416 155400 155338 155330
 1035.979  1561131  1521.19  1558191  1526.93 155826 155790 155802 155841 155819 155804 155814 155850 155816 155829 156096 156099 156101 156165 156098 156137 156096 156155 156096 156088
 1040.979  1568662  1514.48  1565845  1523.10 156592 156555 156568 156608 156583 156565 156579 156617 156584 156594 156862 156866 156870 156862 156864 156907 156864 156850 156862 156855
 1045.979  1576343  1524.04  1573539  1533.71 157363 157321 157338 157379 157350 157332 157348 157388 157354 157366 157631 157635 157637 157629 157629 157677 157634 157619 157631 157621
 1050.979  1583888  1522.63  1581082  1521.80 158119 158074 158092 158135 158103 158085 158102 158143 158110 158119 158385 158388 158394 158382 158384 158433 158390 158372 158384 158376
 1055.979  1591347  1513.98  1588515  1515.96 158862 158819 158836 158875 158848 158831 158846 158885 158853 158860 159133 159135 159141 159128 159130 159174 159137 159118 159129 159122
 1060.979  1599025  1518.02  1596168  1507.72 159627 159586 159602 159639 159612 159595 159613 159649 159619 159626 159903 159904 159909 159897 159897 159940 159904 159887 159895 159889
 1065.979  1606595  1520.72  1603724  1510.76 160384 160342 160359 160394 160369 160349 160369 160404 160374 160380 160662 160661 160667 160654 160655 160696 160660 160641 160652 160647
 1070.979  1613695  1506.29  1610747  1491.93 161094 161050 161069 161104 161079 161057 161079 161038 161084 161093 161375 161373 161377 161362 161366 161408 161366 161352 161358 161358
 1075.979  1620636  1479.55  1617520  1464.55 161715 161745 161758 161794 161770 161750 161767 161733 161706 161782 162065 162066 162071 162061 162060 162098 162064 162051 162046 162054
 1080.979  1627324  1446.34  1624138  1435.70 162391 162420 162433 162403 162444 162425 162444 162407 162380 162391 162743 162741 162748 162736 162737 162703 162742 162726 162721 162727
 1085.979  1634071  1415.48  1630897  1410.82 163068 163097 163110 163078 163120 163101 163120 163081 163056 163066 163416 163416 163423 163410 163409 163381 163417 163399 163398 163402
 1090.980  1640947  1386.39  1637636  1384.78 163755 163782 163730 163766 163807 163791 163740 163768 163743 163754 164105 164103 164112 164098 164097 164070 164105 164087 164085 164085
 1095.979  1647793  1362.09  1644459  1360.21 164437 164467 164412 164449 164490 164474 164422 164449 164424 164435 164787 164785 164797 164784 164781 164758 164788 164772 164769 164772
 1100.979  1654503  1351.25  1651249  1352.33 165115 165146 165091 165129 165168 165153 165101 165129 165104 165113 165400 165465 165478 165460 165456 165438 165464 165449 165446 165447
 1105.979  1661445  1355.74  1658182  1362.21 165823 165854 165799 165834 165807 165793 165809 165834 165810 165819 166106 166104 166117 166171 166163 166146 166174 166157 166151 166156
 1110.979  1668139  1359.26  1664931  1368.89 166508 166464 166477 166519 166486 166470 166489 166519 166496 166503 166788 166782 166792 166860 166852 166831 166788 166841 166838 166767
 1115.979  1675023  1369.77  1671941  1375.03 167208 167169 167179 167217 167191 167175 167190 167217 167194 167201 167489 167488 167498 167490 167550 167532 167491 167545 167466 167474
 1120.980  1681998  1375.35  1679004  1383.64 167913 167876 167885 167924 167897 167882 167896 167924 167900 167907 168190 168193 168208 168196 168185 168233 168193 168253 168168 168179
 1125.979  1689628  1401.42  1686699  1407.53 168685 168644 168654 168694 168665 168653 168665 168694 168669 168676 168964 168957 168980 168967 168952 169005 168962 168954 168938 168949
 1130.979  1697394  1436.31  1694467  1435.30 169468 169416 169429 169474 169436 169426 169440 169474 169449 169455 169740 169732 169758 169744 169727 169789 169739 169728 169713 169724
 1135.979  1705209  1466.06  1702207  1462.50 170237 170195 170204 170245 170214 170203 170216 170245 170220 170228 170521 170512 170539 170528 170513 170564 170522 170508 170492 170510
 1140.979  1713229  1510.65  1710199  1502.27 171038 170993 171002 171045 171014 171001 171015 171045 171019 171027 171320 171312 171339 171331 171317 171367 171323 171313 171295 171312
 1145.979  1721169  1545.99  1718041  1532.16 171756 171784 171794 171836 171805 171794 171807 171836 171809 171820 172113 172108 172134 172123 172110 172161 172116 172107 172089 172108
 1150.979  1728923  1572.03  1725766  1549.58 172522 172558 172568 172608 172579 172568 172580 172609 172581 172593 172889 172885 172911 172900 172887 172932 172891 172880 172865 172883
 1155.979  1736422  1562.68  1733194  1547.45 173282 173315 173325 173292 173334 173325 173338 173292 173340 173351 173646 173642 173669 173659 173643 173615 173647 173638 173621 173642
 1160.979  1744413  1570.34  1741005  1549.46 174080 174111 174118 174089 174131 174119 174133 174089 174061 174074 174445 174440 174469 174458 174442 174415 174446 174437 174420 174441
 1165.979  1752571  1572.05  1749148  1562.79 174895 174924 174933 174902 174945 174935 174951 174902 174874 174887 175263 175254 175286 175274 175259 175228 175260 175253 175236 175258
 1170.979  1760190  1551.54  1756641  1546.14 175648 175688 175698 175656 175708 175700 175624 175655 175626 175638 176027 176015 176054 176039 176018 175980 176024 176011 176000 176022
 1175.979  1767956  1548.29  1764413  1545.60 176427 176459 176466 176438 176479 176470 176407 176438 176408 176421 176799 176791 176827 176815 176797 176764 176799 176791 176776 176797
 1180.980  1776011  1560.07  1772362  1556.14 177230 177261 177194 177241 177281 177272 177210 177240 177210 177223 177602 177598 177631 177621 177602 177572 177602 177598 177582 177603
 1185.979  1783804  1570.22  1780142  1570.49 178016 178045 177978 178027 178066 177982 177996 178027 177996 178009 178386 178385 178345 178406 178388 178362 178391 178385 178368 178388
 1190.979  1791315  1555.32  1787762  1562.97 178778 178814 178735 178791 178836 178738 178755 178788 178757 178770 179067 179157 179103 179176 179162 179125 179164 179152 179140 179069
 1195.979  1798865  1537.43  1795223  1543.51 179531 179564 179493 179546 179507 179497 179511 179539 179511 179524 179827 179908 179863 179926 179914 179879 179916 179906 179892 179834
