Test case: 
Description: 
	10 senders: persistent queues
	10 receivers: client acknowledge every 50 messages
Timestamp: 2011.11.1 23:24:32
Version: 
Setting up JMS benchmark connections... 

Start processing messages.
Thu Dec 01 23:24:32 EST 2011

  Seconds   Send   Send/Sec   Recv   Recv/Sec   RCV0   RCV1   RCV2   RCV3   RCV4   RCV5   RCV6   RCV7   RCV8   RCV9  SND10  SND11  SND12  SND13  SND14  SND15  SND16  SND17  SND18  SND19
  ------- -------- -------- -------- -------- ------ ------ ------ ------ ------ ------ ------ ------ ------ ------ ------ ------ ------ ------ ------ ------ ------ ------ ------ ------
    1.006        0     0.00        0     0.00      0      0      0      0      0      0      0      0      0      0      0      0      0      0      0      0      0      0      0      0
    6.006     6074  1320.43     6509  1415.00    654    654    649    659    649    649    645    649    648    653    607    608    612    610    609    601    608    606    608    605
   11.006    12787  1331.98    13228  1377.92   1325   1325   1321   1329   1321   1321   1319   1321   1321   1325   1275   1285   1284   1279   1277   1275   1279   1280   1278   1275
   16.006    19910  1363.70    20359  1394.45   2037   2039   2034   2041   2034   2034   2032   2035   2035   2038   1993   1998   1991   1991   1986   1989   1990   1990   1996   1986
   21.006    27098  1382.55    27550  1405.61   2756   2758   2753   2760   2753   2755   2751   2753   2753   2758   2712   2717   2712   2706   2708   2707   2708   2705   2716   2707
   26.006    34239  1391.77    34687  1409.98   3470   3472   3467   3474   3467   3470   3463   3466   3467   3471   3427   3430   3424   3421   3427   3421   3424   3414   3432   3419
   31.006    41317  1395.84    41761  1410.84   4176   4179   4174   4180   4175   4180   4170   4174   4174   4179   4134   4139   4133   4129   4132   4127   4133   4121   4141   4128
   36.006    48231  1414.66    48684  1415.27   4868   4872   4866   4874   4869   4873   4860   4864   4864   4874   4827   4833   4821   4822   4822   4816   4822   4813   4834   4821
   41.006    55138  1416.58    55612  1420.00   5559   5564   5559   5568   5561   5567   5553   5557   5557   5567   5516   5527   5513   5511   5513   5508   5513   5499   5525   5513
   46.007    61896  1397.83    62385  1401.42   6237   6242   6235   6244   6237   6243   6231   6236   6235   6245   6193   6202   6190   6189   6188   6185   6187   6174   6201   6187
   51.006    69054  1385.84    69549  1384.73   6953   6957   6951   6960   6954   6959   6948   6954   6951   6962   6906   6919   6908   6906   6900   6900   6904   6888   6918   6905
   56.006    76479  1393.12    76987  1395.03   7695   7701   7696   7703   7699   7702   7692   7699   7694   7706   7649   7661   7651   7651   7641   7642   7646   7630   7662   7646
   61.006    84217  1411.81    84733  1414.26   8470   8474   8469   8478   8475   8478   8465   8475   8467   8482   8425   8434   8425   8425   8417   8418   8418   8401   8438   8416
   66.006    92339  1455.34    92880  1458.29   9287   9289   9285   9293   9289   9292   9280   9289   9283   9293   9238   9246   9236   9237   9231   9228   9230   9216   9251   9226
   71.007    99781  1480.23   100553  1482.58  10055  10056  10053  10060  10056  10060  10047  10056  10050  10060  10002   9938   9927  10006   9998   9994   9998   9984   9942   9992
   76.006   107708  1519.21   108430  1521.66  10850  10853  10849  10857  10850  10777  10844  10851  10844  10855  10798  10731  10717  10798  10788  10789  10789  10778  10734  10786
   81.006   115129  1538.64   115768  1540.96  11620  11623  11545  11553  11546  11551  11616  11548  11616  11550  11493  11507  11491  11496  11485  11487  11559  11548  11506  11557
   86.006   122407  1538.74   122992  1541.29  12291  12293  12290  12298  12291  12294  12285  12293  12361  12296  12235  12250  12233  12240  12228  12231  12226  12215  12249  12300
   91.006   130417  1550.34   131032  1553.66  13099  13105  13102  13110  13104  13106  13097  13106  13094  13109  13044  13057  13043  13049  13038  13039  13035  13021  13060  13031
   96.006   137559  1517.40   138195  1520.59  13816  13820  13817  13828  13820  13822  13812  13821  13813  13826  13759  13770  13757  13764  13749  13752  13751  13736  13772  13749
  101.007   144380  1496.66   145028  1492.50  14501  14502  14500  14512  14503  14504  14495  14505  14498  14508  14440  14458  14438  14443  14432  14432  14431  14415  14455  14436
  106.006   151468  1468.46   152128  1466.38  15212  15212  15208  15223  15213  15214  15204  15215  15207  15220  15151  15165  15147  15154  15139  15137  15144  15121  15166  15144
  111.006   158274  1447.82   158939  1448.69  15893  15893  15889  15901  15895  15894  15886  15897  15889  15902  15835  15847  15829  15834  15819  15818  15826  15800  15843  15823
  116.006   165638  1450.70   166325  1454.13  16631  16633  16628  16640  16633  16632  16626  16635  16627  16640  16569  16583  16562  16571  16560  16555  16561  16538  16578  16561
  121.006   173752  1451.16   174464  1457.50  17443  17447  17442  17454  17448  17448  17438  17450  17440  17454  17381  17398  17378  17383  17369  17364  17373  17345  17390  17371
  126.006   181329  1463.66   182066  1459.36  18204  18206  18202  18216  18208  18208  18197  18210  18201  18214  18139  18152  18137  18143  18128  18122  18131  18102  18147  18128
  131.006   188518  1467.43   189253  1468.04  18922  18926  18923  18934  18926  18928  18917  18926  18921  18930  18863  18866  18856  18863  18841  18843  18851  18820  18865  18850
  136.006   195671  1462.83   196424  1463.87  19642  19643  19640  19651  19642  19644  19635  19642  19639  19646  19577  19585  19573  19579  19560  19557  19568  19532  19578  19562
  141.006   202814  1470.19   203585  1473.74  20359  20359  20356  20368  20359  20360  20349  20359  20353  20363  20293  20299  20288  20295  20274  20272  20281  20243  20291  20278
  146.007   209652  1453.05   210426  1456.07  21043  21043  21038  21052  21043  21044  21034  21044  21038  21047  20976  20981  20976  20980  20958  20954  20968  20925  20976  20958
  151.006   216745  1419.38   217546  1422.30  21757  21757  21750  21765  21755  21756  21744  21757  21748  21757  21684  21690  21686  21692  21665  21664  21679  21633  21685  21667
  156.006   224588  1429.48   225410  1432.26  22551  22552  22543  22485  22549  22550  22538  22549  22542  22551  22477  22405  22476  22485  22456  22456  22471  22426  22477  22459
  161.006   232291  1451.41   232829  1454.77  23263  23264  23330  23271  23261  23262  23325  23261  23329  23263  23263  23189  23186  23270  23239  23168  23256  23213  23263  23244
  166.006   239563  1462.48   240257  1465.70  24013  24013  24005  24020  24011  24012  24077  24011  24081  24014  24015  23939  23932  23943  23989  23917  23930  23965  23939  23994
  171.007   247273  1486.88   247987  1490.00  24801  24800  24793  24809  24798  24801  24789  24800  24793  24803  24727  24724  24719  24729  24774  24705  24716  24676  24725  24778
  176.006   254907  1518.68   255793  1522.43  25582  25581  25573  25590  25578  25582  25570  25580  25574  25583  25504  25501  25497  25511  25477  25485  25494  25454  25505  25479
  181.006   262578  1538.07   263477  1541.36  26350  26351  26342  26359  26346  26351  26337  26347  26343  26351  26271  26270  26264  26278  26243  26252  26262  26220  26271  26247
  186.007   270367  1536.26   271286  1539.51  27131  27131  27122  27139  27127  27132  27118  27132  27123  27131  27048  27050  27046  27056  27021  27032  27043  26996  27050  27025
  191.006   278178  1539.83   279108  1552.99  27913  27913  27905  27919  27909  27915  27902  27914  27905  27913  27829  27831  27826  27837  27804  27809  27825  27779  27833  27805
  196.006   285730  1549.23   286667  1557.38  28670  28670  28660  28674  28666  28671  28657  28668  28661  28670  28585  28587  28583  28594  28558  28564  28580  28533  28586  28560
  201.006   293795  1561.19   294754  1569.42  29479  29479  29468  29483  29474  29480  29466  29476  29470  29479  29394  29396  29387  29401  29364  29370  29386  29340  29391  29366
  206.006   301871  1572.92   302847  1578.99  30289  30289  30276  30294  30284  30289  30275  30284  30279  30288  30201  30204  30195  30211  30172  30176  30194  30147  30197  30174
  211.006   309511  1572.42   310499  1570.37  31053  31057  31042  31061  31048  31054  31040  31049  31044  31051  30965  30968  30960  30973  30936  30938  30959  30913  30959  30940
  216.006   317402  1570.66   318407  1565.76  31843  31846  31831  31850  31839  31848  31832  31840  31836  31842  31753  31757  31750  31761  31724  31729  31750  31700  31748  31730
  221.006   325460  1569.19   326501  1567.85  32655  32655  32639  32659  32647  32655  32643  32651  32645  32652  32559  32564  32556  32567  32530  32532  32557  32507  32553  32535
  226.006   333469  1570.54   334548  1575.20  33461  33461  33441  33465  33451  33461  33446  33456  33449  33457  33359  33365  33354  33370  33327  33335  33359  33307  33356  33337
  231.006   341204  1565.30   342297  1569.73  34234  34236  34218  34238  34228  34234  34221  34232  34225  34231  34133  34133  34128  34141  34104  34111  34134  34076  34131  34113
  236.006   349261  1564.83   350381  1569.80  35042  35044  35026  35046  35037  35043  35029  35041  35033  35040  34938  34938  34932  34948  34912  34918  34938  34883  34936  34918
  241.006   357125  1574.70   358264  1579.87  35838  35839  35822  35842  35832  35765  35824  35837  35829  35836  35733  35654  35724  35743  35708  35712  35732  35676  35730  35713
  246.006   365061  1571.01   365850  1576.38  36543  36544  36619  36547  36630  36546  36620  36542  36626  36633  36530  36435  36518  36539  36501  36509  36527  36471  36524  36507
  251.006   372419  1560.60   373385  1565.70  37320  37320  37380  37324  37316  37321  37380  37320  37384  37320  37289  37205  37273  37219  37258  37194  37281  37230  37207  37263
  256.006   380355  1563.02   381351  1567.99  38131  38131  38192  38135  38128  38132  38118  38131  38122  38131  38097  38015  38082  38028  38067  38001  38015  37962  38015  38073
  261.006   387872  1563.52   389042  1568.62  38909  38909  38892  38912  38904  38910  38894  38907  38898  38907  38796  38788  38779  38800  38768  38774  38790  38740  38789  38848
  266.006   395651  1556.76   396907  1561.33  39695  39695  39680  39699  39691  39696  39681  39691  39685  39694  39582  39573  39565  39583  39554  39558  39578  39527  39573  39558
  271.006   403172  1545.20   404450  1549.87  40449  40451  40433  40455  40446  40453  40434  40444  40437  40448  40334  40325  40317  40338  40304  40310  40330  40279  40326  40309
  276.006   411212  1548.69   412517  1566.01  41256  41256  41239  41260  41252  41258  41242  41252  41245  41257  41138  41130  41121  41141  41108  41113  41136  41086  41130  41109
  281.006   418931  1560.81   420259  1572.95  42031  42029  42013  42035  42027  42030  42016  42027  42020  42031  41911  41903  41893  41913  41879  41885  41907  41860  41899  41881
  286.006   426997  1565.22   428348  1577.13  42842  42837  42821  42844  42836  42840  42824  42836  42828  42840  42718  42706  42699  42718  42686  42690  42713  42672  42707  42688
  291.006   434367  1560.23   435743  1561.74  43582  43576  43559  43584  43576  43579  43564  43575  43568  43580  43453  43441  43437  43455  43423  43428  43452  43411  43441  43426
  296.006   441887  1549.03   443266  1538.12  44335  44329  44313  44335  44327  44332  44317  44326  44321  44331  44205  44190  44188  44206  44179  44179  44204  44162  44194  44180
  301.006   449536  1553.26   450926  1538.89  45100  45095  45081  45101  45093  45098  45081  45092  45087  45098  44972  44956  44954  44968  44944  44945  44970  44925  44957  44945
  306.006   457274  1532.08   458682  1528.62  45874  45870  45856  45877  45869  45873  45857  45869  45864  45873  45749  45728  45729  45739  45716  45720  45745  45698  45729  45721
  311.006   464270  1497.99   465702  1498.56  46576  46575  46556  46579  46571  46574  46560  46571  46565  46575  46449  46432  46431  46436  46415  46420  46445  46397  46428  46417
  316.006   471180  1462.10   472594  1461.76  47265  47263  47247  47267  47259  47263  47252  47259  47256  47263  47143  47117  47123  47126  47104  47112  47134  47091  47119  47111
  321.006   478299  1451.19   479720  1452.70  47977  47976  47960  47980  47971  47975  47965  47971  47970  47975  47858  47827  47833  47839  47816  47824  47844  47804  47833  47821
  326.006   485620  1442.77   486771  1445.05  48637  48637  48693  48714  48706  48635  48701  48706  48705  48637  48590  48562  48565  48570  48543  48552  48576  48539  48569  48554
  331.006   492958  1434.88   493829  1437.26  49380  49380  49435  49383  49376  49377  49369  49376  49373  49380  49331  49228  49306  49312  49283  49296  49317  49279  49310  49296
  336.006   500198  1426.83   501342  1428.87  50132  50131  50192  50134  50127  50128  50118  50127  50122  50131  50087  49976  49984  50069  50039  49974  50074  49957  49987  50051
  341.006   507623  1449.77   509007  1450.67  50899  50896  50955  50900  50894  50895  50886  50894  50890  50898  50849  50743  50751  50754  50729  50741  50762  50726  50753  50815
  346.006   515182  1473.99   516600  1476.71  51666  51662  51644  51665  51663  51663  51652  51662  51656  51667  51535  51508  51515  51517  51490  51502  51526  51490  51518  51581
  351.006   522696  1489.83   524195  1492.45  52426  52423  52402  52424  52423  52422  52413  52421  52416  52425  52296  52266  52273  52277  52248  52263  52284  52250  52278  52261
  356.006   530048  1490.92   531562  1503.10  53163  53159  53139  53160  53159  53159  53149  53157  53154  53163  53032  53003  53008  53015  52983  52995  53020  52986  53012  52994
  361.006   537639  1499.36   539179  1521.81  53924  53920  53903  53922  53920  53920  53911  53918  53917  53924  53792  53761  53765  53773  53746  53755  53782  53743  53769  53753
  366.007   545190  1509.80   546741  1523.46  54681  54674  54662  54678  54676  54676  54668  54673  54673  54680  54547  54514  54522  54529  54502  54507  54535  54497  54524  54513
  371.007   552574  1508.42   554139  1514.50  55420  55413  55400  55417  55418  55417  55408  55413  55412  55421  55282  55255  55262  55267  55240  55245  55275  55236  55263  55249
  376.006   560007  1504.25   561571  1499.21  56163  56157  56143  56160  56160  56160  56151  56157  56156  56164  56025  55995  56006  56009  55984  55991  56019  55979  56006  55993
  381.006   567542  1504.90   569118  1492.15  56917  56911  56900  56915  56913  56913  56907  56912  56909  56921  56780  56749  56757  56765  56737  56744  56772  56735  56758  56745
  386.006   575346  1514.93   576946  1499.93  57701  57694  57683  57699  57695  57695  57690  57696  57691  57702  57562  57530  57535  57547  57516  57525  57555  57515  57535  57526
  391.006   583108  1507.79   584716  1504.73  58478  58472  58460  58476  58471  58471  58467  58473  58469  58479  58337  58308  58310  58321  58293  58301  58332  58292  58311  58303
  396.007   590655  1505.08   592278  1502.30  59234  59229  59217  59233  59227  59227  59224  59228  59224  59235  59094  59064  59063  59076  59048  59054  59085  59050  59064  59057
  401.006   598254  1510.05   599885  1509.65  59996  59988  59979  59993  59988  59988  59984  59989  59985  59995  59856  59822  59823  59837  59806  59817  59845  59807  59823  59818
  406.006   606045  1521.59   607702  1521.33  60777  60770  60759  60775  60769  60770  60765  60772  60767  60778  60631  60605  60597  60617  60584  60595  60628  60591  60603  60594
  411.006   613841  1528.34   615412  1530.76  61553  61549  61540  61554  61547  61549  61544  61549  61546  61481  61414  61382  61376  61395  61365  61373  61406  61369  61382  61379
  416.006   621555  1528.05   622923  1530.23  62259  62331  62321  62335  62327  62255  62251  62254  62327  62263  62193  62160  62154  62173  62147  62154  62183  62074  62161  62156
  421.006   629072  1524.13   630288  1526.64  63025  63022  63090  63027  63020  63021  63017  63021  63017  63028  62958  62848  62923  62941  62913  62922  62872  62839  62929  62927
  426.006   636523  1534.15   638068  1536.63  63811  63809  63799  63813  63805  63807  63803  63806  63803  63812  63740  63632  63629  63646  63622  63627  63658  63624  63637  63708
  431.006   644173  1535.84   645729  1538.39  64578  64575  64567  64579  64571  64571  64568  64572  64570  64578  64506  64399  64394  64410  64385  64393  64421  64389  64403  64473
  436.007   651608  1528.96   653317  1530.70  65336  65334  65327  65336  65330  65330  65326  65330  65330  65338  65188  65157  65152  65169  65147  65152  65180  65146  65162  65155
  441.007   659129  1519.73   660856  1524.97  66089  66087  66081  66090  66084  66084  66080  66084  66084  66093  65944  65910  65903  65923  65898  65903  65930  65897  65914  65907
  446.007   666818  1518.89   668561  1531.48  66859  66859  66851  66859  66855  66855  66849  66855  66853  66866  66710  66678  66672  66693  66667  66669  66700  66668  66686  66675
  451.006   674573  1526.93   676315  1544.58  67634  67635  67625  67634  67631  67631  67625  67630  67629  67641  67489  67453  67448  67466  67442  67445  67476  67442  67460  67452
  456.006   682063  1528.24   683807  1534.92  68384  68385  68376  68384  68379  68379  68373  68379  68378  68390  68236  68204  68197  68214  68192  68193  68225  68189  68211  68202
  461.006   689654  1526.16   691396  1532.40  69144  69144  69134  69142  69138  69138  69131  69138  69138  69149  68996  68964  68954  68973  68951  68950  68983  68949  68973  68961
  466.006   697369  1535.60   699138  1535.10  69919  69919  69909  69917  69911  69911  69904  69911  69912  69925  69770  69735  69725  69743  69722  69723  69752  69720  69745  69734
  471.006   705095  1537.52   706883  1534.56  70693  70693  70684  70692  70686  70685  70679  70685  70688  70698  70541  70504  70499  70516  70496  70496  70526  70494  70518  70505
  476.007   712593  1518.07   714408  1512.63  71445  71445  71437  71444  71438  71438  71431  71438  71441  71451  71291  71256  71250  71265  71247  71246  71274  71244  71265  71255
  481.006   720110  1508.36   721949  1506.71  72201  72200  72190  72197  72191  72191  72185  72191  72197  72206  72045  72008  72000  72015  71997  71998  72027  71997  72018  72005
  486.006   728024  1514.77   729887  1515.87  72994  72994  72983  72992  72985  72985  72981  72985  72990  72998  72839  72799  72795  72808  72791  72788  72816  72787  72807  72794
  491.006   735875  1526.44   737766  1528.72  73783  73783  73771  73779  73772  73773  73768  73772  73779  73786  73623  73587  73579  73592  73574  73574  73599  73572  73593  73582
  496.006   743445  1521.48   745337  1525.64  74540  74540  74528  74536  74530  74530  74525  74530  74535  74543  74381  74342  74338  74348  74334  74330  74354  74329  74350  74339
  501.006   750830  1512.28   752585  1516.01  75212  75214  75273  75284  75277  75278  75273  75277  75281  75216  75125  75014  75082  75096  75081  75078  75099  75077  75094  75084
  506.006   758137  1512.87   759825  1516.36  75965  75966  76028  76039  76032  75958  75952  75956  75961  75968  75881  75764  75836  75848  75758  75831  75854  75754  75773  75838
  511.006   765666  1523.07   767426  1526.13  76746  76748  76735  76746  76738  76740  76736  76741  76745  76751  76674  76545  76543  76555  76540  76536  76561  76534  76555  76623
  516.006   773341  1517.97   775230  1521.63  77527  77528  77515  77525  77517  77523  77516  77523  77524  77532  77362  77324  77317  77333  77319  77312  77335  77310  77335  77394
  521.006   781020  1512.48   782924  1515.37  78297  78297  78285  78294  78287  78292  78285  78292  78293  78302  78131  78089  78088  78102  78088  78080  78104  78080  78100  78158
  526.006   788546  1513.46   790546  1517.08  79059  79059  79047  79056  79049  79053  79048  79054  79055  79066  78891  78848  78848  78858  78848  78838  78865  78845  78859  78846
  531.007   796152  1520.87   798163  1529.46  79819  79819  79809  79818  79810  79815  79811  79815  79817  79830  79654  79608  79610  79618  79608  79599  79624  79604  79620  79607
  536.006   803977  1538.26   806017  1550.07  80604  80603  80594  80602  80594  80600  80598  80600  80604  80618  80439  80392  80391  80399  80391  80384  80406  80386  80401  80388
  541.006   811555  1539.90   813611  1547.25  81363  81363  81352  81361  81353  81361  81357  81361  81363  81377  81198  81152  81149  81159  81147  81143  81160  81143  81160  81144
  546.006   819027  1533.09   821097  1536.85  82112  82112  82102  82110  82101  82111  82107  82108  82111  82123  81946  81900  81896  81905  81894  81890  81907  81887  81906  81896
  551.006   825984  1508.86   828076  1504.70  82809  82809  82800  82808  82797  82811  82807  82804  82810  82821  82640  82597  82590  82601  82589  82586  82604  82583  82603  82591
  556.007   832953  1483.32   835053  1479.77  83508  83508  83497  83507  83497  83508  83503  83501  83506  83518  83338  83295  83286  83298  83285  83283  83301  83281  83299  83287
  561.006   840052  1454.68   842167  1458.14  84221  84220  84207  84219  84207  84219  84214  84212  84218  84230  84050  84005  83993  84008  83995  83994  84010  83995  84007  83995
  566.006   847212  1430.39   849342  1431.13  84940  84937  84926  84937  84924  84937  84932  84929  84936  84944  84766  84723  84708  84723  84710  84710  84727  84709  84725  84711
  571.006   854071  1400.44   856217  1403.39  85628  85625  85611  85623  85609  85625  85621  85615  85625  85635  85452  85406  85395  85407  85396  85395  85412  85398  85414  85396
  576.006   860943  1383.93   863029  1386.51  86316  86314  86299  86311  86299  86312  86308  86304  86312  86254  86138  86092  86081  86096  86082  86085  86100  86087  86098  86084
  581.006   868042  1388.46   870133  1390.70  87026  87026  87008  87021  87009  87022  87019  87014  87023  86965  86848  86801  86789  86807  86796  86798  86808  86794  86808  86793
  586.006   874979  1394.38   876951  1396.89  87672  87672  87725  87737  87726  87669  87667  87731  87670  87682  87562  87447  87501  87523  87439  87512  87523  87510  87455  87507
  591.007   881706  1390.10   883901  1392.79  88373  88370  88432  88444  88433  88368  88368  88362  88370  88381  88192  88147  88204  88151  88136  88148  88227  88139  88150  88212
  596.006   888501  1380.91   890634  1383.36  89062  89060  89113  89058  89047  89056  89057  89052  89059  89070  88884  88838  88885  88839  88826  88833  88836  88829  88838  88893
  601.006   895436  1388.09   897653  1390.47  89770  89768  89753  89767  89756  89765  89765  89762  89767  89780  89591  89545  89523  89550  89534  89541  89543  89536  89545  89528
  606.006   902484  1393.99   904710  1398.69  90475  90473  90460  90472  90462  90470  90472  90468  90472  90486  90296  90250  90228  90257  90232  90246  90250  90239  90252  90234
  611.006   909261  1383.23   911505  1388.37  91155  91151  91139  91151  91143  91147  91155  91147  91151  91166  90972  90926  90906  90940  90904  90925  90924  90919  90932  90913
  616.006   916078  1379.16   918337  1388.79  91838  91836  91822  91834  91826  91830  91840  91830  91833  91848  91653  91609  91589  91617  91587  91607  91609  91601  91611  91595
  621.006   922864  1381.19   925130  1378.94  92516  92516  92499  92515  92505  92509  92520  92509  92512  92529  92331  92285  92266  92294  92263  92289  92290  92281  92293  92272
  626.006   929636  1380.42   931920  1380.92  93197  93195  93179  93194  93185  93188  93198  93188  93190  93206  93007  92964  92944  92972  92938  92970  92964  92959  92968  92950
  631.006   936655  1378.19   938957  1373.52  93902  93898  93881  93897  93887  93891  93902  93892  93897  93910  93708  93665  93649  93672  93640  93676  93666  93660  93671  93648
  636.006   944087  1386.11   946398  1381.61  94645  94643  94626  94642  94630  94637  94644  94638  94641  94652  94452  94407  94391  94415  94384  94420  94409  94404  94414  94391
  641.006   951988  1412.87   954321  1413.58  95438  95434  95417  95436  95423  95428  95437  95430  95434  95444  95242  95197  95182  95207  95175  95210  95199  95194  95205  95177
  646.007   959751  1443.07   962111  1446.16  96219  96212  96196  96216  96201  96206  96218  96207  96213  96223  96018  95975  95957  95984  95950  95984  95975  95971  95981  95956
  651.007   967272  1465.08   969632  1468.17  96971  96965  96948  96968  96952  96959  96969  96960  96966  96974  96769  96727  96708  96737  96701  96738  96727  96723  96734  96708
  656.006   974914  1494.26   977213  1497.21  97735  97730  97715  97734  97719  97725  97660  97727  97730  97738  97533  97492  97474  97503  97464  97503  97491  97488  97496  97470
  661.006   982422  1510.67   984650  1513.26  98486  98480  98466  98484  98470  98476  98410  98478  98482  98418  98283  98243  98224  98253  98216  98253  98240  98240  98247  98223
  666.006   989570  1510.05   991903  1513.07  99156  99218  99203  99222  99207  99214  99152  99216  99152  99163  99017  98983  98960  98988  98880  98990  98974  98904  98914  98960
  671.006   997066  1505.27   999475  1507.85  99933  99925  99986  99929  99989  99993  99928  99924  99929  99939  99796  99690  99739  99693  99655  99696  99682  99682  99690  99743
  676.006  1004669  1499.97  1006954  1502.35 100696 100686 100749 100691 100682 100683 100689 100686 100691 100701 100557 100451 100498 100455 100414 100456 100442 100444 100451 100501
  681.006  1012329  1509.45  1014776  1512.37 101480 101466 101533 101474 101464 101464 101471 101466 101474 101484 101264 101231 101203 101234 101196 101239 101224 101225 101228 101285
  686.006  1020006  1513.15  1022472  1518.76 102256 102243 102234 102251 102240 102240 102250 102244 102252 102262 102043 102006 101976 102009 101970 102017 101997 102002 102001 101985
  691.006  1027568  1514.97  1030050  1523.49 103015 103001 102991 103009 102997 102997 103010 103001 103010 103019 102799 102762 102731 102764 102726 102776 102753 102758 102759 102740
  696.006  1035524  1542.03  1038033  1547.93 103814 103800 103789 103807 103796 103796 103807 103801 103807 103816 103592 103558 103528 103562 103525 103570 103548 103554 103553 103534
  701.006  1043075  1541.44  1045585  1547.32 104569 104555 104546 104562 104550 104550 104562 104556 104562 104573 104347 104312 104284 104315 104279 104325 104304 104309 104308 104292
  706.006  1050701  1544.70  1053227  1552.79 105332 105319 105311 105326 105314 105314 105326 105321 105327 105337 105110 105074 105048 105077 105040 105089 105067 105073 105071 105052
  711.006  1058566  1551.58  1061130  1550.40 106121 106112 106098 106116 106106 106106 106117 106111 106116 106127 105894 105861 105833 105865 105826 105877 105855 105858 105857 105840
  716.006  1066117  1544.80  1068695  1540.87 106878 106870 106855 106874 106862 106861 106872 106868 106872 106883 106651 106615 106588 106620 106581 106632 106611 106612 106610 106597
  721.006  1073864  1539.13  1076448  1540.10 107653 107645 107631 107649 107638 107638 107647 107642 107647 107658 107427 107391 107362 107397 107356 107404 107387 107383 107386 107371
  726.006  1081432  1522.28  1084028  1519.87 108411 108406 108387 108410 108394 108394 108405 108401 108403 108417 108183 108151 108115 108157 108112 108161 108143 108140 108143 108127
  731.006  1088926  1518.37  1091524  1518.74 109160 109155 109140 109158 109144 109145 109154 109149 109152 109167 108935 108898 108864 108903 108863 108908 108892 108891 108892 108880
  736.006  1096511  1512.32  1099135  1515.50 109923 109914 109899 109919 109904 109905 109916 109911 109914 109930 109694 109657 109619 109659 109624 109666 109652 109651 109651 109638
  741.006  1104049  1500.99  1106542  1503.57 110679 110669 110655 110675 110659 110659 110598 110668 110670 110610 110449 110409 110373 110413 110379 110419 110408 110405 110402 110392
  746.006  1111930  1513.37  1114377  1516.26 111396 111458 111446 111465 111450 111450 111393 111457 111459 111403 111238 111194 111162 111200 111168 111206 111195 111194 111190 111183
  751.006  1118496  1480.44  1121158  1482.95 112071 112138 112124 112144 112130 112130 112069 112136 112137 112079 111917 111871 111842 111883 111774 111883 111797 111797 111870 111862
  756.007  1125958  1486.17  1128648  1489.13 112846 112840 112907 112845 112914 112915 112847 112839 112838 112857 112699 112571 112621 112585 112547 112581 112571 112571 112567 112645
  761.006  1133778  1497.75  1136395  1500.84 113631 113625 113683 113631 113689 113617 113631 113624 113622 113642 113478 113354 113401 113371 113330 113364 113355 113355 113351 113419
  766.006  1141693  1510.70  1144330  1513.86 114429 114425 114490 114432 114416 114419 114431 114424 114421 114443 114202 114153 114205 114169 114125 114162 114151 114154 114149 114223
  771.006  1149193  1514.90  1151944  1523.56 115198 115195 115176 115201 115183 115187 115204 115193 115190 115217 114966 114920 114890 114933 114895 114928 114918 114919 114914 114910
  776.006  1157170  1518.17  1159930  1528.68 115997 115993 115978 116000 115983 115986 115999 115993 115990 116011 115764 115719 115691 115729 115691 115725 115714 115716 115712 115709
  781.006  1165188  1566.85  1167957  1570.44 116800 116795 116782 116802 116786 116789 116802 116796 116792 116813 116566 116521 116491 116532 116495 116527 116514 116517 116515 116510
  786.006  1172945  1576.80  1175722  1579.72 117577 117572 117558 117578 117561 117566 117579 117571 117570 117590 117343 117294 117267 117308 117270 117302 117290 117294 117293 117284
  791.006  1180362  1563.17  1183158  1563.74 118320 118315 118299 118322 118305 118309 118325 118314 118314 118335 118086 118037 118007 118052 118013 118043 118028 118036 118033 118027
  796.006  1187296  1530.35  1190091  1531.19 119014 119008 118995 119015 119001 119004 119013 119008 119008 119025 118776 118732 118703 118743 118706 118736 118720 118731 118727 118722
  801.007  1194847  1532.01  1197664  1529.16 119771 119765 119751 119772 119758 119761 119772 119766 119764 119784 119528 119487 119456 119500 119462 119493 119478 119485 119481 119477
  806.006  1202905  1526.96  1205752  1527.40 120580 120575 120559 120581 120566 120571 120579 120575 120573 120593 120333 120296 120261 120304 120270 120298 120286 120288 120285 120284
  811.006  1210481  1504.28  1213342  1502.16 121338 121335 121317 121340 121323 121331 121338 121334 121333 121353 121087 121054 121020 121063 121024 121055 121046 121046 121043 121043
  816.006  1218063  1491.51  1220930  1497.05 122096 122094 122076 122099 122082 122090 122096 122094 122091 122112 121846 121811 121779 121820 121783 121812 121805 121808 121800 121799
  821.006  1225783  1499.16  1228670  1504.36 122869 122869 122849 122873 122855 122865 122870 122869 122866 122885 122617 122584 122550 122595 122555 122584 122576 122579 122572 122571
  826.006  1233669  1531.23  1236499  1534.85 123659 123659 123641 123663 123646 123654 123660 123660 123657 123600 123407 123369 123340 123383 123344 123371 123364 123369 123362 123360
  831.006  1241230  1531.06  1244067  1534.25 124416 124416 124397 124421 124402 124412 124416 124417 124413 124357 124164 124125 124094 124139 124101 124126 124120 124126 124120 124115
  836.006  1248720  1512.21  1251419  1514.83 125168 125168 125146 125171 125151 125163 125089 125091 125163 125109 124916 124876 124842 124888 124849 124875 124869 124874 124868 124863
  841.006  1256361  1526.98  1259081  1529.87 125895 125895 125950 125899 125957 125892 125895 125893 125891 125914 125714 125603 125645 125614 125576 125680 125593 125598 125671 125667
  846.007  1263727  1524.70  1266624  1528.22 126647 126647 126706 126651 126712 126647 126651 126649 126646 126668 126466 126353 126397 126366 126327 126433 126345 126350 126346 126344
  851.006  1271337  1523.49  1274321  1526.71 127417 127416 127477 127420 127482 127416 127422 127419 127416 127436 127158 127123 127166 127136 127096 127201 127113 127116 127115 127113
  856.006  1278920  1515.72  1281824  1521.02 128183 128182 128251 128186 128171 128181 128186 128184 128182 128201 127927 127888 127935 127901 127861 127888 127878 127882 127882 127878
  861.006  1286754  1527.65  1289749  1532.95 128975 128975 128958 128979 128963 128975 128980 128977 128974 128993 128717 128681 128641 128694 128656 128680 128670 128674 128676 128665
  866.006  1294927  1550.57  1297937  1561.01 129795 129795 129778 129799 129781 129792 129797 129795 129793 129812 129537 129497 129459 129510 129472 129494 129488 129494 129493 129483
  871.006  1302806  1558.61  1305855  1569.65 130586 130586 130567 130591 130571 130583 130590 130587 130586 130608 130326 130285 130245 130303 130258 130279 130277 130284 130281 130268
  876.006  1310372  1562.76  1313431  1568.19 131343 131342 131325 131347 131329 131339 131352 131344 131345 131365 131080 131043 131004 131062 131013 131036 131034 131039 131039 131022
  881.006  1317951  1564.28  1321024  1562.17 132104 132102 132083 132109 132089 132099 132108 132103 132103 132124 131839 131800 131764 131819 131772 131794 131790 131795 131798 131780
  886.006  1326044  1581.34  1329148  1579.93 132916 132915 132893 132921 132900 132912 132924 132917 132915 132935 132651 132612 132573 132629 132584 132597 132603 132601 132606 132588
  891.006  1334160  1590.81  1337311  1586.91 133733 133731 133706 133738 133715 133727 133741 133734 133732 133754 133462 133424 133387 133439 133395 133406 133411 133414 133420 133402
  896.006  1341801  1558.94  1344993  1561.73 134503 134498 134473 134507 134483 134493 134511 134502 134500 134523 134227 134191 134149 134204 134160 134169 134175 134178 134184 134164
  901.006  1349714  1556.39  1352926  1559.41 135297 135294 135272 135301 135278 135288 135299 135294 135293 135310 135020 134981 134944 134994 134953 134962 134964 134968 134973 134955
  906.006  1357681  1567.15  1360913  1573.19 136095 136093 136070 136101 136077 136087 136098 136093 136090 136109 135816 135778 135743 135791 135750 135759 135761 135767 135766 135750
  911.006  1365474  1572.94  1368645  1576.46 136878 136875 136849 136881 136857 136867 136879 136874 136872 136813 136596 136559 136521 136570 136528 136535 136545 136544 136548 136528
  916.006  1373040  1550.54  1376139  1558.22 137637 137632 137603 137638 137613 137626 137558 137631 137629 137572 137351 137317 137277 137326 137285 137289 137306 137302 137305 137282
  921.006  1380621  1537.18  1383738  1540.97 138332 138397 138375 138403 138381 138391 138328 138397 138393 138341 138114 138083 138044 138094 138050 138056 137998 138065 138068 138049
  926.006  1388600  1552.68  1391733  1555.67 139145 139215 139189 139144 139195 139207 139140 139137 139210 139151 138928 138819 138856 138831 138860 138869 138811 138879 138883 138864
  931.007  1395960  1541.91  1399123  1545.27 139907 139900 139949 139907 139956 139893 139903 139900 139895 139913 139611 139576 139613 139592 139620 139627 139570 139562 139566 139623
  936.006  1403278  1522.82  1406541  1526.31 140647 140643 140690 140650 140697 140635 140644 140642 140638 140655 140352 140316 140353 140331 140285 140363 140308 140304 140305 140361
  941.006  1410700  1512.40  1414049  1518.37 141395 141393 141448 141399 141453 141385 141394 141390 141387 141405 141098 141066 141106 141082 141033 141118 141059 141051 141051 141036
  946.006  1418247  1511.46  1421540  1520.72 142154 142149 142203 142158 142126 142141 142153 142148 142144 142164 141852 141823 141859 141838 141788 141872 141818 141804 141804 141789
  951.006  1425811  1516.44  1429186  1525.10 142927 142922 142897 142932 142900 142915 142922 142920 142916 142935 142625 142590 142552 142608 142563 142567 142588 142578 142577 142563
  956.006  1433256  1498.52  1436649  1507.25 143674 143669 143642 143680 143648 143661 143669 143665 143661 143680 143367 143333 143297 143352 143309 143312 143331 143326 143321 143308
  961.006  1440849  1506.39  1444267  1514.95 144437 144433 144398 144443 144406 144422 144434 144428 144423 144443 144129 144097 144050 144114 144067 144066 144093 144087 144079 144067
  966.006  1448620  1521.59  1452053  1524.75 145216 145207 145184 145220 145189 145201 145210 145203 145202 145221 144905 144873 144831 144888 144844 144849 144869 144860 144856 144845
  971.006  1456496  1534.53  1459939  1530.17 146005 145996 145973 146009 145979 145989 145997 145991 145990 146010 145693 145660 145619 145678 145630 145638 145657 145648 145643 145630
  976.006  1463937  1525.87  1467406  1526.74 146753 146743 146720 146757 146726 146736 146742 146737 146736 146756 146438 146404 146365 146421 146373 146384 146402 146390 146387 146373
  981.006  1471378  1514.01  1474861  1515.02 147499 147492 147464 147503 147470 147480 147486 147484 147482 147501 147180 147148 147112 147166 147115 147129 147143 147137 147130 147118
  986.006  1479024  1518.46  1482519  1519.26 148266 148260 148230 148269 148234 148245 148251 148250 148246 148268 147944 147914 147874 147934 147880 147893 147908 147902 147893 147882
  991.006  1486727  1519.63  1490225  1522.32 149037 149030 149000 149041 149004 149015 149022 149022 149015 149039 148714 148686 148644 148703 148650 148664 148678 148673 148664 148651
  996.006  1494166  1508.67  1497590  1510.82 149781 149774 149743 149785 149747 149758 149766 149770 149759 149707 149461 149431 149383 149446 149394 149408 149419 149415 149415 149394
 1001.006  1501595  1493.59  1504960  1495.91 150458 150528 150495 150461 150498 150512 150517 150522 150509 150460 150209 150180 150134 150197 150144 150158 150095 150168 150165 150145
 1006.006  1509000  1497.35  1512469  1497.18 151218 151213 151254 151221 151254 151270 151274 151278 151267 151220 150961 150935 150891 150953 150900 150914 150851 150850 150918 150900
 1011.006  1516513  1504.60  1520092  1507.79 151994 151988 152033 151998 152031 152046 151978 151982 152044 151998 151661 151636 151663 151653 151674 151687 151626 151623 151617 151673
 1016.006  1523955  1497.82  1527543  1501.01 152741 152732 152777 152745 152775 152790 152724 152727 152789 152743 152404 152381 152405 152399 152417 152430 152369 152370 152361 152419
 1021.006  1531359  1492.68  1534960  1496.14 153496 153487 153534 153500 153533 153475 153481 153482 153472 153500 153159 153137 153162 153153 153098 153186 153124 153123 153116 153101
 1026.006  1539117  1503.62  1542737  1510.17 154273 154264 154310 154280 154310 154251 154258 154262 154251 154278 153934 153913 153936 153929 153874 153961 153899 153901 153892 153878
 1031.007  1546850  1513.44  1550495  1522.80 155047 155040 155088 155054 155088 155027 155033 155039 155028 155051 154707 154686 154715 154702 154646 154736 154666 154673 154668 154651
 1036.006  1554307  1515.50  1557899  1524.50 155802 155795 155770 155810 155769 155783 155786 155794 155784 155806 155462 155440 155467 155453 155400 155413 155418 155427 155421 155406
 1041.006  1561868  1521.98  1565554  1525.57 156567 156562 156534 156577 156535 156548 156550 156560 156550 156571 156226 156205 156160 156218 156161 156173 156179 156191 156186 156169
 1046.007  1569548  1529.97  1573249  1531.17 157336 157333 157301 157348 157301 157319 157321 157330 157319 157341 156996 156972 156924 156990 156931 156939 156949 156958 156952 156937
 1051.006  1577077  1531.48  1580798  1532.82 158092 158090 158054 158105 158054 158074 158076 158083 158074 158096 157749 157727 157676 157742 157686 157690 157702 157715 157705 157685
 1056.006  1584479  1517.18  1588228  1516.44 158833 158832 158800 158848 158800 158817 158818 158825 158818 158837 158488 158467 158419 158478 158428 158433 158442 158454 158441 158429
 1061.006  1592105  1503.54  1595874  1507.77 159596 159596 159565 159614 159566 159581 159584 159588 159583 159601 159253 159229 159181 159243 159191 159198 159203 159213 159201 159193
 1066.006  1599634  1501.41  1603421  1510.30 160350 160350 160319 160371 160321 160336 160338 160342 160339 160355 160005 159981 159935 159994 159945 159952 159954 159966 159953 159949
 1071.006  1606718  1485.20  1610522  1488.99 161060 161060 161027 161080 161029 161045 161050 161054 161050 161067 160710 160691 160643 160704 160658 160656 160663 160674 160660 160659
 1076.006  1613587  1459.95  1617344  1464.01 161748 161748 161721 161698 161721 161736 161738 161742 161738 161754 161398 161377 161331 161392 161345 161346 161347 161355 161350 161346
 1081.006  1620319  1432.67  1624036  1437.23 162425 162425 162396 162374 162396 162412 162414 162418 162414 162362 162072 162051 162005 162064 162017 162017 162018 162028 162024 162023
 1086.006  1626923  1408.66  1630654  1410.10 163033 163033 163073 163048 163071 163089 163087 163092 163089 163039 162748 162656 162679 162739 162693 162691 162690 162636 162695 162696
 1091.006  1633514  1380.40  1637397  1384.26 163721 163721 163761 163738 163757 163776 163707 163713 163776 163727 163368 163339 163361 163361 163378 163379 163308 163322 163315 163383
 1096.006  1640187  1356.31  1644093  1360.30 164404 164404 164444 164421 164440 164392 164391 164398 164390 164409 164050 164022 164045 164041 163991 164062 163986 163999 163993 163998
 1101.006  1646966  1346.07  1650881  1349.77 165083 165083 165123 165098 165119 165070 165071 165077 165070 165087 164731 164695 164723 164722 164668 164741 164663 164676 164670 164677
 1106.006  1654011  1352.03  1657944  1357.93 165788 165788 165830 165804 165826 165776 165778 165782 165778 165794 165439 165400 165426 165422 165375 165444 165367 165382 165375 165381
 1111.006  1660762  1354.56  1664707  1362.21 166472 166472 166443 166489 166515 166455 166460 166464 166458 166479 166121 166081 166114 166105 166058 166052 166049 166062 166061 166059
 1116.006  1667746  1367.65  1671642  1373.15 167171 167171 167149 167188 167140 167157 167161 167165 167161 167179 166817 166779 166809 166805 166756 166755 166746 166762 166760 166757
 1121.006  1674714  1382.60  1678709  1384.07 167878 167878 167855 167893 167847 167865 167871 167870 167868 167884 167522 167482 167447 167509 167458 167455 167447 167470 167463 167461
 1126.006  1682384  1416.05  1686408  1415.01 168650 168650 168624 168666 168616 168634 168640 168639 168636 168653 168291 168251 168213 168276 168223 168222 168214 168235 168228 168231
 1131.006  1690130  1445.52  1694191  1438.47 169430 169430 169397 169447 169388 169412 169421 169419 169414 169433 169070 169027 168983 169050 168998 168993 168989 169008 169005 169007
 1136.006  1697850  1461.28  1701919  1460.91 170201 170201 170175 170215 170166 170186 170193 170190 170189 170203 169836 169797 169762 169821 169773 169769 169759 169780 169776 169777
 1141.006  1705804  1494.83  1709907  1497.68 171000 171000 170975 171013 170963 170985 170991 170989 170989 171002 170633 170590 170555 170616 170568 170564 170554 170580 170572 170572
 1146.006  1713705  1524.93  1717825  1530.10 171792 171792 171766 171803 171756 171777 171782 171782 171782 171793 171425 171380 171346 171407 171359 171350 171344 171372 171361 171361
 1151.006  1721425  1545.27  1725558  1550.17 172564 172564 172540 172577 172532 172550 172555 172556 172553 172567 172198 172152 172118 172179 172131 172123 172115 172143 172134 172132
 1156.006  1728989  1543.42  1733059  1545.00 173325 173325 173296 173258 173287 173307 173311 173314 173311 173325 172956 172911 172874 172938 172889 172876 172868 172898 172893 172886
 1161.006  1736914  1550.40  1740788  1551.41 174046 174046 174091 174056 174083 174101 174105 174109 174106 174045 173745 173703 173669 173731 173680 173670 173662 173691 173686 173677
 1166.006  1744975  1558.76  1748930  1562.55 174860 174860 174906 174870 174897 174916 174919 174922 174922 174858 174482 174517 174483 174545 174494 174483 174476 174506 174498 174491
 1171.006  1752245  1542.99  1756448  1546.34 175616 175616 175669 175624 175659 175683 175593 175688 175688 175612 175236 175192 175243 175217 175168 175249 175238 175273 175173 175256
 1176.006  1759907  1540.10  1764045  1543.19 176396 176396 176438 176404 176431 176451 176377 176379 176380 176393 176014 175972 176016 175997 175949 176018 176001 175962 175953 176025
 1181.006  1767756  1549.82  1771994  1553.34 177198 177199 177240 177206 177233 177179 177179 177182 177183 177195 176813 176772 176814 176799 176749 176817 176727 176761 176750 176754
 1186.006  1775587  1558.72  1779846  1565.07 177983 177984 178025 177992 178017 177966 177964 177966 177968 177981 177594 177555 177594 177584 177535 177600 177510 177545 177533 177537
 1191.006  1783178  1546.48  1787486  1560.97 178747 178747 178795 178759 178789 178726 178724 178726 178729 178744 178351 178312 178356 178347 178293 178366 178266 178303 178289 178295
 1196.006  1790622  1529.18  1794860  1541.33 179499 179499 179466 179514 179462 179482 179477 179481 179482 179498 179104 179067 179102 179100 179046 179036 179019 179056 179043 179049
