Test case: 
Description: 
	10 senders: persistent queues
	10 receivers: client acknowledge every 50 messages
Timestamp: 2011.11.1 23:24:32
Version: 
Setting up JMS benchmark connections... 

Start processing messages.
Thu Dec 01 23:24:32 EST 2011

  Seconds   Send   Send/Sec   Recv   Recv/Sec   RCV0   RCV1   RCV2   RCV3   RCV4   RCV5   RCV6   RCV7   RCV8   RCV9  SND10  SND11  SND12  SND13  SND14  SND15  SND16  SND17  SND18  SND19
  ------- -------- -------- -------- -------- ------ ------ ------ ------ ------ ------ ------ ------ ------ ------ ------ ------ ------ ------ ------ ------ ------ ------ ------ ------
    1.007        0     0.00        0     0.00      0      0      0      0      0      0      0      0      0      0      0      0      0      0      0      0      0      0      0      0
    6.007     6321  1374.13     6671  1435.22    719    654    662    663    665    663    664    663    664    654    626    626    636    628    633    634    636    631    634    637
   11.007    13053  1359.69    13317  1387.19   1320   1325   1333   1336   1338   1333   1337   1336   1334   1325   1300   1298   1308   1299   1302   1311   1314   1307   1309   1305
   16.007    20195  1383.22    20437  1399.79   2032   2037   2047   2048   2049   2045   2048   2048   2047   2036   2014   2016   2023   2013   2014   2026   2026   2021   2022   2020
   21.007    27404  1398.16    27618  1409.08   2752   2754   2764   2767   2767   2762   2765   2767   2765   2755   2735   2735   2747   2734   2738   2746   2746   2744   2741   2738
   26.007    34538  1403.98    34736  1412.03   3463   3467   3476   3478   3479   3473   3477   3478   3478   3467   3449   3447   3461   3448   3450   3458   3463   3459   3451   3452
   31.007    41617  1405.98    41816  1412.70   4171   4174   4184   4186   4186   4180   4185   4186   4186   4178   4156   4152   4167   4155   4158   4168   4173   4168   4160   4160
   36.007    48552  1417.15    48746  1411.91   4865   4866   4879   4877   4878   4873   4880   4878   4880   4870   4850   4848   4862   4846   4852   4860   4865   4860   4856   4853
   41.008    55508  1424.66    55669  1421.21   5556   5559   5571   5570   5572   5565   5571   5569   5573   5563   5543   5544   5561   5544   5547   5553   5557   5556   5554   5549
   46.007    62312  1411.07    62451  1409.87   6234   6236   6250   6249   6250   6243   6250   6246   6251   6242   6226   6222   6242   6225   6228   6233   6238   6236   6234   6228
   51.007    69482  1401.91    69608  1393.99   6951   6952   6965   6964   6965   6961   6965   6961   6967   6957   6942   6942   6958   6944   6944   6952   6954   6953   6950   6943
   56.007    76942  1400.89    77041  1399.91   7693   7696   7708   7707   7709   7703   7708   7705   7711   7701   7688   7687   7705   7691   7692   7698   7698   7699   7695   7689
   61.007    84684  1418.62    84754  1414.46   8464   8466   8477   8479   8481   8473   8480   8477   8484   8473   8464   8457   8477   8465   8469   8470   8475   8473   8468   8466
   66.007    92906  1463.29    92943  1457.99   9285   9284   9298   9298   9298   9292   9299   9297   9302   9290   9284   9283   9300   9287   9289   9296   9296   9293   9289   9289
   71.007   100601  1487.70   100615  1482.80  10054  10052  10065  10065  10066  10059  10066  10062  10069  10057  10054  10053  10069  10057  10058  10064  10067  10063  10058  10058
   76.007   108517  1526.53   108576  1521.36  10851  10849  10860  10861  10862  10855  10863  10858  10864  10853  10853  10854  10869  10856  10858  10863  10787  10863  10858  10856
   81.007   116239  1546.38   116136  1541.24  11622  11620  11630  11632  11633  11624  11635  11627  11562  11551  11626  11624  11639  11628  11630  11635  11561  11637  11631  11628
   86.007   123193  1547.01   123290  1541.98  12292  12366  12374  12301  12304  12368  12305  12373  12309  12298  12299  12372  12387  12300  12303  12309  12308  12310  12303  12302
   91.007   131146  1559.18   131153  1554.38  13099  13099  13106  13110  13114  13179  13116  13106  13117  13107  13110  13105  13123  13110  13114  13117  13120  13120  13116  13111
   96.007   138368  1525.57   138268  1520.97  13820  13818  13826  13829  13832  13821  13833  13829  13835  13825  13833  13829  13847  13831  13833  13841  13840  13841  13839  13834
  101.007   145224  1497.42   145107  1493.02  14505  14503  14510  14514  14513  14506  14515  14514  14517  14510  14517  14518  14532  14514  14519  14527  14528  14525  14522  14522
  106.007   152329  1470.20   152195  1463.72  15213  15214  15217  15224  15220  15213  15224  15223  15227  15220  15226  15225  15244  15224  15230  15236  15241  15233  15236  15234
  111.007   159162  1440.37   159013  1438.83  15893  15897  15899  15905  15904  15895  15907  15905  15907  15901  15912  15908  15930  15907  15911  15916  15926  15915  15920  15917
  116.007   166542  1454.71   166387  1446.26  16629  16635  16633  16644  16642  16633  16644  16644  16644  16639  16649  16647  16668  16644  16649  16653  16662  16655  16661  16654
  121.007   174696  1461.46   174496  1454.51  17440  17448  17442  17456  17453  17441  17454  17456  17455  17451  17465  17462  17485  17458  17467  17466  17477  17470  17478  17468
  126.007   182336  1472.89   182114  1471.34  18202  18209  18207  18217  18215  18205  18215  18217  18216  18211  18228  18226  18251  18224  18229  18232  18240  18233  18241  18232
  131.007   189557  1485.40   189313  1474.23  18922  18929  18927  18937  18936  18925  18935  18937  18936  18929  18949  18953  18972  18947  18952  18955  18961  18954  18964  18950
  136.007   196765  1472.75   196496  1468.29  19641  19648  19645  19655  19653  19644  19654  19655  19653  19648  19670  19674  19691  19666  19672  19675  19684  19677  19684  19672
  141.008   203924  1477.53   203644  1478.10  20356  20363  20359  20370  20369  20358  20368  20370  20369  20362  20382  20386  20408  20381  20387  20394  20400  20396  20402  20388
  146.007   210770  1460.55   210482  1456.22  21041  21048  21043  21053  21052  21042  21051  21054  21052  21046  21065  21070  21088  21065  21068  21081  21084  21082  21088  21079
  151.007   217903  1427.03   217596  1423.40  21752  21760  21756  21765  21762  21754  21763  21765  21762  21757  21780  21783  21799  21780  21782  21795  21791  21797  21799  21797
  156.007   225809  1436.14   225545  1432.35  22546  22554  22550  22560  22558  22549  22558  22560  22558  22552  22578  22583  22596  22576  22581  22594  22590  22595  22521  22595
  161.007   233697  1458.36   233262  1454.66  23333  23266  23335  23347  23345  23335  23345  23347  23344  23265  23368  23371  23386  23365  23370  23381  23379  23384  23309  23384
  166.007   241230  1468.62   240620  1465.13  24085  24016  24088  24021  24096  24086  24097  24021  24095  24015  24120  24126  24139  24120  24124  24134  24131  24138  24060  24138
  171.007   248609  1494.58   248203  1490.35  24796  24805  24876  24811  24808  24875  24809  24811  24809  24803  24837  24842  24928  24909  24839  24850  24847  24853  24851  24853
  176.007   256272  1526.96   256009  1522.67  25578  25586  25656  25592  25589  25655  25589  25592  25588  25584  25617  25622  25636  25614  25622  25631  25628  25633  25635  25634
  181.007   263987  1546.49   263552  1542.20  26347  26354  26351  26361  26359  26350  26359  26361  26358  26352  26389  26394  26407  26388  26393  26401  26400  26405  26405  26405
  186.007   271808  1543.64   271337  1536.70  27126  27134  27127  27140  27138  27127  27137  27140  27137  27131  27173  27178  27185  27167  27175  27181  27181  27189  27189  27190
  191.007   279683  1543.21   279177  1540.82  27909  27917  27913  27924  27921  27912  27922  27924  27922  27913  27960  27965  27975  27957  27964  27966  27968  27976  27975  27977
  196.007   287252  1544.36   286736  1547.52  28664  28673  28670  28680  28676  28667  28678  28680  28679  28669  28718  28724  28731  28714  28722  28723  28724  28733  28730  28733
  201.007   295358  1568.76   294820  1564.33  29472  29481  29478  29489  29485  29476  29486  29487  29489  29477  29530  29536  29540  29525  29533  29533  29535  29542  29540  29544
  206.007   303454  1583.29   302886  1573.05  30277  30289  30284  30296  30293  30280  30294  30294  30295  30284  30342  30345  30345  30334  30344  30341  30347  30351  30351  30354
  211.007   311147  1582.55   310560  1577.45  31045  31053  31054  31061  31061  31050  31062  31061  31062  31051  31109  31113  31117  31103  31113  31113  31117  31121  31118  31123
  216.008   319087  1583.96   318467  1578.93  31836  31844  31846  31852  31851  31840  31852  31851  31853  31842  31902  31907  31912  31898  31907  31907  31911  31915  31912  31916
  221.007   327202  1582.08   326551  1574.66  32644  32652  32653  32661  32658  32650  32661  32660  32662  32650  32712  32719  32723  32710  32717  32719  32723  32726  32726  32727
  226.007   335250  1582.11   334562  1582.85  33444  33454  33453  33464  33459  33449  33464  33461  33463  33451  33518  33523  33527  33513  33523  33522  33527  33531  33533  33533
  231.007   343042  1577.10   342342  1569.08  34222  34232  34232  34242  34235  34228  34238  34241  34241  34231  34297  34301  34307  34292  34304  34301  34307  34311  34311  34311
  236.007   351162  1575.11   350440  1570.01  35032  35042  35042  35052  35045  35037  35048  35050  35051  35041  35110  35113  35117  35103  35115  35112  35119  35125  35124  35124
  241.007   359146  1584.93   358397  1579.53  35829  35837  35839  35848  35841  35832  35843  35845  35845  35838  35909  35912  35915  35902  35912  35912  35916  35924  35922  35922
  246.007   367034  1580.32   366358  1575.32  36624  36633  36634  36645  36636  36626  36638  36643  36644  36635  36710  36711  36710  36700  36712  36707  36714  36723  36629  36718
  251.007   374526  1569.95   373590  1565.52  37386  37316  37396  37330  37398  37393  37400  37326  37327  37318  37396  37472  37476  37462  37399  37471  37475  37485  37408  37482
  256.007   382597  1573.12   381627  1568.89  38197  38129  38209  38140  38209  38205  38134  38137  38139  38128  38211  38287  38290  38277  38213  38287  38212  38299  38224  38297
  261.007   390066  1573.02   389167  1568.83  38897  38906  38909  38918  38908  38978  38913  38915  38917  38906  38989  38988  39065  39051  38992  38987  38992  39000  39003  38999
  266.007   397883  1565.17   396948  1560.67  39680  39693  39693  39704  39692  39685  39701  39703  39704  39693  39780  39779  39854  39765  39781  39775  39780  39791  39792  39786
  271.007   405449  1550.94   404489  1546.71  40437  40446  40447  40457  40446  40442  40453  40456  40457  40448  40535  40534  40619  40522  40536  40533  40535  40545  40546  40544
  276.008   413458  1557.85   412550  1550.07  41244  41252  41254  41262  41252  41248  41259  41261  41263  41255  41344  41343  41342  41332  41346  41343  41345  41354  41355  41354
  281.007   421200  1566.24   420271  1566.48  42016  42024  42025  42034  42024  42019  42032  42034  42035  42028  42120  42116  42115  42106  42122  42117  42118  42128  42130  42128
  286.007   429321  1567.97   428368  1568.54  42825  42834  42834  42844  42834  42828  42842  42844  42845  42838  42934  42929  42927  42918  42934  42928  42931  42938  42942  42940
  291.007   436717  1565.47   435739  1562.82  43562  43569  43571  43581  43572  43564  43579  43581  43582  43578  43676  43668  43664  43656  43674  43668  43669  43678  43683  43681
  296.007   444269  1554.15   443274  1554.62  44316  44321  44325  44335  44326  44319  44332  44335  44336  44329  44431  44424  44421  44412  44430  44424  44422  44434  44436  44435
  301.007   451959  1555.50   450952  1551.24  45084  45091  45094  45103  45092  45086  45101  45101  45104  45096  45199  45194  45188  45183  45198  45193  45192  45203  45205  45204
  306.007   459755  1546.76   458714  1535.59  45861  45867  45869  45879  45869  45863  45877  45877  45881  45871  45979  45972  45970  45962  45977  45972  45973  45982  45984  45984
  311.007   466765  1510.89   465709  1506.66  46561  46567  46567  46579  46568  46560  46576  46576  46582  46573  46683  46670  46669  46662  46680  46670  46675  46685  46689  46682
  316.007   473694  1468.69   472626  1464.73  47252  47257  47260  47269  47261  47253  47266  47268  47275  47265  47377  47365  47364  47352  47374  47365  47365  47377  47377  47378
  321.008   480854  1460.54   479756  1454.13  47965  47970  47972  47982  47972  47965  47979  47985  47989  47977  48092  48080  48077  48066  48090  48082  48080  48094  48095  48098
  326.007   488128  1449.28   486943  1445.45  48698  48703  48706  48715  48705  48698  48712  48718  48650  48638  48827  48814  48812  48800  48826  48816  48815  48829  48758  48831
  331.007   495565  1440.74   494285  1436.61  49440  49445  49448  49456  49447  49438  49455  49386  49391  49379  49571  49557  49554  49545  49570  49561  49560  49572  49500  49575
  336.007   502993  1431.61   501757  1427.92  50198  50202  50204  50132  50204  50193  50213  50138  50141  50132  50250  50316  50315  50302  50248  50322  50319  50333  50253  50335
  341.007   510517  1455.62   509267  1451.66  50961  50891  50966  50903  50968  50958  50902  50908  50910  50900  51020  51081  51081  51069  51019  51012  51011  51099  51025  51100
  346.007   518051  1480.84   516778  1476.51  51652  51655  51733  51669  51659  51724  51669  51673  51676  51668  51788  51852  51851  51763  51786  51779  51777  51792  51795  51868
  351.008   525517  1496.26   524303  1492.40  52412  52415  52416  52430  52420  52483  52428  52433  52437  52429  52548  52538  52615  52524  52549  52540  52540  52554  52556  52553
  356.008   532820  1499.73   531668  1498.32  53149  53152  53152  53166  53157  53221  53163  53171  53172  53165  53286  53276  53279  53263  53285  53277  53277  53291  53295  53291
  361.007   540458  1506.48   539206  1507.42  53912  53914  53912  53928  53918  53907  53923  53932  53934  53926  54051  54039  54044  54029  54048  54040  54041  54054  54059  54053
  366.007   548051  1512.01   546781  1510.87  54670  54673  54669  54686  54676  54666  54680  54688  54690  54683  54811  54799  54805  54789  54808  54797  54801  54813  54817  54811
  371.007   555445  1507.65   554168  1506.74  55408  55411  55408  55423  55415  55405  55418  55428  55430  55422  55548  55540  55546  55527  55547  55537  55539  55552  55557  55552
  376.008   562891  1504.70   561611  1502.01  56152  56153  56152  56169  56160  56150  56162  56172  56174  56167  56291  56284  56292  56272  56292  56282  56283  56296  56301  56298
  381.007   570449  1505.29   569155  1497.53  56907  56910  56906  56924  56912  56904  56916  56927  56927  56922  57047  57038  57047  57028  57049  57037  57040  57049  57058  57056
  386.007   578305  1523.84   576987  1510.45  57691  57693  57689  57707  57695  57686  57699  57711  57712  57704  57833  57821  57833  57814  57836  57822  57826  57833  57844  57843
  391.007   586088  1520.94   584751  1512.92  58466  58469  58466  58484  58471  58462  58475  58489  58489  58480  58611  58599  58612  58591  58615  58599  58603  58611  58625  58622
  396.007   593662  1520.49   592316  1507.74  59221  59226  59222  59241  59228  59218  59231  59246  59245  59238  59369  59356  59369  59347  59372  59357  59360  59369  59384  59379
  401.007   601297  1523.22   599926  1514.97  59981  59989  59983  60003  59989  59980  59992  60006  60005  59998  60133  60119  60132  60111  60136  60120  60125  60133  60145  60143
  406.007   609089  1527.60   607714  1521.59  60758  60768  60761  60784  60765  60759  60768  60785  60786  60780  60912  60897  60911  60886  60918  60899  60904  60912  60928  60922
  411.007   616947  1534.36   615468  1530.94  61544  61552  61545  61565  61549  61544  61553  61565  61566  61485  61698  61683  61698  61672  61704  61685  61689  61700  61708  61710
  416.007   624696  1534.43   622971  1530.74  62323  62259  62324  62272  62327  62323  62330  62272  62274  62267  62480  62464  62479  62454  62489  62469  62471  62481  62418  62491
  421.007   632338  1530.27   630652  1526.78  63093  63024  63095  63038  63099  63095  63101  63037  63038  63032  63252  63239  63251  63225  63180  63244  63243  63254  63185  63265
  426.007   639979  1541.64   638495  1537.05  63877  63812  63876  63824  63880  63878  63884  63823  63824  63817  63963  64023  64037  64009  63971  63957  63954  64038  63974  64053
  431.007   647582  1543.04   646008  1538.78  64568  64578  64643  64591  64646  64643  64575  64590  64591  64583  64729  64790  64805  64778  64738  64725  64722  64808  64742  64745
  436.007   655192  1537.08   653529  1532.42  65328  65338  65401  65350  65331  65402  65336  65350  65352  65341  65492  65551  65564  65537  65500  65487  65484  65567  65503  65507
  441.008   662526  1526.91   660918  1525.17  66081  66091  66081  66104  66087  66081  66090  66104  66105  66094  66248  66307  66245  66217  66257  66241  66240  66248  66260  66263
  446.007   670143  1525.07   668610  1531.51  66849  66862  66850  66873  66856  66851  66859  66873  66874  66863  67017  67001  67016  66986  67026  67009  67009  67017  67031  67031
  451.007   677929  1529.90   676373  1534.26  67627  67638  67627  67647  67634  67628  67636  67647  67650  67639  67796  67779  67794  67763  67806  67790  67788  67794  67810  67809
  456.007   685441  1525.57   683866  1522.52  68376  68387  68375  68396  68385  68377  68386  68396  68399  68389  68546  68532  68544  68514  68556  68542  68540  68545  68561  68561
  461.007   693059  1526.07   691460  1525.23  69136  69146  69136  69155  69144  69137  69145  69155  69157  69149  69306  69295  69307  69276  69315  69304  69301  69308  69322  69325
  466.007   700831  1528.99   699207  1530.34  69912  69921  69911  69929  69919  69913  69919  69929  69932  69922  70083  70073  70084  70053  70091  70082  70077  70086  70100  70102
  471.007   708601  1543.68   706946  1532.03  70687  70694  70683  70703  70691  70689  70693  70703  70706  70697  70861  70850  70858  70828  70870  70861  70854  70863  70878  70878
  476.007   716146  1533.34   714470  1526.02  71440  71445  71435  71456  71444  71441  71445  71455  71459  71450  71615  71604  71613  71584  71624  71615  71610  71617  71633  71631
  481.007   723707  1521.21   722011  1516.61  72194  72199  72190  72210  72198  72195  72198  72210  72213  72204  72373  72359  72369  72340  72381  72372  72365  72374  72387  72387
  486.007   731672  1532.43   729940  1521.16  72988  72992  72979  73004  72991  72986  72991  73004  73007  72998  73169  73152  73164  73132  73181  73171  73164  73167  73185  73187
  491.007   739579  1544.33   737810  1530.30  73774  73778  73769  73791  73778  73773  73778  73791  73794  73784  73957  73943  73956  73925  73969  73964  73955  73959  73974  73977
  496.007   747191  1531.04   745390  1525.03  74532  74534  74528  74548  74538  74532  74538  74548  74551  74541  74717  74705  74720  74688  74729  74724  74715  74722  74733  74738
  501.007   754595  1521.12   752782  1515.86  75277  75280  75274  75297  75283  75278  75286  75296  75298  75213  75466  75453  75466  75435  75476  75473  75463  75470  75407  75486
  506.007   762096  1521.24   760103  1515.74  76033  76037  76028  75975  76040  76033  76041  75973  75976  75967  76225  76212  76223  76193  76235  76152  76220  76228  76165  76243
  511.007   769833  1531.06   767892  1525.62  76824  76743  76816  76759  76831  76821  76831  76755  76761  76751  77017  77003  77015  76982  76943  76938  76927  77021  76950  77037
  516.007   777549  1525.28   775565  1519.81  77513  77520  77592  77539  77602  77596  77602  77532  77540  77529  77792  77783  77796  77763  77724  77719  77710  77799  77732  77731
  521.008   785195  1520.86   783108  1515.15  78287  78292  78357  78308  78294  78362  78295  78304  78311  78298  78488  78552  78567  78531  78501  78493  78486  78567  78504  78506
  526.007   792557  1522.30   790657  1516.53  79048  79054  79120  79070  79055  79052  79058  79067  79073  79060  79255  79242  79259  79223  79267  79258  79252  79260  79271  79270
  531.007   800177  1529.55   798265  1523.71  79807  79817  79881  79830  79815  79811  79818  79829  79835  79822  80017  80003  80020  79983  80031  80021  80015  80022  80032  80033
  536.007   808064  1542.50   806047  1541.69  80593  80602  80591  80615  80602  80599  80603  80615  80620  80607  80806  80792  80811  80768  80819  80810  80803  80812  80822  80821
  541.007   815665  1537.99   813640  1535.17  81351  81361  81351  81374  81361  81357  81362  81374  81380  81369  81567  81552  81570  81527  81580  81570  81565  81571  81581  81582
  546.008   823198  1529.46   821140  1529.36  82102  82109  82103  82124  82111  82109  82112  82123  82129  82118  82320  82304  82323  82281  82333  82326  82318  82325  82334  82334
  551.007   830180  1504.41   828105  1507.43  82797  82807  82797  82823  82807  82806  82807  82823  82824  82814  83017  83000  83023  82980  83030  83027  83017  83020  83031  83035
  556.007   837207  1489.13   835106  1482.48  83499  83507  83499  83523  83507  83506  83508  83523  83521  83513  83719  83702  83727  83683  83734  83727  83721  83724  83734  83736
  561.008   844341  1472.72   842216  1463.32  84209  84217  84208  84235  84218  84218  84219  84235  84232  84225  84431  84411  84439  84398  84449  84441  84437  84437  84449  84449
  566.007   851544  1445.44   849402  1443.46  84926  84935  84927  84954  84938  84937  84938  84954  84950  84943  85148  85132  85164  85119  85170  85156  85158  85159  85169  85169
  571.007   858407  1416.07   856253  1406.74  85609  85620  85611  85641  85623  85621  85623  85641  85634  85630  85835  85816  85849  85801  85858  85842  85846  85845  85858  85857
  576.007   865335  1393.50   863161  1389.64  86302  86310  86305  86330  86313  86313  86314  86330  86324  86320  86528  86512  86546  86497  86549  86532  86532  86540  86550  86549
  581.007   872389  1396.12   870061  1392.16  87012  87020  87013  86973  87023  87024  87024  86974  87035  86963  87240  87225  87263  87205  87261  87244  87246  87254  87190  87261
  586.007   879383  1401.58   877155  1397.38  87730  87736  87729  87689  87738  87740  87740  87690  87684  87679  87959  87948  87983  87922  87913  87900  87894  87969  87915  87980
  591.007   886445  1397.13   884113  1392.93  88436  88366  88433  88388  88444  88449  88445  88391  88383  88378  88672  88657  88695  88626  88611  88602  88598  88678  88617  88689
  596.007   893250  1388.23   890908  1383.77  89118  89057  89116  89078  89128  89063  89127  89080  89073  89068  89356  89343  89377  89307  89303  89295  89292  89362  89306  89309
  601.007   900165  1396.71   897857  1391.54  89759  89765  89825  89787  89769  89772  89834  89788  89781  89777  89998  89987  90020  90018  90015  90006  90005  90077  90018  90021
  606.007   907195  1402.42   904846  1396.51  90466  90470  90532  90492  90476  90479  90472  90492  90486  90481  90709  90694  90735  90725  90721  90715  90718  90721  90728  90729
  611.007   914008  1394.34   911638  1392.93  91147  91149  91211  91169  91157  91159  91151  91169  91167  91159  91389  91376  91413  91409  91404  91397  91400  91406  91408  91406
  616.007   920768  1388.76   918385  1383.56  91829  91830  91823  91851  91838  91840  91832  91851  91849  91842  92068  92061  92099  92023  92088  92079  92083  92088  92091  92088
  621.007   927581  1380.40   925177  1377.99  92507  92508  92505  92531  92517  92519  92511  92531  92528  92520  92748  92744  92779  92699  92770  92760  92765  92773  92774  92769
  626.007   934383  1375.78   931966  1377.83  93187  93187  93182  93210  93196  93198  93189  93210  93208  93199  93433  93421  93461  93376  93450  93442  93442  93457  93454  93447
  631.007   941436  1374.83   938994  1372.89  93890  93891  93884  93914  93898  93901  93891  93913  93911  93901  94138  94126  94167  94082  94158  94146  94147  94159  94162  94151
  636.008   948892  1389.19   946439  1385.70  94634  94634  94628  94659  94643  94645  94636  94659  94655  94646  94884  94872  94912  94828  94904  94890  94893  94904  94909  94896
  641.007   956845  1427.06   954371  1423.60  95427  95427  95421  95453  95436  95437  95428  95452  95449  95441  95679  95667  95707  95623  95700  95685  95689  95699  95706  95690
  646.007   964655  1455.03   962154  1448.69  96205  96204  96203  96231  96215  96215  96207  96230  96225  96219  96459  96448  96488  96405  96481  96465  96470  96481  96487  96471
  651.007   972186  1476.71   969672  1473.12  96956  96955  96955  96983  96967  96966  96959  96983  96977  96971  97213  97203  97242  97158  97234  97219  97223  97234  97237  97223
  656.007   979862  1503.42   977327  1499.56  97723  97722  97719  97748  97733  97731  97724  97748  97742  97737  97980  97971  98010  97926  98004  97986  97990  98000  98005  97990
  661.007   987316  1519.55   984696  1513.64  98476  98474  98470  98425  98487  98482  98475  98425  98494  98488  98733  98725  98762  98679  98756  98738  98741  98753  98685  98744
  666.008   994586  1517.50   992016  1513.51  99214  99211  99210  99168  99224  99221  99214  99168  99231  99155  99474  99466  99500  99420  99427  99478  99410  99495  99432  99484
  671.007  1002345  1511.85   999751  1507.82  99997  99993  99992  99944 100008 100003  99997  99944  99940  99933 100260 100250 100286 100205 100205 100188 100191 100282 100211 100267
  676.007  1009848  1506.69  1007229  1502.77 100687 100755 100754 100708 100698 100764 100759 100706 100703 100695 100952 100943 101050 100969 100971 100955 100956 101045 100976 101031
  681.007  1017632  1517.47  1014910  1513.00 101468 101465 101538 101491 101479 101472 101543 101490 101487 101477 101734 101728 101763 101756 101756 101740 101742 101831 101763 101819
  686.007  1025363  1521.83  1022681  1516.90 102248 102244 102314 102266 102257 102249 102321 102265 102263 102254 102514 102507 102546 102537 102535 102520 102523 102611 102545 102525
  691.008  1032889  1526.85  1030184  1523.99 103005 103004 103070 103024 103017 103006 103004 103023 103021 103010 103274 103269 103306 103294 103295 103280 103281 103298 103306 103286
  696.007  1040891  1551.16  1038156  1545.66 103802 103801 103869 103822 103815 103798 103798 103823 103819 103809 104073 104069 104102 104097 104099 104080 104083 104095 104108 104085
  701.007  1048476  1545.47  1045645  1540.07 104559 104557 104550 104578 104570 104555 104558 104578 104576 104564 104832 104828 104863 104856 104856 104839 104839 104855 104864 104844
  706.007  1056055  1547.99  1053286  1545.54 105323 105321 105313 105342 105334 105319 105323 105342 105341 105328 105598 105594 105629 105546 105621 105604 105605 105621 105631 105606
  711.007  1063995  1550.70  1061178  1552.62 106111 106109 106105 106130 106121 106109 106113 106130 106132 106118 106393 106389 106423 106341 106412 106399 106399 106415 106424 106400
  716.007  1071567  1545.34  1068735  1537.82 106868 106865 106859 106887 106877 106864 106868 106885 106888 106874 107150 107147 107180 107098 107168 107157 107155 107171 107182 107159
  721.007  1079355  1552.00  1076506  1544.82 107644 107643 107637 107662 107654 107641 107647 107662 107665 107651 107929 107925 107960 107880 107945 107936 107934 107950 107958 107938
  726.008  1086926  1534.36  1084054  1524.73 108399 108396 108388 108419 108409 108395 108402 108419 108421 108406 108685 108681 108716 108635 108705 108692 108691 108707 108720 108694
  731.007  1094474  1528.19  1091572  1523.22 109151 109149 109143 109169 109160 109147 109154 109169 109172 109158 109441 109437 109471 109390 109457 109447 109445 109463 109473 109450
  736.007  1101956  1525.23  1099170  1519.70 109910 109908 109901 109930 109918 109907 109915 109930 109933 109918 110203 110200 110234 110152 110145 110213 110209 110226 110162 110212
  741.007  1109527  1510.52  1106725  1508.47 110667 110663 110657 110685 110673 110662 110670 110685 110689 110674 110958 110957 110992 110909 110904 110970 110967 110983 110918 110969
  746.007  1117481  1523.09  1114630  1517.95 111456 111455 111449 111474 111464 111455 111462 111474 111478 111463 111753 111751 111788 111704 111703 111764 111760 111778 111716 111764
  751.007  1124277  1490.23  1121119  1482.62 112136 112134 112123 112079 112142 112130 112142 112079 112085 112069 112437 112434 112464 112382 112381 112445 112440 112459 112393 112442
  756.007  1132023  1495.18  1128908  1489.55 112920 112915 112901 112856 112922 112909 112920 112856 112863 112846 113222 113217 113246 113166 113162 113150 113225 113238 113172 113225
  761.007  1139871  1506.16  1136655  1500.69 113624 113694 113682 113640 113703 113691 113702 113640 113649 113630 114005 114000 114032 113949 113947 113940 114003 114025 113959 114011
  766.007  1147798  1524.56  1144603  1513.66 114422 114420 114487 114439 114509 114499 114509 114439 114448 114431 114735 114811 114845 114759 114752 114744 114731 114836 114764 114821
  771.007  1155283  1529.06  1152124  1517.11 115187 115185 115262 115207 115193 115274 115193 115207 115216 115200 115506 115498 115531 115538 115527 115517 115500 115615 115544 115507
  776.007  1163227  1532.47  1160115  1521.19 115988 115990 116054 116006 115997 116062 115997 116006 116014 116001 116311 116305 116338 116333 116326 116320 116308 116329 116342 116315
  781.007  1171296  1572.85  1168069  1572.99 116792 116793 116856 116810 116799 116789 116799 116809 116817 116805 117118 117112 117145 117140 117135 117127 117114 117136 117147 117122
  786.007  1179084  1571.68  1175831  1572.11 117567 117568 117632 117587 117574 117564 117575 117587 117593 117584 117898 117890 117925 117919 117914 117908 117892 117912 117926 117900
  791.007  1186469  1558.34  1183187  1561.53 118309 118310 118300 118333 118316 118308 118316 118331 118337 118327 118646 118634 118671 118586 118660 118659 118636 118656 118674 118647
  796.007  1193459  1527.75  1190147  1528.32 119004 119005 119000 119027 119013 119009 119013 119026 119031 119019 119345 119337 119369 119290 119352 119359 119338 119359 119367 119343
  801.007  1201044  1530.49  1197697  1524.21 119758 119759 119753 119783 119768 119761 119769 119783 119787 119776 120102 120095 120127 120043 120113 120118 120097 120117 120130 120102
  806.007  1209158  1533.69  1205772  1521.91 120565 120565 120560 120592 120575 120568 120576 120590 120596 120585 120911 120908 120937 120855 120926 120931 120908 120927 120942 120913
  811.007  1216701  1518.46  1213362  1509.46 121324 121325 121318 121353 121334 121327 121335 121348 121354 121344 121674 121671 121699 121617 121686 121694 121669 121689 121627 121675
  816.007  1224329  1513.26  1220958  1504.33 122085 122085 122080 122111 122094 122087 122094 122107 122112 122103 122435 122434 122462 122381 122448 122455 122432 122453 122391 122438
  821.007  1231998  1515.39  1228688  1516.83 122856 122856 122852 122886 122865 122860 122866 122882 122886 122879 123210 123207 123235 123155 123148 123231 123207 123227 123166 123212
  826.007  1239943  1544.63  1236596  1538.56 123648 123648 123644 123675 123657 123651 123657 123672 123676 123668 124005 124002 124030 123948 123941 124026 124002 124022 123959 124008
  831.007  1247447  1544.53  1244154  1536.17 124403 124403 124399 124430 124414 124407 124413 124427 124433 124425 124763 124760 124788 124705 124699 124785 124761 124778 124720 124764
  836.007  1254963  1522.15  1251501  1517.15 125154 125153 125149 125180 125162 125156 125164 125175 125108 125100 125515 125510 125540 125456 125450 125460 125513 125530 125473 125516
  841.007  1263038  1539.97  1259467  1529.70 125958 125957 125953 125907 125968 125961 125968 125980 125910 125905 126323 126318 126350 126263 126257 126266 126320 126337 126282 126322
  846.007  1270600  1534.87  1266935  1527.55 126713 126711 126707 126661 126723 126716 126723 126659 126663 126659 127081 127075 127107 127017 127012 127022 127077 127092 127038 127079
  851.007  1278248  1536.43  1274641  1526.56 127486 127481 127476 127430 127496 127487 127496 127428 127433 127428 127852 127849 127803 127790 127786 127793 127848 127867 127808 127852
  856.007  1285726  1525.23  1282088  1518.19 128174 128255 128246 128195 128184 128261 128186 128194 128200 128193 128543 128540 128572 128566 128553 128562 128539 128642 128581 128628
  861.007  1293576  1537.72  1289904  1530.13 128965 128961 129031 128987 128975 129043 128976 128986 128992 128988 129337 129337 129367 129354 129348 129359 129334 129429 129374 129337
  866.007  1301794  1563.52  1298023  1558.49 129786 129780 129851 129807 129797 129785 129795 129807 129810 129805 130162 130162 130188 130176 130168 130179 130156 130250 130196 130157
  871.007  1309666  1558.96  1305932  1556.41 130575 130570 130648 130599 130586 130574 130583 130599 130601 130597 130955 130955 130981 130979 130961 130974 130950 130966 130996 130949
  876.007  1317267  1560.72  1313514  1560.46 131335 131332 131404 131354 131345 131335 131344 131354 131358 131353 131717 131715 131742 131736 131721 131732 131711 131729 131753 131711
  881.007  1324813  1557.54  1321036  1556.93 132094 132092 132085 132114 132104 132095 132104 132114 132121 132113 132480 132479 132505 132420 132482 132495 132474 132493 132512 132473
  886.007  1332971  1580.10  1329145  1579.09 132905 132903 132894 132925 132915 132906 132916 132925 132932 132924 133298 133293 133321 133235 133302 133312 133288 133307 133328 133287
  891.007  1341082  1587.99  1337278  1586.68 133717 133716 133703 133741 133727 133717 133729 133740 133747 133741 134119 134111 134141 134050 134126 134135 134109 134122 134064 134105
  896.007  1348789  1571.24  1344946  1568.99 134485 134483 134469 134507 134495 134483 134496 134507 134513 134508 134889 134880 134910 134819 134899 134907 134880 134893 134835 134877
  901.007  1356812  1577.05  1352924  1566.74 135282 135283 135271 135304 135292 135281 135295 135303 135312 135301 135691 135683 135714 135626 135693 135703 135683 135699 135640 135680
  906.007  1364836  1583.46  1360911  1580.23 136080 136084 136070 136103 136091 136078 136093 136103 136109 136100 136493 136487 136517 136428 136497 136505 136485 136499 136443 136482
  911.007  1372671  1592.46  1368721  1583.81 136859 136863 136853 136886 136870 136859 136872 136886 136890 136883 137273 137269 137302 137212 137281 137289 137268 137281 137229 137267
  916.007  1380162  1568.12  1376274  1560.77 137612 137619 137606 137641 137623 137613 137627 137643 137647 137643 138028 138027 138059 137969 137961 138048 138024 138036 137986 138024
  921.007  1387879  1555.69  1383887  1547.03 138382 138388 138377 138408 138393 138384 138399 138409 138411 138336 138801 138796 138830 138742 138735 138814 138795 138809 138758 138799
  926.007  1395978  1568.07  1392030  1559.58 139197 139202 139192 139224 139207 139199 139212 139224 139225 139148 139620 139615 139650 139559 139549 139556 139612 139627 139575 139615
  931.007  1403621  1555.70  1399423  1547.75 139958 139965 139953 139911 139968 139961 139973 139911 139912 139911 140383 140378 140415 140322 140313 140322 140377 140391 140340 140380
  936.008  1410978  1533.83  1406842  1526.64 140699 140705 140694 140654 140711 140702 140714 140654 140655 140654 141123 141120 141085 141064 141056 141068 141119 141135 141085 141123
  941.007  1418303  1520.72  1414293  1516.02 141456 141383 141446 141404 141466 141459 141469 141402 141404 141404 141882 141800 141838 141820 141808 141820 141798 141892 141841 141804
  946.007  1425792  1522.70  1421597  1515.32 142129 142135 142201 142160 142141 142212 142141 142157 142158 142163 142558 142554 142593 142577 142571 142578 142552 142649 142601 142559
  951.007  1433551  1525.30  1429341  1520.40 142906 142912 142969 142933 142918 142984 142919 142932 142933 142935 143338 143333 143371 143347 143345 143355 143330 143423 143372 143337
  956.007  1441035  1504.70  1436724  1497.38 143652 143659 143714 143679 143662 143656 143665 143678 143677 143682 144086 144082 144119 144096 144093 144106 144077 144169 144122 144085
  961.007  1448666  1502.82  1444312  1503.42 144407 144417 144481 144438 144419 144410 144421 144438 144436 144445 144843 144840 144878 144866 144859 144871 144836 144938 144894 144841
  966.008  1456432  1517.43  1452134  1514.72 145193 145200 145261 145218 145203 145194 145207 145218 145217 145223 145633 145628 145663 145651 145636 145651 145622 145639 145677 145632
  971.007  1464193  1534.97  1460013  1529.23 145981 145990 146043 146007 145991 145983 145996 146007 146004 146011 146426 146420 146454 146363 146426 146444 146415 146435 146388 146422
  976.008  1471694  1535.40  1467410  1529.90 146729 146738 146713 146755 146739 146729 146742 146755 146751 146759 147176 147169 147205 147110 147176 147196 147164 147187 147138 147173
  981.007  1479178  1526.01  1474867  1520.13 147476 147483 147457 147500 147486 147473 147489 147501 147497 147505 147926 147918 147952 147858 147925 147946 147915 147934 147884 147920
  986.007  1486875  1533.17  1482522  1524.41 148242 148248 148224 148264 148252 148239 148256 148265 148261 148271 148696 148686 148719 148628 148697 148717 148683 148704 148656 148689
  991.007  1494609  1531.74  1490229  1526.04 149013 149020 148994 149035 149020 149010 149025 149037 149032 149043 149469 149459 149492 149403 149471 149491 149455 149477 149431 149461
  996.007  1502068  1517.32  1497586  1511.68 149758 149763 149736 149779 149762 149753 149769 149781 149775 149710 150217 150206 150239 150148 150216 150235 150202 150222 150176 150207
 1001.007  1509465  1506.86  1505113  1496.22 150511 150516 150489 150528 150515 150504 150525 150533 150529 150463 150970 150961 150994 150902 150897 150915 150958 150976 150928 150964
 1006.008  1517069  1510.08  1512694  1502.06 151269 151276 151246 151285 151273 151262 151282 151291 151288 151222 151728 151721 151753 151663 151658 151679 151719 151735 151688 151725
 1011.008  1524887  1518.52  1520390  1510.00 152045 152054 152021 152062 152051 152040 152059 151993 152066 151999 152508 152502 152537 152443 152440 152459 152502 152520 152470 152506
 1016.008  1532354  1511.14  1527682  1502.99 152790 152725 152765 152806 152794 152782 152802 152737 152736 152745 153256 153249 153284 153188 153187 153207 153248 153266 153216 153253
 1021.008  1539947  1503.83  1535183  1498.49 153549 153483 153523 153490 153553 153540 153558 153493 153493 153501 154017 154009 154043 153947 153944 153964 154007 154027 153977 154012
 1026.007  1547457  1513.29  1542822  1513.19 154253 154263 154301 154271 154329 154318 154263 154272 154272 154280 154725 154716 154750 154728 154725 154745 154715 154805 154757 154791
 1031.007  1555153  1525.50  1550494  1517.75 155028 155039 155077 155043 155031 155096 155036 155045 155045 155054 155502 155491 155524 155507 155501 155521 155489 155587 155536 155495
 1036.007  1562739  1525.08  1558050  1517.13 155785 155794 155831 155799 155787 155850 155793 155800 155801 155810 156260 156250 156285 156266 156261 156278 156247 156344 156292 156256
 1041.007  1570425  1520.62  1565694  1515.29 156549 156558 156596 156563 156551 156615 156557 156564 156564 156577 157027 157019 157052 157036 157031 157049 157014 157112 157060 157025
 1046.007  1578053  1528.41  1573293  1525.45 157315 157327 157363 157332 157316 157306 157324 157333 157330 157347 157796 157789 157821 157808 157804 157821 157783 157806 157830 157795
 1051.007  1585624  1522.06  1580831  1526.49 158067 158080 158120 158086 158068 158061 158077 158086 158083 158103 158553 158547 158576 158568 158561 158577 158539 158563 158588 158552
 1056.008  1593011  1521.01  1588272  1520.13 158813 158823 158860 158831 158812 158804 158824 158831 158829 158845 159302 159295 159323 159235 159305 159321 159287 159311 159332 159300
 1061.008  1600622  1520.79  1595924  1519.51 159578 159587 159625 159596 159579 159571 159588 159596 159593 159611 160071 160064 160093 160003 160072 160087 160055 160081 160026 160070
 1066.007  1608189  1520.35  1603479  1512.00 160333 160343 160380 160352 160334 160326 160344 160353 160348 160366 160829 160822 160851 160759 160827 160842 160813 160837 160782 160827
 1071.007  1615318  1501.36  1610489  1490.96 161043 161051 161013 161060 161042 161034 161051 161061 161058 161076 161540 161533 161562 161468 161545 161557 161526 161548 161497 161542
 1076.008  1622277  1470.15  1617335  1466.46 161734 161743 161708 161750 161735 161727 161743 161752 161749 161694 162236 162228 162258 162164 162241 162247 162225 162248 162194 162236
 1081.008  1629045  1441.22  1624078  1437.70 162408 162417 162383 162424 162409 162403 162416 162425 162424 162369 162913 162908 162937 162844 162916 162922 162900 162924 162872 162909
 1086.007  1635740  1420.15  1630836  1412.43 163084 163092 163060 163100 163087 163075 163091 163101 163100 163046 163589 163586 163615 163520 163523 163598 163573 163600 163551 163585
 1091.007  1642567  1396.22  1637709  1386.32 163771 163781 163750 163787 163774 163761 163775 163789 163788 163733 164276 164277 164305 164212 164209 164217 164265 164292 164242 164272
 1096.007  1649425  1370.20  1644405  1361.98 164454 164397 164432 164472 164459 164444 164458 164405 164471 164413 164961 164964 164992 164900 164893 164903 164952 164978 164923 164959
 1101.008  1656092  1359.09  1651054  1352.15 165132 165074 165110 165085 165136 165121 165136 165085 165083 165092 165573 165580 165673 165582 165574 165583 165628 165657 165601 165641
 1106.007  1663119  1359.24  1658054  1359.64 165771 165781 165817 165791 165843 165827 165844 165791 165790 165799 166287 166288 166315 166294 166285 166288 166335 166363 166311 166353
 1111.007  1669816  1360.31  1664807  1358.90 166450 166460 166503 166470 166531 166514 166456 166470 166469 166484 166971 166969 166995 166976 166974 166969 166949 167050 167001 166962
 1116.007  1676861  1373.13  1671754  1368.60 167155 167163 167201 167173 167159 167211 167162 167173 167174 167183 167677 167676 167702 167678 167676 167677 167656 167747 167704 167668
 1121.008  1683956  1382.05  1678812  1372.48 167860 167870 167907 167880 167862 167916 167868 167880 167882 167887 168387 168387 168412 168387 168385 168388 168367 168454 168412 168377
 1126.007  1691611  1410.62  1686505  1405.21 168628 168638 168678 168648 168631 168689 168635 168648 168652 168658 169157 169159 169185 169163 169158 169163 169138 169154 169187 169147
 1131.007  1699405  1444.48  1694173  1440.99 169400 169409 169462 169420 169404 169385 169406 169421 169428 169438 169934 169937 169964 169948 169940 169942 169916 169929 169971 169924
 1136.007  1707203  1471.90  1701935  1467.63 170178 170186 170229 170198 170182 170164 170187 170199 170204 170208 170717 170720 170746 170718 170719 170722 170699 170711 170743 170708
 1141.007  1715156  1514.35  1709919  1506.66 170977 170982 171028 170995 170982 170965 170984 170996 171004 171006 171518 171522 171546 171520 171522 171522 171501 171519 171475 171511
 1146.007  1723024  1544.13  1717764  1538.99 171770 171775 171747 171786 171772 171755 171776 171787 171795 171801 172311 172315 172340 172242 172316 172319 172293 172313 172268 172307
 1151.007  1730776  1559.28  1725495  1551.90 172544 172549 172515 172560 172546 172525 172551 172561 172569 172575 173088 173092 173118 173011 173091 173095 173070 173089 173039 173083
 1156.007  1738367  1551.21  1732984  1549.60 173298 173305 173275 173317 173300 173283 173308 173317 173326 173255 173848 173849 173874 173774 173851 173854 173828 173848 173799 173842
 1161.007  1746365  1558.50  1740942  1554.71 174093 174101 174072 174111 174097 174080 174104 174111 174120 174053 174647 174650 174674 174576 174649 174653 174627 174647 174600 174642
 1166.007  1754548  1571.22  1749083  1567.23 174905 174917 174887 174925 174911 174895 174916 174925 174937 174865 175464 175469 175493 175393 175469 175472 175448 175464 175414 175462
 1171.009  1762009  1556.73  1756701  1548.44 175668 175682 175644 175690 175672 175652 175681 175690 175704 175618 176229 176237 176258 176149 176145 176150 176214 176224 176171 176232
 1176.007  1769792  1556.14  1764366  1547.85 176441 176452 176422 176461 176447 176432 176453 176461 176397 176400 177002 177010 177032 176931 176931 176938 176986 177005 176951 177006
 1181.007  1777849  1567.27  1772318  1558.78 177243 177182 177224 177263 177249 177235 177255 177263 177200 177204 177807 177815 177838 177736 177738 177746 177792 177811 177757 177809
 1186.007  1785654  1574.36  1780013  1568.29 178026 177966 178010 177973 178032 178020 178040 177973 177984 177989 178595 178529 178626 178524 178525 178536 178581 178598 178545 178595
 1191.008  1793055  1560.67  1787551  1554.87 178796 178721 178774 178728 178802 178789 178721 178728 178741 178751 179279 179285 179397 179291 179284 179298 179263 179367 179312 179279
 1196.007  1800558  1541.26  1795110  1533.84 179546 179481 179529 179488 179552 179542 179483 179489 179497 179503 180042 180048 180068 180046 180043 180055 180025 180125 180065 180041
