Test case: 
Description: 
	10 senders: persistent queues
	10 receivers: client acknowledge every 50 messages
Timestamp: 2011.11.1 20:38:12
Version: 
Setting up JMS benchmark connections... 

Start processing messages.
Thu Dec 01 20:38:12 EST 2011

  Seconds   Send   Send/Sec   Recv   Recv/Sec   RCV0   RCV1   RCV2   RCV3   RCV4   RCV5   RCV6   RCV7   RCV8   RCV9  SND10  SND11  SND12  SND13  SND14  SND15  SND16  SND17  SND18  SND19
  ------- -------- -------- -------- -------- ------ ------ ------ ------ ------ ------ ------ ------ ------ ------ ------ ------ ------ ------ ------ ------ ------ ------ ------ ------
    1.077        0     0.00        0     0.00      0      0      0      0      0      0      0      0      0      0      0      0      0      0      0      0      0      0      0      0
    6.077     2723   591.96     2990   650.00    296    301    301    302    301    295    296    298    301    299    272    272    273    272    273    272    270    273    274    272
   11.078     5907   615.31     6180   643.75    615    620    621    622    620    613    614    617    620    618    589    591    593    589    592    591    585    592    593    592
   16.078     9181   618.22     9457   645.62    944    947    948    951    947    942    942    944    947    945    917    919    920    915    921    916    915    918    920    920
   21.077    12559   625.51    12829   642.76   1281   1284   1285   1289   1284   1280   1279   1281   1284   1282   1254   1258   1257   1252   1262   1255   1251   1255   1256   1259
   26.077    15812   631.95    16117   643.21   1610   1613   1614   1616   1613   1609   1608   1610   1613   1611   1583   1585   1587   1580   1561   1584   1579   1582   1585   1586
   31.077    18863   630.47    19253   639.53   1931   1935   1935   1897   1934   1930   1930   1932   1896   1933   1904   1867   1868   1903   1875   1866   1900   1904   1907   1869
   36.077    21961   645.57    22268   645.84   2220   2226   2224   2228   2226   2219   2251   2223   2227   2224   2195   2197   2199   2194   2202   2195   2190   2193   2198   2198
   41.077    25337   652.04    25615   652.20   2560   2563   2562   2565   2562   2559   2556   2561   2565   2562   2532   2534   2535   2533   2538   2532   2529   2532   2536   2536
   46.077    28672   654.08    28952   654.22   2895   2897   2895   2898   2895   2894   2891   2894   2898   2895   2864   2866   2869   2867   2871   2867   2864   2866   2869   2869
   51.077    31885   644.70    32167   648.93   3217   3219   3217   3220   3216   3216   3210   3216   3219   3217   3186   3188   3190   3187   3193   3188   3185   3188   3190   3190
   56.077    35154   638.32    35443   638.86   3545   3545   3545   3547   3544   3544   3540   3543   3546   3544   3513   3514   3516   3514   3521   3515   3514   3515   3517   3515
   61.077    38485   647.45    38780   644.33   3880   3879   3878   3881   3879   3878   3872   3876   3880   3877   3846   3847   3850   3847   3854   3848   3847   3848   3850   3848
   66.077    41668   659.23    41971   659.06   4193   4192   4220   4194   4192   4191   4217   4189   4193   4190   4159   4189   4161   4160   4166   4161   4189   4191   4162   4161
   71.078    44968   658.76    45267   659.46   4530   4529   4524   4531   4528   4525   4521   4526   4529   4524   4493   4493   4495   4494   4505   4499   4494   4495   4499   4501
   76.077    48134   653.09    48435   653.79   4845   4846   4841   4846   4844   4842   4840   4843   4846   4842   4809   4811   4811   4812   4820   4816   4811   4811   4816   4817
   81.077    51340   650.60    51639   653.42   5165   5167   5160   5167   5164   5162   5160   5164   5167   5163   5130   5131   5130   5132   5141   5139   5130   5130   5138   5139
   86.077    54759   652.52    55067   651.14   5510   5510   5503   5509   5507   5505   5503   5505   5509   5506   5471   5474   5472   5476   5481   5481   5473   5471   5481   5479
   91.077    57983   643.62    58308   644.60   5834   5833   5826   5835   5833   5829   5826   5829   5834   5829   5793   5797   5794   5801   5804   5803   5796   5793   5802   5800
   96.077    61143   646.58    61429   648.15   6131   6131   6160   6132   6130   6163   6160   6127   6131   6164   6127   6132   6128   6099   6102   6100   6129   6127   6100   6099
  101.077    64418   648.55    64685   649.55   6466   6466   6488   6466   6464   6459   6488   6461   6465   6462   6455   6428   6456   6433   6435   6434   6457   6455   6434   6431
  106.078    67604   653.36    67930   654.19   6797   6796   6788   6797   6795   6790   6788   6792   6795   6792   6756   6759   6756   6763   6766   6765   6757   6755   6765   6762
  111.077    70806   653.22    71131   654.09   7117   7116   7108   7117   7115   7110   7109   7112   7115   7112   7075   7079   7076   7083   7084   7086   7078   7076   7087   7082
  116.077    73869   636.21    74188   640.64   7422   7421   7414   7422   7421   7417   7416   7417   7421   7417   7382   7385   7383   7389   7391   7391   7385   7383   7392   7388
  121.077    76898   628.69    77211   627.25   7724   7723   7717   7724   7723   7719   7717   7719   7724   7721   7686   7688   7686   7690   7695   7694   7687   7685   7695   7692
  126.078    80020   623.19    80331   626.07   8035   8035   8028   8037   8035   8032   8028   8032   8036   8033   7998   8001   7999   8002   8006   8007   8001   7997   8006   8003
  131.077    83069   620.32    83384   621.97   8325   8325   8348   8327   8325   8354   8347   8322   8356   8355   8319   8322   8321   8291   8295   8297   8322   8317   8294   8291
  136.077    86104   619.65    86436   618.71   8639   8639   8666   8642   8640   8636   8663   8636   8638   8637   8601   8604   8604   8606   8615   8616   8606   8634   8609   8609
  141.077    89310   620.96    89615   620.29   8964   8964   8957   8966   8963   8961   8955   8961   8962   8962   8926   8929   8929   8929   8937   8939   8931   8925   8932   8933
  146.078    92536   624.26    92843   626.01   9287   9287   9281   9288   9286   9283   9278   9283   9285   9285   9248   9251   9251   9252   9261   9263   9254   9247   9254   9255
  151.077    95735   625.42    96049   626.56   9608   9608   9600   9609   9607   9603   9600   9604   9604   9606   9568   9570   9569   9574   9580   9582   9576   9566   9575   9575
  156.077    98862   623.88    99189   625.32   9923   9923   9913   9924   9922   9916   9913   9918   9916   9921   9881   9883   9880   9888   9893   9894   9887   9880   9887   9889
  161.077   101868   623.83   102180   624.77  10204  10204  10226  10205  10203  10226  10223  10230  10227  10232  10190  10191  10190  10199  10170  10172  10199  10190  10198  10169
  166.077   105038   631.21   105382   631.68  10530  10530  10553  10531  10529  10552  10550  10526  10553  10528  10516  10517  10517  10494  10496  10498  10495  10516  10494  10495
  171.078   108164   629.48   108446   630.86  10844  10845  10840  10845  10843  10838  10868  10841  10840  10842  10802  10834  10835  10809  10812  10812  10810  10832  10809  10809
  176.077   111419   633.68   111763   634.92  11179  11180  11175  11180  11178  11174  11170  11176  11174  11177  11137  11135  11136  11144  11147  11148  11147  11135  11145  11145
  181.077   114591   632.75   114938   633.86  11497  11497  11493  11496  11496  11492  11487  11493  11493  11494  11456  11453  11452  11461  11463  11465  11464  11453  11462  11462
  186.077   117669   625.07   118018   623.79  11804  11805  11802  11804  11803  11800  11796  11801  11801  11802  11764  11761  11760  11769  11771  11773  11770  11761  11770  11770
  191.077   120902   631.34   121257   630.70  12128  12128  12127  12128  12127  12123  12120  12125  12125  12126  12087  12083  12083  12092  12094  12096  12094  12085  12094  12094
  196.078   123731   622.95   124059   623.46  12398  12398  12398  12399  12397  12427  12423  12395  12428  12396  12391  12384  12384  12362  12364  12366  12365  12388  12363  12364
  201.077   126868   624.32   127160   626.87  12715  12715  12714  12716  12714  12709  12740  12712  12712  12713  12673  12702  12703  12679  12682  12683  12681  12705  12680  12680
  206.078   129982   622.92   130344   623.52  13036  13037  13035  13038  13035  13032  13028  13034  13034  13035  12995  12990  12991  13000  13003  13005  13002  12993  13002  13001
  211.077   133280   627.15   133635   627.42  13366  13364  13364  13367  13365  13362  13358  13363  13364  13362  13325  13321  13321  13330  13332  13334  13332  13323  13331  13331
  216.077   136509   624.46   136859   626.71  13688  13686  13686  13690  13687  13684  13682  13685  13687  13684  13649  13643  13645  13652  13656  13656  13654  13646  13655  13653
  221.077   139668   621.95   140024   618.69  14003  14004  14004  14005  14003  14000  13998  14001  14004  14002  13965  13960  13962  13968  13971  13970  13969  13961  13973  13969
  226.077   142801   630.02   143199   631.26  14320  14322  14322  14322  14321  14317  14314  14319  14322  14320  14281  14276  14278  14285  14289  14287  14286  14277  14289  14253
  231.077   145749   630.46   146052   632.91  14603  14604  14604  14604  14603  14599  14628  14601  14604  14602  14564  14589  14588  14569  14571  14570  14568  14591  14571  14568
  236.077   148787   629.05   149089   629.05  14910  14911  14910  14911  14909  14906  14904  14908  14911  14909  14872  14895  14897  14876  14877  14877  14875  14866  14878  14874
  241.077   151815   621.98   152178   622.25  15219  15220  15219  15221  15219  15214  15211  15217  15220  15218  15182  15173  15174  15185  15186  15186  15184  15175  15187  15183
  246.077   154895   609.46   155259   609.93  15527  15528  15526  15529  15527  15522  15522  15525  15527  15526  15491  15480  15484  15493  15494  15494  15491  15484  15494  15490
  251.077   158085   609.75   158451   606.70  15845  15848  15845  15849  15846  15841  15841  15844  15846  15846  15811  15797  15802  15812  15814  15815  15809  15802  15815  15808
  256.077   161376   614.05   161672   610.76  16178  16144  16178  16145  16181  16174  16174  16178  16178  16142  16105  16126  16133  16146  16148  16148  16144  16136  16148  16142
  261.077   164522   626.85   164867   629.30  16480  16485  16480  16484  16482  16507  16508  16479  16479  16483  16444  16463  16468  16447  16448  16448  16444  16469  16448  16443
  266.077   167696   632.45   168012   635.00  16801  16805  16799  16805  16803  16798  16799  16800  16799  16803  16765  16783  16788  16766  16767  16769  16766  16759  16769  16764
  271.077   170811   636.38   171163   637.08  17116  17120  17115  17119  17117  17114  17115  17115  17114  17118  17079  17099  17071  17080  17081  17084  17081  17074  17084  17078
  276.077   174018   640.64   174388   640.87  17440  17444  17438  17442  17439  17435  17436  17438  17435  17441  17404  17392  17397  17404  17404  17407  17405  17397  17406  17402
  281.077   177286   637.06   177658   637.23  17766  17770  17765  17770  17766  17762  17763  17766  17763  17767  17731  17718  17724  17730  17731  17734  17732  17724  17733  17729
  286.077   180478   633.02   180856   632.25  18084  18091  18083  18089  18087  18083  18084  18085  18084  18086  18051  18038  18042  18049  18050  18054  18050  18041  18055  18048
  291.077   183764   640.35   184202   639.17  18421  18398  18421  18427  18425  18420  18421  18424  18421  18424  18359  18376  18379  18384  18388  18393  18387  18380  18363  18355
  296.077   186886   638.74   187311   641.05  18749  18719  18748  18714  18712  18748  18749  18713  18748  18711  18678  18702  18703  18711  18676  18682  18674  18704  18682  18674
  301.077   190062   642.82   190348   643.79  19034  19041  19033  19037  19034  19033  19034  19036  19033  19033  19001  19020  19021  18996  18999  19005  18996  19022  19005  18997
  306.077   193254   644.43   193615   645.20  19361  19367  19359  19364  19361  19360  19361  19361  19361  19360  19327  19313  19346  19322  19325  19331  19323  19314  19331  19322
  311.078   196437   641.58   196835   642.42  19683  19689  19681  19685  19683  19682  19684  19682  19684  19682  19647  19637  19634  19644  19647  19651  19646  19637  19650  19644
  316.078   199787   639.82   200189   636.56  20019  20025  20014  20020  20017  20018  20021  20018  20019  20018  19983  19971  19967  19980  19983  19986  19982  19970  19986  19979
  321.077   203095   641.05   203496   636.59  20350  20356  20345  20352  20349  20349  20351  20347  20349  20348  20314  20303  20300  20313  20312  20315  20311  20302  20315  20310
  326.077   206470   648.37   206863   646.12  20690  20662  20687  20691  20689  20689  20691  20687  20689  20688  20622  20643  20642  20654  20654  20655  20652  20644  20654  20650
  331.077   209686   655.27   210014   658.83  20998  21005  21030  20999  20997  20998  20999  20995  20997  20996  20963  20984  20984  20963  20962  20963  20959  20988  20962  20958
  336.077   213097   663.69   213425   664.77  21343  21350  21342  21343  21342  21342  21343  21339  21341  21340  21307  21327  21329  21307  21307  21306  21303  21301  21307  21303
  341.077   216208   663.48   216606   663.48  21660  21667  21660  21662  21661  21660  21661  21657  21660  21658  21625  21612  21615  21624  21625  21624  21621  21617  21624  21621
  346.077   219555   662.30   219954   662.20  21995  22001  21995  21997  21995  21995  21996  21992  21995  21993  21960  21947  21950  21959  21959  21959  21956  21951  21959  21955
  351.077   222636   650.58   223045   646.89  22303  22312  22304  22306  22304  22304  22305  22301  22304  22302  22271  22256  22259  22266  22267  22266  22261  22260  22266  22264
  356.077   225725   639.09   226134   637.62  22615  22595  22615  22618  22616  22617  22618  22612  22615  22613  22554  22568  22572  22577  22580  22578  22572  22572  22577  22575
  361.077   228859   633.44   229273   636.33  22930  22906  22930  22930  22930  22931  22932  22926  22930  22928  22867  22882  22884  22890  22894  22893  22885  22885  22892  22887
  366.077   231921   625.09   232171   627.97  23213  23223  23212  23213  23212  23215  23216  23241  23216  23210  23185  23198  23199  23206  23178  23208  23200  23202  23174  23171
  371.077   234977   627.52   235349   628.96  23533  23545  23533  23535  23532  23537  23537  23530  23536  23531  23507  23488  23522  23496  23501  23498  23488  23491  23494  23492
  376.078   238427   632.24   238839   632.67  23883  23893  23883  23884  23882  23885  23885  23879  23884  23881  23853  23837  23837  23845  23848  23847  23838  23839  23843  23840
  381.077   241679   637.68   242098   638.02  24208  24228  24207  24208  24206  24212  24210  24204  24210  24205  24186  24161  24160  24170  24172  24174  24161  24162  24167  24166
  386.077   244883   637.44   245301   633.24  24533  24514  24532  24533  24531  24533  24533  24528  24534  24530  24472  24485  24484  24494  24494  24497  24487  24488  24492  24490
  391.077   248137   638.54   248560   637.57  24860  24838  24856  24857  24855  24859  24860  24857  24860  24858  24797  24808  24809  24821  24821  24825  24811  24811  24817  24817
  396.077   251231   642.67   251586   648.41  25150  25160  25177  25178  25176  25149  25150  25147  25150  25149  25117  25130  25133  25111  25111  25116  25133  25134  25138  25108
  401.077   254622   653.14   254896   654.75  25486  25499  25517  25483  25481  25485  25486  25485  25488  25486  25456  25471  25472  25447  25449  25454  25473  25476  25479  25445
  406.077   257649   644.01   258038   644.28  25805  25813  25800  25802  25800  25804  25805  25802  25805  25802  25770  25754  25786  25763  25765  25770  25757  25761  25761  25762
  411.078   260978   646.54   261403   646.74  26141  26148  26137  26139  26137  26140  26142  26139  26142  26138  26105  26090  26090  26099  26102  26106  26093  26097  26098  26098
  416.077   264052   640.06   264471   639.01  26449  26455  26444  26445  26443  26447  26448  26446  26449  26445  26413  26398  26398  26406  26409  26412  26401  26405  26405  26405
  421.077   267105   630.07   267527   626.81  26758  26732  26752  26753  26750  26757  26758  26755  26758  26754  26691  26706  26707  26714  26718  26721  26709  26711  26714  26714
  426.077   270253   629.73   270670   631.88  27045  27050  27069  27070  27068  27074  27075  27072  27076  27071  27009  27023  27027  27032  27005  27039  27026  27028  27031  27033
  431.077   273310   621.46   273667   626.50  27361  27365  27387  27388  27386  27356  27356  27355  27359  27354  27323  27340  27342  27314  27318  27322  27343  27345  27348  27315
  436.077   276362   626.87   276754   628.07  27681  27684  27672  27673  27670  27674  27675  27674  27678  27673  27644  27625  27658  27633  27639  27640  27627  27630  27632  27634
  441.078   279479   619.82   279905   620.89  27995  27998  27988  27989  27987  27989  27990  27989  27992  27988  27958  27941  27941  27947  27952  27955  27944  27945  27948  27948
  446.077   282532   618.09   282961   618.36  28300  28302  28293  28294  28293  28295  28297  28295  28298  28294  28262  28245  28247  28254  28257  28261  28248  28252  28252  28254
  451.077   285597   616.21   286052   613.05  28610  28610  28602  28603  28604  28604  28606  28604  28606  28603  28544  28554  28555  28563  28567  28571  28557  28563  28560  28563
  456.077   288739   612.28   289166   611.58  28925  28896  28916  28917  28918  28917  28920  28920  28920  28917  28859  28868  28870  28877  28881  28886  28871  28877  28874  28876
  461.077   291704   611.17   292164   613.66  29201  29203  29220  29221  29225  29223  29226  29196  29225  29224  29168  29173  29176  29183  29156  29162  29175  29181  29178  29152
  466.077   294706   609.15   295039   611.50  29504  29505  29523  29524  29497  29496  29498  29499  29497  29496  29472  29477  29480  29456  29458  29466  29477  29484  29481  29455
  471.077   297695   610.26   298121   611.30  29818  29820  29806  29807  29811  29811  29813  29812  29812  29811  29788  29760  29764  29770  29772  29779  29762  29767  29764  29769
  476.077   300669   607.60   301127   607.54  30120  30122  30105  30106  30111  30112  30113  30114  30112  30112  30056  30059  30064  30070  30074  30081  30065  30066  30063  30071
  481.077   303827   607.91   304288   608.07  30438  30440  30420  30421  30426  30428  30429  30430  30428  30428  30370  30374  30379  30388  30392  30397  30381  30381  30378  30387
  486.077   307096   610.50   307546   609.03  30762  30764  30746  30749  30750  30755  30755  30756  30755  30754  30699  30704  30707  30715  30715  30722  30707  30708  30706  30713
  491.077   310340   616.34   310756   614.87  31055  31056  31075  31077  31078  31083  31081  31084  31084  31083  31025  31032  31035  31043  31008  31051  31034  31036  31033  31043
  496.077   313584   625.67   313962   629.80  31391  31388  31411  31412  31414  31382  31417  31383  31383  31381  31360  31368  31370  31341  31342  31350  31371  31370  31370  31342
  501.077   316691   631.90   317053   633.04  31708  31706  31725  31726  31694  31699  31698  31699  31700  31698  31673  31680  31682  31657  31657  31666  31650  31685  31684  31657
  506.077   319789   640.54   320217   639.60  32031  32028  32016  32017  32016  32022  32020  32021  32023  32023  31998  31970  31972  31979  31980  31990  31972  31974  31974  31980
  511.077   323103   645.58   323578   644.74  32369  32367  32348  32349  32352  32359  32356  32359  32360  32359  32296  32303  32303  32315  32317  32328  32308  32308  32310  32315
  516.077   326362   642.25   326834   640.91  32693  32692  32676  32677  32679  32684  32682  32684  32684  32683  32625  32630  32630  32641  32640  32650  32635  32635  32637  32639
  521.077   329680   642.73   330088   642.50  32993  32993  33007  33008  33010  33016  33014  33016  33016  33015  32957  32960  32962  32973  32971  32981  32969  32965  32971  32971
  526.078   332591   633.36   332993   634.16  33291  33291  33307  33306  33311  33286  33315  33283  33319  33284  33257  33258  33260  33277  33239  33251  33269  33267  33272  33241
  531.077   335891   637.77   336292   641.30  33626  33624  33642  33643  33643  33619  33647  33615  33617  33616  33592  33596  33594  33575  33571  33586  33600  33600  33603  33574
  536.077   339210   647.57   339653   649.12  33965  33964  33980  33981  33979  33959  33954  33956  33958  33957  33930  33932  33932  33914  33912  33924  33906  33937  33910  33913
  541.077   342214   639.09   342624   636.91  34272  34271  34254  34255  34254  34266  34260  34263  34265  34264  34238  34205  34238  34221  34219  34232  34213  34211  34217  34220
  546.077   345293   634.17   345768   632.06  34586  34585  34570  34571  34570  34580  34576  34576  34577  34577  34519  34522  34520  34536  34532  34544  34527  34527  34533  34533
  551.077   348696   633.83   349161   633.59  34923  34923  34910  34911  34909  34921  34915  34914  34917  34918  34860  34862  34861  34877  34873  34883  34867  34867  34872  34874
  556.078   351990   644.45   352449   645.26  35252  35252  35239  35240  35238  35248  35245  35243  35246  35246  35189  35193  35190  35205  35201  35212  35198  35197  35203  35202
  561.077   355119   640.66   355584   640.46  35546  35545  35565  35566  35563  35542  35573  35570  35574  35540  35515  35519  35516  35498  35495  35506  35522  35524  35528  35496
  566.077   358369   635.34   358719   635.97  35868  35868  35893  35892  35890  35865  35862  35857  35861  35863  35845  35844  35841  35820  35818  35830  35849  35851  35854  35817
  571.077   361723   650.23   362093   652.21  36212  36212  36200  36200  36231  36209  36209  36204  36209  36207  36186  36184  36184  36163  36162  36175  36156  36191  36160  36162
  576.077   364971   659.26   365410   659.13  36546  36546  36538  36536  36533  36544  36543  36538  36544  36542  36488  36485  36516  36498  36497  36511  36491  36493  36494  36498
  581.078   368115   650.59   368584   648.58  36863  36864  36854  36855  36853  36861  36860  36854  36861  36859  36808  36805  36800  36815  36814  36829  36806  36813  36811  36814
  586.077   371332   643.85   371821   640.93  37186  37188  37177  37178  37176  37185  37186  37178  37185  37182  37129  37126  37119  37136  37138  37153  37129  37135  37133  37134
  591.078   374529   643.09   375018   642.79  37508  37479  37501  37501  37499  37508  37509  37500  37508  37505  37452  37450  37446  37456  37461  37443  37451  37458  37457  37455
  596.077   377661   639.84   378021   643.40  37791  37795  37818  37819  37816  37793  37794  37816  37791  37788  37770  37766  37762  37771  37746  37758  37768  37775  37774  37771
  601.077   380938   638.34   381274   642.61  38126  38131  38120  38121  38150  38127  38131  38119  38126  38123  38104  38099  38097  38073  38082  38092  38102  38109  38107  38073
  606.078   384013   637.95   384474   639.73  38449  38454  38443  38444  38442  38449  38455  38443  38449  38446  38396  38390  38420  38395  38406  38415  38394  38400  38399  38398
  611.077   387102   634.22   387569   635.12  38760  38762  38752  38754  38751  38759  38764  38751  38760  38756  38704  38698  38728  38705  38715  38724  38704  38709  38707  38708
  616.077   390221   631.76   390711   627.66  39074  39077  39067  39068  39066  39073  39076  39065  39074  39071  39020  39013  39014  39019  39029  39037  39020  39024  39024  39021
  621.078   393579   635.26   394061   633.01  39409  39412  39401  39402  39402  39408  39411  39400  39410  39406  39356  39350  39350  39355  39365  39372  39355  39360  39359  39357
  626.077   396660   629.73   397178   632.82  39725  39694  39715  39717  39718  39724  39726  39715  39725  39719  39671  39663  39661  39672  39645  39655  39670  39674  39675  39674
  631.077   399480   622.24   399934   626.20  39996  39993  39994  39995  39994  39993  39994  39990  39993  39992  39947  39941  39953  39945  39947  39955  39948  39949  39949  39946
  636.077   402853   631.13   403314   632.24  40334  40331  40332  40333  40332  40331  40332  40328  40331  40330  40285  40277  40291  40281  40285  40292  40285  40287  40287  40283
  641.077   405977   623.66   406433   622.25  40646  40643  40643  40644  40645  40643  40645  40640  40643  40641  40597  40590  40602  40595  40598  40605  40596  40599  40600  40595
  646.078   409289   629.83   409751   628.89  40978  40975  40973  40976  40977  40975  40977  40972  40975  40973  40927  40922  40933  40927  40929  40937  40927  40930  40932  40925
  651.078   412349   618.48   412838   617.57  41286  41283  41283  41287  41284  41285  41286  41280  41283  41281  41239  41230  41205  41236  41238  41246  41238  41241  41241  41235
  656.078   415336   626.71   415792   624.63  41581  41579  41579  41582  41579  41580  41581  41575  41578  41578  41535  41526  41537  41531  41534  41539  41533  41536  41536  41529
  661.078   418664   643.76   419122   643.89  41913  41913  41913  41915  41912  41913  41913  41908  41911  41911  41868  41858  41871  41865  41865  41872  41866  41868  41869  41862
  666.077   421969   641.45   422428   641.39  42244  42243  42243  42247  42243  42243  42244  42238  42242  42241  42199  42188  42201  42196  42196  42203  42197  42198  42198  42193
  671.077   425143   642.11   425603   643.29  42561  42560  42561  42564  42562  42562  42560  42556  42559  42558  42516  42507  42517  42514  42514  42519  42515  42515  42515  42511
  676.077   428225   624.79   428682   624.58  42868  42867  42868  42873  42871  42869  42868  42864  42868  42866  42822  42816  42826  42824  42822  42826  42823  42822  42823  42821
  681.077   431422   629.55   431893   628.88  43189  43189  43189  43193  43191  43190  43190  43186  43189  43187  43141  43136  43144  43144  43141  43147  43144  43141  43145  43139
  686.077   434624   640.63   435128   641.13  43521  43522  43521  43494  43492  43492  43524  43519  43523  43520  43442  43469  43446  43477  43475  43479  43445  43473  43446  43472
  691.078   437715   639.32   438191   639.92  43818  43818  43818  43823  43821  43821  43821  43815  43820  43816  43772  43766  43774  43772  43769  43775  43774  43771  43774  43768
  696.078   440850   633.59   441323   634.06  44131  44132  44132  44136  44133  44133  44134  44129  44133  44130  44086  44080  44087  44086  44083  44089  44088  44084  44086  44081
  701.077   444186   639.03   444665   639.66  44465  44465  44466  44472  44468  44468  44469  44464  44465  44463  44419  44414  44422  44419  44416  44422  44422  44417  44420  44415
  706.077   447564   646.81   448046   648.72  44804  44804  44805  44809  44804  44805  44806  44802  44805  44802  44756  44752  44759  44757  44755  44761  44759  44755  44758  44752
  711.077   450711   638.22   451198   637.75  45119  45119  45120  45125  45119  45121  45121  45117  45120  45117  45070  45067  45075  45070  45070  45075  45075  45069  45073  45067
  716.077   453893   635.87   454382   635.37  45438  45437  45438  45443  45437  45440  45439  45436  45439  45435  45388  45386  45393  45388  45388  45394  45392  45387  45392  45385
  721.077   456828   637.24   457199   637.87  45720  45719  45720  45725  45719  45721  45720  45717  45721  45717  45668  45667  45673  45701  45670  45707  45672  45700  45703  45667
  726.077   459822   636.67   460323   637.61  46032  46033  46030  46038  46031  46033  46034  46030  46033  46029  45980  45981  45985  45982  45980  45987  45982  45981  45984  45980
  731.077   462957   629.90   463450   630.37  46344  46346  46345  46350  46344  46345  46346  46344  46345  46341  46292  46294  46297  46297  46295  46299  46297  46293  46301  46292
  736.077   466043   620.10   466533   618.42  46653  46654  46653  46657  46654  46654  46655  46652  46653  46648  46601  46602  46606  46606  46603  46607  46606  46602  46609  46601
  741.077   469144   610.81   469634   608.89  46963  46964  46964  46966  46963  46963  46965  46963  46964  46959  46912  46913  46915  46916  46914  46918  46916  46911  46919  46910
  746.077   472407   610.42   472896   610.42  47289  47290  47290  47292  47291  47291  47290  47289  47290  47284  47237  47241  47243  47241  47241  47243  47242  47237  47244  47238
  751.077   475444   620.54   475903   624.53  47612  47612  47582  47583  47582  47582  47582  47579  47582  47607  47559  47532  47534  47563  47532  47566  47534  47560  47536  47528
  756.077   478390   623.09   478878   622.65  47888  47888  47890  47889  47888  47889  47889  47886  47888  47883  47835  47839  47841  47839  47838  47843  47841  47836  47843  47835
  761.077   481503   622.37   481993   622.27  48199  48200  48202  48199  48200  48202  48201  48198  48198  48194  48147  48150  48153  48150  48148  48155  48153  48146  48155  48146
  766.077   484753   627.85   485245   627.92  48524  48526  48527  48522  48526  48528  48527  48524  48522  48519  48472  48476  48479  48474  48474  48478  48480  48469  48480  48471
  771.077   487940   625.27   488442   625.74  48844  48844  48847  48842  48847  48846  48847  48843  48842  48840  48791  48793  48797  48793  48793  48796  48799  48788  48799  48791
  776.077   491063   616.38   491557   615.50  49156  49156  49158  49152  49158  49157  49159  49156  49154  49151  49103  49105  49112  49105  49105  49109  49111  49098  49112  49103
  781.077   493879   615.54   494437   616.74  49460  49460  49431  49455  49430  49430  49431  49428  49457  49455  49375  49408  49384  49379  49377  49412  49383  49401  49384  49376
  786.077   496951   620.32   497451   620.69  49737  49739  49740  49770  49740  49741  49741  49738  49772  49733  49685  49686  49692  49689  49686  49726  49694  49714  49694  49685
  791.077   500211   627.79   500713   628.19  50071  50072  50075  50066  50074  50074  50076  50071  50067  50067  50019  50019  50025  50023  50020  50021  50027  50010  50028  50019
  796.078   503343   623.85   503849   624.32  50384  50385  50389  50380  50389  50388  50389  50385  50380  50380  50332  50331  50339  50335  50331  50336  50340  50326  50342  50331
  801.077   506500   617.60   507013   618.95  50700  50701  50706  50696  50705  50705  50704  50700  50698  50698  50650  50647  50654  50650  50646  50653  50656  50642  50657  50645
  806.077   509638   612.87   510153   613.60  51015  51017  51018  51009  51017  51017  51018  51014  51013  51015  50962  50965  50963  50964  50959  50968  50970  50955  50971  50961
  811.077   512853   625.57   513370   624.23  51338  51339  51339  51332  51338  51338  51339  51335  51335  51337  51282  51285  51285  51286  51281  51290  51292  51278  51291  51283
  816.077   515880   630.84   516338   631.58  51628  51629  51630  51654  51629  51628  51629  51626  51658  51627  51574  51606  51575  51575  51604  51614  51580  51600  51580  51572
  821.077   518849   624.41   519371   625.08  51936  51936  51937  51957  51936  51935  51936  51933  51931  51934  51881  51881  51883  51881  51878  51888  51889  51902  51888  51878
  826.078   521981   625.46   522515   626.40  52254  52254  52254  52244  52253  52253  52254  52251  52246  52252  52197  52197  52198  52198  52195  52205  52204  52189  52205  52193
  831.078   525011   621.17   525555   622.21  52558  52558  52559  52545  52558  52558  52559  52556  52548  52556  52501  52500  52500  52502  52498  52508  52508  52491  52508  52495
  836.078   528194   618.15   528753   615.03  52878  52877  52879  52864  52878  52878  52879  52876  52869  52875  52818  52819  52818  52822  52817  52826  52826  52808  52827  52813
  841.077   531411   613.64   531970   616.09  53199  53197  53201  53187  53200  53200  53201  53198  53190  53197  53138  53140  53140  53143  53139  53148  53148  53131  53149  53135
  846.077   534551   618.15   534924   620.47  53485  53515  53487  53503  53486  53486  53487  53484  53508  53483  53456  53456  53459  53428  53455  53464  53465  53448  53467  53453
  851.077   537542   624.19   538070   625.40  53803  53801  53805  53822  53804  53804  53805  53802  53824  53800  53742  53772  53745  53747  53742  53780  53752  53768  53753  53741
  856.077   540669   626.09   541228   626.93  54122  54120  54124  54142  54123  54123  54124  54120  54112  54118  54060  54061  54062  54067  54060  54068  54071  54089  54072  54059
  861.077   543760   628.07   544312   629.45  54433  54433  54435  54421  54434  54435  54435  54433  54422  54431  54374  54372  54374  54380  54371  54381  54384  54368  54384  54372
  866.077   546971   629.05   547518   623.24  54755  54752  54755  54742  54754  54755  54756  54753  54744  54752  54695  54695  54696  54698  54693  54703  54703  54691  54704  54693
  871.077   550227   625.87   550776   622.21  55079  55078  55081  55067  55081  55080  55081  55080  55070  55079  55022  55021  55021  55024  55018  55027  55030  55016  55029  55019
  876.077   553231   617.68   553832   624.36  55384  55383  55386  55378  55385  55385  55386  55385  55376  55384  55322  55324  55324  55297  55322  55332  55333  55323  55331  55323
  881.077   556382   623.76   556859   625.20  55702  55699  55702  55697  55673  55673  55674  55672  55695  55672  55638  55643  55642  55615  55642  55650  55650  55642  55619  55641
  886.077   559305   625.37   559942   625.77  55988  55985  55989  56016  55991  55990  55991  55989  56013  55990  55923  55930  55928  55933  55928  55936  55935  55928  55937  55927
  891.078   562483   628.31   563060   629.15  56306  56303  56307  56300  56309  56309  56312  56309  56297  56308  56240  56247  56246  56250  56245  56254  56253  56245  56258  56245
  896.077   565760   629.43   566338   629.40  56634  56631  56635  56628  56636  56637  56640  56637  56625  56635  56567  56574  56573  56578  56574  56582  56581  56573  56584  56574
  901.077   569166   630.87   569743   629.50  56974  56972  56976  56968  56977  56978  56980  56977  56965  56976  56908  56915  56913  56917  56914  56922  56923  56913  56926  56915
  906.077   572444   634.23   573033   635.81  57304  57301  57303  57298  57305  57306  57310  57306  57296  57304  57235  57243  57242  57245  57242  57250  57250  57241  57253  57243
  911.077   575570   634.77   576087   638.69  57629  57627  57628  57620  57591  57592  57598  57593  57618  57591  57559  57568  57565  57533  57565  57573  57574  57564  57540  57529
  916.078   578797   647.87   579270   646.57  57921  57920  57921  57947  57923  57924  57928  57922  57942  57922  57884  57892  57890  57863  57887  57896  57868  57889  57871  57857
  921.077   581871   650.63   582506   651.50  58248  58246  58247  58242  58249  58251  58256  58248  58270  58249  58178  58186  58185  58189  58182  58191  58195  58184  58198  58183
  926.077   585120   649.66   585720   650.40  58574  58572  58572  58566  58574  58575  58579  58573  58562  58573  58501  58510  58511  58515  58509  58514  58521  58508  58523  58508
  931.077   588291   637.67   588897   638.65  58890  58889  58889  58884  58892  58894  58898  58890  58879  58892  58817  58825  58827  58834  58825  58830  58840  58825  58843  58825
  936.077   591455   633.75   592053   629.82  59206  59207  59207  59202  59205  59206  59212  59204  59198  59206  59135  59143  59144  59147  59143  59148  59154  59143  59157  59141
  941.077   594705   630.84   595270   634.83  59531  59532  59532  59527  59529  59531  59505  59529  59522  59532  59459  59467  59470  59473  59469  59473  59479  59467  59481  59467
  946.077   597980   636.90   598611   641.06  59871  59872  59839  59867  59870  59870  59847  59869  59863  59843  59799  59805  59811  59782  59809  59812  59787  59807  59792  59776
  951.077   601342   647.42   601834   646.17  60175  60175  60179  60208  60174  60172  60188  60174  60203  60186  60138  60146  60115  60121  60149  60154  60125  60146  60134  60114
  956.077   604435   646.92   605000   646.96  60499  60500  60501  60497  60498  60496  60510  60498  60493  60508  60461  60434  60439  60442  60438  60442  60449  60436  60457  60437
  961.077   607755   652.11   608363   651.17  60835  60836  60837  60833  60834  60833  60846  60834  60831  60844  60763  60771  60775  60776  60773  60778  60782  60771  60794  60772
  966.077   611161   659.22   611767   659.49  61175  61176  61179  61173  61175  61173  61185  61175  61172  61184  61105  61111  61116  61116  61113  61119  61123  61110  61135  61113
  971.077   614507   659.63   615121   658.76  61514  61515  61516  61513  61514  61512  61523  61513  61511  61490  61443  61451  61454  61454  61451  61458  61460  61449  61437  61450
  976.077   617579   647.82   618169   647.62  61822  61823  61824  61821  61821  61819  61800  61821  61819  61799  61750  61759  61760  61761  61758  61765  61766  61755  61747  61758
  981.078   620718   641.36   621280   645.93  62139  62142  62109  62139  62138  62137  62117  62106  62137  62116  62067  62076  62080  62044  62076  62082  62083  62073  62064  62073
  986.077   623946   652.52   624507   654.60  62449  62451  62451  62448  62447  62447  62460  62449  62447  62458  62410  62387  62388  62388  62385  62392  62393  62415  62405  62383
  991.077   627247   654.09   627869   654.56  62787  62788  62787  62786  62782  62782  62794  62785  62784  62794  62714  62726  62725  62724  62723  62729  62730  62718  62739  62719
  996.077   630404   645.74   631035   644.43  63103  63104  63103  63103  63100  63097  63112  63100  63102  63111  63031  63041  63041  63041  63040  63046  63045  63032  63052  63035
 1001.077   633679   641.30   634313   641.93  63431  63432  63430  63431  63428  63424  63439  63428  63430  63440  63360  63368  63370  63368  63366  63374  63373  63359  63379  63362
 1006.077   636978   641.68   637612   643.12  63761  63762  63760  63761  63758  63755  63769  63758  63760  63768  63690  63698  63700  63697  63697  63704  63702  63690  63708  63692
 1011.077   640205   643.28   640780   645.83  64085  64086  64083  64084  64081  64077  64061  64082  64082  64059  64013  64021  64021  64019  64021  64027  64025  64012  64031  64015
 1016.077   643161   641.58   643862   644.13  64372  64372  64401  64402  64399  64393  64378  64368  64401  64376  64299  64307  64339  64306  64308  64344  64312  64329  64315  64302
 1021.077   646241   636.36   646880   636.93  64687  64686  64682  64684  64682  64707  64694  64683  64683  64692  64613  64619  64620  64620  64624  64627  64627  64644  64629  64618
 1026.077   649279   633.41   649926   631.80  64995  64994  64989  64990  64990  64984  65002  64990  64991  65001  64920  64926  64927  64927  64930  64933  64935  64920  64936  64925
 1031.077   652624   635.76   653275   633.91  65330  65328  65324  65325  65327  65318  65337  65325  65326  65335  65256  65260  65261  65260  65266  65269  65269  65254  65269  65260
 1036.077   655856   627.00   656509   626.60  65651  65651  65650  65650  65649  65642  65660  65648  65649  65659  65580  65583  65585  65584  65588  65594  65591  65578  65591  65582
 1041.077   658935   618.62   659519   621.21  65959  65958  65957  65957  65955  65950  65935  65956  65957  65935  65889  65889  65893  65893  65897  65901  65900  65885  65898  65890
 1046.082   662194   630.19   662842   628.34  66291  66290  66289  66289  66287  66283  66269  66287  66289  66268  66221  66221  66227  66225  66196  66234  66200  66218  66230  66222
 1051.077   665176   630.99   665795   631.43  66569  66569  66568  66600  66598  66594  66582  66566  66568  66581  66499  66532  66538  66503  66509  66513  66513  66530  66538  66501
 1056.077   668164   633.72   668844   632.82  66880  66881  66880  66880  66878  66903  66893  66878  66880  66891  66811  66811  66818  66815  66820  66825  66824  66809  66817  66814
 1061.078   671344   628.19   671989   625.84  67198  67197  67197  67197  67195  67190  67213  67194  67197  67211  67130  67127  67136  67134  67139  67142  67142  67127  67134  67133
 1066.078   674357   616.68   674975   618.66  67499  67498  67499  67499  67497  67491  67514  67495  67500  67483  67432  67427  67437  67436  67441  67443  67445  67427  67434  67435
 1071.077   677668   621.41   678244   625.87  67829  67827  67831  67829  67827  67822  67812  67824  67832  67811  67764  67758  67767  67767  67772  67776  67776  67757  67765  67766
 1076.077   680815   618.90   681437   616.98  68147  68147  68151  68147  68145  68141  68134  68143  68150  68132  68082  68076  68085  68084  68089  68093  68065  68075  68083  68083
 1081.078   683731   617.32   684445   618.36  68451  68451  68424  68452  68449  68446  68436  68447  68455  68434  68356  68381  68389  68356  68362  68397  68367  68379  68388  68356
 1086.077   686939   626.90   687629   626.09  68778  68748  68754  68779  68746  68774  68764  68774  68750  68762  68685  68709  68685  68682  68688  68693  68694  68707  68714  68682
 1091.077   690021   624.69   690618   623.14  69057  69061  69064  69058  69058  69055  69077  69053  69062  69073  68997  68989  68997  68993  68998  69005  69006  69017  69025  68994
 1096.077   693316   633.95   693976   635.32  69391  69397  69402  69394  69393  69390  69416  69386  69398  69409  69334  69323  69332  69327  69336  69341  69343  69319  69330  69331
 1101.078   696614   632.38   697244   635.34  69721  69728  69732  69723  69725  69720  69712  69716  69728  69739  69662  69653  69664  69658  69665  69672  69671  69648  69661  69660
 1106.077   699801   629.99   700398   632.24  70039  70047  70050  70040  70043  70039  70032  70035  70048  70025  69980  69972  69984  69977  69983  69991  69987  69968  69981  69978
 1111.077   702782   634.28   703475   630.56  70347  70354  70357  70349  70351  70347  70339  70343  70356  70332  70258  70279  70291  70284  70261  70298  70263  70275  70288  70285
 1116.077   705716   626.81   706420   626.14  70654  70629  70635  70655  70625  70654  70646  70649  70636  70637  70563  70585  70565  70556  70570  70572  70569  70581  70596  70559
 1121.077   708724   626.54   709371   628.22  70929  70935  70942  70931  70933  70929  70929  70957  70942  70944  70868  70894  70871  70864  70877  70878  70876  70861  70870  70865
 1126.077   711864   622.42   712514   620.77  71246  71253  71261  71248  71251  71246  71246  71241  71259  71263  71186  71178  71188  71181  71195  71196  71193  71178  71187  71182
 1131.077   715099   617.30   715750   618.01  71569  71577  71583  71570  71576  71571  71572  71565  71582  71585  71509  71502  71510  71504  71517  71521  71515  71502  71513  71506
 1136.077   718490   621.31   719149   623.42  71909  71918  71923  71909  71916  71910  71911  71903  71923  71927  71851  71839  71849  71842  71859  71859  71855  71839  71852  71845
 1141.077   721894   633.83   722556   636.04  72252  72261  72267  72254  72260  72254  72255  72248  72266  72239  72193  72183  72194  72186  72171  72203  72198  72182  72197  72187
 1146.077   724991   638.42   725625   637.35  72569  72579  72549  72570  72545  72570  72573  72566  72548  72556  72474  72501  72511  72501  72487  72523  72479  72497  72514  72504
 1151.077   728130   647.07   728827   647.71  72892  72870  72874  72893  72870  72891  72895  72888  72873  72881  72800  72824  72802  72823  72812  72815  72804  72821  72836  72793
 1156.077   731429   654.28   732160   653.55  73230  73205  73210  73231  73206  73228  73198  73226  73208  73218  73137  73161  73139  73127  73150  73151  73138  73159  73140  73127
 1161.077   734756   658.52   735425   659.13  73537  73545  73551  73536  73548  73535  73538  73532  73548  73555  73476  73466  73478  73466  73489  73490  73478  73465  73481  73467
 1166.077   738029   653.02   738701   652.15  73865  73872  73880  73863  73878  73861  73866  73858  73874  73884  73805  73791  73805  73793  73820  73817  73805  73791  73807  73795
 1171.077   741221   643.01   741895   644.42  74188  74196  74203  74186  74200  74185  74188  74182  74196  74171  74128  74113  74126  74116  74109  74138  74129  74114  74130  74118
 1176.077   744490   648.04   745143   652.91  74518  74527  74503  74517  74500  74515  74518  74513  74527  74505  74426  74444  74455  74445  74441  74467  74458  74445  74459  74450
 1181.077   747716   652.05   748369   650.57  74847  74826  74831  74845  74828  74845  74847  74842  74824  74834  74755  74773  74784  74774  74770  74795  74756  74775  74786  74748
 1186.077   750943   649.62   751660   647.84  75179  75153  75158  75176  75154  75176  75179  75172  75150  75163  75082  75104  75080  75105  75099  75091  75082  75106  75119  75075
 1191.077   754071   644.77   754823   645.27  75495  75474  75480  75495  75475  75493  75464  75489  75473  75485  75401  75421  75402  75388  75420  75413  75403  75423  75402  75398
 1196.077   757368   645.91   758020   646.24  75794  75807  75813  75795  75808  75793  75798  75789  75807  75816  75734  75752  75737  75722  75752  75747  75735  75723  75735  75731
