Test case: 
Description: 
	10 senders: persistent queues
	10 receivers: client acknowledge every 50 messages
Timestamp: 2011.11.1 23:4:9
Version: 
Setting up JMS benchmark connections... 

Start processing messages.
Thu Dec 01 23:04:09 EST 2011

  Seconds   Send   Send/Sec   Recv   Recv/Sec   RCV0   RCV1   RCV2   RCV3   RCV4   RCV5   RCV6   RCV7   RCV8   RCV9  SND10  SND11  SND12  SND13  SND14  SND15  SND16  SND17  SND18  SND19
  ------- -------- -------- -------- -------- ------ ------ ------ ------ ------ ------ ------ ------ ------ ------ ------ ------ ------ ------ ------ ------ ------ ------ ------ ------
    1.307        0     0.00        0     0.00      0      0      0      0      0      0      0      0      0      0      0      0      0      0      0      0      0      0      0      0
    6.307     1245   270.65     1242   270.00    124    124    125    124    124    124    124    124    125    124    126    123    126    124    124    123    126    125    123    125
   11.307     2964   303.20     2968   294.14    295    297    298    297    295    297    297    297    298    297    299    293    297    295    296    296    297    299    294    298
   16.307     4731   311.23     4576   312.12    472    456    456    456    456    456    456    456    456    456    474    472    472    472    472    472    474    476    473    474
   21.307     6378   325.41     6418   327.45    637    642    643    642    643    642    643    642    642    642    639    640    635    637    635    636    639    640    639    638
   26.308    11315   456.63    11592   437.85   1149   1154   1169   1160   1160   1162   1164   1157   1160   1157   1124   1160   1121   1124   1126   1119   1141   1134   1136   1130
   31.307    19872   668.41    20171   652.67   2007   2010   2030   2018   2018   2020   2022   2014   2018   2014   1975   2018   1980   1978   1981   1976   1994   1992   1989   1989
   36.307    28540   913.12    28859   897.45   2876   2880   2899   2887   2886   2890   2890   2881   2887   2883   2843   2883   2846   2851   2850   2839   2859   2858   2856   2855
   41.307    37383  1145.91    37628  1136.04   3762   3767   3692   3773   3773   3777   3775   3767   3773   3769   3729   3768   3728   3734   3733   3716   3747   3749   3741   3738
   46.307    46434  1390.30    46425  1386.11   4669   4673   4596   4681   4590   4595   4591   4674   4681   4675   4630   4672   4632   4643   4636   4618   4653   4657   4647   4646
   51.307    54350  1586.24    53939  1591.88   5375   5462   5394   5386   5388   5394   5389   5383   5386   5382   5424   5460   5425   5436   5427   5416   5443   5446   5437   5436
   56.307    62255  1689.59    61908  1688.51   6182   6186   6198   6190   6193   6198   6194   6189   6190   6188   6220   6184   6222   6235   6223   6216   6239   6244   6238   6234
   61.308    70052  1659.33    69669  1661.01   6958   6963   6974   6965   6970   6974   6971   6966   6965   6963   7001   6957   7005   7013   6999   7000   7017   7024   7022   7014
   66.307    77450  1619.13    77089  1618.46   7700   7705   7718   7705   7714   7718   7712   7707   7705   7705   7740   7700   7743   7755   7737   7743   7753   7766   7760   7753
   71.307    85404  1584.60    85015  1590.17   8488   8493   8515   8495   8512   8515   8512   8495   8495   8495   8537   8485   8539   8547   8532   8538   8550   8563   8558   8555
   76.307    92943  1543.02    92791  1555.91   9267   9272   9290   9273   9289   9293   9288   9273   9273   9273   9308   9261   9305   9317   9301   9303   9240   9331   9250   9327
   81.307   100635  1534.83   100472  1561.51  10035  10041  10056  10042  10057  10061  10053  10042  10042  10043  10076  10028  10077  10090  10069  10076  10006  10099  10017  10097
   86.307   108337  1541.11   108572  1560.74  10843  10851  10867  10851  10868  10872  10864  10852  10852  10852  10805  10837  10810  10900  10797  10886  10817  10828  10829  10828
   91.307   115879  1537.82   116281  1553.69  11615  11621  11638  11622  11639  11643  11634  11623  11623  11623  11574  11600  11581  11593  11572  11575  11589  11598  11597  11600
   96.307   123737  1553.26   124143  1568.76  12401  12406  12426  12409  12425  12429  12420  12408  12409  12410  12357  12387  12369  12376  12360  12363  12378  12382  12380  12385
  101.307   131636  1551.36   132059  1565.99  13192  13199  13217  13202  13215  13219  13212  13201  13201  13201  13144  13176  13160  13168  13150  13152  13167  13174  13168  13177
  106.307   139264  1554.40   139682  1550.44  13955  13958  13979  13965  13979  13981  13975  13964  13962  13964  13905  13937  13923  13933  13912  13909  13929  13942  13932  13942
  111.307   147191  1559.36   147653  1553.46  14751  14754  14778  14762  14778  14780  14775  14759  14757  14759  14699  14736  14718  14723  14701  14705  14721  14731  14724  14733
  116.307   154946  1561.58   155290  1544.50  15523  15528  15547  15533  15471  15548  15544  15532  15532  15532  15479  15507  15496  15498  15475  15480  15493  15508  15500  15510
  121.308   162544  1563.39   162671  1541.41  16283  16286  16234  16292  16232  16234  16234  16292  16292  16292  16235  16269  16255  16258  16235  16239  16252  16267  16265  16269
  126.307   170561  1568.62   170690  1546.24  17085  17088  17035  17094  17033  17037  17035  17094  17095  17094  17038  17071  17057  17059  17039  17042  17053  17065  17066  17071
  131.307   178277  1557.45   178383  1539.40  17855  17859  17804  17863  17801  17807  17803  17863  17864  17864  17807  17840  17836  17827  17812  17810  17825  17836  17837  17847
  136.307   186182  1556.09   186146  1548.68  18570  18652  18594  18655  18591  18597  18593  18656  18580  18658  18598  18637  18628  18614  18599  18600  18618  18624  18628  18636
  141.307   194013  1546.11   193766  1544.83  19355  19435  19380  19361  19377  19383  19379  19362  19367  19367  19384  19418  19413  19395  19382  19385  19398  19408  19409  19421
  146.307   201976  1555.17   201727  1558.29  20159  20162  20184  20165  20181  20187  20183  20166  20170  20170  20191  20144  20218  20197  20188  20185  20204  20214  20210  20225
  151.307   209972  1568.88   209733  1579.31  20960  20964  20983  20965  20981  20987  20983  20966  20972  20972  20993  20943  21014  20999  20985  20978  21004  21015  21016  21025
  156.307   218072  1566.54   217731  1578.56  21757  21764  21784  21762  21783  21790  21785  21762  21773  21771  21806  21745  21826  21808  21793  21791  21815  21824  21828  21836
  161.307   225843  1573.39   225589  1584.09  22543  22552  22567  22550  22568  22573  22570  22550  22559  22557  22581  22534  22599  22587  22571  22565  22591  22601  22603  22611
  166.307   233561  1577.28   233610  1592.75  23346  23354  23369  23352  23370  23376  23374  23351  23360  23358  23384  23335  23322  23387  23294  23368  23321  23404  23334  23412
  171.307   241433  1586.21   241726  1604.23  24158  24166  24180  24165  24180  24186  24185  24162  24172  24172  24194  24147  24136  24199  24101  24102  24127  24136  24147  24219
  176.308   249373  1590.56   249831  1605.59  24968  24976  24990  24976  24990  24995  24995  24973  24984  24984  24928  24959  24944  24935  24909  24911  24935  24940  24957  24955
  181.307   257036  1579.33   257518  1592.65  25738  25743  25758  25743  25760  25766  25766  25740  25752  25752  25694  25727  25710  25700  25676  25678  25701  25708  25721  25721
  186.307   265153  1579.90   265576  1595.34  26544  26550  26563  26550  26564  26571  26570  26550  26557  26557  26509  26536  26519  26511  26487  26487  26512  26522  26534  26536
  191.307   273204  1589.35   273601  1593.64  27347  27352  27365  27353  27367  27375  27373  27351  27359  27359  27315  27338  27325  27319  27293  27298  27314  27323  27339  27340
  196.307   281293  1601.74   281695  1595.74  28157  28161  28176  28162  28178  28182  28181  28161  28168  28169  28121  28149  28134  28128  28103  28106  28120  28136  28147  28149
  201.307   289179  1596.64   289656  1577.65  28951  28954  28974  28958  28977  28981  28979  28954  28963  28965  28906  28942  28923  28916  28889  28895  28911  28924  28935  28938
  206.307   297014  1596.13   297437  1571.60  29732  29736  29750  29737  29751  29755  29753  29737  29742  29744  29694  29719  29710  29701  29669  29676  29694  29711  29718  29722
  211.307   305115  1610.89   305309  1585.96  30542  30548  30557  30547  30561  30490  30488  30546  30551  30554  30501  30528  30518  30512  30479  30484  30507  30525  30527  30534
  216.307   313165  1606.04   313372  1586.24  31350  31353  31363  31353  31293  31297  31295  31350  31358  31360  31306  31332  31323  31320  31293  31285  31309  31331  31331  31335
  221.307   321219  1594.73   321350  1586.81  32155  32158  32094  32158  32098  32101  32099  32156  32165  32166  32111  32139  32131  32125  32097  32091  32116  32133  32136  32140
  226.307   328987  1574.13   328844  1573.02  32847  32940  32860  32940  32868  32871  32868  32938  32856  32856  32884  32922  32907  32898  32874  32867  32892  32910  32912  32921
  231.307   336967  1580.82   336899  1577.64  33658  33735  33671  33735  33677  33678  33679  33733  33667  33666  33687  33714  33703  33697  33674  33666  33686  33707  33712  33721
  236.308   344975  1586.61   344847  1588.36  34469  34469  34480  34469  34488  34488  34489  34542  34477  34476  34498  34442  34516  34508  34481  34476  34495  34514  34516  34529
  241.307   353103  1586.68   352894  1594.30  35281  35283  35292  35283  35299  35300  35300  35277  35289  35290  35314  35253  35326  35320  35291  35291  35307  35328  35332  35341
  246.307   361095  1580.66   360818  1592.20  36074  36073  36084  36073  36095  36094  36096  36066  36080  36083  36114  36044  36131  36120  36090  36092  36104  36127  36131  36142
  251.307   368875  1576.51   368686  1588.46  36859  36862  36869  36862  36881  36880  36881  36856  36867  36869  36895  36832  36905  36897  36867  36870  36878  36901  36908  36922
  256.307   376600  1587.56   376807  1609.44  37672  37675  37681  37675  37692  37692  37691  37670  37679  37680  37704  37647  37640  37706  37677  37681  37613  37638  37637  37657
  261.307   384521  1590.54   384877  1610.00  38479  38482  38487  38482  38498  38500  38498  38479  38485  38487  38512  38454  38450  38515  38409  38414  38420  38442  38444  38461
  266.307   392302  1585.09   392784  1599.55  39270  39269  39277  39270  39292  39293  39292  39269  39275  39277  39308  39243  39230  39223  39197  39199  39205  39229  39226  39242
  271.307   400008  1573.99   400484  1589.87  40040  40041  40047  40041  40059  40060  40060  40040  40046  40050  39998  40014  40011  40007  39976  39980  39987  40008  40002  40025
  276.307   408047  1575.52   408571  1592.33  40849  40851  40854  40851  40868  40869  40868  40850  40854  40857  40800  40818  40813  40809  40783  40784  40791  40810  40808  40831
  281.307   416133  1583.32   416670  1597.38  41658  41661  41663  41661  41679  41679  41680  41658  41664  41667  41609  41624  41620  41617  41593  41595  41600  41620  41615  41640
  286.307   424193  1594.53   424754  1585.50  42470  42469  42471  42469  42487  42486  42487  42466  42472  42477  42413  42434  42427  42425  42401  42399  42401  42427  42421  42445
  291.307   431980  1589.52   432591  1570.05  43255  43252  43251  43250  43275  43273  43273  43248  43255  43259  43189  43214  43207  43199  43179  43178  43178  43209  43196  43231
  296.307   440004  1598.19   440486  1577.52  44052  44050  44050  44048  43993  44068  44068  44047  44053  44057  43994  44011  44012  44006  43981  43983  43976  44013  43996  44032
  301.308   448027  1608.86   448366  1589.09  44855  44854  44853  44850  44797  44796  44796  44850  44856  44859  44797  44810  44816  44806  44788  44790  44773  44815  44799  44833
  306.307   456068  1601.28   456332  1587.75  45585  45659  45657  45653  45601  45600  45600  45654  45660  45663  45603  45614  45620  45610  45588  45597  45579  45618  45602  45637
  311.308   464055  1595.76   464345  1581.40  46378  46465  46464  46456  46395  46396  46394  46459  46467  46471  46399  46425  46416  46407  46385  46395  46377  46413  46399  46439
  316.307   471674  1578.02   471889  1571.51  47153  47229  47229  47222  47172  47176  47174  47221  47155  47158  47171  47112  47188  47176  47160  47163  47148  47179  47170  47207
  321.307   479822  1587.55   479882  1581.78  47970  47966  47966  48037  47986  47990  47988  48035  47970  47974  47982  47932  48000  47989  47974  47980  47965  47991  47984  48025
  326.307   487873  1583.36   487875  1587.62  48776  48773  48774  48767  48792  48796  48794  48843  48778  48782  48785  48739  48803  48797  48778  48786  48770  48796  48789  48830
  331.307   496041  1587.91   495963  1597.27  49592  49591  49592  49585  49606  49611  49609  49583  49595  49599  49605  49554  49625  49610  49594  49601  49582  49615  49610  49645
  336.307   503844  1579.03   503793  1592.65  50378  50371  50373  50364  50394  50398  50396  50360  50378  50381  50393  50336  50413  50402  50385  50387  50287  50402  50398  50441
  341.307   511630  1578.89   511718  1589.70  51169  51165  51168  51159  51183  51187  51185  51156  51172  51174  51178  51131  51195  51188  51165  51170  51083  51186  51183  51151
  346.307   530991  1932.89   530261  1950.64  53034  52999  53005  52979  53075  53079  53080  52968  53017  53025  53128  53015  53195  53149  53128  53162  52885  53182  53157  52990
  351.307   555102  2477.83   554166  2468.84  55424  55392  55400  55367  55466  55465  55470  55361  55408  55413  55557  55440  55615  55597  55568  55588  55329  55379  55582  55447
  356.307   578849  3019.90   578241  3008.12  57834  57795  57801  57776  57876  57871  57876  57776  57817  57819  57984  57864  57802  58018  57993  57774  57751  57780  58009  57874
  361.307   596782  3372.82   596037  3350.64  59599  59595  59598  59589  59618  59621  59621  59590  59603  59603  59718  59650  59692  59759  59714  59652  59589  59633  59640  59735
  366.307   604336  3366.85   603668  3343.49  60362  60356  60360  60350  60385  60387  60387  60350  60366  60365  60486  60414  60455  60524  60398  60414  60352  60398  60399  60496
  371.307   612058  3367.18   611504  3337.52  61147  61139  61144  61130  61170  61172  61173  61130  61149  61150  61271  61197  61237  61220  61173  61193  61131  61181  61182  61273
  376.307   619751  2978.62   619253  2970.97  61921  61916  61920  61906  61941  61944  61945  61907  61926  61927  61965  61969  62012  61998  61949  61972  61913  61961  61962  62050
  381.307   627414  2423.69   626919  2422.38  62688  62684  62687  62673  62707  62707  62710  62674  62694  62695  62729  62738  62779  62765  62715  62738  62676  62726  62733  62815
  386.307   635017  1882.35   634530  1868.69  63449  63446  63448  63435  63468  63468  63471  63434  63454  63457  63488  63500  63539  63524  63471  63497  63437  63489  63497  63575
  391.307   642836  1542.85   642193  1533.42  64230  64226  64229  64216  64175  64251  64178  64215  64235  64238  64272  64284  64319  64308  64256  64278  64218  64269  64280  64352
  396.307   650601  1549.97   649882  1538.02  65007  65001  65006  64994  64952  64951  64953  64992  65011  65015  65044  65059  65095  65082  65028  65059  64995  65047  65062  65130
  401.307   658230  1546.88   657499  1525.74  65769  65765  65766  65754  65714  65713  65716  65752  65773  65777  65809  65822  65859  65844  65792  65820  65758  65809  65821  65896
  406.307   665910  1543.83   665127  1523.99  66462  66536  66537  66526  66484  66484  66486  66522  66543  66547  66580  66594  66621  66616  66559  66589  66525  66574  66589  66663
  411.307   673681  1535.02   672744  1527.84  67240  67311  67313  67301  67261  67262  67263  67299  67244  67250  67357  67367  67397  67394  67336  67367  67303  67351  67364  67445
  416.307   681415  1539.41   680427  1532.43  68017  68088  68014  68079  68037  68039  68039  68073  68017  68024  68135  68140  68165  68166  68109  68141  68076  68124  68139  68220
  421.307   695001  1701.30   693657  1702.71  69306  69500  69272  69475  69356  69349  69351  69459  69287  69302  69495  69324  69545  69530  69458  69530  69455  69530  69517  69617
  426.308   719915  2275.57   717713  2259.73  71738  71690  71700  71907  71788  71774  71784  71895  71707  71730  71981  71828  72025  72038  71942  72032  71934  72028  72004  72103
  431.307   744810  2855.44   742112  2822.89  74177  74131  74140  74351  74227  74212  74222  74328  74152  74172  74461  74315  74509  74544  74434  74525  74418  74513  74496  74595
  436.307   769759  3418.71   766617  3389.51  76626  76586  76591  76801  76679  76662  76670  76776  76603  76623  76949  76813  76998  77036  76937  77025  76933  77002  76991  77075
  441.307   794634  3983.62   790967  3950.64  79058  79017  79023  79238  79111  79098  79103  79221  79041  79057  79453  79290  79473  79516  79429  79534  79422  79476  79482  79559
  446.307   819734  4564.53   815486  4515.77  81511  81469  81473  81692  81563  81550  81555  81671  81493  81509  81963  81790  81997  82014  81932  82056  81932  81988  82001  82061
  451.307   844600  4944.13   839525  4886.58  83937  83898  83901  83873  83996  83977  83983  84099  83921  83940  84439  84293  84492  84504  84411  84553  84425  84458  84479  84546
  456.307   860824  4705.56   856114  4641.97  85598  85598  85595  85590  85626  85619  85618  85655  85605  85610  86069  86014  86099  86119  86040  86163  86025  86059  86086  86150
  461.307   868324  4124.46   863636  4075.40  86359  86356  86352  86350  86387  86380  86379  86341  86363  86369  86827  86770  86854  86878  86797  86919  86783  86818  86844  86834
  466.307   875762  3542.05   871219  3502.38  87117  87114  87110  87106  87146  87139  87138  87098  87122  87129  87586  87530  87613  87639  87553  87604  87540  87502  87604  87591
  471.307   883399  2967.85   879005  2946.41  87893  87894  87890  87884  87928  87916  87918  87876  87901  87905  88369  88307  88395  88419  88334  88382  88243  88277  88304  88369
  476.307   891173  2389.70   886870  2387.65  88681  88680  88677  88672  88710  88701  88704  88663  88688  88694  89154  89093  89104  89204  89119  89171  89026  89060  89089  89153
  481.307   898797  1810.95   894506  1832.32  89443  89443  89441  89437  89474  89466  89467  89427  89450  89458  89916  89864  89864  89965  89879  89934  89789  89822  89851  89913
  486.308   906264  1522.37   902123  1531.36  90205  90204  90203  90198  90236  90230  90228  90188  90211  90220  90673  90620  90627  90647  90642  90699  90553  90588  90616  90675
  491.307   913887  1528.96   909841  1535.20  90980  90977  90976  90968  91007  91001  90999  90957  90984  90992  91365  91393  91399  91419  91336  91469  91321  91355  91384  91446
  496.307   921645  1537.11   917532  1538.89  91756  91753  91750  91745  91708  91779  91777  91736  91760  91768  92136  92171  92173  92196  92113  92247  92099  92134  92156  92220
  501.307   929269  1536.80   925002  1530.89  92520  92515  92514  92506  92472  92465  92461  92498  92521  92530  92902  92930  92934  92960  92876  93007  92861  92898  92920  92981
  506.307   936839  1529.90   932578  1521.14  93277  93272  93272  93263  93231  93224  93218  93254  93279  93288  93660  93688  93688  93717  93634  93764  93619  93657  93675  93737
  511.307   944575  1533.19   940250  1520.30  93972  94050  94051  94041  94001  93993  93988  94032  94056  94066  94427  94466  94462  94485  94404  94543  94394  94433  94448  94513
  516.308   952321  1532.60   947930  1524.28  94755  94823  94825  94813  94780  94771  94766  94805  94828  94764  95203  95236  95240  95261  95180  95310  95172  95205  95225  95289
  521.307   959904  1534.28   955533  1520.72  95517  95584  95585  95573  95539  95533  95526  95564  95588  95524  95960  95997  95993  96019  95938  96070  95934  95963  95984  96046
  526.307   967470  1522.87   963029  1516.66  96274  96342  96266  96332  96295  96290  96283  96321  96345  96281  96717  96754  96748  96773  96697  96827  96691  96721  96738  96804
  531.307   975379  1534.87   970857  1533.72  97072  97065  97064  97131  97093  97087  97080  97118  97067  97080  97515  97476  97546  97572  97495  97623  97494  97519  97537  97602
  536.307   983424  1547.80   978906  1549.44  97876  97870  97869  97936  97898  97893  97886  97923  97872  97883  98323  98279  98351  98375  98300  98426  98298  98322  98341  98409
  541.307   991264  1543.15   986632  1553.49  98655  98650  98648  98637  98680  98674  98666  98710  98651  98661  99106  99054  99136  99160  99086  99210  99086  99108  99121  99197
  546.307   998971  1542.94   994403  1554.48  99433  99431  99428  99416  99453  99450  99442  99480  99430  99440  99876  99834  99905  99928  99858  99979  99858  99875  99889  99969
  551.307  1006786  1558.17  1002367  1566.63 100238 100235 100231 100218 100257 100255 100247 100209 100233 100244 100680 100639 100710 100732 100663 100707 100663 100603 100694 100695
  556.307  1014768  1572.08  1010335  1577.42 101035 101031 101028 101014 101053 101053 101044 101006 101031 101040 101480 101439 101508 101528 101461 101505 101462 101400 101492 101493
  561.307  1022625  1570.84  1018276  1579.26 101833 101822 101820 101804 101850 101850 101844 101796 101823 101834 102280 102232 102306 102327 102253 102296 102173 102187 102286 102285
  566.307  1030197  1559.46  1025921  1567.62 102595 102590 102586 102573 102612 102612 102605 102562 102588 102598 103042 102999 102991 103089 103016 103063 102939 102957 103048 103053
  571.307  1038144  1565.54  1033947  1575.10 103399 103390 103387 103377 103414 103416 103409 103364 103389 103402 103845 103802 103794 103893 103818 103867 103742 103755 103771 103857
  576.307  1046115  1576.95  1041991  1584.50 104203 104195 104193 104182 104218 104219 104213 104169 104194 104205 104648 104608 104599 104695 104546 104670 104545 104559 104581 104664
  581.307  1053991  1581.56  1050028  1584.35 105006 104998 104997 104987 105021 105024 105019 104972 104997 105007 105374 105411 105400 105428 105344 105474 105349 105363 105383 105465
  586.308  1061688  1571.58  1057620  1568.79 105786 105774 105773 105761 105801 105714 105710 105743 105772 105786 106143 106183 106170 106195 106111 106240 106119 106137 106153 106237
  591.307  1069567  1572.77  1065316  1568.51 106490 106558 106555 106547 106505 106506 106503 106530 106556 106566 106938 106969 106954 106989 106901 107024 106906 106920 106941 107025
  596.307  1077595  1588.02  1073341  1581.21 107293 107361 107357 107348 107307 107310 107306 107333 107358 107368 107742 107770 107753 107793 107706 107828 107712 107723 107746 107822
  601.307  1085621  1588.17  1081372  1578.84 108096 108163 108159 108151 108111 108113 108110 108137 108161 108171 108544 108574 108559 108595 108510 108629 108514 108522 108545 108629
  606.307  1093493  1581.29  1089267  1572.20 108884 108955 108951 108940 108899 108901 108896 108924 108953 108964 109329 109367 109347 109381 109294 109419 109301 109309 109331 109415
  611.307  1101273  1576.51  1096964  1562.32 109662 109730 109728 109716 109679 109680 109677 109703 109729 109660 110106 110145 110128 110165 110073 110193 110079 110083 110109 110192
  616.307  1109306  1585.25  1105004  1577.30 110466 110534 110532 110520 110483 110484 110480 110507 110533 110465 110909 110948 110929 110969 110875 110996 110883 110885 110915 110997
  621.307  1117279  1588.59  1112827  1589.33 111271 111263 111260 111327 111289 111289 111284 111311 111262 111271 111716 111677 111732 111773 111682 111806 111688 111687 111719 111799
  626.307  1125225  1578.05  1120757  1585.54 112064 112053 112049 112124 112083 112083 112079 112106 112053 112063 112509 112471 112527 112568 112477 112602 112482 112483 112515 112591
  631.307  1132833  1566.07  1128293  1571.91 112825 112816 112812 112807 112842 112842 112839 112868 112816 112826 113267 113235 113287 113326 113235 113364 113244 113245 113273 113357
  636.307  1146970  1719.33  1141721  1752.11 114185 114124 114121 114096 114210 114209 114209 114289 114125 114153 114668 114553 114703 114741 114649 114808 114671 114695 114682 114800
  641.307  1171822  2290.70  1165976  2307.65 116610 116549 116549 116516 116638 116636 116635 116716 116550 116577 117159 117026 117187 117223 117121 117311 117145 117208 117154 117288
  646.307  1191006  2718.52  1185427  2696.21 118538 118529 118530 118522 118556 118553 118551 118579 118528 118541 119098 119043 119080 119167 119053 119190 119042 119100 119077 119156
  651.307  1198491  2704.50  1193046  2680.30 119300 119289 119289 119280 119320 119317 119315 119349 119287 119300 119866 119797 119848 119929 119823 119868 119810 119869 119844 119837
  656.307  1206285  2705.00  1200872  2678.32 120090 120081 120081 120074 120109 120105 120103 120056 120080 120093 120648 120592 120635 120716 120605 120662 120593 120576 120628 120630
  661.307  1213798  2704.09  1208467  2680.34 120849 120840 120840 120835 120869 120865 120862 120815 120840 120852 121406 121350 121394 121475 121365 121423 121276 121334 121387 121388
  666.307  1221399  2484.70  1216071  2484.80 121609 121599 121600 121595 121630 121625 121623 121577 121601 121612 122170 122107 122153 122231 122122 122185 122038 122094 122148 122151
  671.307  1228973  1912.75  1223886  1930.64 122390 122380 122383 122376 122411 122405 122403 122359 122384 122395 122948 122888 122855 123013 122829 122962 122818 122874 122852 122934
  676.307  1236814  1532.13  1231722  1540.52 123174 123162 123165 123159 123196 123190 123188 123143 123167 123178 123728 123675 123638 123799 123614 123749 123602 123658 123636 123715
  681.307  1244323  1532.85  1239317  1537.28 123934 123923 123925 123919 123954 123949 123945 123903 123928 123937 124407 124435 124396 124557 124375 124507 124359 124419 124394 124474
  686.307  1251881  1527.30  1246838  1528.31 124705 124690 124694 124687 124640 124635 124716 124669 124696 124706 125168 125204 125159 125244 125139 125268 125123 125185 125151 125240
  691.307  1259795  1540.97  1254642  1534.23 125488 125476 125479 125477 125434 125429 125425 125459 125483 125492 125961 125992 125953 126039 125932 126056 125916 125969 125946 126031
  696.307  1267406  1541.28  1262175  1534.43 126173 126237 126241 126238 126194 126190 126187 126220 126244 126251 126726 126752 126715 126800 126693 126818 126678 126727 126707 126790
  701.307  1275153  1541.83  1269921  1531.96 126947 127011 127015 127012 126969 126964 126961 126997 127018 127027 127503 127525 127489 127576 127466 127589 127453 127503 127482 127567
  706.308  1282902  1536.38  1277691  1526.95 127723 127788 127794 127790 127745 127741 127737 127773 127796 127804 128279 128302 128262 128349 128240 128365 128230 128276 128256 128343
  711.307  1290548  1538.37  1285234  1528.21 128486 128549 128554 128551 128507 128503 128499 128538 128556 128491 129046 129064 129025 129113 129007 129128 128995 129040 129021 129109
  716.307  1298284  1542.17  1292978  1535.76 129261 129323 129327 129326 129281 129278 129274 129312 129331 129265 129820 129836 129803 129886 129782 129901 129768 129814 129796 129878
  721.307  1306039  1536.34  1300725  1536.28 130043 130105 130108 130108 130062 130060 130057 130096 130038 130048 130603 130543 130581 130665 130566 130682 130552 130599 130581 130667
  726.307  1313609  1530.10  1308163  1538.22 130801 130863 130793 130792 130821 130820 130816 130853 130798 130806 131359 131304 131337 131425 131323 131436 131310 131354 131337 131424
  731.307  1321378  1531.07  1315875  1539.53 131580 131567 131570 131570 131600 131599 131596 131632 131577 131584 132132 132078 132111 132204 132100 132216 132088 132134 132114 132201
  736.307  1329060  1533.66  1323711  1541.78 132365 132349 132353 132354 132383 132383 132382 132414 132360 132368 132916 132858 132898 132987 132884 132925 132871 132918 132894 132909
  741.308  1336585  1529.92  1331246  1538.98 133126 133108 133114 133115 133144 133143 133145 133101 133120 133130 133674 133622 133653 133749 133647 133685 133632 133605 133650 133668
  746.307  1344298  1526.26  1338941  1533.78 133896 133874 133883 133882 133915 133917 133921 133866 133888 133899 134451 134391 134428 134523 134426 134449 134406 134368 134423 134433
  751.307  1352068  1531.98  1346834  1537.11 134683 134667 134675 134674 134701 134700 134705 134661 134679 134689 135234 135179 135206 135306 135206 135240 135110 135161 135201 135225
  756.307  1359615  1533.56  1354458  1543.39 135445 135431 135438 135436 135464 135461 135468 135423 135441 135451 135997 135939 135969 136067 135892 136001 135872 135922 135966 135990
  761.307  1367263  1536.98  1362364  1545.94 136236 136221 136229 136226 136255 136252 136259 136212 136232 136242 136706 136730 136678 136855 136679 136788 136660 136711 136674 136782
  766.307  1374894  1535.54  1369983  1540.10 136997 136984 136991 136987 137016 137014 137021 136976 136995 137002 137475 137489 137439 137618 137443 137552 137424 137473 137436 137545
  771.307  1382900  1549.15  1377924  1553.74 137799 137785 137793 137789 137818 137815 137745 137779 137797 137804 138279 138293 138240 138417 138244 138351 138221 138277 138234 138344
  776.307  1390844  1559.41  1385947  1562.13 138601 138588 138596 138592 138620 138617 138547 138582 138599 138605 139083 139094 139040 139142 139046 139151 139024 139079 139038 139147
  781.307  1398533  1556.48  1393516  1552.21 139382 139359 139368 139363 139312 139308 139319 139353 139372 139380 139852 139865 139807 139909 139813 139925 139792 139848 139806 139916
  786.307  1406300  1558.96  1401212  1556.21 140077 140136 140144 140141 140094 140091 140097 140130 140148 140154 140630 140637 140586 140688 140591 140703 140565 140627 140581 140692
  791.307  1414300  1565.47  1409231  1557.32 140880 140938 140947 140944 140895 140892 140899 140932 140949 140955 141430 141436 141390 141485 141391 141503 141364 141425 141384 141492
  796.307  1422379  1583.12  1417310  1572.75 141688 141747 141754 141752 141702 141699 141707 141741 141758 141762 142237 142242 142199 142294 142197 142308 142176 142234 142191 142301
  801.307  1430272  1577.65  1425204  1571.91 142483 142548 142553 142551 142497 142493 142503 142541 142558 142477 143033 142956 142996 143088 142994 143107 142974 143035 142989 143100
  806.308  1437889  1568.72  1432760  1560.84 143250 143308 143314 143310 143263 143258 143268 143299 143243 143247 143795 143726 143761 143853 143752 143865 143733 143794 143755 143855
  811.307  1445889  1571.17  1440691  1575.47 144051 144107 144037 144109 144065 144061 144071 144100 144043 144047 144594 144522 144567 144655 144554 144661 144531 144594 144556 144655
  816.307  1453861  1575.40  1448521  1584.97 144849 144830 144835 144832 144863 144858 144870 144898 144842 144844 145393 145316 145367 145452 145353 145455 145328 145387 145358 145452
  821.307  1461791  1575.74  1456528  1582.05 145650 145630 145637 145632 145662 145658 145672 145699 145642 145646 146191 146119 146169 146251 146154 146182 146127 146187 146161 146250
  826.307  1469375  1562.01  1464168  1569.40 146428 146397 146405 146398 146438 146433 146449 146390 146414 146416 146970 146890 146946 147034 146927 146950 146905 146880 146934 146939
  831.307  1477205  1559.70  1472029  1563.72 147210 147187 147194 147187 147220 147216 147231 147180 147201 147203 147750 147677 147725 147811 147706 147741 147684 147670 147715 147726
  836.307  1485100  1571.63  1480004  1575.42 148007 147984 147990 147984 148018 148014 148029 147977 148001 148000 148549 148474 148523 148608 148499 148535 148411 148466 148511 148524
  841.307  1493049  1569.63  1487956  1575.84 148803 148778 148784 148780 148812 148809 148824 148772 148798 148796 149342 149268 149316 149402 149296 149329 149211 149262 149302 149321
  846.308  1500967  1568.66  1495959  1579.70 149608 149574 149581 149576 149615 149612 149629 149569 149598 149597 150059 150070 150123 150206 150099 150123 150004 150055 150110 150118
  851.307  1508403  1561.63  1503545  1567.50 150369 150345 150351 150346 150378 150375 150313 150339 150366 150363 150828 150833 150805 150969 150784 150895 150777 150826 150794 150892
  856.307  1516438  1576.66  1511577  1578.24 151170 151147 151156 151149 151181 151179 151116 151144 151169 151166 151632 151635 151611 151770 151585 151697 151579 151632 151603 151694
  861.307  1524397  1578.66  1519552  1582.18 151966 151946 151954 151947 151979 151977 151913 151942 151965 151963 152430 152430 152408 152563 152382 152493 152374 152429 152399 152489
  866.308  1532284  1580.54  1527545  1578.72 152765 152745 152752 152746 152779 152777 152710 152742 152766 152763 153223 153225 153208 153283 153179 153292 153168 153230 153191 153285
  871.307  1539876  1568.69  1534997  1567.65 153530 153504 153513 153504 153460 153457 153471 153501 153531 153526 153984 153991 153969 154040 153940 154051 153925 153984 153950 154042
  876.307  1547853  1565.79  1542881  1564.55 154244 154301 154309 154301 154259 154255 154269 154299 154324 154320 154783 154785 154766 154836 154737 154850 154722 154781 154753 154840
  881.307  1555861  1584.90  1550896  1573.76 155044 155103 155111 155103 155060 155057 155070 155101 155126 155121 155580 155583 155562 155637 155541 155654 155526 155578 155556 155644
  886.308  1563819  1579.87  1558796  1571.88 155843 155900 155908 155900 155858 155855 155867 155899 155848 155918 156380 156377 156356 156437 156329 156454 156324 156373 156351 156438
  891.307  1571569  1568.12  1566550  1562.21 156613 156678 156688 156677 156630 156628 156642 156678 156617 156699 157152 157159 157130 157210 157104 157232 157094 157148 157124 157216
  896.308  1579394  1568.37  1574304  1559.08 157401 157457 157466 157457 157418 157414 157426 157459 157406 157400 157939 157935 157913 157995 157892 158015 157878 157929 157909 157989
  901.307  1587347  1580.40  1582338  1578.56 158204 158262 158269 158261 158221 158217 158230 158262 158209 158203 158740 158661 158719 158796 158692 158817 158680 158733 158710 158799
  906.308  1595268  1575.86  1590257  1582.30 159004 159061 158992 159061 159021 159017 159031 159062 159007 159001 159542 159460 159517 159595 159494 159544 159476 159530 159510 159600
  911.307  1603213  1567.85  1598106  1575.20 159796 159859 159779 159859 159813 159810 159827 159773 159798 159792 160336 160248 160315 160390 160286 160328 160277 160330 160303 160400
  916.308  1610813  1559.31  1605669  1567.90 160559 160541 160548 160616 160578 160574 160588 160544 160563 160558 161097 161010 161075 161149 161049 161096 161032 161088 161062 161155
  921.307  1618686  1568.32  1613614  1576.74 161361 161343 161350 161343 161381 161377 161390 161346 161364 161359 161900 161808 161879 161952 161850 161903 161831 161817 161866 161880
  926.307  1626641  1570.05  1621574  1578.61 162157 162138 162148 162138 162176 162173 162187 162143 162160 162154 162695 162600 162678 162750 162646 162701 162624 162610 162664 162673
  931.307  1634518  1570.03  1629536  1573.22 162953 162934 162946 162934 162972 162969 162982 162938 162957 162951 163491 163397 163473 163548 163440 163495 163344 163404 163459 163467
  936.307  1641906  1559.18  1637192  1563.44 163720 163696 163708 163695 163743 163740 163751 163699 163725 163715 164174 164166 164155 164320 164206 164253 164099 164165 164142 164226
  941.307  1649847  1559.87  1645105  1564.53 164508 164491 164501 164491 164531 164528 164538 164495 164515 164507 164975 164957 164950 165110 164993 165047 164899 164956 164942 165018
  946.307  1657832  1572.80  1653017  1578.84 165309 165289 165300 165289 165329 165327 165262 165294 165313 165305 165775 165755 165748 165911 165789 165847 165700 165752 165742 165813
  951.307  1665782  1572.75  1660986  1579.53 166104 166085 166098 166085 166126 166125 166057 166093 166110 166103 166572 166552 166541 166709 166583 166644 166491 166549 166537 166604
  956.307  1673207  1560.10  1668406  1563.96 166862 166843 166853 166842 166809 166806 166813 166849 166868 166861 167329 167312 167298 167390 167263 167400 167252 167308 167292 167363
  961.307  1680790  1547.68  1676000  1546.51 167623 167602 167612 167600 167568 167565 167575 167608 167626 167621 168086 168071 168057 168148 168020 168155 168012 168063 168054 168124
  966.308  1688388  1554.77  1683532  1544.83 168308 168364 168372 168359 168328 168327 168336 168368 168387 168383 168846 168831 168818 168913 168780 168915 168769 168822 168811 168883
  971.307  1696142  1547.97  1691300  1536.29 169083 169143 169151 169135 169100 169099 169108 169149 169167 169165 169621 169612 169593 169683 169553 169695 169543 169601 169584 169657
  976.307  1703873  1532.40  1699021  1531.16 169858 169913 169921 169907 169876 169875 169885 169918 169935 169933 170398 170382 170371 170460 170329 170464 170317 170371 170354 170427
  981.307  1711449  1519.83  1706547  1516.14 170617 170674 170681 170668 170636 170635 170645 170678 170620 170693 171154 171139 171128 171219 171085 171222 171077 171130 171110 171185
  986.307  1718960  1525.17  1714064  1521.85 171376 171434 171439 171429 171396 171394 171404 171437 171379 171376 171911 171821 171887 171980 171846 171980 171836 171891 171866 171942
  991.307  1726766  1523.00  1721862  1527.47 172151 172219 172223 172213 172171 172174 172186 172221 172153 172151 172693 172599 172667 172760 172624 172760 172618 172677 172645 172723
  996.307  1734305  1525.62  1729505  1529.95 172917 172980 172982 172973 172938 172940 172949 172981 172923 172922 173455 173366 173428 173522 173388 173444 173376 173440 173404 173482
 1001.307  1741870  1519.48  1736846  1523.37 173674 173661 173664 173729 173696 173695 173707 173661 173679 173680 174214 174122 174183 174278 174142 174200 174130 174196 174163 174242
 1006.307  1749463  1514.30  1744435  1518.79 174433 174420 174424 174488 174453 174453 174467 174421 174438 174438 174972 174882 174947 175036 174899 174958 174887 174958 174923 175001
 1011.307  1757231  1515.77  1752277  1525.77 175220 175198 175206 175278 175239 175241 175256 175199 175220 175220 175757 175656 175735 175823 175689 175737 175677 175658 175706 175793
 1016.307  1764727  1523.19  1759870  1529.60 175986 175968 175980 175961 176005 176004 176019 175970 175989 175988 176520 176425 176495 176585 176453 176510 176361 176433 176467 176478
 1021.307  1772314  1515.57  1767469  1520.30 176746 176729 176740 176721 176765 176763 176781 176731 176747 176746 177280 177184 177254 177346 177212 177268 177119 177190 177227 177234
 1026.307  1779777  1518.21  1775088  1519.41 177508 177491 177500 177483 177528 177526 177542 177494 177508 177508 178042 177947 177938 178109 177971 178028 177880 177951 177913 177998
 1031.307  1787509  1526.16  1782842  1535.42 178294 178271 178283 178262 178315 178313 178246 178275 178292 178291 178744 178730 178717 178896 178754 178807 178661 178729 178691 178780
 1036.307  1795320  1533.52  1790652  1540.44 179073 179055 179064 179045 179093 179091 179030 179058 179071 179072 179525 179509 179500 179670 179533 179586 179445 179512 179474 179566
 1041.307  1802797  1524.03  1798216  1528.99 179830 179811 179821 179802 179847 179848 179785 179814 179829 179829 180277 180269 180258 180349 180288 180341 180200 180265 180232 180318
 1046.307  1810393  1527.32  1805748  1526.85 180591 180572 180582 180561 180606 180535 180546 180576 180590 180589 181035 181030 181019 181108 181047 181103 180958 181023 180992 181078
 1051.307  1818079  1533.27  1813356  1529.82 181293 181348 181356 181337 181307 181310 181323 181353 181365 181364 181810 181807 181797 181880 181748 181880 181735 181801 181766 181855
 1056.308  1825818  1539.98  1821094  1531.13 182068 182122 182129 182109 182082 182084 182096 182128 182138 182138 182583 182584 182571 182654 182523 182654 182508 182570 182541 182630
 1061.307  1833426  1533.27  1828702  1526.29 182830 182883 182889 182869 182844 182846 182856 182888 182899 182898 183341 183344 183332 183413 183283 183415 183271 183334 183302 183391
 1066.307  1841049  1524.13  1836319  1519.63 183592 183645 183650 183632 183605 183607 183618 183649 183661 183660 184105 184103 184095 184169 184043 184180 184032 184098 184069 184155
 1071.307  1848843  1532.58  1844131  1525.47 184375 184423 184431 184413 184387 184390 184399 184433 184440 184440 184885 184880 184874 184952 184820 184957 184813 184877 184850 184935
 1076.307  1856509  1532.33  1851726  1532.84 185150 185198 185205 185187 185161 185164 185175 185207 185139 185140 185661 185580 185648 185724 185591 185731 185586 185653 185624 185711
 1081.307  1864082  1528.32  1859229  1531.74 185907 185956 185963 185945 185919 185924 185931 185891 185896 185897 186418 186340 186405 186482 186348 186488 186342 186412 186381 186466
 1086.307  1871532  1518.74  1866689  1522.43 186661 186708 186640 186697 186672 186681 186685 186644 186651 186650 187171 187088 187159 187235 187103 187168 187091 187166 187135 187216
 1091.307  1879305  1524.41  1874471  1525.82 187439 187488 187418 187473 187450 187458 187461 187424 187430 187430 187947 187867 187938 188008 187881 187942 187872 187946 187911 187993
 1096.307  1887003  1526.71  1882161  1530.57 188216 188189 188195 188250 188228 188234 188236 188200 188206 188207 188724 188644 188713 188791 188660 188718 188649 188647 188689 188768
 1101.307  1894529  1520.44  1889772  1521.41 188978 188950 188955 189011 188988 188996 188996 188963 188967 188968 189486 189404 189472 189550 189417 189478 189336 189406 189449 189531
 1106.308  1902139  1516.01  1897388  1519.63 189739 189712 189716 189771 189748 189758 189755 189726 189731 189732 190246 190167 190235 190309 190178 190240 190097 190166 190212 190289
 1111.307  1909748  1521.93  1905136  1527.47 190515 190486 190492 190545 190523 190533 190532 190501 190504 190505 191023 190943 190935 191088 190951 191014 190873 190944 190985 190992
 1116.307  1917428  1532.32  1912823  1537.79 191291 191262 191267 191246 191300 191308 191307 191278 191282 191282 191798 191719 191709 191868 191725 191787 191646 191718 191688 191770
 1121.307  1925023  1526.59  1920421  1531.83 192050 192023 192026 192005 192058 192069 192066 192038 192043 192043 192556 192476 192468 192626 192483 192547 192405 192480 192449 192533
 1126.307  1932501  1521.83  1927836  1520.19 192806 192779 192783 192761 192815 192749 192748 192796 192800 192799 193235 193233 193226 193383 193236 193299 193162 193234 193207 193286
 1131.307  1940426  1535.10  1935851  1533.56 193608 193581 193584 193563 193617 193551 193549 193597 193601 193600 194034 194031 194028 194108 194036 194098 193965 194035 194006 194085
 1136.307  1948349  1545.66  1943719  1544.51 194326 194374 194378 194357 194411 194346 194344 194392 194396 194395 194831 194823 194821 194899 194827 194892 194758 194828 194795 194875
 1141.307  1956011  1549.40  1951408  1543.66 195098 195156 195156 195133 195107 195117 195115 195172 195177 195177 195601 195601 195598 195666 195519 195667 195536 195608 195565 195650
 1146.307  1968829  1707.79  1964224  1683.56 196330 196462 196462 196396 196323 196359 196354 196514 196515 196509 196847 196942 196877 196908 196738 196982 196831 196927 196839 196938
 1151.307  1980382  1850.11  1975502  1835.58 197513 197562 197563 197544 197522 197530 197529 197581 197579 197579 198039 198029 198032 198112 197974 198102 197966 198044 198002 198082
 1156.307  1988386  1865.36  1983511  1855.63 198313 198362 198362 198346 198323 198330 198334 198381 198380 198380 198839 198828 198834 198915 198774 198902 198764 198845 198803 198882
 1161.307  1996329  1860.63  1991292  1851.37 199103 199159 199160 199144 199114 199121 199127 199092 199093 199179 199632 199626 199627 199705 199563 199700 199560 199640 199593 199683
 1166.307  2003967  1851.24  1998868  1843.09 199871 199920 199922 199906 199882 199888 199892 199862 199863 199862 200401 200386 200391 200471 200331 200465 200321 200402 200353 200446
 1171.307  2011929  1861.34  2006830  1852.21 200666 200717 200719 200703 200678 200684 200687 200658 200659 200659 201199 201186 201184 201269 201128 201259 201118 201195 201149 201242
 1176.307  2019891  1698.36  2014871  1691.98 201471 201520 201524 201508 201482 201487 201491 201463 201463 201462 202002 201916 201991 202075 201928 202063 201920 201999 201954 202043
 1181.307  2028007  1579.18  2022912  1582.73 202283 202334 202259 202320 202293 202297 202302 202274 202276 202274 202813 202731 202804 202885 202736 202876 202731 202809 202765 202857
 1186.307  2035465  1565.77  2030432  1566.34 203042 203013 203018 203087 203050 203061 203065 203031 203033 203032 203574 203491 203567 203644 203498 203558 203499 203488 203526 203620
 1191.307  2043267  1567.72  2038411  1571.21 203839 203813 203819 203878 203849 203856 203860 203832 203833 203832 204368 204296 204357 204440 204292 204358 204211 204292 204317 204336
 1196.307  2051244  1576.50  2046400  1582.50 204638 204611 204618 204678 204649 204654 204659 204632 204632 204629 205163 205095 205158 205238 205093 205157 205009 205086 205112 205133
