Test case: 
Description: 
	10 senders: persistent queues
	10 receivers: client acknowledge every 50 messages
Timestamp: 2011.11.1 23:4:9
Version: 
Setting up JMS benchmark connections... 

Start processing messages.
Thu Dec 01 23:04:09 EST 2011

  Seconds   Send   Send/Sec   Recv   Recv/Sec   RCV0   RCV1   RCV2   RCV3   RCV4   RCV5   RCV6   RCV7   RCV8   RCV9  SND10  SND11  SND12  SND13  SND14  SND15  SND16  SND17  SND18  SND19
  ------- -------- -------- -------- -------- ------ ------ ------ ------ ------ ------ ------ ------ ------ ------ ------ ------ ------ ------ ------ ------ ------ ------ ------ ------
    1.004        0     0.00        0     0.00      0      0      0      0      0      0      0      0      0      0      0      0      0      0      0      0      0      0      0      0
    6.004     1190   258.64     1191   258.86    119    119    119    119    119    119    119    119    119    120    118    119    120    119    118    119    119    119    120    119
   11.004     2859   286.77     2905   285.73    292    292    292    292    292    292    292    292    292    277    292    292    294    275    276    292    293    276    292    277
   16.004     4525   309.93     4518   309.45    452    451    453    451    452    451    451    451    453    453    453    451    454    450    454    455    453    452    451    452
   21.004     6337   320.26     6352   321.22    634    634    639    634    634    634    634    631    639    639    634    631    634    631    636    639    634    633    631    634
   26.004    11015   428.19    10868   429.13   1101   1101   1052   1106   1104   1106   1106   1089   1051   1052   1100   1093   1098   1104   1130   1065   1108   1096   1094   1127
   31.004    19456   636.66    19383   637.20   1952   1952   1903   1957   1955   1957   1957   1943   1903   1904   1950   1944   1949   1956   1901   1918   1959   1947   1949   1983
   36.004    28061   881.91    28066   884.83   2820   2820   2773   2826   2824   2826   2825   2806   2774   2772   2821   2808   2817   2825   2766   2790   2833   2816   2816   2769
   41.004    36911  1121.65    36882  1119.30   3702   3702   3656   3707   3704   3710   3704   3690   3654   3653   3705   3690   3702   3708   3652   3676   3718   3701   3705   3654
   46.004    45972  1369.53    45944  1368.96   4608   4608   4561   4612   4611   4617   4610   4597   4561   4559   4614   4603   4607   4611   4563   4579   4622   4604   4608   4561
   51.004    53956  1578.01    53912  1576.16   5406   5404   5356   5410   5407   5414   5407   5396   5356   5356   5413   5405   5406   5405   5363   5377   5421   5403   5403   5360
   56.004    61935  1693.97    61888  1697.46   6208   6206   6167   6211   6209   6142   6209   6201   6167   6168   6216   6209   6209   6132   6175   6188   6219   6211   6207   6169
   61.004    69635  1670.54    69571  1670.67   6986   6985   6940   6909   6988   6913   6988   6982   6940   6940   6914   6990   6991   6904   6952   6963   7002   6987   6991   6941
   66.004    76948  1630.50    76717  1630.10   7653   7653   7687   7656   7654   7659   7654   7723   7689   7689   7663   7735   7732   7656   7701   7712   7671   7656   7732   7690
   71.004    84575  1596.76    84472  1596.93   8437   8437   8468   8440   8437   8441   8438   8434   8470   8470   8445   8454   8442   8442   8482   8500   8452   8443   8441   8474
   76.004    92408  1555.79    92298  1548.00   9219   9219   9253   9222   9219   9222   9219   9217   9254   9254   9229   9236   9225   9225   9267   9279   9235   9224   9226   9262
   81.004   100105  1545.91    99983  1538.26   9988   9988  10021   9991   9988   9991   9988   9986  10021  10021  10001  10006   9995   9997  10034  10054  10005   9986   9993  10034
   86.004   108216  1547.75   108084  1542.15  10797  10798  10833  10800  10797  10800  10797  10794  10834  10834  10812  10822  10802  10801  10844  10865  10822  10798  10804  10846
   91.004   115931  1545.70   115781  1542.89  11568  11568  11602  11569  11568  11569  11568  11563  11603  11603  11585  11587  11574  11576  11618  11636  11593  11567  11577  11618
   96.004   123804  1564.33   123656  1567.05  12353  12356  12389  12356  12355  12356  12357  12351  12391  12392  12374  12372  12361  12362  12403  12422  12382  12355  12366  12407
  101.004   131727  1574.63   131574  1572.85  13145  13148  13180  13148  13147  13148  13149  13142  13182  13185  13168  13163  13153  13152  13196  13211  13177  13147  13161  13199
  106.004   139289  1568.07   139113  1565.86  13907  13909  13942  13908  13909  13910  13910  13903  13943  13872  13938  13926  13914  13915  13958  13896  13940  13913  13922  13967
  111.004   147152  1573.29   146905  1569.16  14692  14696  14734  14694  14696  14698  14697  14689  14653  14656  14719  14708  14700  14701  14756  14681  14727  14696  14707  14757
  116.004   154913  1556.74   154655  1549.97  15475  15478  15435  15477  15478  15480  15480  15472  15438  15442  15502  15495  15487  15483  15531  15468  15512  15481  15490  15464
  121.004   162461  1545.00   162269  1540.77  16237  16238  16197  16238  16238  16240  16241  16237  16200  16203  16266  16259  16250  16244  16215  16228  16275  16245  16252  16227
  126.005   170460  1547.70   170287  1546.43  17037  17041  16997  17042  17042  17042  17045  17037  17001  17003  17064  17053  17048  17049  17013  17030  17074  17047  17053  17029
  131.004   178179  1541.04   177984  1539.77  17806  17810  17768  17810  17810  17810  17815  17806  17772  17777  17834  17824  17819  17820  17784  17803  17849  17817  17829  17800
  136.004   186109  1550.97   185886  1549.63  18596  18601  18557  18601  18601  18601  18603  18596  18563  18567  18630  18620  18611  18611  18574  18593  18642  18610  18623  18595
  141.004   193976  1553.07   193744  1553.51  19381  19386  19344  19386  19386  19386  19390  19382  19350  19353  19415  19406  19395  19397  19360  19381  19430  19401  19409  19382
  146.004   202036  1563.15   201779  1563.26  20187  20189  20146  20189  20189  20189  20192  20187  20153  20158  20221  20215  20201  20205  20162  20186  20239  20209  20214  20184
  151.004   209732  1578.52   209621  1573.36  20987  20988  20947  20988  20911  20988  20913  20987  20953  20959  20944  21015  20999  20928  20963  20989  20961  20933  21014  20986
  156.004   217588  1572.23   217147  1566.33  21698  21699  21742  21699  21701  21699  21703  21698  21751  21757  21734  21815  21710  21710  21760  21793  21751  21723  21817  21775
  161.004   225388  1581.66   225119  1576.53  22497  22497  22535  22497  22502  22500  22503  22497  22543  22548  22534  22525  22510  22512  22552  22582  22551  22524  22526  22572
  166.004   233425  1585.23   233139  1577.92  23299  23299  23337  23299  23306  23301  23306  23299  23344  23349  23340  23327  23319  23315  23356  23381  23353  23326  23330  23378
  171.004   241539  1588.36   241235  1586.04  24107  24107  24149  24107  24117  24110  24117  24107  24156  24158  24152  24138  24126  24125  24175  24190  24164  24139  24135  24195
  176.004   249577  1586.06   249270  1584.52  24906  24907  24958  24906  24922  24911  24922  24906  24965  24967  24958  24939  24928  24929  24983  24997  24966  24941  24934  25002
  181.004   257307  1588.95   256989  1581.90  25682  25684  25724  25682  25693  25687  25693  25682  25731  25731  25734  25715  25703  25702  25749  25763  25741  25719  25714  25767
  186.004   265434  1597.72   265088  1600.91  26491  26493  26538  26492  26503  26496  26503  26491  26540  26541  26545  26527  26514  26514  26564  26580  26553  26527  26529  26581
  191.004   273474  1605.81   273134  1603.49  27297  27297  27342  27297  27309  27301  27308  27297  27343  27343  27352  27335  27319  27315  27364  27381  27359  27335  27330  27384
  196.004   281487  1607.67   280989  1603.24  28104  28104  28075  28104  28119  28108  28117  28104  28077  28077  28162  28138  28123  28127  28170  28116  28168  28147  28141  28195
  201.004   289248  1594.80   288800  1589.97  28886  28886  28853  28886  28903  28891  28903  28886  28853  28853  28950  28921  28906  28916  28964  28892  28952  28931  28923  28893
  206.004   297172  1591.96   296724  1587.20  29678  29676  29650  29676  29693  29681  29692  29678  29650  29650  29737  29716  29693  29705  29750  29692  29744  29725  29717  29693
  211.004   305209  1594.58   304831  1597.87  30488  30488  30459  30488  30505  30492  30505  30488  30459  30459  30546  30530  30503  30520  30485  30501  30554  30541  30526  30503
  216.004   313274  1587.21   312894  1586.04  31295  31295  31264  31294  31311  31299  31310  31295  31266  31265  31350  31342  31309  31328  31292  31308  31360  31345  31333  31307
  221.004   321301  1583.78   320928  1582.57  32100  32100  32064  32100  32115  32103  32115  32100  32067  32064  32155  32145  32112  32133  32097  32108  32164  32148  32136  32103
  226.004   328985  1575.67   328626  1580.10  32867  32865  32838  32865  32889  32873  32886  32867  32839  32837  32919  32912  32880  32904  32870  32877  32932  32917  32900  32874
  231.004   337084  1587.15   336641  1589.93  33678  33678  33647  33678  33616  33682  33691  33677  33648  33646  33731  33727  33687  33711  33680  33687  33742  33725  33709  33685
  236.004   345194  1593.39   344652  1595.40  34487  34487  34455  34488  34425  34493  34423  34486  34455  34453  34544  34537  34503  34522  34495  34495  34550  34534  34514  34500
  241.004   353253  1596.41   352777  1595.74  35301  35301  35268  35301  35237  35303  35234  35299  35267  35266  35363  35351  35318  35257  35308  35307  35364  35348  35327  35310
  246.004   360984  1588.74   360489  1587.97  36094  36094  36056  36003  36018  36006  36018  36090  36055  36055  36154  36144  36021  36037  36097  36100  36156  36052  36122  36101
  251.004   368689  1587.65   368283  1581.41  36806  36806  36850  36806  36817  36808  36817  36876  36848  36849  36939  36856  36821  36840  36894  36894  36866  36855  36829  36895
  256.004   376731  1602.27   376311  1592.67  37618  37618  37658  37617  37627  37618  37628  37611  37658  37658  37672  37672  37633  37653  37707  37703  37680  37670  37635  37706
  261.004   384816  1594.13   384373  1594.09  38424  38424  38464  38424  38434  38424  38434  38417  38464  38464  38479  38479  38441  38462  38517  38511  38487  38480  38444  38516
  266.005   392646  1583.81   392192  1586.70  39203  39203  39251  39203  39214  39203  39214  39199  39251  39251  39262  39262  39221  39238  39306  39297  39275  39260  39224  39301
  271.004   400493  1577.62   400038  1578.19  39991  39990  40030  39990  40001  39990  39999  39984  40030  40033  40049  40047  40008  40021  40089  40082  40060  40048  40010  40079
  276.004   408548  1588.44   408083  1589.42  40796  40796  40833  40796  40804  40796  40803  40789  40833  40837  40856  40857  40813  40824  40895  40888  40864  40852  40816  40883
  281.004   416639  1601.28   416176  1599.30  41604  41604  41643  41603  41614  41604  41614  41599  41643  41648  41667  41667  41624  41629  41705  41696  41673  41661  41626  41691
  286.004   424700  1601.36   424158  1600.15  42410  42410  42450  42410  42419  42410  42421  42405  42450  42373  42472  42475  42424  42436  42515  42500  42480  42467  42433  42498
  291.004   432449  1589.66   431725  1583.46  43183  43183  43142  43183  43192  43183  43197  43173  43142  43147  43241  43248  43194  43209  43296  43279  43258  43241  43206  43277
  296.004   440394  1594.62   439826  1593.31  43994  43993  43953  43993  44000  43993  44003  43986  43953  43958  44058  44062  44006  44021  44023  44008  44069  44050  44018  44079
  301.004   448375  1599.11   447863  1589.55  44798  44797  44757  44797  44804  44797  44806  44789  44757  44761  44862  44870  44814  44826  44826  44812  44874  44856  44827  44808
  306.004   456442  1591.83   455908  1589.58  45601  45601  45563  45601  45609  45601  45610  45594  45562  45566  45672  45672  45621  45631  45632  45621  45683  45660  45636  45614
  311.004   464355  1579.36   463810  1576.71  46395  46395  46346  46395  46403  46395  46404  46385  46344  46348  46468  46466  46413  46426  46419  46407  46475  46456  46425  46400
  316.004   472150  1574.52   471624  1575.02  47178  47177  47132  47178  47178  47178  47178  47163  47128  47134  47249  47239  47192  47206  47204  47191  47251  47231  47201  47186
  321.004   480325  1588.36   479769  1594.16  47992  47992  47946  47992  47992  47992  47992  47978  47944  47949  48065  48056  48011  48020  48019  48010  48069  48049  48021  48005
  326.004   488326  1592.91   487380  1593.24  48723  48724  48753  48724  48722  48722  48722  48784  48752  48754  48873  48864  48823  48750  48826  48819  48874  48855  48830  48812
  331.004   496403  1597.28   495502  1595.67  49532  49532  49570  49532  49532  49532  49532  49601  49568  49571  49691  49681  49639  49560  49647  49632  49690  49591  49647  49625
  336.004   504247  1590.07   503313  1587.99  50315  50314  50350  50314  50314  50314  50315  50384  50345  50348  50477  50466  50427  50344  50426  50413  50478  50377  50435  50404
  341.004   511837  1593.41   511298  1591.09  51114  51114  51149  51114  51114  51114  51113  51176  51144  51146  51190  51184  51146  51146  51228  51212  51196  51173  51159  51203
  346.004   529127  1911.98   528617  1904.36  52840  52840  52939  52839  52841  52839  52839  52792  52919  52929  52887  52893  52848  52862  53015  52989  52896  52907  52867  52963
  351.004   552948  2437.01   552529  2433.59  55230  55234  55327  55233  55233  55230  55226  55185  55312  55319  55273  55280  55234  55248  55391  55373  55277  55291  55226  55355
  356.004   576810  2961.31   576576  2976.91  57638  57640  57735  57640  57633  57636  57629  57589  57717  57719  57655  57676  57621  57629  57770  57762  57658  57684  57610  57745
  361.004   595585  3320.77   595540  3349.40  59547  59549  59578  59549  59548  59548  59546  59532  59572  59571  59565  59576  59512  59526  59577  59602  59578  59555  59511  59583
  366.005   603215  3313.50   603163  3343.13  60310  60310  60341  60312  60309  60310  60306  60295  60335  60335  60328  60339  60276  60286  60341  60368  60339  60315  60274  60349
  371.004   611021  3320.81   610974  3337.28  61093  61092  61121  61093  61091  61092  61089  61075  61114  61114  61107  61120  61055  61069  61122  61147  61120  61095  61054  61132
  376.004   618809  3001.51   618752  3016.81  61870  61869  61900  61871  61868  61870  61866  61853  61893  61892  61886  61900  61838  61844  61904  61929  61899  61869  61830  61910
  381.004   626445  2457.95   626392  2470.27  62635  62631  62665  62636  62630  62634  62627  62614  62662  62658  62649  62660  62600  62605  62674  62694  62659  62631  62594  62679
  386.004   634108  1915.17   634027  1915.14  63398  63395  63427  63399  63394  63398  63393  63383  63422  63418  63417  63430  63371  63368  63435  63456  63430  63398  63365  63438
  391.004   641847  1547.32   641763  1533.19  64180  64177  64133  64181  64174  64178  64177  64162  64202  64199  64198  64209  64153  64159  64218  64161  64208  64179  64143  64219
  396.004   649468  1547.00   649375  1535.66  64956  64953  64909  64956  64950  64954  64953  64940  64903  64901  64977  64985  64929  64939  64919  64937  64990  64956  64917  64919
  401.004   657104  1539.01   657002  1529.72  65717  65715  65674  65718  65712  65716  65716  65702  65667  65665  65739  65750  65690  65704  65685  65701  65754  65719  65679  65683
  406.004   664803  1530.87   664697  1523.99  66487  66485  66443  66488  66481  66484  66486  66471  66437  66435  66507  66522  66458  66472  66457  66471  66526  66487  66448  66455
  411.004   672582  1530.57   672464  1528.59  67263  67262  67218  67265  67259  67260  67263  67250  67213  67211  67286  67300  67238  67249  67236  67247  67304  67264  67225  67233
  416.004   680345  1534.16   680226  1532.62  68039  68038  67994  68041  68035  68036  68040  68025  67990  67988  68061  68073  68010  68026  68011  68031  68079  68039  68004  68011
  421.004   692893  1655.36   692710  1660.46  69109  69340  69200  69352  69335  69334  69350  69304  69190  69196  69319  69333  69287  69323  69215  69240  69348  69334  69276  69218
  426.004   716992  2209.80   716751  2220.10  71540  71768  71629  71538  71761  71759  71779  71734  71618  71625  71721  71723  71701  71742  71639  71638  71765  71738  71686  71639
  431.004   741088  2761.17   740892  2782.32  73981  74207  74063  73977  74201  74203  73973  74172  74054  74061  74121  74126  74109  74158  74044  74042  74180  74164  74087  74057
  436.004   765528  3321.74   765385  3345.54  76429  76657  76512  76423  76653  76653  76419  76625  76504  76510  76550  76571  76560  76602  76488  76486  76630  76610  76521  76510
  441.004   789591  3869.10   789729  3901.88  78862  79092  78949  78858  79086  79084  78855  79056  78942  78945  78954  78976  78974  79004  78894  78894  79056  79003  78925  78911
  446.004   813739  4421.36   814001  4464.71  81313  81301  81401  81313  81535  81535  81306  81507  81394  81396  81371  81399  81394  81416  81313  81319  81457  81404  81337  81329
  451.004   837640  4801.54   838291  4861.21  83750  83731  83828  83750  83957  83959  83740  83933  83819  83824  83758  83772  83809  83820  83691  83696  83832  83810  83725  83727
  456.004   854590  4599.66   855616  4657.38  85551  85549  85576  85551  85542  85545  85546  85609  85574  85573  85443  85450  85497  85472  85438  85438  85510  85476  85393  85473
  461.004   862046  4046.58   863214  4102.39  86311  86308  86337  86311  86302  86305  86306  86367  86334  86333  86206  86211  86256  86157  86199  86199  86271  86163  86151  86233
  466.004   869477  3478.09   870724  3529.70  87070  87067  87096  87070  87059  87061  87065  87050  87093  87093  86966  86970  87014  86913  86959  86956  86955  86922  86831  86991
  471.004   877191  2927.42   878505  2974.19  87850  87844  87873  87850  87837  87839  87845  87829  87867  87871  87746  87678  87789  87693  87733  87739  87731  87704  87609  87769
  476.004   884908  2380.44   886361  2420.40  88635  88630  88661  88635  88621  88622  88630  88614  88656  88657  88455  88464  88502  88479  88521  88527  88517  88490  88396  88557
  481.005   892587  1836.21   894016  1862.42  89401  89397  89424  89401  89387  89388  89396  89382  89420  89420  89224  89234  89271  89246  89285  89297  89288  89256  89164  89322
  486.004   900222  1523.68   901640  1536.76  90163  90158  90187  90163  90149  90151  90157  90145  90184  90183  89990  89997  90034  90011  90051  90060  90049  90019  89929  90082
  491.004   907929  1532.28   909346  1540.60  90935  90927  90957  90935  90920  90922  90928  90915  90954  90953  90761  90767  90807  90782  90818  90828  90819  90792  90701  90854
  496.004   915703  1543.56   917117  1544.03  91712  91703  91734  91712  91698  91701  91702  91693  91732  91730  91539  91546  91583  91557  91596  91606  91598  91570  91479  91629
  501.004   923327  1540.54   924738  1536.28  92476  92463  92496  92476  92459  92463  92465  92454  92494  92492  92299  92308  92346  92318  92361  92368  92362  92332  92244  92389
  506.004   930673  1535.69   932088  1526.76  93235  93221  93178  93235  93217  93221  93221  93210  93176  93174  93054  93068  93102  93076  93044  93046  93123  93087  93002  93071
  511.004   938340  1535.39   939772  1518.84  94006  93991  93943  94005  93987  93992  93992  93977  93940  93939  93818  93835  93868  93846  93813  93811  93894  93853  93770  93832
  516.004   946175  1530.39   947574  1524.31  94785  94771  94724  94785  94767  94771  94772  94758  94721  94720  94602  94616  94655  94632  94596  94596  94678  94636  94550  94614
  521.004   953806  1527.17   955198  1521.13  95545  95534  95489  95545  95528  95533  95534  95519  95486  95485  95365  95377  95412  95391  95365  95365  95441  95395  95312  95383
  526.004   961384  1517.79   962619  1514.23  96228  96290  96246  96228  96286  96289  96290  96277  96243  96242  96123  96134  96169  96149  96127  96120  96199  96156  96069  96138
  531.005   969383  1527.79   970596  1526.14  97026  97087  97044  97025  97084  97087  97087  97075  97040  97041  96924  96935  96966  96952  96922  96919  97005  96954  96870  96936
  536.004   977429  1551.04   978564  1549.16  97831  97891  97848  97830  97887  97892  97815  97880  97844  97846  97730  97739  97772  97758  97725  97724  97809  97759  97677  97736
  541.004   985212  1552.20   986316  1550.25  98603  98670  98622  98602  98666  98671  98587  98656  98618  98621  98511  98517  98552  98536  98499  98500  98591  98536  98459  98511
  546.004   993022  1554.13   993903  1552.08  99386  99371  99406  99386  99367  99372  99374  99435  99402  99404  99289  99295  99331  99317  99283  99282  99369  99321  99239  99296
  551.004  1000842  1568.05  1001944  1561.04 100190 100176 100212 100189 100170 100176 100179 100238 100205 100209 100099 100022 100135 100127 100084 100083 100097 100129  99963 100103
  556.004  1008680  1577.01  1009840  1579.56 100987 100973 101009 100986 100967 100975 100975 100960 101002 101006 100897 100821 100936 100845 100886 100883 100900 100851 100761 100900
  561.004  1016452  1567.50  1017684  1571.13 101769 101756 101800 101768 101749 101757 101758 101742 101789 101796 101692 101602 101640 101624 101675 101675 101680 101632 101545 101687
  566.004  1024118  1559.19  1025419  1564.77 102543 102533 102567 102543 102526 102533 102535 102519 102557 102563 102381 102381 102419 102398 102443 102446 102458 102409 102325 102458
  571.004  1032151  1567.68  1033448  1574.16 103345 103336 103369 103345 103330 103336 103339 103324 103359 103365 103186 103186 103222 103200 103242 103248 103265 103214 103126 103262
  576.005  1040201  1575.60  1041508  1589.93 104149 104143 104176 104150 104134 104142 104144 104132 104166 104172 103992 103991 104026 104006 104049 104055 104070 104018 103928 104066
  581.004  1048257  1583.29  1049537  1589.26 104951 104947 104980 104951 104937 104945 104946 104936 104968 104976 104795 104797 104831 104809 104857 104861 104881 104827 104731 104868
  586.004  1055933  1576.76  1057032  1575.15 105718 105711 105664 105718 105700 105708 105713 105700 105740 105660 105556 105562 105596 105576 105633 105637 105645 105589 105497 105642
  591.004  1063875  1583.62  1064973  1576.68 106511 106506 106464 106511 106494 106501 106504 106494 106529 106459 106355 106352 106394 106374 106424 106422 106441 106386 106293 106434
  596.004  1071668  1595.64  1072920  1583.89 107314 107309 107266 107314 107295 107304 107307 107295 107256 107260 107157 107156 107194 107175 107153 107148 107244 107185 107097 107159
  601.004  1079698  1595.48  1080947  1581.42 108115 108111 108069 108116 108098 108106 108110 108097 108061 108064 107960 107959 107995 107980 107953 107951 108047 107988 107903 107962
  606.004  1087524  1578.78  1088793  1568.24 108903 108899 108848 108904 108884 108894 108898 108880 108838 108845 108740 108745 108776 108766 108730 108731 108833 108773 108691 108739
  611.004  1095382  1571.26  1096624  1562.43 109683 109679 109636 109685 109663 109675 109680 109661 109628 109634 109524 109525 109565 109550 109519 109523 109618 109558 109470 109530
  616.004  1103426  1578.42  1104663  1580.27 110487 110483 110441 110488 110467 110480 110483 110466 110431 110437 110326 110327 110371 110353 110322 110327 110428 110360 110277 110335
  621.004  1111496  1582.95  1112561  1584.30 111215 111287 111247 111215 111272 111287 111287 111270 111238 111243 111131 111134 111181 111158 111125 111136 111235 111168 111084 111144
  626.004  1119389  1580.30  1120349  1579.63 111997 112077 112031 111997 112065 112077 111992 112064 112022 112027 111922 111926 111973 111946 111910 111921 112024 111959 111878 111930
  631.004  1127045  1571.17  1128029  1569.73 112769 112841 112801 112769 112829 112839 112765 112828 112791 112797 112683 112690 112741 112708 112681 112692 112786 112721 112641 112702
  636.004  1139967  1702.91  1140301  1711.94 113966 113946 114078 113966 114167 113942 113960 114166 114046 114064 113970 114008 114049 114013 113928 113940 114110 114031 113975 113943
  641.004  1163933  2243.52  1164555  2263.15 116392 116370 116503 116393 116595 116366 116389 116590 116469 116488 116370 116416 116432 116418 116334 116315 116509 116430 116385 116324
  646.005  1183502  2669.99  1184996  2687.14 118478 118472 118516 118478 118546 118471 118475 118544 118506 118510 118347 118354 118367 118365 118355 118319 118448 118368 118226 118353
  651.004  1191035  2655.17  1192414  2672.01 119236 119234 119272 119236 119223 119232 119234 119222 119261 119264 119110 119118 119129 119126 119115 119075 119129 119134 118989 119110
  656.005  1198848  2656.07  1200389  2678.36 120033 120030 120069 120033 120021 120030 120032 120019 120059 120063 119903 119834 119921 119921 119913 119874 119930 119851 119789 119912
  661.004  1206299  2649.43  1207987  2675.57 120793 120790 120829 120793 120779 120792 120792 120780 120818 120821 120660 120598 120605 120601 120675 120634 120687 120614 120551 120674
  666.004  1213918  2471.48  1215591  2518.89 121552 121551 121592 121552 121540 121553 121551 121540 121578 121582 121419 121361 121370 121361 121437 121399 121448 121378 121311 121434
  671.004  1221654  1928.93  1223408  1967.08 122334 122333 122374 122333 122322 122334 122334 122322 122359 122363 122120 122146 122150 122141 122217 122181 122231 122158 122095 122215
  676.004  1229489  1535.45  1231160  1543.98 123116 123115 123082 123115 123105 123116 123117 123104 123143 123147 122903 122927 122933 122924 123001 122967 123012 122941 122879 123002
  681.004  1237097  1538.05  1238758  1550.10 123875 123877 123843 123875 123865 123875 123878 123864 123901 123905 123663 123690 123694 123685 123763 123727 123773 123701 123638 123763
  686.004  1244716  1531.39  1246299  1535.49 124636 124640 124603 124636 124627 124635 124640 124627 124663 124592 124424 124450 124453 124450 124528 124490 124532 124463 124401 124525
  691.004  1252586  1548.14  1254241  1539.21 125431 125435 125398 125431 125421 125430 125433 125421 125454 125387 125220 125242 125251 125245 125318 125209 125326 125262 125197 125316
  696.004  1260132  1545.81  1261853  1537.18 126192 126196 126158 126192 126184 126192 126194 126182 126215 126148 125981 126004 126016 126004 126080 125972 126088 126025 125957 126005
  701.004  1267785  1545.07  1269501  1529.23 126965 126969 126930 126965 126957 126966 126968 126956 126909 126916 126753 126779 126793 126781 126770 126736 126864 126805 126731 126773
  706.004  1275590  1541.88  1277279  1529.56 127741 127745 127708 127741 127735 127743 127744 127731 127693 127698 127529 127556 127571 127559 127556 127521 127646 127583 127509 127560
  711.004  1283232  1537.90  1284911  1530.96 128504 128508 128472 128505 128500 128505 128506 128495 128455 128461 128295 128322 128337 128323 128321 128281 128411 128347 128270 128325
  716.004  1290997  1539.93  1292666  1537.85 129280 129283 129248 129282 129274 129281 129281 129271 129229 129237 129074 129097 129117 129099 129102 129056 129187 129121 129045 129099
  721.004  1298816  1538.46  1300479  1533.86 130062 130064 130029 130063 130056 130063 130063 130052 130010 130017 129856 129878 129896 129885 129883 129838 129969 129902 129827 129882
  726.004  1306417  1535.44  1307918  1533.29 130820 130823 130789 130748 130815 130823 130748 130810 130768 130774 130618 130640 130654 130646 130642 130598 130727 130663 130587 130642
  731.005  1314217  1539.19  1315479  1534.77 131524 131528 131568 131526 131593 131524 131525 131589 131548 131554 131394 131421 131432 131426 131424 131379 131508 131444 131365 131424
  736.004  1321979  1541.56  1323239  1537.23 132307 132311 132353 132308 132300 132310 132308 132372 132331 132339 132181 132207 132215 132210 132207 132163 132290 132228 132071 132207
  741.004  1329382  1541.16  1330770  1533.91 133069 133073 133111 133070 133059 133073 133069 133056 133091 133099 132945 132894 132980 132974 132971 132927 132977 132912 132832 132970
  746.004  1336950  1534.09  1338395  1529.36 133831 133835 133877 133832 133821 133835 133830 133819 133853 133862 133717 133657 133665 133740 133736 133690 133741 133677 133597 133730
  751.004  1344878  1535.54  1346340  1533.89 134625 134629 134669 134626 134616 134630 134625 134614 134649 134657 134509 134449 134456 134530 134530 134484 134534 134471 134392 134523
  756.005  1352364  1534.30  1353967  1537.68 135388 135393 135429 135389 135381 135393 135388 135378 135411 135417 135195 135216 135219 135217 135292 135247 135301 135234 135156 135287
  761.004  1360216  1534.88  1361817  1546.26 136170 136178 136220 136171 136162 136176 136173 136160 136200 136207 135974 136000 135997 136004 136084 136040 136084 136016 135941 136076
  766.004  1367933  1534.48  1369424  1544.82 136941 136947 136907 136942 136932 136945 136942 136932 136964 136972 136750 136777 136769 136778 136849 136808 136855 136790 136711 136846
  771.004  1375966  1555.64  1377442  1561.11 137743 137749 137709 137744 137733 137747 137745 137734 137765 137773 137552 137582 137571 137583 137653 137611 137658 137591 137513 137652
  776.004  1384002  1571.38  1385389  1574.46 138547 138551 138512 138547 138535 138549 138546 138535 138567 138500 138354 138389 138376 138385 138454 138415 138461 138395 138314 138459
  781.005  1391609  1562.25  1393051  1549.77 139314 139318 139275 139314 139301 139316 139315 139301 139338 139259 139118 139159 139142 139153 139225 139190 139229 139165 139081 139147
  786.004  1399382  1575.35  1400890  1559.21 140098 140102 140060 140098 140085 140100 140098 140084 140117 140048 139904 139944 139927 139939 140003 139895 140018 139948 139865 139939
  791.004  1407339  1578.76  1408832  1559.60 140900 140904 140862 140900 140887 140901 140898 140887 140844 140849 140705 140744 140734 140745 140729 140695 140824 140753 140667 140743
  796.004  1415422  1585.75  1416908  1575.42 141707 141711 141670 141708 141695 141708 141706 141695 141653 141655 141515 141551 141542 141551 141538 141503 141633 141563 141476 141550
  801.004  1423329  1580.36  1424824  1568.81 142501 142505 142459 142501 142486 142503 142500 142486 142440 142443 142304 142344 142332 142347 142323 142291 142425 142351 142274 142338
  806.004  1431044  1565.84  1432519  1563.93 143269 143272 143233 143267 143255 143269 143267 143255 143215 143217 143078 143112 143105 143122 143098 143065 143191 143120 143042 143111
  811.004  1439063  1577.00  1440446  1575.19 143995 144072 144033 144068 144055 144071 144067 144055 144015 144015 143878 143915 143908 143920 143901 143868 143996 143921 143846 143910
  816.004  1447052  1581.76  1448126  1580.12 144794 144794 144831 144790 144854 144793 144789 144854 144813 144814 144679 144718 144704 144714 144696 144667 144794 144721 144650 144709
  821.005  1455065  1583.32  1456129  1579.43 145595 145594 145631 145590 145654 145593 145589 145655 145614 145614 145480 145517 145503 145520 145501 145467 145594 145522 145452 145509
  826.005  1462676  1567.89  1463678  1563.49 146355 146353 146398 146349 146427 146352 146348 146338 146378 146380 146249 146292 146272 146290 146266 146235 146369 146291 146135 146277
  831.004  1470412  1569.72  1471548  1565.39 147153 147151 147186 147148 147136 147150 147145 147136 147171 147172 147037 146997 147060 147077 147061 147025 147075 147079 146934 147067
  836.004  1478404  1574.03  1479533  1572.62 147952 147950 147982 147947 147934 147951 147944 147934 147970 147969 147833 147795 147862 147877 147858 147826 147876 147874 147736 147867
  841.004  1486216  1572.09  1487472  1570.52 148748 148743 148776 148740 148728 148745 148737 148728 148764 148763 148633 148589 148579 148674 148658 148620 148676 148594 148530 148663
  846.004  1494129  1564.33  1495366  1576.01 149539 149531 149572 149528 149512 149535 149524 149512 149557 149556 149431 149371 149366 149476 149453 149415 149462 149378 149316 149461
  851.004  1501755  1559.08  1503139  1569.72 150314 150309 150343 150305 150294 150313 150304 150295 150331 150331 150126 150153 150150 150167 150230 150185 150246 150163 150099 150236
  856.004  1509821  1574.52  1511182  1586.50 151117 151114 151147 151109 151099 151117 151109 151099 151136 151135 150934 150962 150956 150973 151036 150991 151052 150967 150911 151039
  861.004  1517812  1582.92  1519083  1587.55 151914 151912 151870 151907 151897 151915 151907 151895 151934 151932 151732 151759 151754 151771 151839 151789 151851 151769 151710 151838
  866.004  1525574  1579.90  1527023  1584.66 152708 152707 152657 152701 152689 152708 152702 152687 152733 152731 152521 152549 152544 152561 152640 152499 152648 152561 152501 152550
  871.004  1533266  1576.31  1534648  1565.40 153470 153469 153429 153464 153453 153468 153463 153452 153491 153489 153292 153318 153316 153332 153401 153273 153413 153335 153264 153322
  876.004  1541256  1576.33  1542483  1568.44 154269 154269 154227 154263 154253 154266 154263 154251 154212 154210 154092 154115 154113 154130 154203 154076 154215 154130 154064 154118
  881.004  1549201  1587.10  1550500  1576.76 155071 155071 155030 155064 155054 155068 155064 155053 155013 155012 154890 154918 154918 154929 154927 154877 155019 154935 154866 154922
  886.004  1557184  1584.06  1558476  1568.69 155866 155869 155827 155862 155851 155866 155862 155851 155811 155811 155689 155720 155718 155723 155724 155674 155816 155733 155664 155723
  891.004  1564866  1567.62  1566161  1559.56 156639 156641 156592 156632 156619 156638 156634 156619 156573 156574 156457 156490 156488 156489 156488 156441 156586 156503 156433 156491
  896.004  1572783  1571.44  1574056  1560.64 157425 157427 157385 157419 157408 157426 157420 157408 157369 157369 157250 157284 157278 157280 157283 157234 157373 157294 157224 157283
  901.004  1580823  1583.09  1582016  1574.40 158152 158231 158189 158223 158211 158229 158223 158211 158174 158173 158053 158089 158080 158082 158091 158038 158174 158097 158029 158090
  906.004  1588829  1583.95  1589863  1579.92 158952 158956 158988 159022 159012 158953 159022 159012 158973 158973 158857 158886 158883 158880 158892 158841 158974 158898 158828 158890
  911.005  1596723  1572.85  1597533  1572.05 159730 159734 159773 159722 159803 159730 159723 159803 159757 159758 159642 159682 159672 159672 159678 159625 159765 159692 159622 159673
  916.004  1604415  1562.32  1605280  1563.09 160509 160513 160546 160502 160569 160510 160502 160568 160531 160530 160410 160447 160437 160445 160453 160399 160528 160458 160391 160447
  921.004  1612366  1573.69  1613145  1574.09 161311 161315 161347 161304 161296 161311 161303 161294 161333 161331 161212 161251 161241 161251 161257 161198 161330 161262 161115 161249
  926.004  1620114  1575.47  1621112  1576.51 162109 162114 162142 162100 162093 162108 162100 162092 162128 162126 162011 161972 162040 162049 162053 161994 162054 161983 161913 162045
  931.004  1627969  1570.40  1629037  1571.98 162904 162908 162938 162892 162881 162900 162892 162879 162922 162921 162803 162763 162754 162847 162853 162784 162849 162770 162705 162841
  936.004  1635596  1556.31  1636664  1562.79 163665 163668 163698 163656 163648 163663 163655 163647 163683 163681 163567 163530 163523 163609 163609 163543 163613 163531 163470 163601
  941.004  1643517  1560.13  1644644  1573.32 164463 164466 164493 164454 164446 164462 164454 164445 164482 164479 164290 164330 164322 164407 164409 164343 164413 164331 164272 164400
  946.004  1651437  1570.30  1652629  1581.28 165261 165265 165291 165252 165245 165261 165253 165243 165281 165277 165088 165128 165122 165131 165210 165142 165214 165132 165072 165198
  951.004  1659408  1570.96  1660596  1579.58 166058 166062 166088 166048 166041 166058 166051 166038 166078 166074 165887 165925 165920 165930 166003 165940 166008 165930 165866 165999
  956.004  1666914  1565.37  1668090  1566.24 166814 166818 166768 166807 166798 166814 166809 166795 166835 166832 166647 166682 166675 166691 166760 166699 166768 166688 166625 166679
  961.004  1674436  1556.68  1675674  1549.60 167573 167578 167527 167565 167555 167573 167568 167553 167593 167589 167412 167439 167435 167450 167521 167381 167532 167448 167383 167435
  966.004  1682049  1556.16  1683134  1546.53 168335 168340 168288 168327 168316 168334 168329 168314 168277 168274 168174 168197 168198 168211 168284 168144 168290 168207 168147 168197
  971.004  1689794  1550.37  1690869  1535.94 169108 169113 169061 169101 169092 169106 169102 169087 169051 169048 168948 168973 168971 168987 169055 168918 169067 168982 168920 168973
  976.004  1697478  1539.95  1698630  1528.34 169885 169890 169837 169878 169868 169883 169878 169862 169826 169823 169725 169751 169748 169762 169753 169697 169844 169758 169691 169749
  981.004  1705092  1522.85  1706228  1513.19 170644 170649 170597 170638 170627 170643 170638 170623 170586 170583 170486 170513 170513 170523 170515 170458 170604 170520 170451 170509
  986.004  1712697  1523.62  1713674  1516.78 171328 171332 171356 171397 171387 171403 171398 171384 171347 171342 171247 171272 171274 171284 171275 171216 171367 171279 171213 171270
  991.004  1720461  1529.23  1721424  1522.48 172104 172108 172133 172170 172162 172177 172173 172159 172122 172116 172021 172049 172055 172060 172050 171992 172139 172056 171993 172046
  996.004  1728152  1529.43  1728960  1530.13 172872 172877 172903 172938 172931 172868 172863 172931 172891 172886 172789 172820 172827 172827 172820 172759 172907 172825 172762 172816
 1001.004  1735741  1524.03  1736463  1522.32 173632 173636 173662 173619 173688 173625 173620 173688 173649 173644 173554 173582 173585 173583 173581 173517 173666 173584 173519 173570
 1006.004  1743342  1521.26  1744054  1516.76 174390 174396 174419 174380 174447 174384 174380 174447 174408 174403 174316 174340 174345 174342 174342 174277 174423 174345 174280 174332
 1011.004  1750919  1524.65  1751669  1522.33 175166 175172 175197 175157 175147 175161 175156 175148 175185 175180 175099 175045 175046 175123 175121 175057 175209 175125 174982 175112
 1016.004  1758479  1526.11  1759412  1529.70 175941 175948 175970 175932 175920 175937 175931 175921 175959 175953 175868 175818 175816 175895 175895 175829 175904 175817 175754 175883
 1021.004  1766012  1520.86  1767004  1521.90 176700 176708 176730 176690 176681 176695 176689 176681 176719 176711 176551 176577 176581 176660 176652 176592 176663 176575 176516 176645
 1026.004  1773637  1516.11  1774627  1524.73 177461 177469 177493 177453 177443 177457 177451 177443 177480 177477 177313 177342 177343 177423 177414 177353 177425 177337 177279 177408
 1031.004  1781456  1523.99  1782439  1535.27 178243 178251 178272 178233 178224 178237 178234 178224 178262 178259 178095 178122 178123 178204 178195 178135 178207 178123 178060 178192
 1036.004  1789287  1531.36  1790256  1540.09 179024 179033 179054 179014 179005 179018 179014 179005 179046 179043 178882 178905 178902 178985 178980 178918 178990 178905 178843 178977
 1041.004  1796805  1532.33  1797839  1536.90 179784 179790 179809 179774 179765 179778 179773 179764 179804 179798 179646 179664 179661 179670 179736 179675 179752 179665 179599 179737
 1046.005  1804330  1533.62  1805360  1531.74 180544 180552 180495 180534 180523 180537 180532 180522 180563 180558 180403 180425 180421 180430 180499 180436 180509 180424 180359 180424
 1051.004  1812030  1541.71  1813045  1529.87 181319 181328 181270 181311 181299 181313 181308 181299 181264 181334 181182 181203 181197 181207 181277 181140 181286 181202 181139 181197
 1056.004  1819767  1545.49  1820708  1533.64 182093 182102 182045 182086 182071 182088 182083 182072 182037 182031 181955 181976 181972 181981 182050 181914 182059 181977 181913 181970
 1061.004  1827321  1539.09  1828323  1527.01 182853 182862 182806 182848 182833 182849 182845 182834 182800 182793 182721 182739 182735 182742 182742 182682 182820 182737 182675 182728
 1066.004  1834928  1520.87  1835929  1514.06 183617 183625 183565 183609 183595 183609 183604 183596 183558 183551 183481 183502 183497 183499 183501 183439 183582 183503 183436 183488
 1071.004  1842747  1526.12  1843597  1522.60 184323 184329 184347 184392 184374 184393 184387 184374 184343 184335 184260 184282 184278 184283 184287 184225 184361 184288 184214 184269
 1076.004  1850521  1534.62  1851345  1530.59 185098 185105 185121 185166 185150 185167 185160 185151 185117 185110 185041 185060 185057 185058 185065 185001 185138 185064 184995 185042
 1081.004  1858106  1531.09  1858849  1527.10 185857 185862 185880 185849 185908 185924 185916 185910 185874 185869 185802 185820 185814 185814 185825 185758 185896 185823 185752 185802
 1086.004  1865648  1524.48  1866312  1522.84 186611 186616 186634 186601 186661 186604 186670 186664 186628 186623 186559 186572 186569 186567 186581 186513 186649 186578 186505 186555
 1091.004  1873444  1532.33  1874028  1528.57 187390 187397 187413 187382 187439 187382 187372 187443 187407 187403 187339 187348 187349 187346 187361 187292 187428 187355 187287 187339
 1096.004  1881115  1534.70  1881710  1531.14 188164 188173 188190 188155 188216 188158 188150 188143 188183 188178 188111 188052 188123 188121 188134 188068 188200 188132 188058 188116
 1101.004  1888522  1526.01  1889255  1529.60 188925 188936 188953 188916 188904 188919 188912 188907 188944 188939 188796 188817 188810 188884 188900 188830 188964 188821 188820 188880
 1106.004  1896053  1517.68  1896862  1519.77 189686 189696 189713 189678 189666 189680 189672 189668 189703 189700 189555 189575 189569 189645 189662 189590 189727 189581 189507 189642
 1111.004  1903694  1517.85  1904589  1526.04 190459 190468 190487 190451 190436 190454 190443 190438 190477 190476 190325 190343 190340 190420 190440 190365 190414 190350 190277 190420
 1116.004  1911462  1525.47  1912351  1536.07 191236 191244 191263 191230 191212 191229 191219 191213 191254 191251 191097 191124 191119 191197 191219 191137 191193 191126 191055 191195
 1121.004  1919108  1522.18  1919972  1531.58 191997 192005 192023 191991 191979 191991 191984 191978 192013 192011 191867 191894 191886 191957 191979 191895 191959 191892 191823 191956
 1126.004  1926692  1519.43  1927540  1525.40 192754 192760 192781 192748 192735 192750 192742 192734 192769 192767 192627 192653 192645 192714 192738 192652 192717 192655 192580 192711
 1131.004  1934717  1540.09  1935476  1541.02 193556 193561 193506 193550 193536 193550 193543 193536 193570 193568 193434 193459 193448 193513 193540 193456 193518 193457 193379 193513
 1136.004  1942522  1554.36  1943414  1546.71 194350 194354 194301 194343 194330 194345 194336 194330 194364 194361 194230 194255 194247 194234 194332 194177 194315 194252 194172 194308
 1141.004  1950212  1555.00  1951028  1540.54 195121 195125 195062 195114 195099 195116 195106 195098 195140 195047 194998 195024 195017 194993 195108 194940 195084 195022 194942 195084
 1146.005  1961819  1682.01  1962850  1653.59 196361 196365 196201 196348 196298 196339 196317 196293 196162 196166 196185 196208 196190 196122 196359 196064 196255 196203 196126 196107
 1151.004  1974119  1843.36  1975121  1832.72 197536 197540 197488 197530 197514 197532 197522 197514 197473 197472 197401 197430 197407 197390 197503 197348 197482 197409 197347 197402
 1156.004  1982046  1852.58  1983128  1847.82 198336 198340 198288 198331 198315 198332 198323 198315 198276 198272 198203 198230 198207 198194 198228 198145 198281 198213 198142 198203
 1161.004  1989882  1835.64  1990995  1841.38 199127 199130 199069 199123 199103 199122 199112 199103 199055 199051 198990 199016 198993 198976 199005 198922 199067 198999 198931 198983
 1166.004  1997639  1834.76  1998559  1837.91 199818 199820 199846 199890 199871 199890 199884 199874 199835 199831 199762 199790 199767 199755 199786 199703 199838 199770 199704 199764
 1171.004  2005612  1843.83  2006442  1849.40 200614 200615 200641 200609 200667 200685 200680 200670 200632 200629 200560 200591 200563 200551 200581 200503 200635 200571 200496 200561
 1176.004  2013657  1724.62  2014332  1722.61 201417 201418 201446 201414 201473 201412 201407 201475 201437 201433 201362 201397 201368 201359 201384 201306 201441 201376 201299 201365
 1181.004  2021775  1580.81  2022389  1580.17 202220 202220 202255 202216 202285 202212 202206 202287 202246 202242 202177 202212 202183 202170 202192 202116 202255 202190 202108 202172
 1186.004  2029305  1572.99  2030032  1566.24 202990 202988 203015 202984 203045 202981 202974 203045 203007 203003 202858 202970 202941 202931 202960 202879 203016 202947 202868 202935
 1191.004  2037332  1579.50  2037886  1571.01 203792 203789 203815 203786 203767 203783 203776 203767 203808 203803 203660 203768 203742 203735 203765 203681 203820 203750 203671 203740
 1196.004  2045181  1582.62  2045866  1580.00 204589 204586 204614 204584 204566 204582 204572 204565 204607 204601 204460 204570 204539 204533 204566 204484 204619 204475 204395 204540
