Test case: 
Description: 
	10 senders: persistent queues
	10 receivers: client acknowledge every 50 messages
Timestamp: 2011.11.1 23:4:9
Version: 
Setting up JMS benchmark connections... 

Start processing messages.
Thu Dec 01 23:04:09 EST 2011

  Seconds   Send   Send/Sec   Recv   Recv/Sec   RCV0   RCV1   RCV2   RCV3   RCV4   RCV5   RCV6   RCV7   RCV8   RCV9  SND10  SND11  SND12  SND13  SND14  SND15  SND16  SND17  SND18  SND19
  ------- -------- -------- -------- -------- ------ ------ ------ ------ ------ ------ ------ ------ ------ ------ ------ ------ ------ ------ ------ ------ ------ ------ ------ ------
    1.008        0     0.00        0     0.00      0      0      0      0      0      0      0      0      0      0      0      0      0      0      0      0      0      0      0      0
    6.008     1192   259.13     1190   258.70    119    119    119    119    119    119    119    119    119    119    119    121    118    119    118    119    119    120    120    119
   11.008     2913   286.85     2918   285.39    292    292    292    292    291    292    292    292    292    291    293    293    292    294    291    292    293    276    295    294
   16.008     4529   310.21     4514   309.18    451    451    451    451    453    451    451    451    451    453    452    453    452    454    452    451    453    453    455    454
   21.008     6343   320.56     6338   321.48    631    634    633    631    639    631    633    633    634    639    634    633    634    637    632    629    635    638    639    632
   26.008    11077   436.45    10928   431.49   1090   1104   1110   1089   1065   1090   1101   1106   1106   1067   1102   1097   1121   1123   1090   1086   1098   1137   1136   1087
   31.008    19518   641.76    19452   645.54   1943   1954   1961   1943   1920   1943   1951   1957   1959   1921   1952   1950   1977   1979   1938   1937   1949   1992   1905   1939
   36.008    28099   888.49    28122   889.66   2806   2824   2829   2806   2788   2807   2819   2825   2827   2791   2820   2815   2840   2760   2799   2805   2822   2863   2770   2805
   41.008    36749  1126.41    36946  1126.98   3689   3705   3710   3691   3670   3692   3702   3706   3709   3672   3701   3697   3635   3642   3681   3693   3705   3656   3650   3689
   46.008    45814  1367.11    46001  1367.89   4595   4610   4616   4597   4575   4597   4608   4612   4615   4576   4610   4599   4541   4548   4586   4600   4614   4563   4554   4599
   51.008    53784  1575.15    53967  1575.72   5392   5407   5412   5393   5372   5395   5404   5410   5411   5371   5408   5398   5338   5347   5380   5394   5415   5359   5349   5396
   56.008    61847  1688.93    62013  1694.70   6197   6209   6214   6197   6183   6199   6206   6212   6213   6183   6208   6201   6149   6158   6185   6196   6213   6171   6162   6204
   61.008    69613  1665.00    69546  1667.75   6974   6988   6913   6973   6956   6976   6986   6912   6912   6956   6988   6982   6924   6934   6961   6970   6995   6941   6935   6983
   66.008    76967  1627.48    76907  1622.08   7715   7654   7659   7714   7701   7719   7728   7658   7658   7701   7652   7723   7672   7681   7704   7710   7734   7687   7678   7726
   71.008    84517  1600.17    84537  1588.99   8433   8437   8441   8503   8488   8433   8436   8440   8440   8486   8437   8428   8452   8463   8423   8500   8443   8469   8458   8444
   76.008    92342  1558.76    92355  1547.89   9215   9220   9224   9283   9269   9215   9218   9222   9222   9267   9222   9209   9235   9246   9205   9279   9223   9255   9242   9226
   81.008   100024  1549.03    99961  1538.12   9984   9989   9992   9971  10037   9982   9988   9992   9992  10034   9990   9977  10002  10013   9973  10047   9995  10020  10010   9997
   86.008   108044  1547.67   108060  1539.88  10793  10799  10801  10785  10848  10792  10796  10801  10800  10845  10797  10789  10811  10824  10781  10779  10802  10830  10822  10809
   91.009   115745  1542.79   115754  1545.50  11562  11568  11571  11556  11616  11562  11565  11571  11569  11614  11565  11559  11585  11595  11547  11549  11572  11603  11592  11578
   96.008   123613  1554.50   123630  1562.79  12350  12354  12358  12346  12403  12350  12353  12359  12355  12402  12353  12344  12368  12379  12333  12339  12362  12391  12378  12366
  101.008   131519  1567.15   131388  1572.18  13139  13146  13150  13137  13117  13140  13145  13151  13147  13116  13143  13138  13159  13170  13118  13128  13156  13181  13168  13158
  106.009   139135  1559.95   139004  1565.46  13902  13907  13910  13899  13880  13902  13907  13910  13907  13880  13904  13900  13919  13931  13878  13892  13916  13946  13931  13918
  111.008   147017  1565.97   146861  1573.83  14687  14692  14699  14683  14664  14688  14694  14697  14692  14665  14691  14687  14713  14722  14668  14673  14699  14737  14724  14703
  116.008   154814  1556.71   154697  1559.83  15471  15475  15480  15466  15450  15472  15477  15480  15476  15450  15475  15467  15488  15496  15454  15455  15482  15514  15496  15487
  121.008   162336  1542.20   162312  1543.17  16236  16236  16241  16226  16210  16237  16239  16240  16237  16210  16232  16229  16245  16255  16217  16213  16240  16272  16181  16252
  126.009   170110  1547.37   170317  1548.37  17034  17038  17043  17027  17007  17038  17041  17043  17038  17008  17034  17029  16965  16979  17019  17015  17044  16991  16983  17051
  131.008   177831  1541.51   178015  1547.01  17803  17806  17812  17799  17780  17806  17811  17812  17806  17780  17803  17801  17737  17752  17794  17787  17814  17761  17759  17823
  136.008   185736  1549.55   185917  1551.46  18594  18596  18602  18589  18570  18596  18602  18602  18596  18570  18595  18594  18527  18541  18587  18576  18600  18550  18550  18616
  141.008   193585  1547.17   193769  1553.31  19378  19382  19388  19374  19354  19382  19387  19388  19382  19354  19379  19377  19314  19327  19369  19358  19382  19338  19338  19403
  146.008   201631  1555.47   201807  1560.23  20182  20186  20191  20178  20158  20186  20191  20191  20186  20158  20187  20182  20115  20133  20175  20163  20188  20138  20143  20207
  151.008   209551  1571.42   209807  1573.00  20983  20985  20991  20978  20959  20986  20990  20990  20986  20959  20909  20984  20912  20934  20973  20966  20993  20939  20938  21003
  156.008   217255  1576.03   217546  1563.44  21785  21785  21703  21779  21756  21788  21703  21703  21788  21756  21699  21693  21704  21734  21687  21764  21702  21738  21729  21805
  161.008   225121  1584.40   225221  1573.83  22569  22495  22502  22564  22547  22496  22502  22502  22497  22547  22495  22495  22501  22525  22485  22548  22504  22537  22518  22513
  166.008   233133  1585.37   233168  1577.92  23298  23297  23304  23367  23348  23299  23304  23304  23299  23348  23297  23293  23300  23323  23285  23351  23304  23340  23322  23318
  171.008   241227  1593.57   241187  1586.05  24107  24105  24114  24101  24159  24107  24114  24114  24107  24159  24110  24106  24113  24133  24090  24161  24113  24147  24128  24126
  176.008   249260  1588.93   249211  1584.63  24906  24904  24916  24901  24969  24907  24916  24916  24907  24969  24910  24907  24917  24938  24887  24971  24911  24953  24942  24924
  181.008   256893  1581.11   256941  1576.44  25681  25678  25689  25676  25735  25682  25691  25691  25682  25736  25684  25685  25686  25705  25664  25658  25687  25718  25706  25700
  186.008   265004  1592.00   265032  1588.31  26490  26486  26499  26485  26546  26490  26500  26500  26490  26546  26492  26495  26500  26516  26475  26468  26497  26531  26519  26511
  191.009   273056  1598.26   272927  1600.87  27297  27292  27303  27292  27272  27295  27304  27304  27295  27273  27298  27302  27302  27320  27281  27272  27304  27336  27321  27320
  196.008   281128  1600.20   281008  1605.37  28103  28101  28110  28099  28083  28103  28112  28111  28103  28083  28101  28113  28113  28130  28084  28076  28110  28146  28129  28126
  201.008   288975  1590.03   288826  1598.62  28886  28884  28894  28878  28858  28886  28899  28897  28886  28858  28881  28901  28897  28919  28866  28852  28892  28935  28920  28912
  206.008   296791  1582.17   296744  1589.95  29677  29674  29684  29669  29654  29678  29689  29687  29678  29654  29674  29692  29686  29702  29657  29642  29682  29721  29628  29707
  211.009   304830  1598.56   304853  1600.03  30487  30485  30495  30484  30464  30488  30500  30498  30488  30464  30483  30503  30498  30510  30470  30457  30493  30457  30441  30518
  216.008   312881  1591.24   312912  1599.03  31293  31293  31301  31290  31269  31293  31306  31304  31293  31270  31287  31312  31302  31316  31277  31263  31295  31259  31245  31325
  221.008   320836  1585.39   320965  1590.69  32100  32100  32103  32096  32073  32100  32111  32109  32100  32073  32091  32117  32106  32035  32079  32068  32100  32063  32048  32129
  226.008   328440  1574.48   328652  1577.97  32867  32867  32872  32864  32843  32867  32882  32879  32867  32844  32864  32884  32794  32809  32845  32832  32865  32834  32818  32895
  231.008   336532  1582.85   336743  1587.35  33676  33676  33682  33673  33652  33678  33689  33687  33676  33654  33669  33690  33609  33618  33656  33641  33675  33644  33627  33703
  236.009   344625  1589.83   344843  1593.39  34487  34487  34492  34482  34460  34488  34500  34497  34486  34464  34476  34499  34417  34427  34466  34450  34486  34456  34435  34513
  241.008   352672  1592.34   352816  1593.71  35301  35301  35303  35294  35273  35301  35234  35233  35299  35277  35284  35237  35227  35240  35280  35265  35302  35263  35246  35328
  246.008   360469  1584.58   360724  1582.87  36096  36094  36099  36087  36061  36096  36018  36016  36090  36067  35989  36019  36014  36023  36070  36057  36091  36050  36034  36122
  251.008   368255  1586.28   368318  1578.96  36806  36806  36808  36872  36853  36806  36817  36816  36876  36858  36790  36822  36808  36823  36858  36842  36803  36845  36831  36833
  256.008   376291  1600.70   376429  1593.02  37617  37617  37618  37685  37663  37617  37627  37627  37688  37670  37603  37636  37618  37628  37596  37654  37615  37655  37642  37644
  261.008   384374  1600.34   384421  1592.21  38424  38424  38425  38492  38469  38424  38434  38434  38417  38478  38415  38444  38424  38437  38400  38463  38426  38460  38450  38455
  266.008   392183  1590.22   392159  1582.20  39204  39204  39205  39196  39255  39204  39214  39214  39200  39263  39193  39224  39202  39212  39181  39248  39208  39243  39237  39235
  271.008   400020  1581.43   400001  1578.41  39991  39991  39991  39981  40035  39990  39999  39999  39986  40038  39980  40014  39984  39998  39967  40020  39995  40025  40019  40018
  276.008   407988  1589.43   407983  1583.29  40796  40798  40797  40787  40840  40795  40803  40803  40791  40773  40782  40819  40787  40801  40771  40751  40796  40830  40829  40822
  281.008   416086  1594.77   416075  1599.97  41606  41606  41604  41596  41651  41603  41612  41614  41601  41582  41589  41630  41598  41609  41580  41562  41607  41637  41641  41633
  286.008   424144  1594.63   424057  1598.26  42413  42413  42410  42404  42376  42409  42417  42421  42408  42386  42396  42437  42408  42413  42387  42365  42406  42442  42449  42441
  291.008   431800  1582.95   431769  1586.07  43184  43184  43180  43173  43149  43179  43191  43197  43177  43155  43169  43211  43188  43188  43157  43134  43179  43222  43140  43212
  296.008   439898  1588.36   439882  1596.24  43995  43995  43993  43985  43962  43991  44000  44003  43990  43968  43979  44019  43994  43990  43968  43946  43993  44028  43957  44024
  301.008   447858  1595.20   447917  1600.27  44799  44798  44797  44788  44766  44795  44803  44806  44794  44771  44781  44827  44796  44790  44770  44750  44796  44760  44761  44827
  306.008   455906  1595.40   455965  1592.32  45603  45602  45601  45593  45571  45601  45607  45610  45600  45577  45588  45630  45601  45590  45576  45557  45603  45566  45569  45626
  311.008   463727  1580.17   463890  1582.62  46397  46397  46395  46385  46355  46395  46401  46404  46395  46366  46383  46426  46310  46388  46365  46344  46396  46344  46352  46419
  316.008   471517  1574.34   471690  1577.93  47177  47177  47177  47163  47140  47178  47177  47178  47177  47146  47156  47200  47093  47163  47142  47129  47173  47131  47137  47193
  321.008   479586  1590.70   479832  1592.21  47991  47992  47992  47977  47954  47992  47992  47992  47992  47958  47973  48015  47911  47901  47951  47940  47988  47950  47950  48007
  326.008   487580  1589.78   487900  1590.72  48797  48799  48799  48784  48761  48799  48799  48799  48799  48764  48778  48746  48718  48709  48758  48745  48793  48759  48759  48815
  331.009   495741  1595.37   495481  1593.19  49531  49530  49532  49602  49577  49532  49532  49532  49532  49581  49595  49558  49531  49522  49577  49563  49612  49574  49574  49635
  336.008   503456  1584.58   503296  1582.91  50314  50312  50314  50385  50355  50314  50314  50314  50314  50360  50298  50338  50309  50300  50355  50342  50394  50350  50351  50419
  341.008   511415  1590.13   511278  1582.62  51114  51111  51113  51177  51153  51114  51113  51113  51113  51157  51098  51136  51110  51097  51149  51141  51182  51149  51148  51205
  346.008   529580  1914.66   528838  1893.29  52840  52839  52839  53031  52961  52839  52840  52840  52840  52969  52877  52918  52922  52887  53044  53007  52853  52961  52989  53122
  351.008   554301  2474.14   552745  2422.73  55233  55232  55229  55418  55352  55230  55229  55230  55232  55360  55343  55412  55381  55359  55514  55473  55353  55434  55464  55568
  356.008   578516  3034.77   576806  2959.09  57639  57637  57637  57826  57753  57633  57631  57638  57634  57778  57820  57874  57847  57826  57730  57961  57828  57908  57932  57790
  361.008   597991  3426.22   595537  3352.56  59548  59547  59548  59531  59583  59546  59545  59549  59547  59593  59806  59832  59771  59772  59717  59823  59828  59820  59820  59802
  366.008   605612  3422.99   603149  3345.74  60310  60308  60308  60293  60344  60308  60307  60308  60308  60355  60566  60591  60537  60535  60481  60583  60590  60582  60584  60563
  371.008   613408  3414.97   610964  3340.00  61092  61090  61090  61071  61123  61091  61089  61089  61090  61139  61343  61376  61318  61315  61257  61365  61368  61360  61364  61342
  376.008   621117  3063.93   618664  3011.81  61870  61868  61867  61851  61900  61868  61867  61866  61867  61840  62124  62152  62098  62090  62036  62066  62146  62137  62146  62122
  381.009   628762  2490.27   626290  2465.17  62635  62633  62629  62611  62665  62630  62631  62627  62629  62600  62893  62917  62864  62860  62793  62828  62909  62904  62910  62884
  386.008   636396  1934.80   633934  1914.59  63398  63396  63393  63379  63425  63394  63395  63393  63393  63368  63655  63682  63623  63618  63556  63595  63681  63665  63671  63650
  391.008   644136  1535.67   641743  1548.02  64178  64176  64174  64159  64205  64176  64176  64174  64175  64150  64434  64465  64407  64396  64340  64376  64462  64449  64376  64431
  396.008   651894  1540.54   649430  1537.92  64953  64951  64951  64936  64907  64953  64951  64950  64951  64927  65210  65240  65181  65170  65116  65150  65244  65222  65154  65207
  401.008   659529  1532.57   657057  1529.41  65716  65715  65713  65698  65672  65716  65713  65711  65713  65690  65972  66002  65946  65932  65876  65915  66004  65987  65920  65975
  406.008   667141  1531.64   664749  1528.62  66486  66485  66483  66466  66442  66485  66482  66480  66481  66459  66737  66775  66712  66698  66645  66684  66773  66679  66695  66743
  411.008   674839  1533.69   672526  1534.16  67264  67263  67259  67245  67218  67264  67259  67256  67260  67238  67515  67551  67418  67477  67419  67462  67552  67455  67469  67521
  416.009   682593  1535.23   680282  1535.13  68041  68040  68034  68018  67994  68040  68035  68032  68036  68012  68286  68324  68199  68258  68187  68237  68328  68231  68247  68296
  421.008   695363  1668.99   693140  1659.26  69353  69351  69333  69280  69204  69351  69342  69326  69343  69257  69609  69660  69395  69596  69471  69500  69650  69419  69462  69601
  426.008   720286  2245.50   717414  2216.21  71783  71782  71756  71703  71633  71782  71769  71750  71770  71686  72080  72160  71924  72077  71950  71998  72142  71908  71953  72094
  431.008   745380  2830.77   741806  2778.42  74222  74218  74199  74151  74067  74221  74206  74189  74209  74124  74601  74673  74436  74565  74485  74509  74645  74422  74463  74581
  436.008   770565  3420.81   766310  3333.62  76671  76666  76650  76603  76517  76671  76654  76640  76661  76577  77117  77187  76969  77063  77001  77024  77168  76956  76990  77090
  441.008   795636  4002.32   789922  3889.93  78858  78855  79086  79037  78952  78858  79094  79072  79099  79011  79618  79691  79497  79582  79504  79531  79673  79479  79487  79574
  446.008   820642  4590.62   814442  4452.87  81312  81309  81536  81488  81404  81312  81546  81521  81551  81463  82131  81963  82040  82109  82013  82053  82196  81999  82025  82113
  451.008   845158  4993.42   838249  4836.95  83746  83748  83958  83910  83833  83747  83732  83947  83735  83893  84616  84443  84517  84337  84496  84520  84660  84477  84480  84612
  456.008   862658  4767.35   855724  4631.01  85549  85546  85616  85600  85569  85549  85542  85611  85545  85597  86206  86284  86314  86177  86216  86269  86344  86267  86255  86326
  461.008   870187  4180.57   863242  4067.48  86308  86306  86301  86359  86330  86308  86300  86372  86303  86355  86965  87042  87075  86936  86974  87031  87030  87028  87019  87087
  466.009   877762  3589.75   870752  3497.27  87067  87065  87057  87118  87089  87067  87059  87054  87062  87114  87722  87800  87837  87693  87729  87788  87783  87784  87780  87846
  471.008   885474  3009.77   878534  2966.17  87846  87843  87835  87897  87865  87846  87836  87832  87839  87895  88504  88575  88613  88472  88507  88570  88563  88562  88559  88549
  476.008   893338  2431.64   886388  2406.41  88630  88630  88619  88684  88651  88631  88621  88616  88623  88683  89286  89365  89400  89260  89291  89354  89347  89350  89347  89338
  481.008   900914  1865.94   893885  1864.46  89396  89396  89382  89370  89414  89397  89388  89382  89391  89369  90049  90129  90162  90030  89979  90122  90112  90115  90111  90105
  486.009   908548  1532.33   901509  1533.91  90158  90158  90145  90133  90176  90159  90149  90145  90153  90133  90812  90892  90925  90794  90745  90885  90875  90879  90874  90867
  491.008   916240  1535.37   909212  1540.13  90929  90930  90915  90903  90947  90931  90918  90914  90922  90903  91578  91660  91698  91569  91517  91653  91643  91648  91640  91634
  496.008   923932  1541.76   916982  1546.29  91705  91707  91693  91680  91725  91707  91696  91691  91697  91681  92356  92439  92475  92343  92295  92352  92420  92423  92420  92409
  501.008   931555  1538.69   924601  1535.84  92468  92471  92454  92442  92487  92469  92458  92452  92457  92443  93114  93203  93238  93105  93059  93116  93182  93186  93182  93170
  506.008   939129  1526.38   932101  1526.38  93225  93230  93210  93200  93168  93227  93216  93210  93215  93200  93871  93960  93996  93860  93816  93874  93939  93948  93938  93927
  511.008   946820  1523.62   939782  1528.93  93996  94001  93977  93966  93932  93997  93986  93976  93985  93966  94638  94732  94768  94633  94580  94641  94704  94719  94711  94694
  516.009   954445  1525.89   947597  1532.43  94774  94781  94758  94751  94714  94777  94767  94758  94766  94751  95417  95514  95546  95411  95366  95422  95482  95409  95405  95473
  521.008   962060  1524.92   955213  1525.86  95533  95541  95519  95512  95480  95540  95528  95520  95528  95512  96173  96275  96304  96174  96129  96187  96241  96178  96169  96230
  526.008   969551  1518.19   962706  1519.16  96288  96223  96277  96269  96237  96297  96285  96277  96284  96269  96931  97032  96986  96933  96886  96942  96998  96935  96926  96982
  531.008   977539  1527.82   970686  1526.28  97086  97022  97074  97067  97036  97094  97083  97075  97082  97067  97730  97831  97785  97734  97685  97739  97798  97732  97724  97781
  536.008   985582  1543.31   978653  1544.15  97890  97827  97878  97872  97839  97822  97887  97880  97886  97872  98534  98638  98589  98535  98489  98543  98606  98536  98527  98585
  541.008   993356  1543.99   986420  1544.40  98668  98600  98655  98650  98612  98595  98667  98658  98664  98651  99313  99423  99361  99318  99266  99320  99385  99307  99300  99363
  546.008  1000842  1551.93   994148  1546.73  99444  99385  99433  99431  99396  99380  99368  99438  99442  99431 100012 100123 100145 100022 100043 100098 100088 100091 100081 100139
  551.008  1008890  1563.77  1002036  1560.85 100171 100190 100236 100235 100201 100184 100173 100243 100168 100235 100815 100926 100950 100828 100844 100905 100895 100896 100886 100945
  556.008  1016859  1579.97  1009932  1574.60 100968 100988 101032 101032 100998 100982 100971 100964 100965 101032 101612 101727 101747 101624 101638 101698 101694 101696 101686 101737
  561.008  1024620  1573.95  1017800  1569.05 101751 101771 101825 101825 101790 101764 101754 101747 101749 101824 102394 102509 102532 102403 102430 102485 102477 102480 102470 102440
  566.008  1032278  1559.40  1025286  1562.35 102527 102544 102514 102514 102559 102538 102530 102523 102523 102514 103166 103285 103303 103182 103123 103254 103255 103255 103237 103218
  571.008  1040317  1568.42  1033313  1571.11 103330 103346 103316 103318 103361 103341 103333 103326 103325 103317 103970 104090 104109 103986 103928 104056 104059 104058 104038 104023
  576.008  1048374  1587.45  1041371  1582.11 104136 104150 104121 104125 104168 104148 104137 104133 104131 104122 104776 104897 104913 104788 104732 104863 104867 104864 104844 104830
  581.008  1056402  1583.79  1049404  1584.23 104940 104954 104924 104928 104971 104952 104940 104936 104935 104924 105580 105697 105717 105593 105535 105666 105670 105665 105644 105635
  586.008  1063971  1572.27  1057055  1575.49 105703 105724 105687 105691 105745 105717 105704 105699 105698 105687 106343 106463 106483 106361 106298 106349 106434 106432 106413 106395
  591.008  1071906  1574.11  1064914  1575.99 106498 106514 106483 106488 106455 106510 106498 106493 106492 106483 107138 107257 107272 107155 107098 107149 107221 107220 107204 107192
  596.008  1079923  1583.59  1072934  1591.34 107302 107316 107285 107290 107256 107312 107301 107294 107293 107285 107941 108062 108075 107956 107900 107950 108021 108021 108006 107991
  601.008  1087874  1580.84  1080964  1591.51 108103 108118 108087 108094 108059 108117 108105 108097 108095 108089 108745 108863 108874 108760 108698 108758 108824 108826 108732 108794
  606.008  1095632  1570.30  1088810  1579.70 108891 108903 108869 108879 108838 108903 108893 108883 108879 108872 109530 109651 109662 109550 109476 109539 109614 109523 109506 109581
  611.008  1103466  1566.64  1096625  1571.91 109671 109683 109654 109659 109626 109684 109671 109662 109659 109656 110306 110431 110447 110329 110263 110329 110394 110314 110291 110362
  616.008  1111524  1580.11  1104669  1579.71 110475 110486 110458 110464 110432 110487 110476 110466 110464 110461 111111 111239 111252 111140 111066 111133 111197 111120 111099 111167
  621.008  1119500  1584.43  1112649  1581.78 111282 111214 111263 111270 111238 111292 111282 111271 111270 111267 111913 112045 111981 111946 111867 111941 112003 111927 111903 111974
  626.008  1127298  1574.66  1120463  1573.89 112072 111994 112054 112061 112024 111997 112077 112064 112061 112059 112704 112837 112761 112739 112655 112729 112707 112710 112687 112769
  631.008  1134816  1567.68  1128041  1564.63 112835 112765 112817 112824 112792 112770 112761 112828 112824 112825 113467 113522 113536 113427 113416 113498 113481 113482 113458 113529
  636.008  1147231  1714.59  1140891  1698.18 114187 113965 114130 114151 114068 113970 113950 114165 114152 114153 114583 114731 114764 114636 114730 114787 114689 114733 114703 114875
  641.008  1171988  2273.76  1165121  2249.30 116606 116393 116554 116575 116491 116395 116371 116587 116574 116575 117053 117211 117225 117122 117227 117258 117156 117193 117187 117356
  646.008  1193047  2726.98  1185079  2684.06 118465 118475 118532 118539 118506 118477 118466 118542 118538 118539 119212 119360 119379 119259 119268 119328 119281 119288 119292 119380
  651.008  1200629  2714.43  1192671  2668.96 119227 119233 119291 119298 119262 119235 119228 119301 119298 119298 119972 120123 120136 120020 120025 120085 120040 120042 120049 120137
  656.008  1208586  2720.01  1200310  2674.24 120023 120032 120082 120014 120057 120033 120026 120016 120014 120013 120772 120919 120933 120816 120818 120880 120837 120840 120846 120925
  661.009  1216094  2722.28  1207908  2674.97 120783 120791 120842 120775 120816 120792 120786 120774 120775 120774 121530 121675 121692 121573 121579 121640 121597 121597 121603 121608
  666.008  1223707  2561.17  1215438  2499.03 121544 121551 121526 121536 121576 121554 121545 121534 121537 121535 122290 122433 122455 122333 122343 122406 122358 122356 122362 122371
  671.008  1231450  1987.35  1223252  1948.19 122326 122334 122306 122318 122358 122337 122326 122314 122317 122316 123072 123215 123238 123117 123048 123184 123141 123137 123145 123153
  676.008  1239284  1543.83  1231082  1541.14 123108 123116 123089 123101 123142 123119 123107 123098 123102 123100 123855 124000 124019 123899 123832 123964 123923 123921 123930 123941
  681.008  1246898  1545.00  1238680  1541.41 123869 123875 123849 123860 123901 123878 123867 123858 123863 123860 124617 124760 124780 124663 124593 124725 124683 124685 124691 124701
  686.008  1254444  1526.04  1246222  1538.12 124632 124637 124609 124622 124588 124640 124629 124619 124624 124622 125381 125524 125543 125426 125351 125411 125447 125446 125453 125462
  691.008  1262398  1538.29  1254167  1547.08 125427 125431 125403 125416 125383 125435 125423 125413 125420 125416 126175 126319 126336 126221 126146 126210 126240 126243 126249 126259
  696.009  1270014  1536.23  1261779  1544.92 126188 126192 126163 126179 126143 126196 126184 126175 126180 126179 126937 127079 127097 126983 126907 126973 127003 127004 127010 127021
  701.008  1277599  1534.43  1269519  1541.04 126962 126967 126936 126954 126914 126971 126958 126949 126954 126954 127714 127851 127872 127761 127681 127745 127777 127698 127704 127796
  706.008  1285385  1531.58  1277293  1532.65 127738 127743 127714 127730 127694 127747 127734 127728 127732 127733 128489 128628 128648 128537 128459 128525 128557 128481 128488 128573
  711.008  1293016  1532.45  1284928  1531.48 128501 128505 128477 128494 128459 128508 128498 128492 128497 128497 129253 129392 129407 129296 129225 129290 129326 129239 129251 129337
  716.008  1300766  1539.09  1292675  1538.26 129276 129280 129251 129268 129236 129283 129272 129266 129272 129271 130031 130173 130182 130070 129999 130069 130097 130013 130027 130105
  721.009  1308352  1534.46  1300493  1534.26 130059 130061 130034 130049 130017 130065 130053 130049 130054 130052 130812 130881 130885 130850 130781 130854 130803 130787 130811 130888
  726.008  1315852  1530.69  1307933  1531.23 130817 130746 130794 130808 130777 130749 130811 130807 130813 130811 131568 131640 131644 131533 131540 131609 131559 131546 131567 131646
  731.008  1323574  1534.62  1315650  1532.10 131520 131525 131574 131587 131556 131528 131590 131587 131593 131590 132272 132421 132425 132312 132317 132386 132340 132327 132348 132426
  736.008  1331403  1536.61  1323331  1532.25 132304 132308 132358 132369 132342 132311 132299 132369 132300 132371 133056 133202 133207 133094 133102 133171 133122 133110 133131 133208
  741.008  1338931  1535.77  1330722  1531.71 133066 133070 133120 133055 133102 133074 133062 133055 133062 133056 133819 133963 133966 133854 133861 133930 133882 133875 133888 133893
  746.008  1346565  1531.51  1338360  1527.65 133828 133834 133888 133817 133869 133838 133824 133818 133825 133819 134583 134727 134729 134619 134626 134699 134646 134632 134647 134657
  751.008  1354510  1543.88  1346297  1531.96 134622 134627 134677 134611 134660 134632 134619 134614 134621 134614 135373 135521 135525 135415 135420 135494 135437 135430 135441 135454
  756.009  1362134  1542.90  1353927  1538.31 135386 135388 135439 135375 135424 135394 135382 135378 135385 135376 136138 136280 136286 136178 136182 136259 136196 136193 136204 136218
  761.008  1369899  1545.81  1361683  1541.74 136169 136172 136141 136157 136215 136179 136165 136160 136167 136158 136920 137062 137071 136961 136882 137047 136983 136981 136990 137002
  766.008  1377585  1542.08  1369305  1542.75 136938 136942 136914 136928 136900 136948 136935 136934 136937 136929 137690 137828 137842 137726 137656 137812 137753 137750 137755 137773
  771.008  1385527  1558.59  1377319  1563.66 137740 137743 137716 137730 137700 137750 137737 137736 137738 137729 138493 138629 138643 138526 138459 138534 138556 138553 138556 138578
  776.008  1393547  1561.43  1385342  1571.56 138543 138546 138519 138532 138503 138553 138538 138538 138539 138531 139298 139433 139445 139326 139257 139337 139359 139356 139356 139380
  781.008  1401222  1549.85  1393010  1561.63 139311 139313 139284 139299 139266 139325 139305 139304 139305 139298 140063 140201 140213 140098 140021 140101 140127 140127 140129 140142
  786.008  1409040  1556.23  1400843  1564.18 140095 140095 140068 140083 140051 140104 140089 140088 140089 140081 140847 140978 140992 140882 140812 140890 140910 140901 140906 140922
  791.008  1416893  1564.26  1408857  1567.62 140897 140896 140870 140885 140852 140903 140890 140890 140890 140884 141650 141780 141791 141685 141614 141690 141704 141625 141633 141721
  796.008  1424970  1574.77  1416937  1577.85 141704 141704 141679 141692 141661 141711 141698 141698 141699 141691 142459 142589 142600 142494 142424 142498 142510 142432 142438 142526
  801.008  1432880  1570.94  1424862  1571.21 142498 142498 142469 142483 142451 142504 142493 142492 142492 142482 143252 143383 143394 143290 143211 143287 143306 143219 143220 143318
  806.008  1440552  1562.35  1432537  1563.69 143265 143264 143239 143253 143224 143270 143257 143257 143258 143250 144014 144147 144157 144055 143981 144060 144069 143989 143996 144084
  811.008  1448318  1572.79  1440391  1572.15 144065 143990 144039 144053 144024 143996 144057 144057 144059 144051 144812 144872 144883 144781 144778 144856 144869 144789 144796 144882
  816.008  1456236  1576.16  1448371  1577.23 144862 144787 144837 144853 144822 144795 144855 144855 144856 144849 145616 145670 145683 145582 145576 145651 145593 145588 145596 145681
  821.008  1464234  1580.84  1456228  1574.19 145587 145588 145638 145654 145622 145596 145581 145656 145656 145650 146415 146473 146485 146382 146376 146447 146397 146386 146393 146480
  826.008  1471779  1561.91  1463712  1557.65 146346 146348 146405 146428 146388 146358 146340 146338 146338 146423 147096 147233 147242 147143 147143 147212 147156 147146 147153 147255
  831.008  1479652  1564.41  1471491  1559.62 147144 147145 147195 147135 147175 147153 147138 147137 147137 147132 147892 148033 148040 147944 147932 147999 147953 147944 147947 147968
  836.008  1487644  1575.20  1479472  1569.90 147942 147943 147991 147933 147972 147951 147937 147937 147936 147930 148692 148834 148838 148743 148733 148795 148755 148742 148744 148768
  841.008  1495597  1581.41  1487416  1572.89 148735 148737 148788 148727 148769 148745 148730 148731 148730 148724 149492 149632 149632 149538 149525 149589 149553 149536 149537 149563
  846.008  1503496  1576.60  1495297  1568.61 149522 149524 149585 149512 149565 149533 149516 149516 149516 149508 150278 150423 150416 150325 150321 150383 150338 150331 150330 150351
  851.008  1511245  1567.25  1503003  1567.01 150302 150302 150277 150295 150335 150311 150297 150296 150297 150291 151057 151200 151189 151099 151088 151158 151113 151106 151103 151132
  856.008  1519208  1583.99  1511041  1585.67 151106 151104 151082 151100 151139 151114 151101 151100 151100 151095 151860 152003 151995 151903 151819 151959 151916 151914 151907 151932
  861.008  1527183  1587.38  1518943  1592.35 151903 151901 151882 151897 151861 151911 151901 151897 151897 151893 152655 152801 152792 152702 152618 152757 152713 152707 152705 152733
  866.008  1535041  1578.42  1526872  1590.60 152696 152696 152673 152692 152647 152704 152696 152692 152692 152684 153448 153596 153581 153501 153410 153470 153506 153502 153502 153525
  871.008  1542667  1564.55  1534513  1577.97 153458 153458 153439 153457 153419 153464 153457 153456 153456 153449 154213 154357 154344 154261 154179 154240 154265 154261 154261 154286
  876.008  1550652  1564.58  1542506  1576.49 154257 154257 154238 154256 154218 154263 154257 154256 154256 154248 155012 155156 155141 155060 154978 155038 155064 155061 155059 155083
  881.008  1558580  1570.79  1550520  1576.86 155058 155058 155039 155057 155021 155065 155058 155057 155057 155050 155817 155956 155940 155858 155780 155841 155863 155782 155859 155884
  886.008  1566556  1570.74  1558497  1574.30 155856 155856 155837 155855 155818 155863 155855 155855 155855 155847 156616 156754 156741 156656 156575 156640 156662 156577 156655 156680
  891.008  1574161  1558.99  1566200  1562.75 156628 156628 156604 156627 156583 156635 156626 156627 156627 156615 157386 157532 157512 157425 157338 157405 157434 157340 157339 157450
  896.009  1582063  1562.77  1574085  1564.21 157416 157414 157395 157416 157375 157421 157414 157415 157415 157404 158175 158317 158298 158214 158132 158198 158223 158136 158133 158237
  901.008  1590027  1576.54  1582117  1574.66 158218 158217 158199 158219 158180 158225 158217 158217 158218 158207 158980 159044 159097 159019 158939 159006 159023 158941 158940 159038
  906.009  1597861  1576.68  1590036  1574.87 159017 159017 158998 159021 158980 158949 159016 159015 159017 159006 159782 159841 159817 159815 159738 159806 159746 159738 159741 159837
  911.008  1605526  1572.32  1597665  1566.68 159810 159719 159789 159722 159765 159727 159719 159806 159810 159798 160485 160620 160591 160519 160523 160594 160524 160525 160519 160626
  916.008  1613268  1560.00  1605229  1558.19 160499 160499 160556 160501 160536 160507 160499 160570 160499 160563 161263 161396 161370 161296 161293 161367 161304 161296 161292 161391
  921.008  1621207  1573.59  1613165  1568.42 161300 161299 161358 161303 161337 161308 161299 161297 161300 161364 162068 162201 162170 162094 162096 162168 162103 162096 162092 162119
  926.008  1629173  1575.82  1621057  1571.23 162097 162097 162153 162100 162133 162105 162096 162093 162097 162161 162868 162997 162968 162890 162888 162965 162901 162892 162891 162913
  931.008  1637107  1573.96  1628983  1566.95 162890 162889 162949 162893 162928 162900 162890 162883 162887 162874 163662 163794 163762 163686 163684 163758 163689 163688 163682 163702
  936.008  1644727  1567.44  1636612  1557.67 163653 163652 163712 163656 163689 163660 163651 163648 163649 163642 164425 164556 164522 164451 164444 164521 164449 164447 164444 164468
  941.008  1652703  1575.66  1644513  1569.58 164451 164452 164429 164455 164485 164458 164449 164446 164448 164440 165222 165355 165320 165247 165241 165317 165244 165246 165244 165267
  946.008  1660688  1583.72  1652502  1583.79 165251 165250 165226 165255 165284 165257 165247 165245 165248 165239 166024 166153 166122 166046 166038 166113 166044 166042 166041 166065
  951.008  1668570  1581.78  1660466  1584.70 166047 166046 166022 166051 166080 166054 166045 166042 166044 166035 166824 166949 166915 166843 166761 166907 166840 166837 166836 166858
  956.008  1676062  1565.81  1667952  1571.14 166804 166803 166778 166807 166760 166810 166801 166799 166799 166791 167579 167706 167672 167599 167518 167588 167597 167595 167594 167614
  961.008  1683656  1544.21  1675538  1557.20 167562 167562 167536 167567 167519 167569 167560 167557 167556 167550 168343 168464 168432 168360 168275 168347 168356 168355 168355 168369
  966.008  1691257  1543.64  1683147  1548.88 168323 168323 168297 168328 168280 168331 168321 168317 168317 168310 169101 169226 169191 169120 169037 169108 169114 169112 169118 169130
  971.008  1698903  1532.65  1690881  1538.12 169097 169095 169069 169101 169053 169103 169095 169092 169092 169084 169874 169994 169962 169891 169813 169880 169887 169809 169889 169904
  976.008  1706671  1525.17  1698641  1530.44 169871 169872 169846 169878 169829 169880 169872 169867 169866 169860 170650 170769 170741 170666 170590 170660 170667 170584 170668 170676
  981.009  1714268  1515.37  1706239  1515.44 170632 170631 170605 170638 170590 170640 170632 170626 170625 170620 171408 171530 171504 171425 171349 171417 171427 171342 171430 171436
  986.008  1721789  1519.13  1713832  1519.03 171391 171391 171362 171397 171348 171400 171392 171386 171385 171380 172169 172290 172266 172182 172109 172176 172186 172101 172116 172194
  991.008  1729235  1524.45  1721505  1524.68 172165 172165 172137 172174 172124 172100 172166 172160 172159 172155 172868 172991 172965 172882 172884 172952 172963 172875 172887 172968
  996.008  1736915  1526.98  1729111  1527.08 172932 172932 172906 172863 172893 172869 172932 172930 172929 172925 173636 173759 173730 173650 173654 173721 173730 173641 173654 173740
 1001.008  1744424  1522.48  1736538  1519.26 173689 173614 173664 173620 173651 173628 173614 173688 173686 173684 174396 174521 174489 174407 174412 174478 174413 174398 174412 174498
 1006.008  1751934  1513.89  1744057  1511.34 174372 174374 174424 174379 174410 174387 174374 174447 174445 174445 175154 175283 175247 175169 175171 175236 175171 175155 175170 175178
 1011.008  1759705  1519.61  1751605  1517.17 175149 175150 175204 175155 175189 175163 175150 175149 175148 175148 175931 176060 176025 175942 175953 176012 175948 175930 175946 175958
 1016.008  1767441  1526.91  1759348  1522.32 175924 175925 175977 175930 175960 175939 175925 175923 175923 175922 176703 176836 176799 176720 176726 176784 176720 176704 176721 176728
 1021.008  1775038  1531.93  1766949  1519.88 176684 176684 176737 176690 176720 176701 176684 176683 176684 176682 177462 177595 177557 177479 177487 177544 177480 177465 177481 177488
 1026.008  1782651  1527.05  1774564  1520.10 177446 177445 177498 177451 177483 177461 177445 177445 177446 177444 178227 178356 178319 178239 178245 178306 178239 178230 178241 178249
 1031.008  1790456  1534.60  1782375  1533.09 178225 178226 178279 178235 178264 178244 178226 178225 178226 178225 179010 179139 179099 179018 179020 179088 179019 179009 179023 179031
 1036.008  1798200  1544.75  1790113  1542.97 179006 179007 178985 179015 179047 179028 179007 179006 179006 179006 179791 179919 179880 179799 179727 179870 179805 179788 179806 179815
 1041.008  1805774  1533.42  1797624  1541.74 179764 179767 179744 179772 179730 179786 179766 179765 179765 179765 180552 180678 180641 180558 180484 180623 180564 180545 180558 180571
 1046.008  1813289  1525.72  1805213  1536.49 180522 180526 180502 180531 180490 180547 180524 180524 180524 180523 181314 181439 181401 181316 181241 181311 181322 181303 181316 181326
 1051.008  1821052  1528.96  1812976  1542.01 181299 181301 181279 181307 181267 181324 181299 181300 181300 181300 182088 182215 182177 182094 182020 182086 182101 182076 182093 182102
 1056.008  1828784  1530.23  1820718  1541.11 182071 182078 182054 182082 182042 182097 182072 182074 182074 182074 182864 182989 182952 182867 182792 182857 182876 182849 182865 182873
 1061.008  1836313  1523.64  1828335  1524.35 182833 182841 182814 182844 182801 182857 182834 182837 182837 182837 183626 183749 183710 183627 183554 183617 183636 183534 183623 183637
 1066.008  1843918  1515.60  1835948  1516.78 183595 183602 183575 183606 183561 183620 183595 183598 183598 183598 184391 184510 184473 184388 184314 184374 184397 184292 184383 184396
 1071.008  1851644  1523.84  1843681  1527.57 184375 184385 184356 184389 184342 184325 184374 184379 184377 184379 185170 185292 185255 185168 185092 185158 185176 185073 185086 185174
 1076.008  1859307  1531.64  1851431  1533.36 185151 185159 185131 185163 185118 185101 185148 185154 185151 185155 185941 186064 186033 185866 185867 185934 185948 185847 185861 185946
 1081.008  1866658  1525.49  1859005  1527.17 185908 185917 185888 185922 185877 185859 185904 185910 185909 185911 186625 186745 186714 186625 186624 186691 186705 186604 186619 186706
 1086.008  1874195  1518.84  1866391  1520.12 186662 186596 186639 186600 186629 186612 186659 186664 186664 186666 187376 187496 187467 187381 187376 187446 187459 187362 187372 187460
 1091.008  1881992  1525.20  1874187  1523.39 187441 187377 187419 187380 187406 187391 187440 187444 187444 187445 188156 188279 188245 188161 188154 188225 188239 188142 188154 188237
 1096.009  1889650  1526.98  1881641  1525.60 188217 188153 188195 188154 188183 188166 188140 188144 188144 188145 188930 189049 189018 188932 188926 188994 188939 188918 188932 189012
 1101.008  1897190  1523.36  1889186  1521.98 188903 188915 188954 188917 188945 188929 188903 188906 188908 188906 189693 189814 189781 189693 189688 189755 189701 189677 189693 189695
 1106.008  1904784  1521.06  1896794  1517.23 189664 189675 189717 189679 189706 189689 189662 189666 189670 189666 190454 190574 190536 190454 190445 190517 190460 190437 190453 190454
 1111.008  1912504  1529.66  1904512  1521.24 190433 190446 190492 190452 190480 190461 190433 190437 190441 190437 191228 191343 191308 191226 191219 191291 191228 191211 191226 191224
 1116.008  1920270  1537.38  1912261  1533.52 191208 191224 191267 191228 191254 191238 191206 191210 191216 191210 192003 192119 192086 192005 191992 192065 192001 191988 192011 192000
 1121.008  1927885  1532.36  1919896  1528.71 191975 191986 192028 191990 192014 191999 191972 191975 191981 191976 192766 192879 192850 192766 192749 192824 192764 192747 192773 192767
 1126.008  1935451  1524.48  1927391  1530.25 192734 192743 192709 192747 192771 192757 192728 192731 192738 192733 193524 193637 193607 193521 193501 193581 193522 193506 193528 193524
 1131.008  1943387  1537.60  1935334  1546.13 193536 193544 193511 193549 193496 193558 193531 193534 193540 193535 194328 194436 194406 194324 194226 194384 194324 194310 194326 194323
 1136.008  1951250  1543.76  1943272  1551.85 194330 194338 194305 194342 194291 194352 194325 194327 194333 194329 195124 195232 195201 195117 195019 195100 195118 195102 195120 195117
 1141.008  1958938  1540.27  1950959  1549.70 195101 195108 195068 195111 195053 195127 195093 195097 195102 195099 195901 196001 195971 195890 195777 195859 195885 195878 195891 195885
 1146.008  1971204  1658.05  1962990  1661.31 196311 196340 196221 196339 196198 196375 196292 196297 196313 196304 197158 197251 197219 197154 196921 197008 197088 197164 197154 197087
 1151.008  1983417  1850.60  1975125  1837.95 197519 197524 197489 197526 197478 197536 197507 197511 197519 197516 198362 198461 198429 198344 198232 198323 198329 198246 198356 198335
 1156.008  1991426  1863.15  1983137  1850.60 198321 198324 198290 198325 198279 198338 198309 198313 198321 198317 199161 199261 199231 199144 199035 199124 199134 199045 199156 199135
 1161.008  1999201  1854.46  1990926  1843.95 199110 199115 199073 199114 199061 199038 199096 199100 199110 199109 199951 200051 200020 199842 199818 199905 199918 199823 199952 199921
 1166.008  2006849  1853.15  1998653  1840.73 199881 199882 199849 199883 199839 199821 199865 199871 199881 199881 200721 200817 200786 200623 200594 200681 200689 200606 200643 200689
 1171.009  2014733  1862.11  2006616  1849.83 200678 200678 200647 200678 200636 200616 200660 200667 200678 200678 201438 201613 201584 201413 201388 201476 201486 201405 201445 201485
 1176.008  2022616  1720.23  2014582  1715.91 201482 201406 201451 201482 201440 201419 201466 201472 201482 201482 202243 202336 202311 202215 202191 202283 202290 202208 202253 202286
 1181.008  2030694  1580.59  2022330  1571.90 202205 202208 202263 202206 202251 202224 202278 202285 202205 202205 203052 203139 203113 203021 203001 203087 203103 203014 203063 203101
 1186.008  2038256  1568.91  2029973  1561.46 202972 202975 203024 202975 203009 202990 203038 203046 202972 202972 203823 203910 203882 203785 203759 203848 203786 203776 203827 203860
 1191.008  2046269  1571.88  2037901  1568.76 203772 203776 203825 203776 203810 203791 203836 203768 203774 203773 204627 204711 204682 204585 204561 204649 204590 204580 204628 204656
 1196.008  2054184  1583.42  2045810  1577.42 204570 204574 204625 204575 204609 204589 204558 204566 204573 204571 205426 205510 205481 205384 205360 205446 205391 205381 205426 205379
