Test case: 
Description: 
	10 senders: persistent queues
	10 receivers: client acknowledge every 50 messages
Timestamp: 2011.11.1 23:4:9
Version: 
Setting up JMS benchmark connections... 

Start processing messages.
Thu Dec 01 23:04:09 EST 2011

  Seconds   Send   Send/Sec   Recv   Recv/Sec   RCV0   RCV1   RCV2   RCV3   RCV4   RCV5   RCV6   RCV7   RCV8   RCV9  SND10  SND11  SND12  SND13  SND14  SND15  SND16  SND17  SND18  SND19
  ------- -------- -------- -------- -------- ------ ------ ------ ------ ------ ------ ------ ------ ------ ------ ------ ------ ------ ------ ------ ------ ------ ------ ------ ------
    1.209        0     0.00        0     0.00      0      0      0      0      0      0      0      0      0      0      0      0      0      0      0      0      0      0      0      0
    6.209     1241   262.83     1221   265.43    121    121    121    124    124    121    123    124    121    121    122    124    124    125    126    123    124    124    125    124
   11.209     2957   291.56     2942   290.21    293    293    293    297    297    293    294    297    292    293    293    295    298    296    297    296    298    293    296    295
   16.209     4549   310.55     4629   310.21    467    468    467    457    457    468    468    457    468    452    468    453    455    453    454    456    456    449    453    452
   21.209     6375   321.63     6356   321.53    632    633    632    642    641    632    633    642    632    637    634    637    638    638    638    641    640    634    640    635
   26.209    11335   443.86    11233   442.93   1100   1113   1100   1151   1151   1100   1115   1158   1100   1145   1102   1149   1124   1127   1131   1147   1150   1131   1152   1122
   31.209    19875   645.37    19672   655.81   1950   1964   1950   2006   2006   1950   1967   1930   1950   1999   1957   2000   1976   1982   1987   2000   2006   1985   2008   1974
   36.209    28471   890.27    28351   901.78   2817   2833   2817   2875   2875   2817   2837   2798   2817   2865   2825   2868   2843   2853   2854   2874   2872   2856   2786   2840
   41.209    37047  1129.03    37096  1140.10   3701   3713   3701   3672   3759   3700   3720   3678   3700   3752   3705   3668   3730   3736   3743   3671   3666   3739   3663   3726
   46.209    46110  1379.16    46065  1384.43   4607   4621   4607   4577   4575   4606   4626   4583   4606   4657   4610   4575   4632   4645   4646   4575   4574   4650   4571   4632
   51.209    54063  1585.34    53935  1590.77   5402   5418   5403   5372   5371   5402   5425   5378   5402   5362   5408   5368   5426   5441   5443   5376   5369   5439   5364   5429
   56.209    62081  1690.40    61979  1697.95   6203   6219   6205   6180   6180   6204   6225   6185   6204   6174   6211   6179   6227   6237   6243   6185   6172   6234   6168   6225
   61.209    69774  1660.91    69754  1672.35   6984   6999   6986   6953   6953   6984   7002   6963   6984   6946   6993   6955   7009   7016   7022   6958   6945   7012   6940   6924
   66.209    77063  1623.07    77189  1626.19   7726   7741   7728   7699   7700   7726   7747   7705   7724   7693   7735   7699   7753   7759   7689   7701   7691   7679   7685   7672
   71.209    84856  1598.51    85083  1593.38   8517   8533   8519   8481   8488   8517   8543   8494   8517   8474   8527   8486   8552   8468   8470   8484   8478   8464   8473   8454
   76.209    92572  1556.54    92781  1554.77   9294   9307   9295   9263   9269   9292   9239   9273   9292   9257   9298   9266   9244   9254   9253   9265   9262   9248   9248   9234
   81.209   100248  1547.32   100461  1548.52  10062  10076  10062  10030  10039  10059  10006  10042  10059  10026  10064  10037  10010  10019  10021  10036  10031  10015  10016   9999
   86.209   108361  1550.32   108487  1550.25  10873  10810  10873  10840  10850  10869  10816  10851  10869  10836  10872  10850  10820  10831  10828  10852  10841  10827  10828  10812
   91.209   116074  1543.39   116196  1542.89  11645  11582  11645  11610  11620  11639  11589  11620  11639  11607  11644  11623  11592  11604  11598  11624  11608  11600  11595  11586
   96.209   123871  1563.19   123910  1557.75  12355  12367  12355  12399  12407  12424  12375  12408  12424  12396  12356  12415  12381  12391  12386  12408  12397  12388  12381  12368
  101.209   131781  1564.45   131820  1558.17  13147  13159  13147  13188  13199  13214  13166  13199  13214  13187  13152  13208  13171  13183  13174  13202  13187  13177  13172  13155
  106.209   139409  1561.54   139283  1550.23  13908  13921  13906  13950  13960  13901  13927  13960  13901  13949  13917  13969  13939  13944  13937  13963  13947  13942  13931  13920
  111.210   147331  1568.42   147179  1556.17  14693  14709  14693  14743  14754  14686  14717  14755  14686  14743  14703  14760  14736  14733  14730  14760  14742  14734  14722  14711
  116.209   155103  1553.32   154973  1549.73  15476  15491  15476  15518  15529  15469  15498  15529  15469  15518  15488  15536  15511  15511  15512  15530  15517  15513  15498  15487
  121.209   162706  1541.91   162579  1546.28  16237  16250  16236  16279  16289  16234  16255  16289  16231  16279  16250  16301  16272  16270  16271  16290  16274  16273  16258  16247
  126.209   170574  1548.96   170434  1555.91  17038  17052  17036  17081  17013  17033  17055  17013  17032  17081  17046  17025  17079  17072  17074  17008  17087  17076  17061  17046
  131.209   178208  1542.43   178149  1547.07  17807  17824  17805  17852  17787  17805  17827  17788  17802  17852  17817  17796  17851  17840  17846  17782  17859  17846  17754  17817
  136.209   186026  1551.38   185897  1558.96  18597  18614  18595  18566  18577  18595  18617  18577  18593  18566  18607  18584  18641  18630  18636  18571  18571  18634  18545  18607
  141.209   193888  1549.66   193753  1557.79  19383  19400  19381  19352  19362  19381  19402  19362  19378  19352  19392  19370  19427  19420  19420  19360  19360  19417  19332  19390
  146.209   201929  1558.56   201796  1566.14  20187  20206  20185  20156  20166  20185  20208  20165  20183  20155  20196  20176  20232  20228  20223  20161  20160  20222  20136  20195
  151.209   209855  1569.33   209797  1579.43  20987  21006  20985  20956  20967  20984  21007  20966  20984  20955  20994  20977  20952  21028  21022  20962  20959  21024  20935  21002
  156.209   217529  1572.62   217806  1577.38  21789  21813  21787  21752  21767  21784  21814  21765  21784  21751  21799  21780  21743  21746  21740  21762  21754  21744  21735  21726
  161.209   225453  1582.85   225658  1579.03  22570  22594  22571  22546  22554  22567  22594  22552  22568  22542  22585  22571  22537  22539  22539  22550  22548  22538  22525  22521
  166.209   233472  1589.53   233677  1588.12  23373  23395  23373  23347  23357  23370  23395  23354  23371  23342  23390  23371  23340  23344  23339  23350  23346  23341  23326  23325
  171.209   241580  1597.82   241631  1596.31  24184  24129  24183  24157  24169  24180  24129  24166  24181  24153  24202  24181  24152  24162  24151  24159  24156  24150  24132  24135
  176.209   249670  1599.23   249720  1593.49  24993  24936  24992  24966  24979  24991  24936  24975  24991  24961  25012  24989  24957  24969  24959  24968  24964  24960  24943  24949
  181.209   257337  1587.99   257396  1581.21  25761  25704  25761  25729  25747  25760  25704  25742  25760  25728  25785  25754  25724  25737  25720  25736  25728  25724  25710  25719
  186.209   265359  1597.17   265471  1584.18  26565  26516  26565  26539  26553  26565  26516  26550  26563  26539  26513  26563  26535  26546  26535  26548  26533  26537  26520  26529
  191.209   273397  1601.05   273505  1590.55  27367  27323  27368  27343  27355  27367  27323  27352  27365  27342  27315  27365  27339  27347  27339  27354  27338  27343  27325  27332
  196.209   281486  1603.71   281521  1587.84  28177  28132  28101  28151  28165  28176  28132  28160  28176  28151  28126  28173  28148  28159  28146  28164  28146  28152  28131  28141
  201.209   289391  1585.85   289171  1582.87  28885  28918  28885  28945  28960  28879  28918  28953  28883  28945  28911  28965  28937  28950  28939  28960  28937  28939  28921  28932
  206.209   297234  1578.05   297030  1577.25  29677  29704  29677  29725  29741  29670  29703  29735  29673  29725  29703  29744  29721  29732  29726  29743  29721  29728  29702  29714
  211.210   305361  1593.42   305062  1591.78  30487  30515  30487  30535  30476  30483  30515  30544  30485  30535  30517  30556  30532  30544  30543  30555  30538  30535  30515  30526
  216.209   313432  1589.93   313128  1586.34  31293  31323  31293  31340  31284  31290  31323  31349  31292  31341  31327  31365  31337  31349  31351  31361  31345  31344  31322  31331
  221.209   321338  1589.33   321105  1586.17  32099  32129  32099  32145  32089  32095  32129  32075  32098  32147  32134  32093  32144  32155  32159  32091  32144  32153  32124  32141
  226.209   328996  1576.95   328811  1575.30  32866  32902  32866  32923  32856  32861  32902  32844  32865  32926  32905  32859  32918  32932  32937  32859  32920  32931  32817  32918
  231.209   337037  1583.59   336795  1590.50  33675  33705  33675  33720  33668  33672  33703  33654  33676  33647  33713  33664  33714  33732  33738  33670  33719  33736  33632  33719
  236.209   344982  1589.53   344816  1598.52  34487  34515  34487  34452  34477  34481  34512  34464  34486  34455  34523  34475  34520  34542  34550  34476  34453  34548  34440  34455
  241.209   352958  1589.42   352941  1601.53  35301  35329  35300  35264  35288  35293  35324  35275  35300  35267  35334  35289  35253  35279  35365  35289  35267  35360  35254  35268
  246.209   360877  1583.05   360870  1592.92  36095  36131  36093  36051  36079  36087  36122  36064  36093  36055  36125  36080  36044  36068  36161  36083  36056  36159  36042  36059
  251.209   368628  1584.42   368670  1586.03  36881  36835  36881  36845  36866  36872  36905  36855  36881  36849  36909  36871  36840  36859  36867  36874  36852  36868  36837  36851
  256.209   376728  1599.13   376709  1599.56  37693  37646  37694  37656  37678  37684  37641  37665  37693  37659  37723  37681  37653  37669  37675  37682  37657  37680  37649  37659
  261.209   384801  1600.36   384777  1599.82  38500  38452  38500  38464  38485  38490  38449  38470  38500  38467  38526  38491  38463  38475  38482  38487  38465  38485  38458  38469
  266.209   392673  1597.38   392659  1590.70  39293  39237  39293  39251  39275  39278  39230  39256  39293  39253  39317  39277  39248  39263  39272  39276  39250  39274  39244  39252
  271.209   400447  1591.21   400416  1581.14  40061  40019  40062  40033  40046  40051  40013  40036  40062  40033  40086  40050  40028  40042  40053  40049  40028  40055  40023  40033
  276.210   408440  1590.94   408483  1585.17  40871  40823  40871  40838  40854  40859  40818  40841  40870  40838  40818  40860  40835  40847  40857  40860  40833  40863  40828  40839
  281.209   416531  1602.48   416352  1592.45  41603  41634  41603  41648  41664  41669  41629  41650  41603  41649  41627  41669  41642  41656  41662  41666  41645  41676  41639  41649
  286.209   424611  1596.07   424421  1587.82  42409  42440  42409  42454  42474  42477  42437  42456  42409  42456  42434  42480  42452  42461  42470  42478  42453  42482  42447  42454
  291.210   432404  1582.40   432196  1576.13  43179  43217  43179  43235  43256  43259  43215  43238  43180  43238  43211  43261  43233  43244  43248  43263  43235  43255  43222  43232
  296.209   440432  1581.85   440158  1583.52  43991  44019  43991  44035  44054  43980  44019  44039  43992  44038  44018  44062  44036  44048  44050  44066  44040  44058  44022  44032
  301.209   448460  1590.48   448115  1592.83  44795  44821  44795  44837  44782  44785  44821  44842  44796  44841  44821  44862  44839  44850  44858  44868  44839  44862  44826  44835
  306.209   456507  1590.19   456160  1587.27  45600  45625  45600  45642  45586  45589  45625  45647  45601  45645  45625  45666  45642  45657  45663  45672  45640  45670  45630  45642
  311.209   464330  1582.42   464119  1587.35  46394  46421  46395  46443  46375  46380  46421  46449  46395  46446  46424  46379  46437  46454  46464  46383  46440  46475  46432  46442
  316.209   472061  1574.36   471793  1579.46  47176  47195  47178  47210  47152  47157  47195  47140  47176  47214  47199  47161  47205  47225  47235  47167  47207  47247  47201  47214
  321.209   480190  1585.86   479863  1591.97  47991  48009  47994  48024  47966  47973  48009  47953  47992  47952  48010  47976  48021  48041  48049  47977  48019  48058  48013  48026
  326.209   488030  1584.46   487857  1592.95  48798  48816  48801  48756  48772  48781  48816  48760  48798  48759  48818  48782  48833  48843  48854  48785  48753  48865  48741  48756
  331.209   495975  1589.09   496018  1593.86  49612  49631  49618  49573  49591  49598  49634  49574  49613  49574  49638  49600  49572  49580  49596  49603  49567  49683  49560  49576
  336.209   503781  1580.48   503856  1585.79  50398  50422  50405  50351  50371  50381  50423  50353  50400  50352  50422  50379  50350  50357  50375  50384  50342  50474  50342  50356
  341.209   511675  1586.21   511628  1586.61  51187  51133  51195  51151  51165  51174  51133  51151  51188  51151  51212  51175  51152  51155  51175  51181  51139  51189  51141  51156
  346.209   529242  1910.81   529909  1925.81  53081  52892  53092  52950  52996  53023  52892  52950  53080  52953  53052  52938  52895  52880  52906  52962  52889  52903  52899  52918
  351.209   552337  2413.40   553823  2457.93  55471  55283  55483  55344  55385  55411  55285  55344  55469  55348  55365  55259  55201  55179  55213  55265  55199  55213  55215  55228
  356.210   575905  2940.94   577874  2988.32  57878  57685  57886  57750  57788  57820  57687  57747  57882  57751  57720  57618  57555  57526  57565  57633  57563  57563  57577  57585
  361.209   593823  3280.97   595938  3342.92  59623  59561  59624  59583  59594  59603  59563  59580  59624  59583  59421  59396  59359  59351  59382  59395  59366  59382  59390  59381
  366.209   601464  3275.19   603571  3335.46  60389  60324  60390  60344  60356  60366  60326  60341  60392  60343  60186  60160  60126  60115  60146  60160  60128  60141  60157  60145
  371.209   609281  3270.11   611139  3334.07  61091  61104  61092  61123  61139  61151  61105  61119  61093  61122  60972  60944  60903  60897  60925  60945  60909  60923  60936  60927
  376.209   616992  2939.56   618919  2981.81  61869  61884  61869  61901  61916  61927  61884  61898  61870  61901  61668  61724  61684  61678  61706  61719  61689  61702  61718  61704
  381.209   624656  2421.28   626574  2435.70  62633  62650  62634  62667  62683  62692  62651  62662  62635  62667  62432  62491  62448  62447  62468  62488  62455  62471  62485  62471
  386.209   632285  1886.91   634188  1884.69  63397  63410  63398  63428  63445  63452  63411  63422  63398  63427  63200  63252  63212  63206  63233  63247  63219  63236  63246  63234
  391.209   640091  1540.00   642011  1535.91  64178  64193  64182  64210  64226  64234  64196  64202  64180  64210  63979  64034  63993  63985  64018  64026  64001  64016  64026  64013
  396.209   647856  1538.66   649695  1540.00  64953  64968  64959  64987  65003  64933  64971  64978  64955  64988  64758  64811  64771  64767  64793  64802  64779  64788  64799  64788
  401.209   655483  1529.87   657252  1539.73  65715  65731  65724  65749  65691  65696  65735  65743  65717  65751  65521  65573  65533  65532  65555  65558  65543  65552  65565  65551
  406.209   663193  1527.45   664938  1531.64  66484  66499  66492  66519  66460  66465  66501  66510  66486  66522  66295  66346  66306  66300  66323  66331  66315  66326  66333  66318
  411.210   670817  1531.21   672710  1535.47  67261  67277  67267  67295  67238  67243  67278  67287  67265  67299  67071  67053  67081  67076  67103  67032  67093  67103  67113  67092
  416.209   678560  1535.50   680458  1537.68  68037  68051  68044  68069  68012  68018  68052  68060  68041  68074  67846  67831  67851  67848  67879  67806  67870  67878  67886  67865
  421.209   691693  1675.37   693482  1686.48  69343  69398  69368  69446  69259  69289  69394  69412  69351  69222  69127  69058  69207  69167  69200  69026  69224  69218  69234  69232
  426.209   715404  2211.44   717784  2235.81  71771  71828  71799  71877  71691  71714  71824  71847  71782  71651  71510  71424  71572  71540  71590  71382  71607  71572  71607  71600
  431.209   738805  2755.70   742178  2800.63  74208  74266  74241  74312  74131  74154  74264  74284  74223  74095  73893  73807  73960  73934  73984  73760  73741  73971  73997  73758
  436.209   762791  3302.08   766437  3365.00  76660  76715  76691  76518  76580  76605  76713  76734  76673  76548  76297  76203  76365  76323  76378  76160  76148  76368  76400  76149
  441.210   786452  3839.79   790791  3912.85  79100  79151  79123  78953  79012  79042  79156  79171  79103  78980  78668  78567  78740  78680  78744  78512  78512  78741  78767  78521
  446.209   810363  4382.18   815311  4475.77  81554  81603  81574  81405  81460  81495  81607  81623  81555  81435  81055  80954  81135  81063  81147  80899  80917  81142  81142  80909
  451.209   833933  4741.31   839588  4854.03  83979  84034  84001  83836  83891  83918  84034  84054  83980  83861  83440  83314  83270  83426  83531  83297  83291  83537  83533  83294
  456.209   850446  4518.83   856160  4628.12  85623  85637  85628  85579  85594  85604  85640  85647  85621  85587  85080  85002  84999  85003  85106  84984  85025  85125  85104  85018
  461.209   857898  3988.66   863683  4064.43  86384  86398  86388  86338  86352  86363  86400  86331  86381  86348  85839  85760  85759  85690  85867  85742  85786  85888  85789  85778
  466.209   865341  3438.69   871120  3505.10  87143  87082  87147  87096  87109  87123  87083  87090  87140  87107  86601  86519  86517  86447  86550  86502  86548  86571  86548  86538
  471.209   873106  2905.47   878903  2946.58  87921  87859  87929  87874  87889  87901  87860  87866  87918  87886  87374  87294  87295  87223  87328  87277  87324  87349  87326  87316
  476.209   880997  2367.62   886692  2387.48  88706  88647  88634  88661  88676  88689  88648  88653  88704  88674  88162  88084  88082  88015  88122  88061  88113  88141  88115  88102
  481.209   888625  1832.79   894330  1826.81  89470  89410  89399  89424  89440  89452  89410  89417  89468  89440  88923  88849  88846  88777  88884  88822  88876  88902  88883  88863
  486.209   896257  1532.25   901799  1523.99  90156  90172  90161  90187  90201  90213  90172  90180  90156  90201  89684  89613  89607  89539  89649  89584  89638  89666  89651  89626
  491.209   903895  1538.54   909518  1530.55  90928  90944  90933  90957  90974  90987  90945  90950  90927  90973  90380  90383  90375  90314  90418  90356  90412  90437  90425  90395
  496.210   911665  1549.40   917278  1541.28  91704  91720  91709  91734  91750  91763  91721  91725  91702  91750  91156  91161  91151  91094  91193  91132  91186  91213  91204  91175
  501.209   919284  1539.43   924899  1536.01  92466  92482  92473  92496  92511  92525  92484  92486  92464  92512  91915  91925  91911  91860  91956  91893  91946  91973  91967  91938
  506.209   926855  1528.91   932397  1526.19  93224  93239  93231  93255  93268  93207  93240  93243  93220  93270  92669  92683  92670  92617  92712  92652  92704  92731  92725  92692
  511.209   934511  1525.13   940127  1527.82  93995  94011  94001  94031  94046  93973  94014  94016  93991  94049  93437  93375  93446  93389  93487  93434  93478  93501  93496  93468
  516.209   942301  1528.76   947898  1536.34  94772  94788  94780  94805  94818  94756  94792  94796  94770  94821  94220  94160  94225  94174  94267  94208  94252  94277  94277  94241
  521.209   949815  1520.91   955351  1528.05  95533  95548  95540  95564  95503  95516  95553  95555  95532  95507  94982  94918  94982  94931  95029  94891  95011  95038  95036  94997
  526.209   957386  1516.91   962918  1519.23  96290  96306  96297  96319  96260  96272  96310  96312  96288  96264  95742  95676  95737  95687  95785  95647  95771  95795  95793  95753
  531.209   965375  1529.25   970904  1531.29  97088  97104  97095  97116  97060  97072  97108  97111  97086  97064  96540  96476  96537  96485  96581  96444  96569  96596  96595  96552
  536.209   973423  1544.93   978950  1546.88  97892  97909  97900  97921  97865  97875  97912  97916  97892  97868  97348  97279  97340  97290  97390  97247  97375  97402  97396  97356
  541.209   981087  1548.14   986686  1544.72  98673  98695  98682  98619  98644  98654  98698  98702  98673  98646  98128  98061  98125  98073  98174  98025  98073  98190  98183  98055
  546.209   988701  1546.98   994440  1546.74  99448  99464  99454  99403  99425  99434  99467  99471  99450  99424  98909  98839  98822  98846  98946  98807  98856  98959  98878  98839
  551.209   996746  1564.66  1002335  1566.48 100253 100194 100259 100207 100231 100237 100272 100200 100253 100229  99713  99647  99628  99651  99751  99607  99661  99763  99683  99642
  556.209  1004489  1578.12  1010228  1580.03 101050 100991 101056 101005 101027 101033 100994 100997 101050 101025 100509 100445 100427 100371 100472 100406 100458 100483 100479 100439
  561.210  1012383  1574.45  1018131  1572.91 101846 101774 101851 101793 101818 101825 101777 101781 101848 101818 101309 101239 101215 101154 101263 101198 101246 101267 101268 101224
  566.209  1020076  1560.46  1025731  1557.10 102607 102548 102539 102562 102585 102592 102549 102554 102609 102586 102075 102003 101981 101927 102039 101965 102014 102041 102037 101994
  571.209  1028105  1570.13  1033681  1566.81 103409 103351 103342 103364 103386 103395 103351 103357 103338 103388 102875 102809 102786 102731 102840 102769 102817 102840 102842 102796
  576.210  1036155  1584.80  1041737  1577.01 104213 104157 104147 104170 104191 104200 104157 104165 104144 104193 103681 103615 103591 103537 103642 103573 103621 103644 103649 103602
  581.210  1044116  1584.46  1049699  1579.23 104942 104962 104950 104975 104995 105003 104960 104968 104948 104996 104410 104419 104396 104342 104444 104376 104423 104445 104456 104405
  586.209  1051828  1582.55  1057405  1574.16 105704 105734 105715 105746 105769 105780 105732 105740 105714 105771 105175 105195 105168 105112 105212 105150 105198 105213 105226 105179
  591.209  1059717  1583.34  1065292  1575.05 106498 106524 106507 106534 106553 106561 106522 106529 106508 106556 105970 105982 105954 105901 106003 105939 105989 106003 106012 105964
  596.209  1067760  1589.93  1073319  1586.78 107301 107326 107308 107338 107355 107363 107325 107334 107312 107357 106775 106785 106755 106706 106809 106742 106792 106808 106815 106773
  601.209  1075702  1586.93  1081275  1584.31 108104 108130 108111 108140 108157 108091 108129 108137 108116 108160 107577 107511 107559 107507 107616 107544 107592 107609 107613 107574
  606.210  1083561  1576.23  1088982  1573.78 108892 108916 108899 108926 108863 108874 108917 108924 108905 108866 108363 108288 108348 108292 108406 108333 108378 108397 108400 108356
  611.209  1091282  1567.40  1096798  1570.32 109673 109696 109679 109705 109649 109657 109699 109704 109684 109652 109142 109072 109127 109074 109186 109034 109155 109178 109181 109133
  616.209  1099310  1575.35  1104827  1578.51 110478 110498 110484 110508 110451 110460 110501 110506 110488 110453 109947 109875 109928 109874 109990 109835 109954 109980 109986 109941
  621.209  1107360  1581.14  1112872  1584.13 111284 111301 111288 111313 111257 111266 111304 111311 111292 111256 110753 110678 110731 110675 110789 110643 110757 110790 110793 110751
  626.209  1115313  1575.17  1120807  1575.87 112074 112099 112082 112109 112047 112057 112100 112108 112086 112045 111547 111471 111530 111472 111584 111434 111552 111588 111589 111546
  631.209  1122862  1564.56  1128345  1566.68 112837 112858 112842 112794 112811 112821 112860 112869 112844 112809 112314 112235 112291 112233 112346 112199 112234 112353 112348 112309
  636.209  1135857  1714.49  1141574  1723.82 114186 114257 114209 114053 114111 114137 114261 114046 114212 114102 113658 113526 113460 113623 113715 113486 113477 113735 113717 113460
  641.210  1159627  2250.84  1165820  2275.10 116610 116682 116636 116477 116538 116558 116687 116468 116640 116524 116021 115898 115828 116009 116100 115863 115880 116104 116090 115834
  646.209  1178835  2658.15  1185412  2690.97 118551 118570 118554 118509 118526 118537 118575 118507 118558 118525 117912 117850 117838 117789 117973 117827 117874 117972 117937 117863
  651.209  1186363  2642.54  1192849  2675.39 119311 119251 119318 119264 119285 119296 119255 119262 119322 119285 118676 118609 118596 118550 118744 118583 118628 118740 118618 118619
  656.209  1194231  2643.19  1200787  2676.28 120101 120050 120107 120062 120080 120087 120052 120061 120109 120078 119462 119404 119393 119349 119457 119378 119425 119530 119416 119417
  661.209  1201761  2645.19  1208381  2678.31 120861 120809 120865 120822 120839 120847 120812 120820 120868 120838 120225 120165 120152 120106 120220 120138 120183 120215 120178 120179
  666.209  1209360  2461.39  1215915  2484.51 121621 121570 121624 121583 121601 121607 121573 121583 121554 121599 120984 120925 120916 120865 120982 120892 120944 120973 120937 120942
  671.209  1217106  1926.31  1223731  1933.15 122404 122351 122405 122364 122384 122389 122355 122365 122336 122378 121690 121708 121697 121646 121761 121674 121724 121757 121723 121726
  676.209  1224939  1542.01  1231488  1535.91 123188 123133 123112 123148 123166 123172 123137 123150 123119 123163 122472 122491 122480 122429 122540 122458 122509 122543 122511 122506
  681.209  1232536  1544.36  1239017  1541.54 123870 123895 123871 123908 123928 123935 123899 123908 123879 123924 123230 123249 123238 123190 123299 123219 123266 123306 123275 123264
  686.210  1240171  1536.04  1246665  1528.42 124630 124658 124634 124674 124695 124701 124662 124674 124643 124694 123992 124019 124000 123950 124059 123987 124032 124069 124034 124029
  691.209  1248075  1549.13  1254566  1537.21 125424 125450 125427 125464 125480 125487 125454 125464 125436 125480 124783 124804 124793 124741 124853 124773 124820 124865 124827 124816
  696.209  1255697  1542.32  1262176  1539.73 126184 126210 126187 126225 126242 126248 126215 126227 126197 126241 125545 125570 125554 125502 125614 125534 125582 125628 125591 125577
  701.209  1263387  1536.48  1269775  1531.44 126958 126988 126961 127001 126940 126945 126992 127003 126972 127015 126320 126266 126334 126282 126387 126309 126363 126401 126367 126358
  706.209  1271068  1535.44  1277458  1532.52 127734 127763 127737 127777 127716 127721 127767 127780 127749 127714 127099 127040 127112 127055 127168 127006 127138 127176 127139 127135
  711.209  1278721  1536.98  1285100  1536.17 128498 128527 128500 128540 128480 128486 128532 128545 128514 128478 127866 127804 127877 127822 127930 127770 127905 127939 127908 127900
  716.209  1286461  1535.79  1292846  1537.20 129274 129301 129275 129314 129255 129260 129305 129319 129290 129253 128643 128577 128649 128595 128704 128543 128679 128713 128681 128677
  721.209  1294278  1532.47  1300589  1534.18 130056 130083 130057 130096 130037 130042 130088 130024 130071 130035 129422 129360 129434 129377 129482 129325 129461 129495 129464 129458
  726.209  1301797  1531.71  1308102  1533.49 130815 130841 130815 130779 130797 130801 130845 130784 130830 130795 130180 130121 130193 130137 130240 130087 130219 130254 130222 130144
  731.209  1309363  1532.70  1315884  1537.16 131595 131619 131594 131558 131573 131579 131623 131562 131607 131574 130962 130901 130895 130916 131016 130867 130924 131034 130926 130922
  736.209  1317133  1538.02  1323570  1539.66 132377 132328 132378 132343 132356 132362 132332 132345 132392 132357 131748 131683 131680 131623 131803 131652 131708 131824 131707 131705
  741.209  1324745  1536.93  1331182  1538.78 133138 133088 133140 133105 133118 133123 133092 133107 133153 133118 132510 132443 132442 132385 132565 132412 132465 132584 132470 132469
  746.209  1332404  1533.07  1338854  1535.42 133906 133851 133910 133870 133887 133890 133855 133871 133928 133886 133282 133213 133205 133146 133340 133178 133222 133357 133232 133229
  751.209  1340236  1534.53  1346696  1542.01 134695 134648 134697 134665 134678 134681 134652 134666 134636 134678 134067 134005 133999 133943 134127 133971 134016 134062 134026 134020
  756.209  1347787  1535.57  1354312  1537.85 135456 135409 135458 135427 135440 135443 135413 135427 135398 135441 134832 134768 134760 134704 134817 134732 134778 134823 134792 134781
  761.209  1355589  1545.22  1362206  1539.78 136249 136198 136250 136216 136230 136233 136201 136217 136181 136231 135540 135559 135548 135493 135599 135526 135566 135609 135579 135570
  766.209  1363236  1541.93  1369763  1539.88 137009 136963 136936 136980 136992 136994 136967 136980 136949 136993 136307 136323 136313 136257 136366 136284 136328 136378 136343 136337
  771.209  1371243  1555.19  1377780  1548.31 137810 137764 137738 137781 137794 137797 137768 137782 137751 137795 137102 137127 137116 137055 137166 137086 137131 137179 137143 137138
  776.209  1379268  1564.97  1385731  1560.20 138537 138567 138539 138583 138597 138601 138571 138584 138553 138599 137900 137928 137920 137856 137970 137891 137934 137983 137945 137941
  781.209  1386987  1554.33  1393437  1554.23 139303 139340 139306 139355 139369 139373 139343 139354 139321 139373 138665 138706 138693 138627 138736 138666 138705 138758 138716 138715
  786.209  1394704  1564.26  1401224  1558.99 140087 140117 140090 140133 140146 140149 140120 140133 140101 140148 139449 139406 139472 139405 139516 139445 139486 139540 139493 139492
  791.209  1402720  1568.89  1409015  1560.57 140889 140919 140892 140934 140872 140875 140922 140935 140903 140874 140250 140206 140275 140208 140318 140244 140287 140342 140297 140293
  796.209  1410717  1580.52  1417099  1578.17 141698 141728 141698 141742 141680 141684 141732 141743 141711 141683 141056 141011 141083 141015 141125 140975 141095 141150 141105 141102
  801.209  1418686  1574.09  1425048  1574.23 142493 142527 142490 142542 142470 142474 142531 142543 142505 142473 141851 141805 141882 141814 141921 141767 141888 141948 141907 141903
  806.209  1426324  1563.81  1432625  1563.57 143259 143289 143256 143301 143240 143244 143293 143229 143271 143243 142617 142574 142640 142575 142688 142539 142651 142712 142668 142660
  811.209  1434333  1573.36  1440557  1573.49 144060 144090 144056 144027 144040 144044 144094 144030 144073 144043 143417 143374 143438 143377 143488 143340 143460 143509 143467 143463
  816.209  1442163  1582.37  1448543  1580.22 144859 144889 144855 144825 144836 144843 144893 144828 144873 144842 144216 144173 144233 144179 144287 144141 144255 144308 144187 144184
  821.209  1450082  1576.73  1456397  1582.50 145660 145612 145656 145627 145638 145645 145616 145629 145672 145642 145015 144971 144955 144978 145088 144938 145054 145110 144988 144985
  826.209  1457792  1564.53  1464093  1567.82 146435 146375 146430 146396 146406 146415 146380 146397 146449 146410 145792 145742 145722 145753 145862 145705 145830 145885 145752 145749
  831.209  1465567  1563.03  1471968  1566.86 147217 147168 147212 147185 147194 147203 147172 147186 147231 147200 146572 146529 146513 146536 146648 146492 146533 146666 146543 146535
  836.209  1473396  1574.66  1479941  1580.30 148014 147965 148010 147982 147990 148001 147971 147983 148027 147998 147372 147325 147309 147258 147448 147288 147334 147388 147337 147337
  841.209  1481349  1570.15  1487819  1575.76 148810 148757 148805 148778 148785 148798 148766 148778 148746 148796 148165 148123 148105 148054 148243 148082 148128 148183 148132 148134
  846.209  1489310  1572.89  1495787  1572.99 149611 149550 149607 149573 149581 149600 149559 149573 149536 149597 148967 148920 148897 148848 149044 148881 148924 148974 148927 148928
  851.209  1497030  1565.20  1503487  1567.45 150376 150325 150373 150343 150351 150366 150333 150344 150312 150364 149735 149688 149670 149625 149809 149649 149699 149751 149701 149703
  856.209  1504912  1576.21  1511520  1579.03 151178 151127 151175 151147 151154 151170 151137 151149 151114 151169 150462 150493 150473 150427 150537 150454 150499 150559 150503 150505
  861.209  1512895  1583.19  1519347  1577.28 151902 151925 151897 151946 151951 151967 151934 151947 151912 151966 151263 151293 151269 151223 151334 151254 151296 151358 151303 151302
  866.209  1520871  1584.42  1527323  1575.52 152696 152722 152692 152746 152751 152766 152732 152747 152706 152765 152056 152092 152070 152020 152130 152056 152092 152151 152103 152101
  871.209  1528486  1573.96  1534940  1568.09 153461 153483 153456 153505 153513 153529 153492 153506 153468 153527 152815 152855 152828 152784 152897 152818 152854 152912 152863 152860
  876.209  1536399  1569.87  1542766  1568.86 154260 154283 154256 154303 154308 154248 154290 154304 154267 154247 153617 153576 153626 153589 153697 153614 153653 153706 153663 153658
  881.209  1544413  1577.15  1550782  1574.30 155061 155085 155057 155106 155110 155049 155091 155106 155069 155048 154419 154379 154428 154390 154497 154417 154455 154502 154467 154459
  886.209  1552309  1577.72  1558681  1572.32 155860 155884 155855 155903 155832 155847 155888 155903 155864 155845 155217 155179 155224 155187 155294 155138 155248 155302 155263 155257
  891.209  1560021  1566.83  1566400  1567.27 156631 156656 156626 156681 156600 156615 156660 156681 156638 156612 155989 155942 155998 155960 156060 155904 156021 156076 156038 156033
  896.209  1567884  1562.11  1574112  1564.93 157419 157441 157413 157385 157393 157406 157445 157384 157423 157403 156775 156730 156783 156747 156846 156697 156808 156863 156817 156818
  901.209  1575913  1576.19  1582149  1576.53 158221 158245 158215 158190 158198 158211 158249 158188 158226 158206 157579 157535 157585 157552 157647 157502 157609 157665 157616 157623
  906.210  1583849  1579.40  1590150  1582.35 159020 159047 159014 158990 158998 159012 159050 158988 159026 159005 158381 158341 158383 158351 158447 158302 158410 158471 158413 158350
  911.209  1591598  1568.34  1598058  1577.27 159810 159845 159806 159774 159785 159803 159847 159773 159819 159796 159174 159132 159092 159144 159238 159091 159204 159268 159122 159133
  916.209  1599276  1563.39  1605557  1565.50 160575 160528 160571 160545 160553 160567 160529 160546 160583 160560 159936 159899 159869 159910 160006 159861 159965 160028 159898 159904
  921.209  1607219  1573.52  1613579  1575.50 161377 161330 161374 161347 161355 161368 161331 161349 161387 161361 160739 160705 160667 160709 160809 160661 160690 160832 160702 160705
  926.210  1615116  1577.40  1621539  1581.43 162173 162127 162169 162144 162151 162164 162126 162145 162184 162156 161535 161501 161464 161432 161607 161461 161489 161630 161499 161498
  931.209  1623004  1572.05  1629491  1577.89 162968 162922 162964 162939 162948 162959 162920 162940 162979 162952 162328 162299 162262 162229 162401 162260 162288 162348 162295 162294
  936.209  1630648  1559.30  1637039  1562.42 163735 163682 163732 163700 163710 163724 163679 163701 163661 163715 163099 163062 163024 162990 163171 163023 163050 163111 163061 163057
  941.209  1638589  1566.85  1644981  1562.15 164523 164480 164520 164496 164504 164516 164477 164497 164460 164508 163888 163854 163822 163787 163958 163816 163847 163907 163858 163852
  946.209  1646425  1577.21  1652969  1578.56 165322 165278 165319 165295 165301 165316 165277 165296 165259 165306 164615 164650 164620 164585 164683 164616 164644 164707 164655 164650
  951.209  1654400  1578.22  1660791  1571.58 166045 166075 166042 166092 166099 166112 166074 166092 166057 166103 165414 165446 165416 165381 165484 165417 165442 165504 165450 165446
  956.209  1661976  1567.50  1668360  1558.51 166802 166834 166799 166848 166854 166870 166832 166849 166813 166859 166173 166204 166172 166139 166239 166177 166199 166260 166208 166205
  961.209  1669566  1554.80  1675868  1546.21 167560 167593 167558 167605 167613 167553 167590 167606 167571 167619 166932 166964 166930 166898 166997 166938 166955 167020 166966 166966
  966.209  1677037  1548.99  1683474  1545.57 168322 168353 168317 168366 168373 168312 168352 168366 168333 168380 167695 167653 167692 167663 167758 167623 167715 167781 167728 167729
  971.209  1684783  1539.63  1691153  1535.97 169095 169130 169093 169145 169152 169086 169126 169143 169106 169077 168471 168430 168469 168434 168529 168395 168492 168555 168505 168503
  976.209  1692535  1534.56  1698890  1528.29 169869 169902 169868 169916 169921 169860 169903 169914 169884 169853 169244 169205 169245 169215 169303 169168 169267 169334 169279 169275
  981.209  1700129  1519.40  1706416  1520.94 170628 170662 170629 170677 170606 170620 170662 170675 170643 170614 170004 169963 170005 169974 170066 169925 170023 170097 170038 170034
  986.209  1707739  1520.54  1713857  1519.19 171388 171421 171389 171359 171365 171379 171422 171360 171402 171372 170765 170723 170765 170734 170828 170688 170785 170862 170799 170790
  991.209  1715534  1525.89  1721628  1527.30 172162 172204 172163 172134 172140 172154 172205 172136 172182 172148 171540 171498 171546 171514 171606 171461 171570 171643 171583 171573
  996.209  1722965  1530.96  1729299  1530.05 172931 172965 172933 172903 172908 172924 172966 172904 172948 172917 172309 172265 172236 172277 172372 172230 172336 172406 172272 172262
 1001.209  1730540  1522.89  1736803  1524.26 173688 173647 173691 173662 173666 173683 173724 173663 173703 173676 173065 173022 172997 173036 173126 172990 173092 173163 173029 173020
 1006.209  1738064  1517.74  1744321  1519.51 174448 174406 174450 174421 174426 174441 174409 174421 174463 174436 173826 173782 173756 173794 173882 173750 173778 173927 173790 173779
 1011.209  1745899  1524.33  1752130  1525.60 175230 175185 175235 175201 175205 175221 175186 175201 175250 175216 174612 174565 174538 174584 174671 174532 174557 174714 174568 174558
 1016.209  1753442  1528.59  1759823  1534.90 175997 175957 176002 175973 175975 175989 175959 175972 176014 175985 175377 175334 175313 175274 175435 175304 175329 175401 175343 175332
 1021.209  1761036  1516.64  1767418  1526.44 176756 176718 176761 176735 176736 176748 176717 176732 176772 176743 176138 176094 176074 176029 176194 176066 176092 176156 176102 176091
 1026.209  1768666  1523.39  1774963  1522.18 177518 177480 177524 177497 177499 177509 177480 177495 177458 177503 176901 176856 176842 176792 176960 176828 176853 176918 176861 176855
 1031.209  1776409  1531.19  1782789  1527.53 178303 178260 178309 178279 178281 178292 178261 178275 178240 178289 177684 177640 177621 177575 177665 177615 177635 177699 177640 177635
 1036.209  1784165  1541.88  1790521  1537.52 179083 179043 179008 179060 179063 179072 179045 179058 179021 179068 178387 178422 178405 178359 178447 178394 178423 178480 178427 178421
 1041.209  1791742  1533.32  1798095  1527.55 179840 179800 179767 179816 179819 179830 179803 179814 179780 179826 179146 179183 179156 179117 179206 179154 179179 179238 179188 179175
 1046.209  1799352  1532.92  1805628  1524.30 180523 180560 180528 180577 180581 180591 180563 180577 180541 180587 179907 179946 179917 179878 179966 179917 179941 179998 179949 179933
 1051.209  1807041  1533.59  1813389  1530.00 181300 181336 181303 181353 181357 181367 181339 181355 181316 181363 180686 180722 180692 180651 180739 180620 180719 180774 180729 180709
 1056.209  1814708  1534.98  1821045  1531.29 182073 182107 182078 182125 182130 182066 182111 182129 182091 182135 181464 181421 181469 181423 181514 181393 181491 181549 181501 181483
 1061.209  1822308  1530.27  1828577  1523.89 182834 182868 182840 182885 182891 182827 182872 182889 182851 182820 182223 182179 182224 182185 182275 182156 182251 182309 182264 182242
 1066.209  1829934  1522.50  1836118  1519.48 183596 183630 183600 183648 183576 183588 183635 183651 183612 183582 182984 182945 182989 182950 183037 182914 183017 183071 183023 183004
 1071.209  1837748  1528.62  1843841  1527.55 184374 184411 184380 184426 184358 184366 184415 184355 184395 184361 183766 183725 183766 183732 183820 183693 183800 183854 183802 183790
 1076.209  1845507  1533.57  1851526  1532.67 185151 185186 185156 185127 185134 185143 185190 185132 185169 185138 184544 184502 184545 184504 184595 184467 184576 184629 184579 184566
 1081.209  1853015  1527.45  1859104  1526.34 185909 185944 185912 185886 185891 185900 185948 185890 185928 185896 185304 185263 185296 185260 185355 185225 185337 185388 185262 185325
 1086.209  1860405  1520.64  1866634  1522.18 186662 186696 186667 186639 186643 186653 186701 186642 186681 186650 186061 186016 185978 186013 186108 185981 186088 186140 186019 186001
 1091.210  1868123  1527.42  1874342  1528.22 187441 187472 187448 187418 187421 187431 187405 187421 187457 187428 186842 186795 186761 186793 186889 186762 186790 186919 186794 186778
 1096.209  1875816  1529.40  1882023  1535.30 188217 188171 188224 188194 188195 188207 188179 188198 188233 188205 187616 187568 187541 187499 187664 187541 187565 187698 187570 187554
 1101.209  1883433  1522.84  1889645  1529.41 188980 188933 188987 188956 188956 188969 188941 188960 188995 188968 188377 188330 188302 188261 188424 188304 188323 188460 188331 188321
 1106.209  1890968  1515.35  1897258  1526.96 189742 189693 189748 189718 189717 189733 189701 189719 189756 189731 189136 189094 189062 189023 189184 189067 189083 189145 189094 189080
 1111.209  1898713  1522.73  1904926  1526.59 190517 190464 190522 190495 190492 190508 190475 190496 190452 190505 189911 189864 189838 189803 189958 189843 189854 189916 189868 189858
 1116.209  1906477  1535.13  1912691  1534.43 191295 191240 191299 191270 191268 191285 191252 191271 191229 191282 190688 190640 190613 190583 190735 190618 190633 190693 190641 190633
 1121.209  1913931  1532.13  1920211  1531.56 192054 191999 191983 192029 192028 192045 192011 192030 191990 192042 191373 191401 191372 191345 191422 191377 191393 191453 191404 191391
 1126.209  1921431  1528.17  1927783  1520.39 192809 192755 192741 192787 192785 192803 192768 192788 192748 192799 192131 192162 192129 192102 192180 192058 192148 192209 192164 192148
 1131.209  1929447  1538.99  1935723  1533.36 193536 193555 193542 193587 193589 193604 193570 193590 193549 193601 192933 192963 192935 192905 192981 192859 192946 193012 192965 192948
 1136.209  1937376  1549.73  1943660  1544.30 194330 194350 194336 194380 194382 194399 194362 194383 194343 194395 193726 193760 193727 193697 193772 193651 193738 193806 193756 193743
 1141.209  1945039  1548.42  1951326  1544.87 195098 195121 195108 195159 195163 195090 195138 195161 195112 195176 194496 194453 194505 194475 194540 194425 194510 194579 194534 194522
 1146.209  1957369  1683.88  1963661  1685.76 196292 196361 196328 196463 196478 196266 196404 196465 196343 196261 195687 195639 195783 195731 195744 195630 195754 195802 195813 195786
 1151.209  1968929  1832.75  1975361  1840.54 197513 197535 197522 197566 197567 197507 197551 197567 197529 197504 196867 196858 196884 196870 196932 196827 196899 196961 196914 196917
 1156.209  1976956  1847.95  1983369  1855.20 198315 198336 198323 198367 198367 198307 198353 198368 198329 198304 197668 197662 197687 197671 197736 197628 197700 197766 197717 197721
 1161.209  1984885  1841.74  1991021  1852.48 199103 199126 199112 199073 199076 199095 199150 199074 199120 199092 198459 198448 198486 198468 198527 198413 198497 198557 198515 198515
 1166.209  1992539  1836.07  1998727  1842.88 199872 199893 199882 199851 199852 199866 199910 199851 199887 199863 199228 199221 199248 199230 199298 199182 199261 199318 199278 199275
 1171.209  2000347  1845.70  2006687  1850.13 200667 200688 200677 200648 200650 200663 200706 200648 200682 200658 200025 200016 199969 200029 200090 199980 200057 200113 199997 200071
 1176.209  2008385  1696.57  2014724  1703.31 201471 201491 201481 201453 201454 201466 201509 201451 201486 201462 200828 200818 200771 200831 200896 200786 200861 200917 200801 200876
 1181.209  2016424  1576.78  2022838  1581.68 202283 202303 202292 202263 202266 202278 202321 202261 202297 202274 201641 201631 201580 201639 201710 201596 201672 201729 201613 201613
 1186.209  2023957  1563.95  2030353  1568.78 203042 203065 203049 203022 203027 203036 203003 203020 203058 203031 202401 202391 202339 202320 202473 202356 202435 202492 202373 202377
 1191.209  2031856  1566.14  2038352  1580.81 203841 203861 203848 203823 203831 203836 203803 203820 203855 203834 203199 203186 203142 203118 203267 203157 203154 203281 203173 203179
 1196.209  2039846  1574.89  2046335  1587.50 204640 204659 204646 204621 204630 204634 204602 204618 204654 204631 203997 203985 203940 203919 204068 203959 203951 204078 203970 203979
