Test case: 
Description: 
	10 senders: persistent queues
	10 receivers: client acknowledge every 50 messages
Timestamp: 2011.11.2 1:28:18
Version: 
Setting up JMS benchmark connections... 

Start processing messages.
Fri Dec 02 01:28:18 EST 2011

  Seconds   Send   Send/Sec   Recv   Recv/Sec   RCV0   RCV1   RCV2   RCV3   RCV4   RCV5   RCV6   RCV7   RCV8   RCV9  SND10  SND11  SND12  SND13  SND14  SND15  SND16  SND17  SND18  SND19
  ------- -------- -------- -------- -------- ------ ------ ------ ------ ------ ------ ------ ------ ------ ------ ------ ------ ------ ------ ------ ------ ------ ------ ------ ------
    1.019        0     0.00        0     0.00      0      0      0      0      0      0      0      0      0      0      0      0      0      0      0      0      0      0      0      0
    6.019     4552   989.78     5016  1090.67    489    500    501    498    507    514    500    503    504    500    456    455    452    457    454    452    460    454    456    456
   11.019     9529   992.71     9952  1036.77    982    996    994    990   1000   1007    993    997   1000    993    957    957    950    952    950    949    958    951    955    950
   16.019    14739  1009.59    15159  1038.36   1502   1516   1516   1510   1521   1528   1514   1518   1520   1514   1477   1481   1471   1470   1474   1472   1476   1471   1478   1469
   21.019    20135  1027.35    20510  1046.48   2036   2050   2052   2045   2056   2063   2050   2053   2055   2050   2015   2017   2009   2011   2014   2014   2014   2013   2019   2009
   26.019    25530  1037.80    25882  1052.11   2574   2587   2589   2582   2592   2599   2589   2590   2594   2586   2553   2558   2551   2552   2555   2553   2550   2551   2558   2549
   31.019    30530  1024.83    30874  1041.42   3074   3086   3088   3081   3091   3098   3088   3089   3094   3085   3054   3059   3051   3052   3054   3051   3050   3050   3059   3050
   36.019    35509  1023.83    35852  1019.80   3572   3583   3585   3578   3590   3596   3585   3587   3592   3584   3552   3556   3550   3550   3552   3549   3549   3549   3557   3545
   41.020    40884  1035.70    41223  1032.89   4109   4120   4122   4115   4127   4134   4122   4124   4129   4121   4089   4095   4088   4087   4089   4087   4086   4086   4095   4082
   46.019    46348  1042.52    46666  1039.23   4651   4664   4668   4659   4670   4679   4667   4669   4674   4665   4635   4644   4634   4634   4634   4633   4633   4633   4641   4627
   51.019    51304  1031.51    51612  1029.36   5150   5162   5168   5159   5171   5177   5166   5170   5126   5163   5135   5097   5135   5135   5134   5135   5132   5134   5140   5127
   56.019    56181  1018.46    56491  1017.05   5652   5665   5621   5663   5674   5681   5619   5623   5627   5666   5587   5598   5638   5588   5638   5638   5635   5637   5593   5629
   61.019    60827  1016.68    61136  1015.50   6150   6110   6115   6107   6119   6126   6113   6116   6123   6110   6082   6093   6083   6082   6083   6083   6079   6082   6087   6073
   66.019    66249  1031.54    66549  1030.10   6637   6651   6656   6648   6660   6667   6654   6659   6665   6652   6625   6636   6625   6623   6624   6627   6621   6623   6630   6615
   71.019    71416  1024.60    71715  1023.26   7154   7167   7173   7164   7175   7185   7169   7177   7185   7166   7145   7156   7140   7141   7140   7144   7135   7137   7147   7131
   76.019    76622  1015.91    76918  1015.17   7677   7687   7692   7685   7696   7706   7689   7696   7703   7687   7666   7674   7661   7661   7661   7664   7657   7658   7667   7653
   81.019    82019  1029.03    82318  1030.40   8217   8228   8232   8225   8237   8246   8229   8235   8241   8228   8206   8213   8201   8201   8200   8204   8197   8198   8206   8193
   86.019    87023  1031.54    87319  1032.79   8717   8729   8732   8725   8737   8747   8729   8736   8741   8726   8706   8713   8701   8701   8701   8705   8697   8698   8707   8694
   91.019    92202  1039.80    92499  1037.58   9234   9247   9250   9244   9255   9267   9247   9253   9259   9243   9226   9233   9218   9218   9217   9224   9214   9215   9224   9213
   96.019    97442  1029.63    97743  1031.41   9764   9774   9776   9773   9782   9789   9776   9777   9777   9755   9743   9748   9731   9745   9746   9748   9744   9746   9751   9740
  101.019   102384  1037.52   102683  1037.52  10253  10263  10265  10262  10271  10278  10265  10265  10266  10295  10232  10237  10271  10234  10235  10237  10234  10235  10240  10229
  106.019   107271  1026.88   107565  1026.81  10742  10750  10754  10750  10760  10767  10753  10755  10754  10780  10721  10727  10756  10723  10724  10725  10722  10727  10728  10718
  111.020   112185  1010.54   112477  1010.30  11233  11241  11246  11240  11252  11257  11244  11246  11245  11273  11212  11218  11248  11214  11217  11216  11214  11219  11218  11209
  116.019   117189  1010.60   117471  1010.17  11736  11739  11745  11739  11751  11756  11743  11749  11744  11769  11715  11717  11745  11717  11718  11716  11712  11720  11717  11712
  121.019   122182   999.13   122506  1001.85  12241  12241  12250  12242  12255  12259  12246  12254  12247  12271  12220  12221  12197  12223  12222  12220  12216  12225  12220  12218
  126.020   127260   988.39   127530   992.58  12748  12749  12756  12749  12762  12767  12754  12762  12755  12728  12727  12729  12704  12733  12730  12728  12723  12732  12728  12726
  131.019   132172   985.17   132442   984.33  13239  13240  13248  13240  13252  13258  13245  13253  13246  13221  13218  13221  13196  13224  13221  13220  13214  13223  13219  13216
  136.020   137081   985.07   137349   984.26  13730  13731  13740  13731  13743  13748  13735  13744  13736  13711  13710  13713  13686  13715  13712  13711  13704  13713  13710  13707
  141.019   142074   989.29   142395   988.46  14233  14237  14244  14236  14247  14253  14239  14248  14241  14217  14214  14217  14192  14169  14216  14215  14208  14217  14215  14211
  146.019   147021   994.63   147388   994.26  14698  14751  14710  14750  14760  14767  14752  14712  14755  14733  14679  14730  14707  14685  14681  14729  14722  14683  14729  14676
  151.019   151838   993.52   152110   991.78  15193  15199  15205  15198  15208  15215  15251  15208  15203  15230  15174  15177  15205  15181  15177  15177  15219  15179  15177  15172
  156.019   156742   987.75   157011   987.72  15688  15695  15700  15694  15703  15710  15696  15703  15698  15724  15671  15672  15698  15677  15675  15672  15664  15674  15673  15666
  161.019   161674   988.32   161929   987.82  16181  16186  16193  16185  16194  16201  16188  16194  16189  16218  16165  16165  16192  16172  16169  16165  16157  16166  16165  16158
  166.019   166637   990.17   166898   989.93  16678  16683  16689  16682  16691  16698  16685  16691  16686  16715  16662  16660  16686  16669  16664  16662  16654  16662  16663  16655
  171.019   171588   987.05   171836   986.38  17173  17177  17183  17175  17185  17192  17180  17185  17180  17206  17157  17154  17181  17164  17159  17158  17149  17158  17158  17150
  176.019   176602   987.52   176849   988.62  17680  17682  17690  17680  17691  17697  17686  17692  17686  17665  17664  17660  17637  17670  17665  17665  17655  17665  17665  17656
  181.019   181822   995.87   182076  1000.34  18203  18204  18212  18204  18213  18221  18208  18214  18209  18188  18184  18182  18160  18191  18188  18186  18179  18187  18186  18179
  186.019   186824   994.40   187075   993.86  18702  18705  18711  18705  18714  18720  18708  18715  18708  18687  18684  18681  18661  18691  18688  18686  18680  18687  18687  18679
  191.019   191695   992.92   191942   992.65  19189  19192  19199  19191  19200  19206  19194  19202  19195  19174  19170  19167  19149  19179  19174  19173  19167  19175  19175  19166
  196.019   196426   987.89   196771   987.38  19672  19675  19682  19674  19683  19688  19677  19685  19678  19657  19653  19650  19632  19613  19607  19656  19650  19658  19658  19649
  201.019   201116   987.48   201554   987.15  20115  20169  20125  20167  20177  20181  20170  20128  20172  20150  20096  20144  20127  20108  20100  20099  20145  20102  20103  20092
  206.020   206217   992.11   206501   991.68  20635  20638  20646  20636  20646  20701  20639  20650  20641  20669  20615  20614  20648  20628  20621  20618  20615  20621  20623  20614
  211.019   211184   983.66   211425   983.26  21132  21136  21142  21133  21142  21149  21137  21147  21139  21168  21113  21111  21146  21125  21116  21114  21112  21117  21119  21111
  216.019   216137   981.98   216374   981.51  21627  21631  21637  21627  21636  21643  21632  21643  21634  21664  21608  21606  21642  21621  21611  21609  21607  21612  21614  21607
  221.020   221032   984.46   221317   984.06  22121  22125  22131  22121  22130  22137  22126  22137  22128  22161  22102  22100  22088  22115  22106  22104  22101  22106  22109  22101
  226.020   225975   989.93   226212   987.95  22614  22621  22625  22616  22624  22631  22621  22631  22623  22606  22596  22595  22584  22609  22601  22599  22595  22600  22602  22594
  231.019   231071  1001.85   231298   996.41  23124  23128  23136  23124  23132  23139  23130  23140  23132  23113  23106  23104  23094  23119  23110  23109  23103  23109  23113  23104
  236.019   236020   988.86   236250   993.49  23618  23622  23631  23620  23628  23637  23624  23634  23626  23610  23600  23599  23590  23613  23604  23604  23599  23604  23608  23599
  241.019   240848   982.31   241080   983.66  24101  24105  24114  24102  24111  24121  24107  24118  24109  24092  24083  24081  24072  24097  24086  24086  24082  24087  24090  24084
  246.019   246079   987.89   246318   988.02  24624  24630  24641  24624  24632  24645  24631  24644  24633  24614  24606  24602  24594  24621  24610  24609  24606  24609  24613  24609
  251.019   251099   997.42   251337   995.87  25135  25141  25102  25137  25145  25158  25142  25105  25144  25128  25119  25113  25107  25082  25122  25121  25117  25121  25127  25070
  256.020   255916   996.07   256255   996.04  25581  25639  25596  25635  25643  25655  25640  25601  25641  25624  25564  25611  25603  25577  25568  25618  25617  25619  25573  25566
  261.019   260742   992.38   261025   992.65  26080  26085  26094  26083  26141  26101  26087  26098  26136  26120  26062  26108  26101  26076  26067  26064  26064  26066  26071  26063
  266.019   265837   998.93   266070   999.03  26593  26600  26607  26598  26607  26616  26602  26611  26602  26634  26575  26574  26616  26590  26581  26579  26579  26581  26586  26576
  271.019   270991  1009.80   271211  1009.43  27107  27114  27120  27111  27121  27130  27116  27126  27115  27151  27090  27088  27133  27104  27097  27093  27094  27098  27102  27092
  276.019   275843   998.79   276061   998.09  27596  27603  27609  27602  27611  27619  27606  27616  27606  27593  27580  27581  27576  27594  27587  27582  27583  27587  27591  27582
  281.019   280739   993.02   280946   993.62  28085  28092  28097  28091  28098  28108  28095  28105  28095  28080  28070  28071  28063  28084  28077  28072  28073  28077  28081  28071
  286.019   285741   993.05   285948   994.90  28585  28592  28597  28591  28599  28607  28595  28605  28595  28582  28571  28571  28562  28584  28578  28572  28573  28577  28582  28571
  291.020   290853   999.13   291055  1001.17  29096  29102  29108  29101  29110  29117  29107  29114  29105  29095  29083  29082  29077  29094  29090  29082  29083  29087  29093  29082
  296.019   295861   992.55   296058   991.28  29597  29603  29609  29602  29609  29616  29608  29615  29605  29594  29584  29584  29577  29594  29591  29583  29584  29588  29593  29583
  301.019   300806   987.45   301056   986.74  30097  30104  30109  30103  30109  30115  30107  30114  30104  30094  30084  30084  30076  30045  30089  30083  30083  30088  30093  30081
  306.019   305515   987.48   305917   987.08  30588  30596  30600  30595  30600  30605  30599  30556  30594  30584  30525  30576  30564  30536  30530  30576  30574  30579  30534  30521
  311.019   310470   995.97   310879   995.81  31053  31061  31065  31111  31117  31122  31064  31072  31111  31103  31041  31041  31083  31051  31045  31041  31039  31044  31049  31036
  316.019   315678  1002.89   315880  1002.72  31573  31581  31587  31580  31586  31593  31583  31592  31581  31624  31561  31561  31603  31572  31565  31561  31560  31567  31571  31557
  321.019   320822  1004.06   321020  1003.93  32089  32096  32101  32094  32100  32107  32097  32104  32095  32137  32075  32076  32116  32085  32078  32077  32076  32081  32086  32072
  326.019   325716  1001.85   325915  1001.91  32584  32590  32596  32589  32595  32601  32591  32598  32590  32581  32569  32570  32562  32581  32572  32571  32570  32575  32580  32566
  331.019   330696  1003.02   330894  1001.28  33082  33088  33093  33087  33093  33099  33089  33095  33088  33080  33067  33068  33061  33081  33069  33069  33068  33072  33077  33064
  336.019   336034  1022.52   336234  1017.35  33616  33624  33627  33622  33627  33632  33622  33629  33622  33613  33601  33601  33593  33614  33603  33604  33603  33607  33611  33597
  341.019   341398  1029.43   341590  1027.18  34151  34160  34163  34157  34161  34168  34157  34166  34156  34151  34138  34136  34131  34149  34140  34140  34139  34143  34148  34134
  346.019   346264  1012.95   346452  1017.52  34638  34646  34650  34645  34647  34654  34642  34653  34641  34636  34625  34621  34617  34635  34627  34627  34626  34630  34635  34621
  351.019   351546  1015.00   351737  1020.07  35165  35175  35179  35173  35175  35182  35171  35181  35170  35166  35153  35149  35148  35163  35154  35155  35152  35157  35165  35150
  356.019   356833  1029.70   357077  1029.60  35698  35708  35711  35706  35711  35718  35704  35714  35706  35701  35686  35683  35683  35649  35687  35688  35685  35690  35699  35683
  361.019   361838  1031.14   362153  1031.01  36212  36222  36224  36220  36224  36231  36217  36171  36219  36213  36200  36196  36195  36153  36201  36195  36199  36204  36155  36140
  366.019   366563  1021.14   366912  1021.24  36657  36669  36670  36666  36719  36726  36711  36673  36714  36707  36646  36691  36690  36654  36646  36641  36644  36650  36658  36643
  371.019   371644  1011.54   371840  1011.68  37165  37177  37178  37174  37176  37183  37219  37182  37171  37215  37155  37199  37198  37162  37154  37148  37152  37158  37167  37151
  376.019   376628  1017.18   376817  1017.21  37667  37679  37680  37676  37679  37685  37672  37687  37673  37719  37661  37650  37702  37666  37656  37651  37654  37660  37672  37656
  381.019   381938  1019.80   382120  1019.50  38201  38214  38217  38212  38212  38220  38207  38226  38208  38203  38198  38185  38185  38205  38191  38185  38188  38196  38211  38194
  386.019   387031  1013.39   387218  1011.48  38711  38723  38725  38721  38722  38731  38717  38734  38719  38715  38706  38695  38697  38711  38703  38696  38700  38705  38717  38701
  391.019   392250  1017.42   392437  1014.70  39232  39244  39246  39243  39246  39254  39239  39253  39242  39238  39227  39220  39222  39232  39224  39219  39221  39227  39236  39222
  396.019   397623  1035.37   397805  1034.93  39770  39782  39784  39781  39782  39790  39776  39789  39778  39773  39764  39756  39759  39769  39761  39757  39759  39765  39773  39760
  401.019   402871  1030.97   403043  1036.51  40295  40307  40308  40306  40306  40313  40299  40313  40301  40295  40288  40279  40283  40294  40286  40283  40284  40291  40298  40285
  406.019   408021  1038.02   408206  1037.79  40810  40822  40823  40821  40824  40831  40817  40827  40819  40812  40803  40797  40799  40808  40801  40797  40799  40807  40812  40798
  411.019   413052  1026.31   413239  1026.48  41313  41325  41328  41324  41327  41334  41320  41330  41322  41316  41305  41300  41303  41310  41305  41301  41304  41310  41314  41300
  416.019   418321  1036.85   418554  1036.91  41849  41861  41864  41860  41863  41870  41857  41819  41859  41852  41795  41834  41839  41798  41842  41837  41840  41847  41852  41837
  421.019   423094  1024.90   423382  1024.83  42335  42299  42350  42347  42351  42358  42346  42305  42348  42343  42282  42323  42329  42284  42330  42324  42327  42333  42288  42274
  426.019   427969  1015.03   428303  1015.20  42794  42806  42808  42805  42858  42865  42852  42811  42854  42850  42789  42830  42836  42791  42787  42782  42785  42791  42798  42780
  431.019   433108  1012.95   433231  1013.02  43311  43323  43323  43322  43327  43334  43320  43329  43322  43320  43308  43348  43306  43309  43304  43301  43305  43312  43316  43299
  436.019   438070  1008.36   438239  1007.82  43812  43825  43824  43824  43827  43834  43820  43831  43822  43820  43810  43798  43807  43808  43806  43803  43806  43814  43818  43800
  441.019   443129  1009.30   443306  1008.96  44319  44333  44331  44331  44332  44340  44326  44337  44327  44330  44316  44303  44312  44316  44312  44309  44312  44320  44323  44306
  446.019   448101   997.68   448282   997.58  44815  44830  44828  44828  44831  44839  44825  44834  44826  44826  44812  44801  44811  44812  44809  44806  44809  44817  44820  44804
  451.019   453062  1002.32   453234   996.78  45310  45325  45323  45324  45327  45334  45320  45329  45321  45321  45309  45298  45307  45308  45304  45301  45304  45313  45318  45300
  456.019   458351  1006.74   458507  1007.21  45836  45854  45850  45853  45854  45861  45846  45857  45847  45849  45838  45824  45836  45837  45830  45830  45833  45842  45851  45830
  461.019   463314   998.93   463487   999.09  46335  46350  46347  46349  46353  46360  46345  46353  46348  46347  46332  46323  46333  46333  46327  46328  46330  46338  46344  46326
  466.019   468164   995.37   468393   995.77  46826  46839  46838  46838  46844  46851  46837  46843  46839  46838  46821  46812  46825  46822  46816  46818  46820  46828  46786  46816
  471.019   473000   990.87   473279   991.01  47320  47331  47331  47330  47338  47345  47330  47289  47333  47332  47267  47306  47318  47315  47309  47310  47315  47320  47278  47262
  476.019   477662   987.25   478032   987.28  47804  47768  47816  47769  47822  47829  47815  47776  47817  47816  47753  47788  47802  47752  47795  47748  47754  47758  47763  47749
  481.020   482555   988.02   482683   988.22  48255  48266  48267  48267  48273  48280  48266  48274  48268  48267  48252  48290  48253  48251  48247  48245  48252  48255  48263  48247
  486.019   487852   988.15   487980   989.03  48785  48796  48797  48797  48803  48809  48795  48804  48798  48796  48781  48824  48783  48780  48776  48774  48781  48785  48793  48775
  491.020   492859   991.44   493036   991.58  49290  49302  49302  49302  49308  49316  49302  49309  49304  49301  49287  49275  49290  49285  49283  49281  49287  49291  49298  49282
  496.019   498233  1009.03   498408  1007.21  49828  49838  49840  49839  49846  49853  49839  49845  49841  49839  49825  49813  49827  49824  49820  49817  49824  49828  49837  49818
  501.019   503423  1018.76   503605  1017.65  50348  50357  50360  50359  50366  50373  50358  50364  50361  50359  50345  50328  50347  50343  50337  50337  50343  50347  50359  50337
  506.019   508587  1034.40   508776  1031.68  50865  50874  50877  50875  50883  50891  50876  50879  50880  50876  50861  50849  50863  50859  50854  50853  50859  50863  50873  50853
  511.020   513980  1047.65   514159  1049.43  51403  51412  51415  51414  51421  51429  51414  51418  51419  51414  51399  51390  51401  51399  51395  51391  51398  51402  51412  51393
  516.019   519301  1042.45   519484  1041.07  51935  51945  51948  51947  51954  51961  51946  51950  51952  51946  51931  51922  51933  51931  51927  51923  51930  51935  51944  51925
  521.019   524256  1039.93   524486  1038.29  52435  52445  52448  52447  52454  52461  52446  52451  52452  52447  52432  52423  52433  52432  52428  52423  52430  52435  52395  52425
  526.019   529235  1025.44   529447  1025.17  52931  52941  52944  52944  52949  52957  52942  52946  52950  52943  52931  52921  52931  52931  52926  52920  52927  52932  52894  52922
  531.019   534189  1019.26   534451  1018.66  53431  53442  53445  53444  53450  53457  53442  53446  53450  53444  53383  53421  53431  53431  53426  53420  53428  53432  53395  53422
  536.019   538915  1007.85   538978  1006.91  53913  53876  53878  53877  53884  53939  53924  53927  53882  53878  53867  53904  53913  53863  53908  53904  53910  53914  53878  53854
  541.019   543979  1005.10   544088  1004.36  54395  54408  54409  54407  54415  54420  54406  54409  54410  54409  54397  54434  54395  54394  54390  54385  54393  54397  54408  54386
  546.019   549003   996.74   549153   995.64  54901  54915  54916  54913  54922  54926  54912  54915  54917  54916  54908  54888  54902  54902  54897  54891  54899  54904  54919  54893
  551.019   554173  1002.32   554316  1001.04  55418  55434  55431  55428  55437  55442  55430  55431  55434  55431  55425  55407  55420  55420  55415  55407  55416  55419  55435  55409
  556.019   559527  1014.93   559670  1014.23  55953  55970  55967  55965  55973  55977  55963  55965  55970  55967  55960  55943  55956  55956  55950  55942  55951  55954  55970  55945
  561.019   564758  1022.42   564893  1021.58  56475  56492  56489  56487  56495  56500  56486  56487  56492  56490  56483  56464  56478  56479  56472  56465  56474  56477  56495  56471
  566.019   569967  1036.74   570099  1044.33  56995  57011  57011  57008  57015  57020  57007  57008  57013  57011  57003  56985  57000  57000  56992  56985  56995  56999  57016  56992
  571.019   575304  1041.17   575493  1045.50  57533  57551  57552  57548  57554  57558  57545  57548  57553  57551  57541  57523  57540  57538  57531  57522  57535  57539  57504  57531
  576.019   580726  1052.79   580904  1053.76  58073  58094  58094  58090  58095  58097  58085  58088  58095  58093  58082  58064  58083  58081  58074  58064  58078  58082  58044  58074
  581.019   585927  1050.27   586165  1046.98  58597  58621  58622  58618  58620  58621  58610  58613  58622  58621  58548  58588  58611  58611  58599  58589  58606  58610  58562  58603
  586.019   590996  1044.93   591262  1044.36  59109  59128  59130  59126  59130  59134  59122  59124  59131  59128  59070  59104  59118  59069  59109  59101  59114  59119  59084  59108
  591.019   596054  1043.49   596281  1043.29  59630  59601  59603  59599  59653  59654  59641  59647  59604  59649  59591  59623  59639  59588  59628  59621  59587  59592  59604  59581
  596.019   600918  1033.36   601043  1033.12  60123  60093  60092  60088  60094  60148  60134  60088  60093  60090  60082  60117  60080  60079  60121  60114  60076  60081  60095  60073
  601.020   605883  1021.11   605912  1019.09  60568  60591  60590  60586  60591  60593  60629  60585  60591  60588  60579  60612  60578  60575  60614  60608  60574  60578  60594  60571
  606.019   610939  1010.54   611020  1010.60  61083  61106  61105  61101  61109  61109  61094  61103  61106  61104  61094  61128  61094  61090  61080  61075  61090  61094  61108  61086
  611.019   616258  1016.17   616390  1014.26  61620  61644  61642  61639  61647  61646  61630  61640  61642  61640  61631  61615  61631  61625  61617  61611  61627  61632  61646  61623
  616.019   621635  1023.72   621757  1023.29  62157  62182  62178  62175  62184  62183  62165  62177  62179  62177  62172  62151  62168  62163  62150  62148  62165  62170  62187  62161
  621.019   626691  1024.80   626814  1024.60  62664  62686  62682  62682  62688  62690  62672  62682  62685  62683  62675  62659  62675  62668  62659  62656  62670  62674  62688  62667
  626.019   632102  1035.27   632225  1043.19  63206  63226  63224  63223  63229  63231  63212  63224  63226  63224  63216  63200  63217  63210  63199  63197  63212  63216  63228  63207
  631.019   636971  1033.52   637143  1036.78  63697  63718  63715  63716  63720  63722  63704  63717  63718  63716  63707  63690  63710  63701  63690  63688  63705  63707  63673  63700
  636.019   641950  1028.02   642124  1027.35  64196  64216  64213  64212  64219  64221  64204  64214  64215  64214  64204  64189  64208  64200  64189  64186  64203  64205  64169  64197
  641.019   646784  1012.75   647010  1010.94  64685  64704  64701  64701  64707  64709  64693  64703  64705  64702  64642  64678  64697  64689  64678  64673  64690  64693  64659  64685
  646.019   651752  1000.44   651973  1000.40  65189  65161  65208  65159  65214  65215  65197  65210  65211  65209  65150  65184  65154  65196  65185  65179  65196  65201  65165  65142
  651.019   656749  1003.62   656856  1003.12  65701  65677  65671  65673  65677  65727  65711  65674  65673  65672  65665  65699  65668  65660  65698  65694  65661  65666  65682  65656
  656.019   661755   990.13   661850   989.16  66199  66176  66172  66172  66178  66226  66209  66173  66173  66172  66165  66197  66169  66162  66198  66194  66162  66169  66181  66158
  661.020   666601   992.65   666697   990.10  66645  66672  66665  66666  66672  66672  66704  66667  66668  66666  66660  66642  66662  66657  66693  66640  66656  66664  66676  66651
  666.019   671917  1002.35   671973  1001.64  67176  67204  67200  67198  67206  67203  67185  67201  67200  67200  67190  67174  67193  67190  67223  67171  67189  67197  67207  67183
  671.019   676790  1003.46   676893  1001.07  67667  67698  67692  67690  67698  67695  67676  67693  67692  67692  67684  67665  67685  67682  67666  67662  67681  67689  67702  67674
  676.019   681649   998.56   681749   997.65  68154  68184  68178  68175  68183  68182  68163  68177  68177  68176  68170  68152  68169  68167  68153  68148  68165  68178  68188  68159
  681.019   686642   993.26   686744   994.73  68653  68683  68678  68675  68684  68681  68662  68676  68676  68676  68670  68651  68669  68667  68652  68647  68663  68677  68686  68660
  686.019   691643   992.89   691795   993.12  69158  69189  69184  69179  69190  69187  69166  69180  69181  69181  69175  69156  69175  69173  69157  69151  69169  69181  69140  69166
  691.020   696567   996.64   696726   995.13  69656  69635  69680  69676  69686  69688  69665  69680  69680  69680  69622  69654  69672  69670  69655  69649  69669  69680  69634  69662
  696.019   701552   985.37   701759   985.20  70156  70138  70184  70181  70191  70189  70165  70185  70185  70185  70125  70159  70178  70175  70157  70149  70174  70131  70136  70168
  701.019   706861  1000.81   707109  1000.74  70698  70681  70722  70672  70728  70730  70708  70723  70724  70723  70669  70700  70714  70712  70699  70692  70665  70675  70679  70656
  706.019   711634  1001.17   711733  1001.14  71185  71167  71161  71159  71165  71217  71196  71161  71161  71161  71156  71188  71151  71150  71187  71181  71151  71161  71166  71143
  711.019   716477   997.82   716574   997.65  71674  71657  71650  71648  71654  71655  71685  71651  71650  71650  71644  71627  71640  71640  71676  71670  71641  71649  71657  71633
  716.019   721427   997.75   721525   995.94  72124  72158  72149  72147  72155  72155  72187  72150  72151  72149  72144  72126  72141  72139  72179  72173  72139  72149  72157  72132
  721.020   726410   997.65   726499   997.21  72624  72664  72652  72650  72658  72657  72634  72653  72655  72652  72649  72627  72644  72643  72629  72621  72643  72654  72664  72636
  726.019   731472  1000.27   731560   998.19  73132  73168  73158  73156  73164  73164  73141  73158  73161  73158  73157  73135  73149  73149  73136  73128  73148  73160  73171  73139
  731.019   736568   988.62   736660   990.00  73642  73674  73669  73665  73676  73674  73651  73670  73671  73668  73663  73644  73662  73658  73647  73639  73660  73669  73675  73651
  736.019   741392   987.08   741483   986.81  74124  74158  74151  74147  74158  74157  74132  74152  74153  74151  74144  74127  74145  74140  74130  74121  74142  74152  74157  74134
  741.019   746189   987.01   746321   986.54  74608  74642  74634  74631  74642  74640  74616  74636  74637  74635  74630  74612  74630  74624  74614  74605  74626  74637  74593  74618
  746.019   751256   989.56   751378   988.79  75118  75103  75145  75142  75152  75150  75127  75148  75148  75145  75091  75126  75142  75135  75125  75117  75139  75147  75105  75129
  751.019   756225   990.30   756452   991.54  75624  75609  75653  75651  75660  75660  75632  75655  75655  75653  75596  75634  75599  75643  75629  75626  75646  75605  75611  75636
  756.019   760984   985.47   761059   985.03  76115  76100  76093  76091  76101  76150  76122  76095  76097  76095  76089  76124  76088  76084  76120  76117  76088  76097  76101  76076
  761.019   765830   978.62   765907   978.12  76607  76590  76583  76580  76590  76591  76612  76584  76586  76584  76579  76565  76576  76573  76609  76608  76577  76587  76592  76564
  766.019   770834   983.93   770903   983.29  77112  77089  77082  77079  77089  77088  77115  77083  77084  77082  77079  77063  77075  77072  77115  77114  77075  77086  77093  77062
  771.019   775929   996.01   776062   994.06  77626  77605  77599  77595  77605  77604  77631  77599  77600  77598  77594  77579  77591  77589  77629  77571  77591  77601  77606  77578
  776.019   781128   998.62   781260   998.96  78091  78132  78126  78121  78133  78129  78150  78126  78126  78126  78118  78104  78118  78115  78094  78096  78118  78128  78132  78105
  781.019   786072   996.68   786153   995.07  78591  78628  78619  78614  78626  78623  78594  78620  78619  78619  78612  78597  78611  78607  78594  78593  78612  78622  78626  78598
  786.019   791050   998.76   791122   998.72  79087  79125  79116  79112  79123  79121  79091  79117  79115  79115  79111  79096  79108  79105  79091  79090  79110  79120  79124  79095
  791.019   796182  1007.11   796259  1007.11  79602  79638  79628  79625  79637  79635  79606  79631  79629  79628  79624  79611  79621  79617  79605  79604  79624  79632  79636  79608
  796.020   801217  1008.46   801345  1008.86  80112  80146  80136  80132  80146  80143  80118  80139  80136  80137  80131  80119  80129  80125  80115  80112  80132  80141  80097  80116
  801.020   806117  1003.36   806289  1003.05  80612  80597  80635  80631  80644  80643  80616  80638  80637  80636  80582  80620  80628  80625  80614  80613  80632  80592  80596  80615
  806.020   811167   996.54   811339   996.17  81117  81102  81139  81135  81151  81149  81121  81143  81142  81140  81084  81124  81134  81131  81120  81118  81137  81098  81100  81121
  811.019   816267  1001.44   816326  1002.72  81632  81618  81655  81649  81611  81665  81636  81602  81658  81600  81597  81642  81650  81648  81638  81634  81596  81611  81614  81637
  816.019   821167  1007.05   821327  1006.38  82140  82129  82112  82157  82125  82173  82145  82115  82116  82115  82109  82099  82108  82104  82148  82144  82111  82124  82126  82094
  821.019   826304  1007.62   826334  1006.04  82649  82638  82624  82618  82636  82635  82652  82628  82627  82627  82623  82613  82622  82619  82660  82654  82626  82640  82637  82610
  826.019   831181  1005.54   831299  1001.85  83146  83135  83119  83114  83134  83132  83148  83125  83122  83124  83120  83108  83120  83116  83108  83101  83125  83137  83137  83109
  831.020   836202  1007.89   836268  1002.58  83595  83637  83622  83615  83635  83635  83651  83627  83625  83626  83621  83609  83623  83620  83611  83601  83629  83640  83639  83609
  836.019   841371  1008.52   841421  1006.14  84112  84152  84136  84130  84151  84150  84165  84142  84140  84143  84140  84125  84139  84137  84128  84119  84146  84156  84153  84128
  841.019   846600  1011.11   846583  1011.98  84634  84675  84657  84652  84671  84672  84637  84661  84661  84663  84664  84648  84660  84658  84650  84643  84671  84678  84675  84653
  846.019   851415   999.73   851384   995.17  85101  85145  85145  85141  85152  85158  85107  85145  85146  85144  85136  85142  85149  85143  85120  85141  85152  85151  85145  85136
  851.019   856172   995.37   856082   994.83  85601  85594  85595  85591  85602  85608  85606  85645  85596  85644  85586  85591  85601  85643  85623  85641  85653  85601  85596  85637
  856.019   860967   999.53   860968   995.60  86101  86093  86094  86089  86101  86106  86106  86093  86094  86091  86088  86092  86100  86090  86122  86092  86102  86102  86095  86084
  861.019   866102  1001.75   866087   999.06  86615  86603  86605  86601  86613  86618  86617  86605  86606  86604  86602  86606  86613  86603  86635  86608  86615  86613  86609  86598
  866.020   871195   999.13   871159   996.28  87123  87109  87112  87109  87119  87125  87125  87113  87113  87111  87111  87116  87122  87111  87146  87117  87125  87122  87120  87105
  871.019   876262   993.66   876205   990.64  87629  87613  87618  87614  87624  87629  87630  87616  87617  87615  87618  87623  87629  87618  87650  87627  87631  87628  87625  87613
  876.019   881232   998.99   881168   996.17  88123  88109  88115  88110  88120  88126  88126  88113  88114  88112  88114  88122  88127  88114  88146  88125  88127  88124  88122  88111
  881.020   886255  1004.43   886238  1006.88  88630  88616  88623  88617  88628  88633  88632  88620  88621  88618  88621  88629  88634  88621  88603  88633  88635  88631  88630  88618
  886.020   891448  1009.73   891377  1005.70  89099  89135  89142  89136  89147  89152  89149  89139  89140  89138  89140  89148  89154  89141  89123  89152  89154  89150  89149  89137
  891.019   896297   998.93   896226   996.98  89585  89621  89626  89620  89632  89637  89633  89624  89625  89623  89626  89632  89638  89626  89609  89636  89638  89636  89634  89622
  896.019   901220   992.72   901102   991.68  90076  90114  90119  90113  90125  90130  90078  90116  90118  90113  90118  90128  90132  90116  90100  90130  90129  90126  90127  90114
  901.019   905866   985.07   905938   984.36  90560  90597  90603  90597  90609  90613  90560  90601  90601  90597  90553  90563  90567  90600  90584  90614  90614  90610  90562  90599
  906.019   911038   997.15   911138   996.48  91092  91125  91085  91125  91091  91141  91095  91129  91129  91126  91085  91096  91100  91130  91118  91096  91098  91137  91095  91083
  911.019   916249  1004.90   916114  1002.58  91616  91604  91610  91605  91615  91621  91620  91608  91608  91607  91611  91622  91625  91610  91644  91621  91622  91667  91620  91607
  916.019   921289   999.30   921191  1000.60  92131  92109  92118  92111  92122  92126  92132  92115  92113  92114  92122  92133  92132  92116  92159  92128  92130  92122  92134  92113
  921.019   926512  1012.32   926416  1011.48  92647  92632  92640  92634  92645  92651  92652  92639  92636  92640  92644  92655  92655  92640  92675  92650  92655  92647  92654  92637
  926.020   931657  1019.73   931566  1018.99  93161  93145  93155  93151  93161  93168  93165  93155  93151  93154  93157  93169  93169  93158  93187  93167  93168  93161  93168  93153
  931.019   937109  1044.83   937014  1039.23  93706  93688  93700  93696  93706  93713  93710  93700  93696  93699  93701  93715  93714  93703  93733  93712  93713  93706  93714  93698
  936.019   941970  1031.28   941882  1028.36  94193  94174  94188  94184  94194  94201  94196  94185  94183  94184  94189  94201  94199  94189  94222  94198  94199  94191  94200  94182
  941.019   947309  1028.59   947223  1035.37  94683  94712  94728  94723  94733  94740  94737  94723  94721  94723  94727  94740  94739  94728  94710  94736  94738  94730  94740  94721
  946.019   952656  1039.43   952572  1039.87  95218  95247  95261  95259  95269  95276  95272  95258  95255  95257  95262  95276  95272  95261  95245  95270  95276  95264  95275  95255
  951.019   957744  1034.60   957646  1034.56  95730  95760  95774  95771  95781  95788  95736  95770  95767  95769  95777  95790  95785  95774  95757  95784  95789  95777  95740  95771
  956.019   962546  1025.77   962563  1025.67  96219  96251  96267  96264  96274  96281  96224  96262  96259  96262  96214  96228  96277  96264  96246  96277  96282  96268  96228  96262
  961.019   967787  1021.61   967648  1021.68  96748  96780  96745  96743  96753  96760  96754  96789  96787  96789  96748  96761  96804  96792  96775  96804  96761  96796  96758  96788
  966.019   972550  1022.95   972461  1022.92  97241  97271  97235  97233  97243  97250  97246  97231  97278  97233  97237  97252  97246  97282  97268  97247  97251  97287  97250  97230
  971.019   977770  1020.27   977687  1020.40  97771  97801  97760  97759  97772  97779  97775  97759  97752  97759  97765  97780  97770  97756  97798  97774  97778  97816  97779  97754
  976.019   982614  1003.66   982528  1003.59  98257  98239  98250  98248  98261  98268  98262  98250  98245  98248  98254  98270  98262  98249  98284  98264  98267  98254  98265  98245
  981.019   987508   997.18   987421   995.94  98744  98728  98740  98739  98750  98757  98750  98740  98735  98738  98745  98758  98752  98738  98772  98754  98757  98745  98752  98735
  986.019   992711  1007.25   992624  1005.44  99264  99247  99260  99260  99272  99279  99270  99260  99254  99258  99267  99280  99272  99258  99291  99274  99277  99265  99272  99255
  991.019   997762   997.68   997673   999.40  99770  99751  99763  99765  99778  99785  99775  99765  99759  99762  99772  99785  99777  99761  99797  99779  99785  99769  99778  99759
  996.019  1002623  1000.97  1002543   997.95 100213 100242 100254 100255 100269 100276 100268 100260 100252 100254 100264 100275 100268 100252 100239 100271 100276 100259 100268 100251
 1001.019  1007766   994.97  1007639   995.17 100729 100758 100767 100769 100784 100791 100734 100774 100764 100769 100778 100788 100782 100766 100755 100787 100791 100774 100781 100764
 1006.020  1012670   995.44  1012543   994.06 101219 101250 101257 101259 101274 101281 101223 101264 101257 101259 101268 101278 101272 101258 101244 101277 101281 101265 101271 101256
 1011.019  1017308   991.78  1017219   991.71 101701 101732 101739 101741 101708 101715 101707 101698 101738 101740 101703 101714 101755 101741 101726 101759 101716 101747 101708 101739
 1016.019  1022168   979.97  1022033   980.03 102189 102221 102226 102178 102192 102199 102193 102183 102226 102226 102189 102199 102243 102228 102213 102247 102200 102233 102192 102224
 1021.019  1026980   973.86  1026795   973.93 102676 102705 102661 102664 102679 102686 102680 102672 102710 102662 102676 102686 102727 102715 102701 102682 102685 102720 102680 102708
 1026.019  1031783   975.37  1031604   973.59 103164 103147 103152 103156 103169 103176 103171 103163 103152 103154 103165 103176 103170 103204 103190 103174 103176 103208 103169 103151
 1031.019  1036996   977.11  1036855   978.62 103693 103670 103675 103681 103694 103701 103698 103689 103676 103678 103690 103701 103694 103679 103720 103699 103701 103743 103694 103675
 1036.019  1042074   985.07  1041983   984.60 104202 104182 104189 104194 104207 104214 104211 104203 104189 104192 104205 104215 104207 104194 104230 104214 104214 104198 104209 104188
 1041.019  1046883   987.75  1046790   989.19 104682 104665 104670 104675 104687 104694 104691 104682 104670 104674 104685 104695 104689 104675 104710 104696 104695 104680 104689 104669
 1046.019  1051860   987.79  1051766   987.48 105182 105161 105166 105174 105184 105192 105189 105181 105166 105171 105182 105193 105187 105172 105208 105195 105193 105177 105186 105167
 1051.019  1056906   995.77  1056799   996.81 105640 105671 105675 105682 105692 105700 105695 105691 105675 105678 105694 105703 105694 105683 105667 105705 105703 105687 105694 105676
 1056.019  1061888  1000.17  1061713  1000.34 106138 106167 106172 106178 106187 106196 106143 106187 106171 106174 106191 106202 106192 106179 106168 106203 106204 106186 106190 106173
 1061.019  1066885   991.01  1066659   988.15 106637 106666 106670 106678 106686 106696 106643 106638 106671 106674 106691 106703 106692 106678 106667 106702 106703 106686 106690 106673
 1066.019  1071984   993.99  1071808   992.85 107162 107191 107194 107154 107211 107172 107168 107163 107195 107198 107166 107178 107216 107202 107191 107228 107229 107211 107166 107197
 1071.019  1076845   998.62  1076719   997.52 107659 107687 107690 107651 107658 107667 107663 107658 107691 107695 107662 107673 107712 107697 107686 107675 107676 107707 107662 107695
 1076.019  1081675   993.39  1081544   992.15 108142 108169 108172 108133 108138 108149 108149 108142 108173 108177 108148 108157 108194 108179 108171 108157 108156 108190 108145 108178
 1081.020  1086707   996.31  1086630   993.66 108655 108686 108688 108644 108652 108661 108662 108654 108691 108637 108659 108670 108656 108696 108683 108669 108669 108708 108659 108638
 1086.019  1091768   999.40  1091583   999.06 109165 109141 109144 109157 109166 109175 109173 109168 109145 109149 109171 109182 109168 109203 109193 109182 109181 109165 109172 109151
 1091.019  1096653   997.21  1096514   996.71 109658 109634 109637 109652 109660 109668 109665 109661 109638 109641 109664 109677 109661 109645 109686 109676 109676 109657 109667 109644
 1096.019  1101586   988.62  1101454   990.10 110155 110128 110131 110144 110154 110161 110159 110156 110132 110134 110156 110170 110153 110141 110179 110170 110168 110152 110160 110137
 1101.020  1106725   993.02  1106538   991.01 110613 110638 110641 110660 110670 110677 110677 110674 110642 110646 110671 110687 110664 110650 110697 110686 110683 110662 110677 110648
 1106.019  1111644   997.28  1111472   997.58 111117 111139 111141 111157 111164 111174 111124 111169 111143 111144 111165 111182 111164 111151 111143 111181 111178 111162 111171 111147
 1111.022  1116496   991.51  1116270   989.70 111599 111623 111624 111643 111651 111660 111608 111606 111627 111629 111650 111668 111648 111636 111630 111666 111663 111646 111656 111633
 1116.019  1121691   995.34  1121461   993.76 112121 112150 112149 112166 112175 112133 112130 112131 112153 112153 112176 112141 112173 112160 112153 112191 112188 112171 112180 112158
 1121.019  1126720  1000.44  1126494   999.23 112636 112662 112662 112627 112638 112647 112645 112646 112666 112665 112688 112655 112686 112674 112666 112653 112701 112684 112643 112670
 1126.020  1131566   997.68  1131383   997.62 113124 113151 113152 113116 113127 113137 113133 113134 113156 113153 113128 113144 113177 113164 113153 113144 113190 113174 113133 113159
 1131.019  1136841  1004.16  1136695  1005.57 113656 113683 113681 113648 113660 113670 113662 113663 113688 113684 113660 113679 113707 113694 113683 113676 113675 113707 113668 113692
 1136.019  1141811  1005.97  1141726  1004.76 114161 114191 114190 114142 114157 114165 114166 114167 114196 114191 114155 114182 114217 114200 114187 114174 114170 114215 114173 114138
 1141.019  1147004  1020.61  1146800  1019.67 114690 114663 114664 114676 114689 114696 114694 114696 114668 114664 114689 114712 114689 114723 114715 114709 114704 114690 114702 114671
 1146.019  1151878  1008.09  1151725  1010.67 115182 115156 115157 115167 115182 115189 115186 115189 115160 115157 115182 115204 115180 115167 115208 115202 115195 115182 115194 115164
 1151.019  1156833  1003.69  1156636  1004.73 115629 115651 115653 115664 115677 115686 115681 115685 115657 115653 115678 115699 115675 115661 115704 115699 115691 115677 115690 115659
 1156.019  1161721  1003.83  1161519  1003.15 116119 116139 116142 116151 116164 116173 116169 116173 116147 116142 116166 116187 116164 116150 116192 116187 116181 116164 116180 116150
 1161.019  1166622   990.84  1166413   990.47 116613 116633 116636 116645 116661 116669 116663 116615 116641 116637 116663 116682 116659 116645 116636 116682 116676 116659 116675 116645
 1166.019  1171682   995.74  1171473   991.54 117123 117144 117146 117156 117171 117178 117126 117128 117153 117148 117172 117192 117171 117156 117148 117191 117188 117170 117138 117156
 1171.019  1176619   985.37  1176505   985.10 117626 117648 117651 117659 117674 117681 117629 117631 117655 117651 117674 117646 117675 117659 117652 117648 117691 117674 117642 117658
 1176.019  1181540   988.66  1181381   986.81 118123 118146 118148 118157 118122 118129 118123 118127 118157 118149 118122 118141 118173 118157 118148 118143 118190 118172 118138 118156
 1181.019  1186700   995.70  1186539   996.91 118645 118665 118670 118626 118643 118650 118644 118648 118678 118670 118641 118663 118695 118680 118669 118665 118659 118692 118659 118677
 1186.019  1191946  1007.62  1191723  1006.88 119169 119188 119194 119150 119167 119173 119166 119172 119151 119193 119168 119187 119220 119203 119192 119189 119186 119216 119183 119202
 1191.019  1197011  1017.79  1196840  1017.01 119694 119714 119663 119669 119690 119695 119689 119695 119670 119661 119689 119708 119688 119728 119716 119710 119710 119685 119706 119671
 1196.019  1202153  1017.52  1201925  1018.52 120201 120173 120181 120184 120204 120209 120201 120207 120185 120180 120204 120221 120205 120239 120227 120223 120226 120202 120218 120188
