Test case: 
Description: 
	10 senders: persistent queues
	10 receivers: client acknowledge every 50 messages
Timestamp: 2011.11.2 1:28:18
Version: 
Setting up JMS benchmark connections... 

Start processing messages.
Fri Dec 02 01:28:18 EST 2011

  Seconds   Send   Send/Sec   Recv   Recv/Sec   RCV0   RCV1   RCV2   RCV3   RCV4   RCV5   RCV6   RCV7   RCV8   RCV9  SND10  SND11  SND12  SND13  SND14  SND15  SND16  SND17  SND18  SND19
  ------- -------- -------- -------- -------- ------ ------ ------ ------ ------ ------ ------ ------ ------ ------ ------ ------ ------ ------ ------ ------ ------ ------ ------ ------
    1.171        0     0.00        0     0.00      0      0      0      0      0      0      0      0      0      0      0      0      0      0      0      0      0      0      0      0
    6.171     4564   991.96     4562   991.52    456    456    456    457    456    457    457    456    455    456    457    454    457    456    458    456    454    457    458    457
   11.171     9468   986.25     9488   988.33    947    949    949    949    949    947    949    950    950    949    946    949    948    948    944    949    944    949    944    947
   16.172    14695  1006.51    14739  1009.52   1471   1475   1475   1473   1475   1470   1475   1475   1475   1475   1472   1470   1471   1470   1471   1473   1464   1469   1463   1472
   21.172    20012  1021.02    20059  1023.42   2003   2007   2007   2005   2007   2002   2007   2007   2007   2007   2002   2003   2003   2001   2002   2004   1996   2002   1996   2003
   26.171    25403  1032.64    25440  1034.15   2542   2544   2547   2543   2544   2542   2546   2544   2544   2544   2538   2540   2541   2542   2542   2544   2536   2541   2536   2543
   31.171    30388  1026.62    30436  1024.86   3041   3043   3046   3044   3043   3042   3046   3043   3043   3045   3036   3041   3039   3040   3040   3042   3035   3041   3035   3039
   36.171    35371  1016.98    35415  1018.56   3538   3541   3544   3542   3542   3540   3543   3541   3541   3543   3534   3539   3536   3539   3540   3541   3532   3538   3535   3537
   41.171    40743  1032.92    40788  1033.79   4075   4079   4082   4081   4079   4076   4080   4077   4079   4080   4071   4076   4074   4077   4077   4080   4068   4074   4073   4073
   46.171    46202  1039.93    46254  1040.17   4622   4626   4627   4627   4626   4623   4627   4625   4625   4626   4616   4621   4621   4621   4622   4627   4614   4621   4620   4619
   51.171    51098  1029.77    51053  1030.03   5123   5077   5077   5077   5126   5124   5076   5124   5123   5126   5115   5121   5119   5122   5121   5079   5115   5119   5071   5116
   56.172    55778  1017.65    55780  1018.15   5578   5579   5578   5579   5578   5578   5579   5578   5575   5578   5568   5575   5572   5575   5573   5581   5569   5572   5573   5620
   61.171    60663  1015.94    60712  1015.97   6071   6072   6071   6072   6071   6072   6072   6071   6069   6071   6061   6070   6066   6068   6066   6074   6062   6066   6066   6064
   66.171    66080  1030.50    66132  1030.77   6613   6613   6613   6615   6613   6614   6614   6613   6611   6613   6604   6612   6607   6609   6607   6616   6605   6608   6607   6605
   71.171    71314  1025.84    71361  1025.91   7136   7136   7136   7138   7136   7136   7138   7136   7133   7136   7127   7136   7131   7131   7131   7140   7129   7131   7131   7127
   76.171    76458  1015.30    76512  1015.37   7650   7652   7650   7653   7652   7651   7653   7652   7647   7652   7640   7649   7644   7645   7646   7654   7645   7647   7646   7642
   81.171    81843  1031.71    81905  1035.30   8189   8192   8189   8191   8192   8191   8191   8192   8186   8192   8178   8188   8183   8183   8185   8193   8183   8184   8184   8182
   86.171    86850  1039.36    86909  1034.56   8690   8693   8689   8692   8692   8692   8691   8692   8687   8691   8678   8690   8685   8684   8685   8693   8684   8684   8684   8683
   91.171    92057  1038.69    92122  1035.00   9212   9216   9210   9213   9213   9213   9212   9214   9206   9213   9198   9212   9207   9202   9206   9215   9206   9204   9205   9202
   96.171    97137  1025.03    97197  1025.34   9719   9723   9718   9720   9720   9720   9719   9721   9716   9721   9707   9719   9714   9711   9713   9722   9713   9714   9712   9712
  101.171   102505  1030.54   102561  1030.91  10255  10260  10254  10257  10256  10255  10255  10258  10253  10258  10245  10255  10251  10249  10249  10257  10251  10251  10248  10249
  106.171   107386  1021.34   107389  1021.21  10742  10699  10743  10743  10743  10743  10742  10746  10742  10746  10733  10742  10740  10738  10737  10744  10737  10739  10738  10738
  111.171   112270  1005.37   112222  1005.17  11236  11193  11236  11236  11237  11236  11236  11188  11235  11189  11227  11236  11232  11232  11231  11238  11180  11233  11230  11231
  116.171   116819  1005.67   116873  1005.50  11687  11692  11687  11687  11687  11687  11686  11688  11683  11689  11677  11687  11683  11683  11681  11684  11681  11681  11680  11682
  121.171   121862  1000.13   121918   999.83  12192  12195  12192  12192  12192  12192  12191  12193  12186  12193  12182  12191  12188  12187  12186  12188  12186  12184  12184  12186
  126.171   126940  1000.07   126993   999.83  12700  12703  12700  12700  12699  12698  12697  12700  12693  12703  12690  12699  12697  12694  12693  12696  12695  12691  12691  12694
  131.171   131852   984.80   131903   984.63  13191  13195  13191  13191  13190  13189  13188  13191  13184  13193  13181  13190  13189  13185  13184  13188  13186  13182  13182  13185
  136.171   136762   982.38   136814   984.03  13682  13687  13682  13682  13681  13680  13679  13682  13675  13684  13672  13681  13680  13676  13675  13679  13677  13674  13672  13676
  141.171   141804   979.09   141854   982.38  14186  14192  14186  14186  14184  14184  14183  14186  14179  14188  14177  14185  14184  14180  14179  14183  14181  14178  14176  14181
  146.172   146942   996.28   146988   996.01  14700  14706  14698  14698  14698  14697  14697  14700  14693  14701  14691  14698  14698  14694  14692  14697  14696  14691  14690  14695
  151.171   151926   991.88   151976   991.54  15198  15204  15197  15197  15197  15196  15196  15198  15193  15200  15189  15197  15195  15193  15191  15196  15195  15190  15187  15193
  156.171   156857   987.52   156858   987.38  15691  15647  15690  15690  15691  15688  15690  15691  15687  15693  15682  15690  15687  15686  15684  15690  15687  15682  15682  15687
  161.171   161597   988.09   161502   988.22  16136  16141  16183  16135  16136  16182  16135  16136  16180  16138  16127  16183  16132  16180  16177  16183  16132  16176  16175  16132
  166.171   166316   990.07   166367   990.03  16633  16637  16629  16632  16632  16629  16632  16632  16676  16635  16624  16630  16628  16626  16624  16630  16630  16673  16623  16628
  171.171   171211   986.85   171261   986.85  17126  17131  17123  17127  17127  17124  17126  17127  17120  17130  17119  17125  17123  17120  17118  17125  17124  17117  17118  17122
  176.171   176270   984.19   176328   984.60  17633  17638  17630  17634  17634  17631  17632  17634  17626  17636  17624  17632  17629  17627  17624  17630  17629  17623  17624  17628
  181.171   181484   991.91   181543   992.21  18155  18159  18152  18155  18155  18153  18155  18155  18147  18157  18145  18154  18150  18149  18145  18149  18151  18146  18145  18150
  186.172   186477   993.96   186535   995.87  18654  18657  18651  18655  18654  18653  18654  18654  18647  18656  18644  18652  18648  18648  18645  18650  18651  18646  18645  18648
  191.171   191346   996.68   191405  1000.23  19140  19145  19139  19141  19142  19140  19140  19142  19133  19143  19131  19139  19135  19135  19130  19139  19137  19133  19132  19135
  196.171   196174   988.59   196235   987.21  19623  19628  19622  19624  19625  19623  19623  19625  19616  19626  19614  19621  19618  19618  19613  19622  19619  19616  19615  19618
  201.171   201097   986.14   201160   986.58  20116  20120  20114  20116  20118  20114  20116  20118  20110  20118  20105  20113  20111  20111  20106  20115  20111  20109  20107  20109
  206.171   206304   990.97   206364   991.04  20635  20641  20635  20636  20639  20635  20637  20639  20629  20638  20628  20634  20633  20631  20626  20636  20633  20627  20626  20630
  211.171   211250   982.75   211308   982.72  21129  21135  21130  21131  21134  21129  21130  21134  21124  21132  21122  21130  21127  21125  21121  21131  21127  21121  21120  21126
  216.171   216026   981.54   216032   981.48  21626  21583  21627  21578  21582  21626  21627  21582  21621  21580  21571  21627  21575  21622  21618  21628  21575  21618  21618  21574
  221.171   220674   984.16   220771   983.79  22069  22076  22072  22072  22076  22071  22071  22076  22114  22074  22065  22072  22069  22068  22064  22074  22068  22062  22064  22068
  226.171   225612   987.85   225659   987.38  22563  22570  22565  22565  22570  22565  22564  22570  22560  22567  22559  22566  22563  22561  22557  22567  22561  22557  22559  22562
  231.171   230700   993.39   230745   992.79  23072  23078  23073  23073  23078  23075  23072  23078  23069  23077  23067  23074  23070  23070  23065  23076  23072  23064  23070  23072
  236.171   235646   984.63   235693   984.19  23567  23572  23568  23569  23572  23570  23568  23572  23563  23572  23562  23569  23565  23566  23561  23570  23565  23559  23563  23566
  241.171   240479   980.84   240527   980.50  24049  24057  24050  24052  24056  24054  24051  24056  24046  24056  24045  24053  24048  24051  24044  24053  24048  24041  24046  24050
  246.171   245718   992.62   245762   993.89  24572  24581  24572  24575  24579  24579  24574  24579  24570  24581  24569  24578  24572  24575  24567  24579  24571  24565  24570  24572
  251.171   250831   998.56   250877  1001.88  25084  25093  25083  25086  25091  25090  25086  25090  25081  25093  25081  25090  25083  25086  25078  25090  25082  25076  25081  25084
  256.171   255790   995.47   255840   997.32  25581  25590  25581  25583  25585  25584  25583  25585  25579  25589  25576  25584  25579  25581  25575  25585  25578  25575  25577  25580
  261.171   260745   991.78   260793   991.88  26076  26086  26076  26078  26080  26079  26079  26080  26075  26084  26071  26080  26074  26077  26070  26081  26074  26071  26072  26075
  266.171   265903   998.39   265898   998.46  26591  26552  26592  26593  26595  26594  26593  26598  26591  26599  26587  26597  26590  26593  26585  26597  26591  26586  26588  26589
  271.171   270798  1009.03   270990  1008.86  27105  27066  27106  27108  27108  27109  27108  27111  27105  27064  27051  27061  27055  27058  27100  27111  27104  27102  27054  27102
  276.171   275446   997.58   275629   997.42  27593  27556  27593  27547  27548  27548  27547  27551  27592  27554  27541  27550  27545  27548  27540  27551  27543  27542  27544  27542
  281.171   280342   990.30   280380   990.03  28034  28045  28034  28036  28038  28039  28038  28040  28033  28043  28031  28040  28035  28038  28030  28040  28031  28032  28033  28032
  286.171   285349   991.91   285387   991.51  28534  28545  28534  28536  28539  28541  28540  28542  28533  28543  28531  28541  28535  28539  28531  28542  28533  28532  28533  28532
  291.171   290449   996.78   290489   996.51  29045  29055  29044  29047  29050  29051  29050  29052  29043  29052  29040  29050  29045  29050  29043  29051  29043  29041  29044  29042
  296.171   295457   991.74   295497   993.26  29545  29554  29546  29548  29551  29552  29551  29552  29545  29553  29539  29551  29547  29551  29544  29552  29543  29543  29545  29542
  301.171   300452   983.69   300493   981.91  30045  30052  30046  30048  30051  30052  30050  30052  30045  30052  30038  30050  30046  30050  30044  30052  30043  30044  30043  30042
  306.171   305357   987.32   305407   986.14  30537  30543  30538  30539  30544  30542  30541  30543  30537  30543  30527  30541  30537  30541  30534  30543  30534  30533  30534  30533
  311.171   310532   995.81   310574   996.04  31053  31060  31054  31055  31061  31059  31058  31060  31054  31060  31043  31059  31054  31060  31052  31060  31052  31051  31051  31050
  316.171   315726  1002.38   315768  1002.48  31572  31578  31574  31575  31581  31580  31578  31578  31574  31578  31563  31578  31573  31580  31572  31578  31571  31570  31571  31570
  321.171   320799  1003.66   320897  1003.96  32086  32091  32088  32089  32092  32092  32091  32090  32088  32090  32077  32089  32084  32043  32084  32091  32082  32083  32082  32084
  326.171   325500  1001.34   325557  1001.85  32583  32537  32585  32585  32537  32538  32538  32535  32584  32535  32573  32534  32529  32538  32529  32537  32577  32578  32526  32579
  331.171   330271  1000.64   330325  1001.07  33030  33034  33032  33031  33033  33034  33035  33033  33030  33033  33019  33031  33027  33036  33026  33035  33023  33024  33023  33027
  336.171   335612  1015.27   335667  1015.44  33565  33568  33566  33566  33567  33567  33570  33567  33564  33567  33553  33565  33561  33569  33561  33568  33559  33558  33557  33561
  341.171   340972  1021.48   341025  1021.85  34101  34106  34102  34102  34101  34102  34109  34101  34099  34102  34089  34102  34098  34105  34097  34105  34095  34093  34091  34097
  346.171   345835  1010.37   345889  1010.77  34587  34594  34589  34587  34588  34587  34594  34587  34587  34589  34576  34588  34584  34590  34583  34592  34582  34579  34577  34584
  351.171   351111  1017.18   351169  1015.84  35115  35123  35116  35114  35116  35117  35122  35115  35115  35116  35104  35115  35112  35118  35111  35120  35108  35108  35104  35111
  356.171   356442  1036.71   356501  1035.17  35648  35657  35649  35648  35649  35650  35655  35648  35648  35649  35637  35647  35645  35651  35644  35653  35641  35642  35638  35644
  361.171   361580  1039.13   361638  1039.13  36162  36170  36163  36162  36163  36163  36168  36162  36162  36163  36150  36160  36159  36164  36158  36168  36155  36156  36152  36158
  366.171   366528  1020.87   366583  1020.94  36656  36664  36658  36658  36657  36657  36661  36657  36657  36658  36644  36654  36653  36658  36655  36662  36651  36653  36646  36652
  371.171   371616  1011.54   371674  1011.64  37163  37171  37167  37167  37167  37167  37171  37166  37167  37168  37154  37163  37161  37167  37165  37170  37159  37161  37155  37161
  376.171   376509  1017.11   376618  1017.21  37668  37626  37671  37671  37671  37671  37625  37670  37673  37672  37658  37667  37665  37620  37620  37625  37663  37665  37660  37666
  381.171   381906  1020.10   381961  1020.00  38209  38165  38210  38212  38210  38212  38164  38209  38158  38212  38199  38205  38205  38159  38159  38164  38204  38206  38199  38206
  386.171   386593  1011.81   386653  1011.85  38663  38672  38664  38664  38664  38664  38670  38663  38665  38664  38652  38658  38657  38666  38664  38672  38656  38658  38652  38658
  391.171   391804  1014.23   391866  1014.36  39184  39191  39185  39185  39185  39185  39192  39186  39187  39186  39172  39180  39178  39186  39186  39193  39178  39179  39173  39179
  396.171   397187  1028.83   397240  1028.76  39722  39727  39723  39723  39722  39723  39730  39723  39724  39723  39710  39718  39716  39724  39726  39732  39716  39717  39711  39717
  401.171   402442  1034.43   402497  1034.33  40248  40251  40249  40249  40247  40249  40257  40249  40249  40249  40235  40243  40244  40248  40254  40259  40241  40240  40236  40242
  406.171   407578  1040.91   407639  1041.01  40762  40765  40764  40764  40761  40763  40769  40764  40764  40763  40749  40758  40758  40761  40765  40771  40756  40755  40750  40755
  411.171   412611  1025.03   412678  1028.99  41266  41268  41268  41267  41266  41268  41272  41268  41267  41268  41253  41262  41260  41264  41267  41273  41260  41260  41253  41259
  416.171   417979  1044.83   418053  1041.94  41802  41807  41806  41803  41802  41806  41810  41806  41805  41806  41789  41799  41799  41802  41802  41811  41798  41796  41788  41795
  421.171   422850  1026.71   422923  1025.40  42289  42293  42293  42289  42289  42293  42299  42293  42292  42293  42275  42286  42286  42288  42291  42298  42285  42283  42276  42282
  426.171   427920  1014.93   427979  1015.17  42797  42799  42798  42795  42795  42798  42804  42798  42797  42798  42783  42794  42789  42793  42799  42804  42794  42789  42784  42791
  431.171   432993  1011.78   433111  1012.21  43316  43318  43316  43313  43312  43317  43273  43315  43315  43316  43299  43312  43307  43311  43266  43271  43311  43310  43300  43306
  436.171   437864  1007.65   438040  1008.02  43819  43770  43819  43818  43816  43769  43775  43818  43818  43818  43802  43764  43810  43762  43767  43772  43764  43813  43801  43809
  441.171   442711  1008.42   442739  1008.76  44273  44275  44273  44273  44270  44276  44279  44274  44272  44274  44256  44270  44263  44267  44271  44278  44268  44266  44307  44265
  446.171   447632   995.07   447708   995.13  44770  44772  44770  44770  44766  44773  44775  44771  44770  44771  44753  44767  44758  44763  44770  44776  44766  44762  44755  44762
  451.171   452593   998.09   452668   998.15  45266  45268  45266  45266  45262  45269  45271  45267  45266  45267  45249  45263  45254  45260  45266  45272  45262  45257  45251  45259
  456.171   457890  1005.70   457957  1005.97  45795  45796  45795  45795  45791  45799  45801  45795  45795  45795  45778  45791  45783  45789  45799  45804  45792  45787  45778  45789
  461.171   462839   999.90   462916  1000.17  46291  46292  46291  46291  46289  46294  46295  46291  46291  46291  46274  46287  46280  46284  46290  46296  46287  46285  46273  46283
  466.171   467725   997.55   467811   994.40  46781  46782  46781  46781  46779  46782  46782  46781  46781  46781  46764  46777  46770  46772  46776  46783  46774  46775  46762  46772
  471.171   472668   995.37   472746   992.15  47273  47277  47274  47273  47272  47277  47277  47273  47276  47274  47256  47272  47263  47267  47273  47279  47269  47267  47255  47267
  476.171   477519   988.46   477591   986.91  47757  47762  47758  47757  47756  47762  47762  47757  47762  47758  47740  47758  47746  47753  47762  47763  47754  47751  47739  47753
  481.171   482494   987.79   482617   987.65  48259  48266  48262  48259  48258  48264  48264  48259  48264  48262  48242  48262  48248  48255  48214  48267  48256  48253  48240  48257
  486.171   487766   987.68   487942   987.68  48791  48799  48795  48792  48791  48795  48796  48792  48796  48795  48776  48794  48783  48788  48744  48743  48787  48786  48775  48790
  491.171   492636   991.34   492803   990.94  49294  49248  49296  49294  49294  49296  49246  49294  49246  49295  49277  49243  49285  49238  49250  49248  49288  49288  49278  49241
  496.171   497956  1007.85   497820  1007.05  49780  49785  49784  49780  49780  49782  49782  49780  49786  49781  49812  49782  49822  49776  49788  49784  49775  49823  49814  49780
  501.171   503018  1016.34   503023  1016.04  50301  50305  50303  50301  50301  50302  50301  50301  50307  50301  50282  50303  50291  50296  50312  50304  50293  50292  50345  50300
  506.171   508113  1026.68   508187  1026.75  50819  50821  50821  50816  50819  50818  50817  50819  50821  50816  50800  50817  50807  50812  50824  50819  50811  50809  50799  50815
  511.171   513500  1038.76   513577  1038.93  51357  51360  51360  51356  51358  51356  51356  51358  51360  51356  51338  51355  51346  51351  51363  51358  51349  51347  51339  51354
  516.172   518819  1040.44   518895  1038.69  51889  51892  51891  51888  51890  51888  51888  51890  51891  51888  51870  51886  51880  51882  51894  51889  51881  51880  51871  51886
  521.171   523831  1043.42   523906  1043.76  52390  52394  52392  52388  52392  52389  52389  52392  52392  52388  52371  52387  52380  52384  52396  52390  52380  52381  52373  52389
  526.171   528795  1028.15   528888  1034.16  52889  52892  52890  52885  52893  52886  52885  52892  52892  52884  52866  52884  52876  52883  52894  52884  52876  52878  52870  52884
  531.171   533745  1024.63   533885  1022.65  53389  53391  53391  53385  53391  53386  53385  53391  53391  53385  53365  53385  53377  53383  53344  53384  53376  53379  53370  53382
  536.171   538572  1007.32   538709  1007.79  53870  53875  53875  53865  53875  53868  53866  53875  53875  53865  53847  53869  53859  53867  53826  53866  53859  53860  53852  53867
  541.171   543868  1004.56   543998  1004.73  54399  54403  54403  54395  54404  54398  54395  54404  54403  54394  54377  54397  54390  54395  54357  54396  54390  54389  54382  54395
  546.171   548825   996.38   548862   996.88  54910  54864  54865  54906  54866  54909  54906  54866  54865  54905  54887  54858  54901  54856  54866  54907  54901  54900  54893  54856
  551.171   553926  1001.54   553914  1001.98  55376  55380  55380  55419  55382  55376  55419  55382  55381  55419  55401  55374  55416  55371  55382  55374  55415  55414  55406  55373
  556.171   559179  1014.60   559272  1014.56  55912  55916  55916  55955  55918  55911  55955  55918  55916  55955  55936  55910  55902  55906  55918  55909  55900  55948  55941  55909
  561.171   564261  1024.06   564351  1022.38  56435  56440  56440  56427  56441  56432  56427  56441  56441  56427  56409  56433  56427  56428  56442  56433  56423  56421  56413  56432
  566.171   569463  1034.93   569554  1035.10  56956  56960  56962  56947  56961  56952  56947  56960  56961  56948  56929  56953  56945  56949  56963  56953  56944  56941  56933  56953
  571.171   574844  1037.79   574938  1038.26  57495  57497  57499  57486  57499  57494  57486  57497  57499  57486  57468  57491  57484  57488  57500  57492  57482  57478  57471  57490
  576.171   580264  1051.58   580357  1056.88  58038  58039  58042  58027  58042  58036  58027  58039  58040  58027  58009  58033  58026  58030  58044  58034  58024  58020  58012  58032
  581.171   585552  1052.42   585643  1051.51  58568  58570  58574  58551  58574  58564  58551  58570  58569  58552  58534  58564  58554  58561  58580  58562  58552  58546  58536  58563
  586.171   590564  1046.88   590706  1043.79  59073  59074  59078  59061  59078  59071  59062  59074  59073  59062  59043  59067  59062  59064  59030  59067  59060  59057  59047  59067
  591.171   595782  1047.75   595927  1047.89  59596  59596  59601  59581  59600  59594  59585  59596  59596  59582  59563  59590  59584  59587  59550  59590  59582  59579  59567  59590
  596.171   600657  1036.31   600856  1034.77  60089  60089  60093  60074  60092  60088  60078  60089  60089  60075  60056  60083  60076  60080  60042  60083  60074  60071  60060  60032
  601.171   605607  1018.89   605705  1018.99  60583  60583  60540  60569  60539  60582  60573  60583  60583  60570  60551  60578  60572  60574  60537  60578  60569  60565  60554  60529
  606.171   610666  1010.00   610614  1010.20  61048  61048  61057  61084  61055  61047  61092  61048  61048  61087  61068  61043  61089  61039  61052  61094  61086  61081  61069  61045
  611.171   615935  1012.85   615938  1013.26  61586  61585  61596  61619  61593  61584  61580  61585  61586  61624  61603  61582  61575  61577  61590  61581  61621  61617  61605  61584
  616.172   621291  1025.17   621333  1023.83  62123  62123  62137  62163  62134  62121  62116  62123  62125  62168  62147  62121  62112  62116  62134  62119  62109  62160  62148  62125
  621.171   626213  1017.79   626319  1018.05  62628  62628  62639  62667  62635  62625  62622  62628  62629  62618  62597  62624  62617  62621  62633  62624  62614  62609  62648  62626
  626.172   631615  1035.64   631671  1034.06  63168  63168  63179  63155  63175  63166  63163  63169  63168  63160  63138  63164  63159  63160  63175  63163  63157  63150  63184  63165
  631.171   636490  1033.05   636589  1034.73  63660  63660  63670  63647  63667  63659  63655  63661  63659  63651  63629  63656  63651  63653  63669  63656  63648  63641  63628  63659
  636.171   641471  1030.40   641571  1035.40  64159  64159  64168  64147  64164  64157  64152  64159  64156  64150  64128  64154  64149  64150  64166  64154  64147  64140  64126  64157
  641.171   646301  1012.42   646447  1015.57  64646  64646  64656  64636  64651  64645  64641  64646  64644  64636  64616  64641  64638  64637  64605  64642  64635  64629  64614  64644
  646.171   651361   999.03   651515   999.33  65153  65153  65161  65143  65158  65152  65148  65153  65151  65143  65120  65147  65144  65145  65111  65148  65143  65134  65119  65150
  651.171   656490  1004.16   656659  1001.24  65667  65667  65676  65657  65673  65667  65661  65665  65668  65658  65632  65662  65657  65659  65623  65660  65656  65647  65631  65663
  656.171   661423   990.40   661552   989.43  66166  66166  66124  66157  66122  66168  66161  66165  66167  66156  66131  66159  66156  66158  66122  66158  66155  66145  66128  66111
  661.171   666319   990.87   666393   990.03  66660  66660  66618  66650  66616  66613  66655  66658  66613  66650  66627  66604  66650  66652  66616  66652  66649  66640  66623  66606
  666.171   671430  1002.05   671503  1001.14  67141  67141  67150  67180  67146  67144  67138  67140  67144  67179  67158  67135  67132  67134  67147  67135  67130  67170  67153  67136
  671.171   676319  1003.86   676436  1002.89  67633  67633  67644  67675  67640  67637  67630  67632  67638  67674  67655  67628  67626  67627  67643  67627  67622  67614  67648  67629
  676.171   681123   995.47   681190   995.81  68123  68117  68130  68110  68126  68122  68115  68115  68124  68108  68089  68114  68114  68115  68126  68111  68107  68100  68132  68115
  681.171   686114   990.84   686185   990.84  68622  68618  68629  68610  68625  68621  68615  68614  68624  68607  68589  68612  68613  68614  68625  68610  68606  68600  68630  68615
  686.171   691164   993.02   691235   994.43  69126  69124  69134  69115  69130  69126  69120  69118  69130  69112  69096  69118  69117  69118  69129  69114  69112  69104  69136  69120
  691.171   696100   995.81   696223   995.67  69625  69621  69632  69614  69628  69626  69619  69618  69629  69611  69596  69616  69616  69616  69629  69614  69609  69603  69583  69618
  696.171   701151   987.79   701274   989.53  70130  70124  70140  70117  70134  70133  70125  70123  70136  70112  70098  70123  70122  70120  70139  70119  70115  70105  70085  70125
  701.171   706476  1002.11   706645  1000.57  70667  70663  70675  70655  70670  70669  70662  70660  70671  70653  70638  70660  70659  70656  70620  70658  70654  70644  70628  70659
  706.171   711347  1000.87   711517  1002.65  71153  71151  71161  71143  71156  71156  71150  71148  71158  71141  71125  71147  71146  71144  71106  71145  71142  71131  71115  71146
  711.171   716123   997.32   716247   997.48  71641  71637  71600  71631  71596  71642  71636  71636  71598  71630  71614  71586  71632  71630  71593  71633  71628  71619  71603  71585
  716.171   721095   995.50   721169   995.60  72093  72142  72099  72133  72096  72095  72141  72141  72098  72131  72116  72087  72084  72135  72092  72137  72133  72122  72104  72085
  721.171   725981   999.06   726053   997.28  72598  72593  72605  72639  72600  72599  72591  72591  72601  72636  72621  72591  72587  72586  72596  72587  72585  72627  72611  72590
  726.171   731058   997.38   731120   997.35  73105  73097  73109  73153  73105  73102  73096  73097  73108  73148  73133  73100  73092  73092  73104  73093  73090  73140  73119  73095
  731.171   736005   989.19   736080   987.72  73612  73607  73614  73599  73613  73611  73608  73607  73613  73596  73580  73605  73601  73602  73607  73605  73597  73587  73622  73599
  736.171   740825   987.58   740902   986.11  74094  74089  74096  74081  74095  74094  74090  74090  74095  74078  74063  74087  74083  74084  74089  74087  74079  74069  74102  74082
  741.171   745664   988.02   745746   989.90  74578  74573  74580  74566  74579  74579  74574  74574  74580  74563  74546  74571  74568  74568  74574  74570  74563  74553  74585  74566
  746.171   750716   989.16   750848   992.72  75088  75084  75090  75078  75087  75089  75084  75084  75090  75074  75056  75082  75077  75078  75082  75080  75074  75064  75047  75076
  751.171   755792   988.62   755922   988.86  75596  75593  75597  75586  75593  75597  75591  75592  75596  75581  75565  75589  75584  75585  75590  75589  75582  75572  75553  75583
  756.171   760682   982.75   760812   983.42  76085  76082  76086  76073  76082  76086  76080  76081  76085  76072  76053  76078  76073  76074  76080  76078  76070  76061  76043  76072
  761.171   765544   977.99   765721   978.09  76576  76572  76577  76565  76573  76577  76571  76570  76576  76564  76545  76566  76563  76567  76524  76568  76561  76553  76534  76563
  766.172   770562   983.83   770688   983.36  77083  77081  77027  77073  77081  77027  77080  77081  77084  77071  77053  77016  77072  77076  77024  77078  77071  77063  77037  77072
  771.171   775429   994.63   775505   994.40  77539  77538  77544  77594  77537  77543  77537  77538  77542  77593  77574  77532  77528  77534  77539  77535  77526  77581  77551  77529
  776.171   780566  1001.68   780695   999.87  78065  78065  78070  78059  78064  78068  78064  78065  78067  78108  78041  78058  78055  78060  78064  78061  78052  78047  78072  78056
  781.171   785505   995.40   785581   995.27  78558  78558  78565  78553  78558  78562  78557  78558  78561  78551  78534  78553  78548  78554  78559  78554  78545  78542  78565  78551
  786.171   790471   997.92   790546   997.79  79053  79054  79064  79051  79054  79058  79054  79053  79057  79048  79029  79050  79046  79048  79055  79052  79040  79039  79062  79050
  791.171   795608  1005.40   795679  1005.20  79566  79568  79576  79565  79567  79572  79566  79566  79571  79562  79543  79565  79559  79563  79568  79566  79553  79553  79576  79562
  796.171   800689  1006.17   800765  1007.72  80074  80078  80086  80073  80074  80081  80075  80074  80080  80070  80050  80073  80067  80071  80077  80075  80061  80061  80083  80071
  801.171   805681  1007.08   805758  1013.62  80573  80577  80586  80573  80574  80580  80573  80573  80579  80570  80550  80573  80567  80571  80576  80574  80560  80559  80581  80570
  806.171   810689  1000.91   810809  1003.93  81077  81083  81092  81077  81080  81085  81078  81078  81085  81074  81056  81078  81072  81077  81082  81080  81066  81064  81038  81076
  811.171   815799  1003.59   815969  1002.72  81594  81598  81609  81594  81597  81600  81593  81594  81599  81591  81575  81595  81587  81590  81546  81594  81584  81580  81553  81595
  816.171   820888  1006.85   821012  1006.64  82103  82107  82067  82103  82106  82110  82103  82103  82109  82101  82085  82103  82097  82097  82056  82104  82094  82087  82062  82103
  821.172   825886  1006.24   826107  1006.31  82613  82615  82578  82613  82615  82619  82613  82612  82618  82611  82595  82562  82606  82606  82565  82613  82606  82596  82571  82566
  826.171   830706  1002.32   830980  1002.25  83111  83114  83075  83109  83114  83066  83109  83108  83066  83108  83089  83059  83054  83052  83062  83063  83103  83093  83068  83063
  831.171   835663  1002.79   835749  1003.05  83563  83566  83575  83563  83565  83568  83562  83610  83567  83610  83589  83560  83556  83551  83562  83563  83556  83593  83569  83564
  836.171   840699  1007.05   840795  1006.24  84078  84081  84090  84078  84080  84082  84076  84074  84083  84073  84053  84073  84072  84063  84075  84076  84068  84058  84083  84078
  841.171   845905  1008.59   846000  1007.75  84599  84602  84610  84599  84599  84602  84597  84594  84605  84593  84573  84593  84589  84584  84597  84595  84588  84579  84606  84601
  846.171   850687   994.87   850833  1000.67  85083  85083  85084  85084  85083  85084  85083  85083  85083  85083  85060  85068  85069  85063  85064  85073  85075  85068  85076  85071
  851.171   855702   983.32   855838   980.57  85584  85584  85584  85584  85583  85585  85584  85583  85584  85583  85562  85568  85570  85565  85567  85574  85579  85570  85577  85570
  856.171   860661   988.99   860798   984.46  86081  86081  86080  86080  86078  86080  86080  86078  86080  86080  86056  86064  86068  86064  86063  86069  86074  86065  86073  86065
  861.171   865741   994.40   865930   996.17  86595  86594  86593  86593  86591  86593  86592  86591  86593  86595  86570  86576  86580  86577  86576  86582  86586  86578  86538  86578
  866.171   870816   995.20   871020   997.01  87105  87103  87101  87103  87100  87103  87101  87100  87101  87103  87078  87085  87085  87086  87083  87092  87093  87088  87042  87084
  871.171   875453   989.83   875556   991.81  87557  87557  87606  87556  87554  87556  87556  87554  87556  87556  87532  87538  87539  87539  87537  87546  87596  87540  87548  87538
  876.171   880355   995.57   880519   996.17  88054  88054  88049  88052  88051  88051  88052  88051  88052  88053  88027  88032  88035  88035  88033  88041  88041  88034  88043  88034
  881.171   885424   997.38   885592   998.46  88561  88561  88556  88560  88558  88558  88559  88558  88559  88562  88535  88539  88542  88542  88540  88547  88548  88541  88549  88541
  886.171   890618  1005.23   890781  1006.11  89080  89080  89076  89078  89077  89077  89078  89077  89078  89080  89054  89058  89061  89061  89059  89067  89068  89061  89069  89060
  891.171   895466   995.91   895627   996.54  89564  89564  89562  89563  89562  89562  89562  89562  89562  89564  89539  89542  89545  89546  89544  89552  89553  89546  89554  89545
  896.171   900384   988.93   900543   990.70  90055  90056  90053  90055  90052  90055  90054  90052  90054  90057  90031  90034  90037  90036  90037  90043  90047  90039  90046  90034
  901.171   905231   994.23   905389   997.68  90540  90540  90537  90540  90537  90540  90539  90536  90539  90541  90515  90519  90521  90520  90521  90528  90532  90524  90532  90519
  906.171   910520   998.39   910679   996.68  91069  91068  91065  91069  91066  91070  91068  91066  91068  91070  91044  91049  91049  91048  91051  91057  91060  91052  91063  91047
  911.171   915757  1002.89   915972  1002.72  91597  91598  91595  91598  91596  91599  91596  91596  91596  91601  91571  91577  91576  91577  91580  91586  91588  91582  91542  91578
  916.171   920900   998.93   921189   998.86  92117  92120  92117  92121  92117  92121  92117  92117  92117  92125  92092  92097  92098  92097  92042  92106  92111  92103  92056  92098
  921.171   926006  1011.81   926219  1011.95  92625  92628  92625  92627  92625  92628  92627  92625  92625  92584  92601  92606  92606  92605  92563  92613  92618  92612  92575  92607
  926.171   930820  1019.73   930938  1020.00  93093  93093  93094  93094  93093  93094  93093  93093  93093  93098  93068  93073  93075  93119  93076  93082  93084  93078  93088  93077
  931.171   936219  1039.87   936386  1040.17  93638  93638  93639  93639  93638  93639  93637  93638  93637  93643  93613  93618  93620  93614  93620  93627  93630  93623  93632  93622
  936.171   941080  1025.50   941244  1025.67  94124  94123  94124  94124  94123  94127  94123  94123  94123  94130  94099  94105  94106  94100  94107  94113  94117  94107  94119  94107
  941.174   946475  1030.81   946635  1028.96  94664  94662  94663  94663  94662  94666  94662  94662  94662  94669  94638  94644  94645  94641  94646  94653  94657  94647  94658  94646
  946.171   951824  1036.11   951982  1033.36  95201  95196  95197  95201  95196  95201  95195  95195  95197  95203  95175  95180  95177  95175  95180  95191  95191  95185  95191  95179
  951.171   956953  1035.13   957105  1036.44  95713  95708  95709  95714  95708  95714  95707  95708  95709  95715  95688  95692  95689  95686  95694  95705  95704  95698  95705  95692
  956.171   961880  1029.23   962025  1035.81  96206  96200  96201  96206  96201  96206  96198  96201  96200  96206  96181  96185  96180  96178  96188  96198  96196  96191  96199  96184
  961.171   967144  1024.93   967290  1022.85  96732  96728  96728  96732  96728  96732  96725  96728  96726  96731  96707  96712  96707  96706  96715  96723  96724  96717  96722  96711
  966.171   972053  1023.22   972200  1022.55  97223  97219  97220  97223  97218  97224  97216  97219  97216  97222  97198  97204  97198  97197  97206  97214  97215  97208  97211  97202
  971.171   977267  1019.00   977509  1018.06  97758  97748  97749  97754  97748  97758  97745  97748  97747  97754  97729  97737  97730  97726  97685  97748  97749  97739  97691  97733
  976.171   981980  1003.83   982270  1003.36  98195  98234  98235  98240  98234  98194  98232  98234  98233  98239  98214  98173  98216  98213  98173  98184  98185  98225  98178  98219
  981.171   986723   995.84   987059   995.70  98683  98722  98723  98683  98723  98683  98720  98722  98721  98679  98657  98661  98704  98701  98664  98672  98673  98665  98666  98660
  986.171   991883  1005.23   991977  1005.10  99204  99196  99194  99201  99197  99205  99194  99194  99194  99198  99179  99182  99177  99221  99184  99193  99194  99186  99188  99179
  991.171   996884   997.99   997027   997.89  99710  99700  99698  99708  99701  99711  99699  99697  99699  99704  99684  99689  99682  99678  99689  99699  99699  99691  99691  99682
  996.171  1001800   998.22  1001951   998.36 100200 100193 100190 100201 100193 100202 100192 100190 100192 100198 100175 100180 100174 100169 100182 100191 100189 100184 100182 100174
 1001.171  1006942   994.16  1007089   992.62 100713 100708 100704 100715 100708 100715 100705 100702 100707 100712 100689 100694 100689 100684 100696 100706 100704 100697 100695 100688
 1006.171  1011846   992.38  1011992   994.13 101204 101197 101195 101205 101198 101205 101195 101194 101197 101202 101179 101184 101179 101177 101186 101196 101194 101188 101184 101179
 1011.171  1016675   993.79  1016823   992.28 101690 101681 101677 101688 101681 101688 101678 101676 101680 101684 101662 101667 101662 101659 101668 101678 101681 101671 101666 101661
 1016.171  1021563   980.37  1021702   983.59 102180 102168 102166 102177 102168 102176 102164 102163 102168 102172 102152 102155 102149 102147 102159 102166 102169 102161 102155 102150
 1021.171  1026353   974.30  1026537   973.93 102663 102652 102650 102661 102651 102660 102647 102647 102652 102654 102636 102638 102634 102632 102594 102650 102653 102645 102637 102634
 1026.171  1031011   973.89  1031342   973.62 103106 103143 103140 103149 103141 103102 103136 103136 103142 103147 103077 103127 103125 103122 103084 103093 103094 103086 103078 103125
 1031.171  1036257   977.48  1036578   977.28 103631 103683 103678 103627 103679 103628 103672 103673 103682 103625 103602 103603 103666 103660 103610 103620 103618 103611 103603 103664
 1036.171  1041303   985.13  1041544   984.97 104145 104134 104180 104140 104180 104142 104175 104176 104134 104138 104115 104116 104118 104161 104122 104134 104131 104125 104116 104165
 1041.171  1046011   984.43  1046250   984.26 104627 104615 104611 104619 104610 104621 104654 104656 104617 104620 104595 104597 104600 104593 104604 104616 104611 104603 104596 104596
 1046.171  1050986   987.35  1051132   987.58 105125 105114 105109 105118 105106 105119 105103 105104 105116 105118 105093 105095 105099 105090 105101 105114 105109 105100 105093 105092
 1051.171  1056064   997.01  1056218   996.01 105632 105623 105619 105627 105613 105629 105612 105613 105624 105626 105604 105603 105606 105599 105608 105621 105616 105608 105600 105599
 1056.171  1061025  1003.83  1061179  1001.28 106127 106120 106114 106123 106110 106125 106109 106110 106119 106122 106099 106098 106102 106096 106105 106119 106112 106105 106095 106094
 1061.171  1066016   991.78  1066182   988.32 106628 106619 106615 106623 106610 106627 106609 106610 106619 106622 106596 106597 106601 106594 106607 106619 106610 106603 106595 106594
 1066.172  1071256   991.95  1071422   992.72 107151 107144 107139 107146 107134 107152 107133 107134 107143 107146 107121 107119 107124 107119 107130 107142 107136 107128 107119 107118
 1071.171  1076227  1000.27  1076393   999.50 107647 107643 107636 107644 107630 107649 107629 107630 107641 107644 107618 107616 107621 107615 107626 107640 107633 107626 107616 107616
 1076.171  1080958   991.81  1081218   997.52 108132 108124 108118 108127 108111 108132 108111 108112 108123 108128 108102 108098 108104 108098 108060 108074 108117 108108 108098 108099
 1081.171  1086079   993.15  1086172   993.49 108592 108646 108637 108589 108627 108592 108627 108627 108645 108590 108564 108618 108623 108617 108571 108586 108636 108628 108619 108617
 1086.172  1090931   998.62  1091143   998.93 109105 109098 109139 109102 109131 109105 109131 109131 109098 109103 109076 109071 109125 109120 109082 109097 109087 109081 109072 109120
 1091.171  1095822   996.81  1096082   996.54 109600 109591 109634 109595 109625 109598 109626 109625 109593 109595 109569 109565 109570 109615 109575 109591 109581 109576 109566 109614
 1096.171  1100650   986.41  1100961   986.34 110093 110083 110076 110088 110118 110091 110119 110118 110086 110089 110063 110059 110063 110058 110067 110083 110073 110069 110059 110056
 1101.171  1105803   992.48  1106134   992.08 110611 110599 110589 110605 110638 110608 110638 110638 110602 110606 110580 110575 110577 110571 110584 110600 110588 110584 110575 110569
 1106.171  1110758   996.64  1110923   995.13 111107 111095 111087 111101 111078 111103 111078 111078 111096 111100 111075 111071 111071 111069 111079 111096 111082 111079 111069 111067
 1111.171  1115612   986.17  1115779   988.62 111593 111579 111572 111588 111563 111590 111563 111563 111582 111586 111561 111557 111556 111555 111563 111581 111568 111564 111554 111553
 1116.171  1120864   997.48  1121027   994.13 112118 112103 112097 112113 112088 112116 112087 112088 112107 112110 112087 112082 112081 112080 112090 112107 112093 112088 112078 112078
 1121.171  1125999  1000.64  1126162   999.09 112631 112618 112609 112627 112601 112630 112600 112601 112621 112624 112600 112595 112596 112593 112605 112621 112607 112601 112591 112590
 1126.171  1130787   999.56  1131002   999.66 113069 113107 113098 113116 113091 113117 113090 113091 113109 113114 113088 113083 113086 113082 113042 113058 113097 113090 113081 113080
 1131.171  1136048  1003.36  1136214  1002.82 113600 113639 113629 113597 113623 113597 113619 113623 113641 113646 113568 113617 113617 113613 113571 113584 113631 113622 113612 113613
 1136.171  1141067  1004.06  1141221  1006.04 114100 114149 114140 114100 114130 114099 114125 114130 114154 114094 114070 114063 114127 114125 114073 114087 114142 114136 114121 114123
 1141.171  1146147  1019.80  1146409  1019.80 114630 114665 114657 114631 114652 114629 114647 114651 114621 114626 114601 114596 114597 114641 114602 114616 114609 114605 114639 114641
 1146.171  1151015  1008.49  1151285  1008.79 115122 115109 115149 115124 115146 115121 115140 115144 115113 115117 115091 115088 115088 115134 115095 115107 115101 115096 115082 115133
 1151.171  1155873  1002.48  1156249  1002.92 115619 115606 115645 115620 115643 115617 115635 115641 115610 115613 115585 115584 115584 115581 115591 115602 115597 115591 115578 115580
 1156.172  1160762  1005.87  1161028  1004.30 116106 116094 116085 116107 116082 116107 116122 116128 116096 116101 116073 116073 116072 116071 116079 116092 116085 116079 116068 116070
 1161.171  1165712   992.01  1165928   990.30 116600 116590 116580 116602 116576 116602 116617 116573 116592 116596 116567 116568 116567 116566 116574 116587 116581 116574 116563 116565
 1166.171  1170822   990.27  1170991   992.42 117112 117100 117092 117114 117087 117114 117077 117085 117103 117107 117078 117080 117078 117077 117084 117098 117093 117084 117075 117075
 1171.171  1175861   985.64  1176024   985.60 117615 117604 117595 117617 117589 117618 117579 117589 117606 117612 117583 117584 117580 117581 117588 117602 117597 117588 117579 117579
 1176.171  1180828   987.01  1180998   987.01 118112 118102 118093 118112 118087 118114 118078 118087 118105 118108 118079 118080 118079 118077 118085 118097 118093 118086 118076 118076
 1181.171  1185989   995.40  1186155   993.52 118633 118623 118614 118632 118608 118585 118598 118609 118625 118628 118601 118600 118601 118598 118556 118616 118615 118606 118596 118600
 1186.171  1191166  1006.88  1191288  1007.08 119104 119147 119137 119103 119132 119108 119123 119133 119150 119151 119122 119122 119124 119120 119080 119089 119137 119129 119120 119123
 1191.171  1196110  1016.04  1196383  1015.97 119627 119619 119666 119625 119660 119632 119648 119661 119622 119623 119593 119594 119599 119649 119603 119613 119609 119603 119592 119655
 1196.171  1201225  1016.88  1201491  1016.78 120139 120135 120170 120136 120167 120145 120159 120169 120135 120136 120105 120107 120113 120154 120115 120126 120122 120117 120108 120158
