Test case: 
Description: 
	10 senders: persistent queues
	10 receivers: client acknowledge every 50 messages
Timestamp: 2011.11.2 1:28:18
Version: 
Setting up JMS benchmark connections... 

Start processing messages.
Fri Dec 02 01:28:18 EST 2011

  Seconds   Send   Send/Sec   Recv   Recv/Sec   RCV0   RCV1   RCV2   RCV3   RCV4   RCV5   RCV6   RCV7   RCV8   RCV9  SND10  SND11  SND12  SND13  SND14  SND15  SND16  SND17  SND18  SND19
  ------- -------- -------- -------- -------- ------ ------ ------ ------ ------ ------ ------ ------ ------ ------ ------ ------ ------ ------ ------ ------ ------ ------ ------ ------
    1.081        0     0.00        0     0.00      0      0      0      0      0      0      0      0      0      0      0      0      0      0      0      0      0      0      0      0
    6.081     4533   985.65     4778  1038.92    476    479    478    478    480    480    474    478    479    476    453    455    451    454    456    451    453    453    455    452
   11.081     9433   982.71     9714  1011.98    970    974    972    972    972    972    967    973    974    968    951    942    944    944    950    937    938    943    946    938
   16.081    14649  1003.42    14929  1022.60   1492   1497   1494   1494   1494   1494   1487   1494   1495   1488   1471   1466   1461   1466   1468   1460   1462   1466   1472   1457
   21.081    19975  1019.18    20269  1034.19   2026   2031   2028   2029   2026   2028   2022   2029   2029   2021   2008   1997   1993   1997   1999   1994   1995   2001   2002   1989
   26.081    25363  1031.06    25656  1042.97   2564   2569   2566   2567   2566   2566   2561   2568   2568   2561   2549   2536   2532   2534   2538   2533   2534   2542   2540   2525
   31.081    30358  1020.57    30650  1035.47   3064   3068   3066   3065   3065   3066   3060   3068   3068   3060   3049   3034   3033   3033   3038   3034   3033   3041   3039   3024
   36.081    35329  1016.71    35622  1019.97   3561   3565   3563   3563   3563   3563   3558   3564   3565   3557   3547   3531   3531   3531   3534   3531   3531   3537   3535   3521
   41.081    40695  1032.55    40995  1033.26   4098   4102   4100   4101   4100   4100   4096   4101   4102   4095   4083   4068   4067   4068   4070   4069   4069   4072   4071   4058
   46.081    46150  1039.26    46453  1040.10   4644   4648   4646   4647   4646   4646   4643   4646   4647   4640   4630   4612   4614   4614   4614   4615   4613   4619   4617   4602
   51.082    51096  1029.63    51446  1030.07   5143   5149   5145   5147   5144   5145   5142   5146   5146   5139   5081   5111   5113   5115   5114   5114   5113   5118   5115   5102
   56.081    55732  1017.42    56080  1017.58   5596   5602   5599   5602   5647   5598   5595   5599   5600   5642   5583   5565   5567   5570   5568   5615   5567   5572   5569   5556
   61.081    60628  1015.77    60928  1016.04   6091   6097   6093   6097   6092   6093   6090   6094   6095   6086   6077   6058   6063   6066   6062   6058   6061   6068   6064   6051
   66.081    66043  1030.67    66348  1031.07   6632   6640   6636   6639   6634   6635   6632   6636   6637   6627   6619   6599   6605   6610   6604   6599   6601   6610   6605   6591
   71.081    71258  1025.60    71553  1025.44   7151   7161   7157   7160   7154   7155   7154   7156   7157   7148   7140   7119   7126   7133   7127   7118   7123   7132   7127   7113
   76.081    76414  1015.57    76730  1016.01   7670   7677   7675   7676   7671   7673   7671   7675   7675   7667   7657   7636   7640   7646   7641   7636   7639   7647   7643   7629
   81.081    81803  1030.47    82123  1029.46   8208   8218   8216   8215   8209   8213   8210   8214   8214   8206   8195   8174   8179   8185   8180   8175   8177   8186   8182   8170
   86.081    86812  1032.75    87136  1033.62   8708   8719   8718   8717   8709   8715   8712   8716   8716   8706   8696   8674   8680   8686   8681   8675   8679   8688   8684   8669
   91.081    91999  1035.74    92328  1036.71   9228   9238   9237   9236   9229   9234   9230   9235   9235   9226   9215   9193   9198   9205   9200   9195   9198   9206   9202   9187
   96.081    97131  1026.07    97458  1026.81   9744   9749   9747   9747   9746   9746   9743   9746   9747   9743   9726   9711   9712   9716   9711   9714   9711   9718   9713   9699
  101.082   102464  1032.21   102842  1033.42  10283  10286  10284  10285  10285  10285  10281  10285  10286  10282  10263  10249  10251  10253  10249  10252  10250  10258  10251  10188
  106.081   106906  1023.22   107281  1023.56  10722  10725  10723  10724  10724  10724  10721  10772  10725  10721  10702  10688  10690  10692  10689  10691  10690  10697  10690  10677
  111.081   111816  1007.15   112144  1007.42  11214  11216  11214  11215  11215  11217  11211  11214  11216  11212  11193  11181  11181  11182  11180  11182  11181  11188  11180  11168
  116.081   116815  1006.81   117152  1007.25  11716  11715  11713  11718  11718  11717  11710  11713  11717  11715  11691  11682  11680  11681  11679  11685  11684  11687  11679  11667
  121.081   121850  1001.71   122195  1002.25  12221  12218  12216  12222  12223  12223  12213  12216  12223  12220  12195  12187  12182  12184  12182  12191  12188  12190  12182  12169
  126.081   126926   999.83   127269  1000.37  12729  12725  12723  12729  12730  12731  12720  12724  12731  12727  12703  12695  12689  12691  12689  12700  12696  12697  12688  12678
  131.081   131837   980.87   132178   976.41  13220  13216  13214  13220  13221  13221  13211  13215  13222  13218  13194  13186  13180  13182  13180  13193  13186  13188  13179  13169
  136.081   136747   992.89   137084   989.83  13711  13706  13704  13711  13712  13712  13701  13705  13713  13709  13686  13677  13671  13673  13670  13685  13676  13679  13669  13661
  141.081   141790   988.69   142125   988.79  14215  14211  14209  14215  14215  14216  14206  14210  14216  14212  14191  14180  14175  14177  14174  14191  14180  14183  14173  14166
  146.081   146879   994.33   147258   994.13  14729  14724  14722  14729  14728  14729  14719  14723  14730  14725  14705  14692  14688  14691  14687  14658  14694  14697  14687  14680
  151.081   151817   992.01   152240   991.28  15226  15221  15222  15228  15227  15228  15216  15220  15229  15223  15205  15191  15185  15191  15187  15154  15193  15196  15186  15129
  156.081   156605   987.85   156929   987.18  15671  15714  15714  15673  15673  15672  15709  15713  15674  15716  15650  15636  15678  15685  15680  15648  15637  15689  15679  15623
  161.081   161339   988.32   161771   988.02  16165  16160  16207  16167  16167  16166  16204  16208  16167  16160  16143  16128  16172  16128  16124  16142  16128  16133  16124  16117
  166.081   166261   990.40   166590   990.13  16661  16657  16654  16663  16664  16663  16651  16656  16664  16657  16640  16625  16620  16625  16622  16639  16626  16630  16620  16614
  171.081   171202   986.98   171528   986.68  17155  17151  17146  17157  17158  17157  17145  17149  17159  17151  17131  17120  17114  17119  17116  17137  17120  17124  17113  17108
  176.081   176258   984.13   176590   984.30  17662  17657  17652  17664  17665  17664  17650  17654  17665  17657  17637  17627  17619  17624  17622  17643  17626  17629  17618  17613
  181.081   181486   992.25   181820   992.65  18185  18180  18177  18186  18187  18187  18173  18177  18188  18180  18159  18150  18143  18147  18145  18164  18149  18152  18143  18134
  186.081   186483   995.91   186813   994.43  18684  18680  18676  18685  18686  18686  18673  18676  18687  18680  18658  18650  18642  18647  18646  18664  18649  18652  18642  18633
  191.081   191348   997.28   191680   993.99  19171  19166  19163  19171  19172  19173  19159  19164  19173  19168  19145  19137  19129  19133  19133  19149  19136  19138  19128  19120
  196.081   196175   987.11   196504   987.11  19653  19648  19644  19654  19655  19655  19641  19647  19656  19651  19628  19620  19612  19617  19616  19631  19619  19620  19609  19603
  201.081   201052   986.54   201430   986.64  20145  20141  20136  20147  20148  20147  20133  20141  20149  20143  20120  20113  20103  20111  20110  20074  20112  20113  20102  20094
  206.081   206147   991.27   206528   991.24  20665  20660  20656  20666  20619  20667  20652  20660  20620  20663  20639  20584  20622  20631  20630  20594  20632  20631  20621  20563
  211.081   211008   982.65   211290   982.52  21112  21156  21151  21114  21114  21113  21148  21156  21116  21110  21133  21080  21118  21126  21077  21091  21078  21127  21117  21061
  216.081   215867   981.01   216195   980.94  21607  21652  21647  21609  21609  21608  21644  21603  21611  21605  21580  21574  21614  21573  21572  21588  21573  21623  21614  21556
  221.081   220657   983.52   220989   983.52  22100  22096  22091  22103  22104  22103  22088  22097  22106  22101  22074  22067  22058  22067  22065  22082  22068  22067  22059  22050
  226.081   225600   987.45   225930   987.48  22594  22591  22586  22596  22597  22597  22583  22592  22600  22594  22569  22560  22553  22561  22559  22577  22562  22561  22554  22544
  231.081   230687   992.82   231018   992.92  23103  23100  23094  23105  23105  23106  23091  23101  23110  23103  23078  23068  23062  23068  23068  23089  23070  23069  23063  23052
  236.081   235640   988.09   235976   988.19  23598  23596  23590  23600  23599  23603  23590  23596  23604  23600  23573  23563  23558  23564  23564  23585  23564  23564  23558  23547
  241.081   240420   985.40   240807   985.60  24081  24079  24072  24083  24081  24087  24072  24079  24088  24085  24057  24046  24040  24046  24045  24071  24046  24047  24041  24030
  246.081   245649   990.03   246041   992.18  24604  24604  24595  24605  24603  24612  24594  24603  24612  24609  24580  24569  24562  24572  24567  24541  24569  24569  24566  24554
  251.081   250772   997.28   251166   999.30  25117  25118  25106  25119  25116  25124  25106  25117  25122  25121  25093  25082  25075  25084  25078  25057  25080  25080  25077  25066
  256.081   255741   995.84   256127   996.11  25613  25615  25603  25615  25613  25618  25605  25613  25617  25615  25588  25578  25575  25582  25576  25552  25578  25577  25575  25560
  261.081   260701   992.38   261085   992.55  26109  26111  26098  26111  26109  26114  26102  26108  26113  26110  26084  26074  26071  26078  26072  26048  26074  26073  26071  26056
  266.081   265655   998.86   265886   998.69  26575  26577  26613  26575  26575  26579  26618  26623  26577  26574  26550  26539  26587  26545  26588  26563  26588  26588  26586  26521
  271.081   270593  1009.19   270928  1009.09  27090  27091  27127  27089  27089  27094  27082  27087  27091  27088  27064  27053  27051  27060  27052  27078  27051  27100  27050  27034
  276.081   275481   997.89   275821   997.75  27578  27581  27616  27579  27578  27584  27572  27576  27580  27577  27553  27542  27538  27549  27540  27568  27539  27589  27539  27524
  281.081   280329   990.13   280667   989.97  28067  28070  28058  28069  28067  28074  28061  28065  28070  28066  28043  28031  28027  28038  28029  28061  28028  28031  28028  28013
  286.081   285329   991.34   285668   991.34  28567  28570  28558  28570  28567  28574  28561  28565  28570  28566  28544  28531  28527  28539  28529  28559  28528  28531  28528  28513
  291.082   290430   995.97   290772   996.21  29077  29080  29069  29081  29078  29083  29071  29075  29082  29076  29056  29040  29037  29049  29038  29069  29038  29043  29037  29023
  296.081   295389   992.79   295783   993.26  29579  29582  29569  29582  29578  29584  29572  29577  29582  29578  29557  29542  29539  29549  29541  29519  29538  29542  29538  29524
  301.082   300385   986.61   300783   987.08  30080  30083  30068  30081  30078  30083  30072  30077  30082  30079  30056  30042  30039  30049  30039  30019  30038  30041  30038  30024
  306.082   305291   987.18   305692   987.58  30571  30573  30557  30572  30570  30574  30563  30569  30573  30570  30546  30533  30530  30540  30531  30507  30530  30530  30530  30514
  311.081   310462   995.74   310864   996.14  31088  31091  31075  31089  31086  31091  31080  31086  31091  31087  31063  31050  31046  31058  31047  31025  31046  31049  31047  31031
  316.081   315605  1002.35   315809  1002.92  31558  31560  31596  31559  31606  31560  31599  31606  31560  31605  31583  31567  31565  31526  31566  31546  31565  31571  31566  31550
  321.081   320584  1003.69   320793  1004.19  32072  32075  32107  32071  32071  32073  32111  32070  32074  32069  32045  32032  32078  32041  32079  32059  32077  32084  32077  32012
  326.081   325287  1003.32   325684  1001.78  32566  32569  32601  32564  32565  32567  32556  32565  32568  32563  32539  32526  32522  32537  32525  32556  32523  32530  32523  32506
  331.081   330271  1001.14   330668  1000.91  33063  33066  33110  33061  33063  33064  33054  33062  33066  33059  33035  33022  33020  33035  33023  33059  33022  33028  33022  33005
  336.082   335607  1015.74   335953  1015.50  33597  33600  33585  33597  33597  33598  33588  33597  33600  33594  33570  33558  33553  33569  33559  33587  33555  33561  33556  33539
  341.081   340963  1021.88   341314  1021.85  34134  34137  34122  34133  34133  34133  34122  34133  34137  34130  34105  34093  34089  34108  34095  34123  34090  34096  34090  34074
  346.081   345825  1010.77   346176  1019.06  34621  34625  34608  34620  34618  34619  34606  34620  34624  34615  34592  34579  34577  34594  34581  34610  34576  34580  34576  34560
  351.081   351051  1020.64   351460  1020.20  35150  35153  35136  35147  35146  35148  35135  35149  35153  35143  35119  35107  35104  35123  35109  35087  35104  35107  35104  35087
  356.081   356388  1035.60   356798  1031.21  35683  35686  35671  35680  35680  35681  35671  35681  35687  35678  35653  35640  35635  35656  35642  35624  35639  35642  35637  35620
  361.081   361521  1032.89   361934  1031.75  36198  36201  36184  36194  36193  36194  36184  36194  36201  36191  36167  36154  36148  36170  36154  36136  36152  36155  36150  36135
  366.081   366416  1020.74   366891  1021.54  36693  36696  36678  36691  36688  36691  36679  36691  36696  36688  36662  36649  36643  36615  36648  36631  36645  36648  36644  36631
  371.081   371497  1010.97   371628  1012.11  37152  37154  37186  37150  37198  37150  37187  37150  37154  37147  37171  37158  37151  37124  37157  37138  37153  37155  37151  37139
  376.081   376328  1016.61   376619  1018.09  37656  37658  37689  37656  37650  37656  37691  37654  37659  37650  37624  37610  37655  37628  37610  37640  37657  37659  37654  37591
  381.081   381657  1021.14   381946  1021.01  38195  38197  38232  38194  38186  38193  38174  38191  38198  38186  38163  38144  38195  38166  38145  38181  38142  38202  38195  38124
  386.081   386573  1011.28   386966  1012.38  38701  38704  38684  38701  38695  38700  38684  38698  38705  38694  38670  38655  38647  38673  38656  38684  38651  38655  38647  38635
  391.081   391796  1014.50   392180  1015.00  39221  39224  39207  39224  39216  39221  39207  39221  39224  39215  39193  39177  39171  39194  39177  39203  39174  39179  39171  39157
  396.081   397176  1030.54   397551  1028.89  39758  39762  39744  39762  39754  39759  39743  39756  39761  39752  39731  39715  39707  39732  39715  39745  39711  39717  39709  39694
  401.081   402432  1033.72   402799  1046.01  40283  40287  40267  40287  40280  40284  40266  40282  40286  40277  40255  40241  40230  40260  40239  40278  40236  40240  40233  40220
  406.082   407520  1043.29   407944  1040.91  40796  40800  40785  40799  40795  40798  40784  40796  40799  40792  40768  40755  40747  40771  40753  40736  40750  40758  40747  40735
  411.081   412551  1027.85   412974  1026.98  41299  41303  41288  41302  41299  41300  41287  41299  41302  41295  41271  41259  41250  41273  41258  41237  41253  41261  41251  41238
  416.081   417922  1042.08   418343  1039.63  41835  41841  41824  41840  41838  41837  41823  41835  41839  41831  41809  41797  41786  41810  41796  41778  41789  41797  41786  41774
  421.081   422799  1025.23   423215  1024.60  42322  42328  42314  42326  42324  42324  42311  42322  42325  42319  42296  42284  42276  42297  42283  42266  42276  42284  42275  42262
  426.081   427818  1015.20   428226  1014.56  42827  42785  42821  42831  42829  42829  42818  42830  42830  42826  42801  42789  42784  42756  42788  42775  42784  42792  42782  42767
  431.081   432828  1011.54   433065  1012.28  43296  43303  43340  43299  43299  43297  43337  43299  43300  43295  43266  43255  43300  43273  43253  43289  43300  43309  43297  43286
  436.081   437695  1007.45   438081  1007.85  43797  43805  43842  43801  43801  43798  43839  43801  43801  43796  43768  43756  43751  43775  43755  43790  43750  43811  43801  43738
  441.081   442653  1008.49   443032  1008.66  44302  44310  44296  44306  44307  44304  44293  44307  44306  44301  44275  44262  44258  44279  44261  44296  44258  44265  44255  44244
  446.081   447627   995.17   448004   995.34  44799  44807  44794  44803  44804  44801  44791  44804  44803  44798  44772  44759  44755  44777  44758  44794  44754  44763  44754  44741
  451.081   452584   997.85   452958   998.09  45295  45302  45290  45299  45298  45297  45286  45298  45299  45294  45268  45255  45251  45273  45254  45289  45249  45259  45250  45236
  456.081   457874  1004.30   458244  1007.35  45824  45831  45816  45827  45827  45826  45814  45827  45828  45824  45796  45784  45781  45805  45783  45825  45775  45785  45776  45764
  461.081   462787  1003.72   463209  1006.61  46320  46326  46316  46323  46323  46322  46312  46323  46324  46320  46292  46280  46278  46297  46279  46266  46272  46285  46276  46262
  466.081   467687   996.88   468108   994.77  46810  46814  46807  46813  46813  46812  46802  46813  46814  46810  46781  46770  46768  46784  46769  46755  46764  46776  46768  46752
  471.081   472617   990.74   473051   990.91  47303  47309  47301  47308  47308  47305  47295  47308  47309  47305  47273  47263  47260  47279  47264  47246  47257  47268  47262  47245
  476.081   477414   986.85   477901   987.25  47787  47795  47785  47793  47794  47789  47779  47794  47795  47790  47757  47748  47743  47716  47751  47731  47740  47752  47747  47729
  481.081   482378   987.82   482613   988.22  48290  48245  48287  48243  48244  48292  48280  48244  48246  48242  48259  48252  48244  48215  48201  48233  48241  48253  48249  48231
  486.081   487596   988.09   487816   988.59  48769  48774  48822  48771  48774  48771  48815  48773  48775  48772  48738  48730  48778  48746  48731  48762  48774  48788  48784  48765
  491.081   492482   993.05   492761   991.68  49275  49279  49274  49277  49279  49276  49267  49278  49280  49276  49244  49235  49230  49254  49236  49266  49277  49289  49234  49217
  496.081   497755  1007.35   498129  1007.45  49812  49815  49811  49816  49815  49813  49804  49815  49816  49812  49782  49772  49767  49792  49774  49803  49762  49776  49772  49755
  501.081   502957  1016.04   503321  1015.81  50330  50334  50332  50336  50334  50332  50323  50334  50335  50331  50302  50292  50287  50315  50295  50328  50280  50293  50289  50276
  506.082   508115  1026.88   508490  1026.48  50848  50849  50848  50852  50851  50848  50841  50853  50853  50847  50820  50808  50803  50829  50809  50840  50797  50810  50806  50793
  511.081   513505  1041.11   513878  1049.16  51387  51387  51387  51391  51389  51386  51381  51392  51392  51386  51359  51346  51343  51368  51348  51379  51337  51349  51344  51332
  516.081   518777  1044.70   519196  1049.80  51919  51919  51919  51923  51921  51918  51913  51924  51923  51917  51890  51878  51875  51900  51879  51863  51869  51881  51878  51864
  521.081   523786  1043.62   524205  1044.90  52420  52419  52420  52425  52423  52418  52413  52426  52424  52417  52391  52378  52375  52403  52381  52362  52369  52382  52379  52366
  526.081   528714  1028.99   529177  1025.37  52917  52916  52918  52923  52921  52914  52910  52924  52922  52912  52888  52875  52871  52853  52878  52861  52867  52881  52875  52865
  531.081   533717  1019.13   534183  1019.30  53418  53417  53419  53422  53422  53415  53411  53422  53423  53414  53389  53375  53371  53353  53379  53363  53367  53380  53376  53364
  536.081   538537  1007.75   538908  1007.62  53899  53899  53900  53857  53857  53897  53892  53906  53907  53894  53870  53856  53854  53834  53860  53846  53849  53862  53859  53847
  541.081   543781  1004.70   544105  1004.70  54428  54429  54428  54387  54387  54427  54422  54386  54387  54424  54399  54387  54382  54365  54387  54376  54380  54391  54388  54326
  546.081   548731   996.07   548946   996.58  54887  54887  54887  54897  54897  54885  54932  54895  54896  54883  54858  54846  54893  54875  54846  54888  54891  54902  54898  54834
  551.081   553736  1001.71   554057  1001.78  55405  55403  55403  55413  55413  55401  55397  55411  55412  55399  55375  55362  55357  55389  55365  55403  55356  55417  55361  55351
  556.081   559044  1016.14   559414  1014.66  55941  55939  55938  55949  55948  55937  55932  55947  55948  55935  55911  55899  55893  55924  55901  55938  55891  55901  55898  55888
  561.082   564276  1023.66   564644  1022.18  56464  56462  56460  56472  56473  56459  56454  56471  56471  56458  56433  56423  56415  56448  56423  56464  56414  56423  56422  56411
  566.081   569433  1035.03   569848  1036.61  56984  56983  56981  56991  56993  56979  56974  56992  56991  56980  56954  56944  56935  56969  56943  56932  56934  56944  56944  56934
  571.081   574820  1038.22   575236  1039.63  57523  57521  57522  57529  57530  57517  57513  57530  57529  57522  57493  57483  57474  57506  57483  57470  57473  57482  57484  57472
  576.081   580238  1048.86   580650  1053.83  58065  58062  58064  58070  58070  58057  58054  58073  58071  58064  58036  58025  58014  58048  58025  58011  58015  58024  58026  58014
  581.081   585509  1053.05   585935  1054.33  58593  58588  58592  58601  58600  58582  58579  58605  58602  58593  58564  58554  58539  58580  58554  58532  58541  58548  58553  58544
  586.081   590535  1047.32   590999  1047.32  59099  59098  59100  59105  59105  59091  59088  59108  59106  59099  59070  59058  59047  59036  59059  59046  59051  59059  59061  59048
  591.081   595747  1042.79   596172  1042.95  59622  59620  59623  59627  59628  59611  59608  59583  59629  59621  59592  59581  59567  59554  59581  59566  59573  59579  59583  59571
  596.081   600572  1034.46   600842  1033.09  60064  60113  60117  60068  60069  60104  60101  60073  60070  60063  60084  60075  60060  60046  60023  60058  60066  60072  60076  60012
  601.082   605375  1020.34   605753  1019.06  60561  60608  60562  60564  60566  60598  60596  60571  60567  60560  60529  60520  60554  60543  60520  60554  60560  60565  60521  60509
  606.081   610533  1009.90   610863  1010.50  61077  61074  61078  61079  61082  61115  61112  61087  61083  61076  61045  61035  61070  61058  61036  61070  61077  61081  61037  61024
  611.081   615855  1013.36   616233  1013.36  61614  61611  61615  61616  61620  61651  61647  61625  61621  61613  61582  61573  61605  61596  61576  61607  61564  61616  61574  61562
  616.081   621133  1024.70   621513  1023.96  62152  62149  62153  62154  62160  62136  62131  62166  62160  62152  62119  62111  62089  62137  62116  62150  62099  62101  62110  62101
  621.081   626179  1017.85   626560  1019.73  62656  62656  62657  62659  62663  62645  62639  62666  62663  62656  62623  62617  62596  62639  62619  62651  62605  62610  62615  62604
  626.081   631543  1037.75   631968  1042.95  63197  63198  63197  63200  63203  63187  63179  63206  63204  63197  63164  63158  63137  63179  63160  63145  63147  63152  63156  63145
  631.081   636460  1038.26   636888  1039.97  63690  63691  63689  63692  63697  63678  63671  63697  63695  63688  63657  63648  63628  63672  63651  63637  63638  63643  63648  63638
  636.081   641442  1030.37   641871  1026.51  64187  64189  64187  64190  64195  64178  64171  64195  64193  64186  64154  64145  64127  64169  64151  64136  64137  64142  64146  64135
  641.084   646271  1012.45   646745  1010.74  64673  64677  64675  64677  64682  64666  64659  64682  64680  64674  64643  64633  64615  64609  64637  64624  64623  64631  64634  64622
  646.081   651332  1003.26   651808  1001.41  65180  65183  65181  65184  65189  65171  65163  65189  65187  65181  65151  65140  65120  65113  65146  65128  65130  65137  65140  65127
  651.081   656358  1004.36   656799  1004.60  65694  65699  65697  65698  65651  65685  65676  65653  65651  65695  65664  65655  65632  65626  65608  65637  65643  65651  65652  65590
  656.081   661254   990.44   661548   989.36  66144  66149  66148  66148  66153  66183  66174  66153  66150  66146  66114  66104  66132  66125  66108  66136  66142  66151  66152  66090
  661.081   666152   989.66   666486   989.87  66637  66643  66641  66641  66646  66679  66670  66647  66643  66639  66607  66598  66628  66619  66604  66631  66636  66647  66596  66586
  666.081   671409  1000.77   671798  1001.01  67169  67174  67172  67172  67176  67210  67200  67179  67175  67171  67140  67128  67157  67149  67135  67161  67118  67176  67128  67117
  671.081   676348  1004.16   676679  1002.85  67661  67666  67664  67664  67670  67653  67695  67674  67668  67664  67632  67621  67652  67643  67628  67658  67610  67671  67620  67613
  676.081   681100   995.64   681485   994.26  68146  68151  68149  68149  68156  68140  68130  68160  68154  68150  68117  68109  68086  68129  68114  68144  68095  68103  68104  68099
  681.082   686041   991.17   686478   992.68  68645  68650  68649  68649  68656  68639  68630  68658  68653  68649  68615  68608  68586  68628  68614  68593  68594  68602  68604  68597
  686.081   691086   994.36   691532   999.46  69149  69156  69155  69155  69162  69146  69134  69164  69157  69154  69119  69112  69090  69133  69118  69098  69099  69106  69109  69102
  691.081   696070   996.91   696515   993.46  69648  69652  69652  69652  69660  69646  69633  69662  69657  69653  69617  69610  69590  69630  69617  69596  69598  69604  69608  69600
  696.081   701114   985.54   701562   982.11  70153  70156  70158  70157  70167  70148  70134  70171  70162  70156  70122  70115  70088  70138  70127  70098  70100  70105  70112  70109
  701.081   706353  1000.30   706892  1000.70  70692  70696  70696  70695  70702  70686  70675  70656  70700  70694  70659  70652  70632  70622  70613  70641  70641  70647  70652  70594
  706.081   711230  1002.68   711716  1002.75  71180  71184  71184  71183  71139  71174  71162  71143  71186  71181  71147  71140  71119  71109  71099  71129  71129  71137  71141  71080
  711.081   715969   997.62   716308   997.68  71619  71623  71624  71623  71628  71662  71652  71632  71625  71620  71586  71579  71608  71597  71588  71618  71617  71626  71581  71569
  716.081   720980   996.17   721308   995.70  72118  72122  72123  72122  72129  72165  72154  72132  72124  72119  72087  72078  72109  72099  72088  72121  72119  72130  72080  72069
  721.081   725976   997.72   726298   997.48  72621  72626  72627  72627  72632  72614  72660  72637  72630  72624  72590  72582  72616  72606  72592  72627  72570  72635  72583  72575
  726.081   730992   998.52   731359   997.85  73126  73131  73132  73133  73137  73120  73170  73143  73139  73128  73095  73087  73127  73115  73099  73137  73075  73086  73088  73083
  731.081   735952   990.00   736385   989.73  73636  73640  73641  73642  73645  73630  73620  73647  73646  73638  73606  73596  73577  73618  73603  73586  73585  73596  73596  73589
  736.081   740773   986.48   741210   984.83  74119  74122  74123  74124  74128  74112  74102  74131  74129  74120  74088  74078  74060  74100  74087  74067  74067  74078  74077  74071
  741.081   745620   988.29   746056   988.19  74603  74606  74607  74608  74613  74596  74587  74617  74615  74604  74572  74562  74547  74584  74571  74552  74552  74564  74560  74556
  746.081   750719   989.90   751156   988.76  75114  75117  75117  75118  75124  75106  75097  75125  75124  75114  75082  75071  75057  75094  75081  75062  75063  75075  75069  75065
  751.081   755739   988.56   756231   991.01  75622  75626  75624  75625  75632  75612  75603  75633  75632  75622  75589  75579  75564  75552  75587  75567  75571  75583  75576  75571
  756.081   760536   981.74   760978   984.23  76110  76114  76112  76116  76073  76102  76093  76075  76073  76110  76076  76067  76054  76043  76027  76058  76060  76073  76066  76012
  761.081   765438   979.46   765842   978.49  76602  76604  76604  76558  76563  76594  76585  76568  76563  76601  76567  76558  76546  76532  76517  76546  76550  76565  76556  76501
  766.081   770373   985.10   770646   983.76  77050  77053  77053  77057  77062  77099  77090  77070  77062  77050  77017  77009  77052  77032  77016  77048  77060  77073  77066  77000
  771.081   775351   993.76   775807   994.36  77566  77570  77569  77573  77578  77616  77605  77587  77577  77566  77533  77524  77569  77546  77530  77563  77516  77533  77521  77516
  776.081   780552   999.26   781051   999.63  78092  78096  78095  78100  78105  78131  78124  78110  78104  78094  78060  78053  78033  78072  78056  78084  78043  78062  78047  78042
  781.081   785494   996.88   785898   993.93  78586  78589  78589  78595  78601  78576  78569  78605  78598  78590  78552  78547  78531  78567  78551  78576  78536  78555  78541  78538
  786.081   790471   997.72   790869   997.95  79084  79085  79086  79091  79099  79074  79064  79102  79097  79087  79050  79044  79027  79063  79050  79075  79034  79053  79038  79037
  791.081   795561  1005.87   796013  1004.16  79596  79599  79601  79605  79616  79589  79578  79616  79610  79603  79565  79558  79541  79576  79563  79539  79548  79566  79552  79553
  796.081   800646  1009.43   801099  1012.28  80104  80107  80109  80113  80125  80097  80088  80125  80119  80112  80071  80067  80049  80084  80071  80049  80057  80075  80060  80063
  801.081   805592  1008.39   805996  1003.42  80603  80607  80608  80613  80576  80597  80587  80575  80618  80612  80568  80566  80550  80583  80571  80547  80557  80574  80562  80514
  806.081   810639   998.05   811052   996.74  81108  81112  81114  81119  81083  81103  81092  81079  81124  81118  81073  81071  81055  81088  81076  81051  81061  81079  81066  81019
  811.081   815684  1001.44   816103  1004.09  81623  81628  81629  81635  81598  81620  81609  81592  81588  81581  81588  81583  81570  81550  81536  81566  81578  81599  81583  81531
  816.081   820782  1006.64   821147  1007.25  82131  82137  82138  82093  82107  82129  82118  82101  82099  82094  82098  82091  82079  82062  82048  82073  82089  82109  82091  82042
  821.081   825830  1007.52   826149  1006.38  82641  82598  82598  82605  82617  82639  82625  82611  82610  82605  82607  82551  82588  82575  82560  82581  82598  82619  82600  82551
  826.081   830650  1003.49   831062  1002.11  83087  83094  83096  83100  83112  83134  83121  83108  83108  83102  83054  83047  83085  83073  83057  83077  83043  83068  83099  83047
  831.081   835614  1003.99   836033  1006.24  83588  83598  83598  83601  83616  83588  83623  83610  83609  83602  83555  83548  83586  83575  83559  83578  83544  83571  83551  83547
  836.081   840707  1003.96   841177  1007.55  84102  84113  84112  84116  84130  84102  84137  84125  84125  84115  84069  84061  84052  84088  84074  84091  84059  84087  84066  84060
  841.081   845917  1007.79   846337  1009.50  84623  84633  84631  84636  84650  84624  84610  84647  84646  84637  84588  84579  84571  84609  84595  84616  84579  84607  84588  84585
  846.081   850706   987.48   851116   990.57  85113  85116  85114  85114  85120  85115  85079  85117  85116  85112  85075  85062  85060  85076  85065  85084  85066  85089  85075  85054
  851.081   855658   985.50   856122   990.37  85614  85617  85614  85614  85621  85615  85579  85619  85617  85612  85574  85563  85560  85577  85564  85533  85568  85590  85575  85554
  856.081   860570   991.11   861081   992.85  86109  86112  86110  86109  86116  86111  86079  86115  86113  86107  86070  86056  86056  86074  86060  86033  86063  86086  86069  86003
  861.081   865438   995.84   865963   997.75  86573  86576  86624  86622  86578  86575  86592  86577  86625  86621  86581  86519  86569  86535  86522  86544  86524  86547  86584  86513
  866.081   870357   995.00   870840   995.44  87081  87084  87082  87080  87085  87083  87100  87083  87083  87079  87039  87022  87026  87042  87030  87051  87030  87056  87040  87021
  871.081   875404   989.53   875883   991.51  87585  87587  87585  87584  87590  87587  87605  87588  87588  87584  87543  87525  87532  87548  87536  87556  87533  87560  87544  87527
  876.081   880357   995.03   880845   995.97  88081  88084  88082  88080  88086  88083  88100  88084  88085  88080  88038  88023  88026  88041  88030  88051  88027  88057  88041  88023
  881.081   885433   999.16   885921   998.26  88589  88591  88589  88586  88594  88591  88608  88592  88593  88588  88545  88530  88533  88549  88538  88558  88536  88564  88548  88532
  886.082   890623  1005.27   891108  1006.01  89108  89110  89108  89106  89113  89109  89124  89111  89112  89107  89065  89050  89051  89068  89056  89078  89055  89083  89067  89050
  891.081   895467  1002.99   895960  1001.78  89593  89595  89593  89593  89598  89594  89611  89595  89597  89591  89550  89534  89535  89551  89541  89563  89538  89568  89551  89536
  896.081   900385   994.46   900834   993.39  90085  90087  90085  90083  90092  90087  90055  90087  90090  90083  90040  90026  90029  90043  90034  90056  90029  90061  90039  90028
  901.081   905227   984.09   905678   984.76  90569  90572  90570  90567  90577  90571  90538  90572  90574  90568  90524  90511  90513  90529  90518  90538  90514  90545  90524  90511
  906.081   910463   996.41   910968   996.98  91098  91101  91098  91096  91107  91100  91070  91100  91102  91096  91052  91040  91039  91057  91046  91023  91042  91073  91053  91038
  911.081   915652  1002.42   916204  1002.79  91626  91630  91627  91627  91586  91630  91595  91629  91630  91624  91582  91569  91568  91586  91526  91548  91571  91602  91583  91517
  916.081   920705   998.76   921331   999.19  92146  92150  92148  92147  92098  92088  92110  92149  92150  92145  92102  92028  92087  92107  92035  92060  92030  92123  92104  92029
  921.081   925662  1011.64   926108  1011.68  92606  92610  92608  92608  92618  92610  92624  92609  92610  92605  92611  92551  92548  92566  92556  92580  92552  92584  92565  92549
  926.081   930765  1019.43   931265  1021.14  93123  93126  93124  93124  93132  93125  93138  93125  93126  93122  93077  93065  93066  93082  93069  93094  93066  93100  93082  93064
  931.081   936213  1039.80   936714  1039.70  93668  93671  93669  93669  93676  93670  93683  93670  93671  93667  93621  93610  93611  93627  93613  93639  93610  93645  93627  93610
  936.081   941072  1025.50   941570  1025.27  94153  94156  94154  94154  94163  94155  94169  94155  94156  94155  94107  94097  94097  94111  94097  94126  94096  94131  94112  94098
  941.081   946467  1030.64   946958  1028.62  94692  94694  94692  94693  94703  94694  94707  94694  94695  94694  94647  94636  94636  94651  94636  94667  94635  94671  94651  94637
  946.082   951818  1040.74   952306  1034.46  95230  95229  95228  95226  95237  95227  95242  95227  95232  95228  95182  95172  95173  95184  95173  95201  95169  95207  95187  95170
  951.082   956948  1036.41   957432  1039.43  95743  95742  95740  95739  95750  95739  95754  95739  95745  95741  95694  95684  95685  95695  95687  95713  95683  95721  95703  95683
  956.081   961878  1025.57   962300  1025.03  96235  96234  96232  96232  96244  96232  96191  96230  96236  96234  96185  96177  96178  96186  96180  96210  96174  96213  96195  96180
  961.081   967034  1021.64   967521  1021.17  96761  96761  96759  96759  96720  96759  96722  96757  96762  96761  96713  96703  96704  96714  96706  96681  96701  96738  96721  96653
  966.081   971950  1023.19   972440  1022.85  97252  97253  97251  97251  97213  97251  97216  97248  97253  97252  97205  97194  97195  97206  97197  97173  97194  97229  97212  97145
  971.081   976942  1018.99   977643  1018.93  97734  97784  97782  97782  97740  97783  97744  97777  97784  97733  97734  97672  97677  97738  97674  97702  97673  97706  97694  97672
  976.081   981774  1003.62   982266  1003.76  98223  98221  98219  98218  98228  98220  98231  98263  98221  98222  98221  98161  98166  98175  98163  98189  98162  98195  98183  98159
  981.081   986617   995.64   987109   995.91  98711  98711  98709  98708  98717  98709  98719  98704  98711  98710  98661  98649  98654  98665  98653  98679  98652  98684  98672  98648
  986.081   991815  1004.60   992311  1007.08  99232  99230  99228  99228  99238  99228  99240  99223  99233  99231  99180  99168  99175  99185  99174  99200  99171  99203  99191  99168
  991.081   996863   999.33   997351   999.36  99738  99733  99731  99732  99743  99732  99743  99726  99737  99736  99684  99672  99680  99688  99680  99705  99676  99707  99698  99673
  996.081  1001784   997.82  1002269   997.68 100229 100225 100224 100224 100233 100224 100235 100218 100229 100228 100175 100164 100173 100181 100172 100197 100168 100200 100188 100166
 1001.081  1006926   997.99  1007411   992.35 100743 100738 100738 100739 100747 100740 100750 100731 100743 100742 100690 100678 100687 100695 100687 100710 100683 100715 100701 100680
 1006.081  1011824   996.88  1012315   995.20 101234 101228 101228 101229 101237 101230 101240 101223 101233 101233 101181 101168 101177 101185 101177 101199 101173 101205 101192 101167
 1011.081  1016655   991.64  1017092   993.09 101717 101711 101711 101710 101719 101712 101674 101706 101716 101716 101664 101651 101660 101668 101663 101681 101656 101687 101676 101649
 1016.081  1021430   979.93  1021922   979.77 102205 102197 102199 102199 102158 102201 102159 102195 102205 102204 102154 102136 102148 102154 102100 102117 102143 102176 102165 102137
 1021.081  1026131   973.96  1026669   973.99 102641 102680 102683 102682 102646 102686 102646 102679 102687 102639 102639 102619 102583 102639 102587 102603 102628 102660 102601 102572
 1026.081  1030930   973.35  1031382   973.82 103130 103169 103127 103126 103136 103129 103136 103169 103131 103129 103128 103108 103071 103127 103077 103093 103071 103103 103091 103061
 1031.081  1036216   976.85  1036656   977.35 103657 103704 103652 103651 103660 103654 103663 103705 103656 103654 103664 103644 103597 103664 103602 103619 103596 103628 103616 103586
 1036.081  1041169   984.73  1041668   985.00 104170 104159 104165 104163 104175 104167 104175 104157 104168 104169 104117 104098 104111 104116 104115 104133 104110 104141 104130 104098
 1041.081  1045973   983.83  1046481   986.21 104652 104640 104646 104644 104658 104649 104656 104637 104650 104649 104599 104580 104590 104596 104594 104614 104590 104624 104609 104577
 1046.081  1050941   988.62  1051455   987.62 105149 105136 105144 105141 105156 105148 105153 105134 105148 105146 105095 105074 105088 105093 105092 105111 105086 105122 105107 105073
 1051.082  1056025  1001.48  1056542   997.42 105658 105645 105652 105648 105665 105657 105662 105644 105657 105654 105604 105585 105595 105601 105599 105618 105595 105630 105616 105582
 1056.082  1060986   998.52  1061507   999.26 106154 106142 106147 106144 106163 106153 106159 106141 106153 106151 106100 106081 106090 106096 106096 106114 106089 106127 106113 106080
 1061.081  1065986   987.01  1066506   989.63 106656 106640 106647 106642 106665 106653 106661 106639 106652 106651 106601 106579 106589 106595 106596 106614 106590 106627 106614 106581
 1066.081  1071227   997.08  1071650   996.24 107180 107163 107171 107168 107137 107178 107134 107165 107178 107176 107125 107103 107114 107120 107119 107138 107113 107151 107138 107106
 1071.081  1076148   997.18  1076617   999.30 107676 107659 107668 107666 107633 107675 107629 107661 107676 107674 107622 107599 107612 107618 107615 107585 107610 107649 107635 107603
 1076.081  1080725   992.32  1081248   992.62 108109 108141 108151 108149 108118 108107 108115 108143 108108 108107 108104 108081 108045 108100 108046 108070 108094 108081 108068 108036
 1081.081  1085805   993.66  1086327   993.79 108621 108656 108612 108668 108628 108620 108624 108660 108619 108619 108620 108595 108556 108619 108557 108580 108555 108594 108581 108548
 1086.081  1090912   999.33  1091429   999.19 109134 109162 109125 109170 109140 109133 109137 109163 109133 109132 109126 109100 109069 109123 109071 109093 109067 109108 109094 109061
 1091.082  1095746   996.95  1096313   996.81 109627 109658 109617 109613 109634 109626 109630 109658 109625 109625 109570 109595 109563 109568 109565 109585 109558 109602 109587 109553
 1096.081  1100625   986.51  1101139   989.56 110119 110102 110109 110106 110126 110117 110122 110101 110119 110118 110063 110039 110056 110061 110058 110076 110051 110095 110080 110046
 1101.081  1105765   993.89  1106286   991.74 110635 110612 110622 110620 110644 110632 110640 110611 110635 110635 110574 110548 110573 110573 110574 110592 110564 110612 110595 110560
 1106.081  1110720   998.19  1111248  1000.00 111129 111111 111118 111118 111139 111128 111135 111112 111129 111129 111071 111048 111067 111072 111069 111086 111060 111105 111088 111054
 1111.081  1115575   989.16  1116106   989.46 111615 111596 111604 111604 111624 111615 111621 111596 111615 111616 111555 111533 111552 111558 111555 111573 111545 111589 111575 111540
 1116.081  1120813   993.09  1121308   992.21 112139 112121 112130 112128 112150 112140 112098 112122 112140 112140 112080 112058 112076 112083 112077 112096 112070 112113 112098 112062
 1121.081  1125943   999.66  1126390   999.06 112653 112634 112643 112640 112613 112653 112612 112635 112654 112653 112592 112572 112589 112595 112591 112610 112583 112626 112611 112574
 1126.082  1130686   998.72  1131175   999.56 113091 113124 113132 113129 113101 113141 113099 113124 113142 113092 113083 113061 113028 113085 113080 113049 113072 113065 113099 113064
 1131.081  1135914  1003.59  1136394  1003.86 113626 113654 113665 113660 113630 113625 113629 113655 113625 113625 113616 113594 113562 113616 113564 113580 113606 113599 113582 113595
 1136.081  1140886  1003.79  1141437  1004.50 114129 114162 114176 114171 114133 114124 114130 114163 114121 114128 114124 114103 114061 114126 114062 114082 114116 114094 114077 114041
 1141.081  1146098  1019.43  1146643  1019.87 114658 114685 114644 114688 114662 114655 114658 114683 114653 114657 114645 114621 114592 114643 114592 114612 114586 114625 114609 114573
 1146.081  1150967  1008.62  1151513  1010.34 115150 115177 115135 115132 115153 115147 115150 115175 115145 115149 115137 115112 115084 115086 115084 115104 115077 115118 115100 115065
 1151.081  1155827  1002.85  1156372  1002.72 115645 115623 115631 115628 115650 115642 115647 115621 115640 115645 115582 115558 115580 115581 115581 115600 115573 115614 115597 115561
 1156.081  1160709  1004.30  1161261  1003.19 116136 116112 116121 116118 116138 116130 116135 116108 116128 116135 116071 116047 116067 116069 116068 116089 116063 116101 116084 116050
 1161.081  1165660   989.66  1166209   991.95 116631 116606 116615 116612 116633 116626 116630 116602 116623 116631 116566 116541 116564 116563 116564 116582 116558 116597 116580 116545
 1166.081  1170766   992.82  1171324   993.05 117143 117118 117126 117124 117145 117138 117142 117113 117132 117143 117077 117051 117075 117074 117075 117094 117069 117107 117090 117054
 1171.081  1175800   985.20  1176160   985.57 117598 117621 117629 117627 117600 117641 117596 117616 117634 117598 117582 117555 117579 117577 117578 117596 117572 117611 117594 117556
 1176.081  1180723   988.36  1181130   987.11 118093 118118 118126 118125 118095 118138 118093 118113 118134 118095 118078 118053 118075 118075 118075 118043 118070 118109 118091 118054
 1181.081  1185735   995.23  1186292   997.28 118614 118639 118651 118646 118616 118609 118614 118633 118655 118615 118600 118573 118546 118596 118546 118563 118594 118579 118562 118576
 1186.081  1190969  1007.05  1191473  1008.79 119137 119163 119174 119169 119138 119132 119138 119156 119128 119138 119124 119096 119069 119121 119067 119087 119118 119102 119086 119099
 1191.081  1196104  1015.57  1196665  1016.01 119660 119691 119644 119699 119661 119654 119661 119683 119652 119660 119653 119624 119591 119649 119588 119610 119589 119623 119608 119569
 1196.081  1201223  1017.01  1201730  1016.98 120172 120200 120159 120153 120173 120167 120174 120192 120167 120173 120160 120134 120103 120157 120101 120123 120104 120137 120121 120083
