Test case: 
Description: 
	10 senders: persistent queues
	10 receivers: client acknowledge every 50 messages
Timestamp: 2011.11.2 1:28:18
Version: 
Setting up JMS benchmark connections... 

Start processing messages.
Fri Dec 02 01:28:18 EST 2011

  Seconds   Send   Send/Sec   Recv   Recv/Sec   RCV0   RCV1   RCV2   RCV3   RCV4   RCV5   RCV6   RCV7   RCV8   RCV9  SND10  SND11  SND12  SND13  SND14  SND15  SND16  SND17  SND18  SND19
  ------- -------- -------- -------- -------- ------ ------ ------ ------ ------ ------ ------ ------ ------ ------ ------ ------ ------ ------ ------ ------ ------ ------ ------ ------
    1.076        0     0.00        0     0.00      0      0      0      0      0      0      0      0      0      0      0      0      0      0      0      0      0      0      0      0
    6.075     4543   987.39     4780  1038.90    481    475    476    476    478    477    480    482    478    477    453    451    451    453    460    453    459    456    454    453
   11.075     9458   985.21     9716  1012.08    974    968    968    969    973    972    975    976    971    970    944    945    944    943    950    944    950    951    942    945
   16.075    14642  1002.88    14920  1021.92   1493   1488   1489   1491   1494   1492   1495   1497   1491   1490   1462   1463   1463   1462   1465   1464   1466   1473   1461   1463
   21.075    19982  1019.49    20269  1034.13   2031   2022   2024   2025   2028   2027   2030   2031   2026   2025   1998   1998   1995   2001   1997   1996   1998   2010   1994   1995
   26.076    25351  1030.53    25645  1042.48   2570   2560   2561   2563   2565   2564   2566   2570   2564   2562   2533   2536   2533   2538   2535   2533   2535   2548   2533   2527
   31.075    30343  1021.79    30640  1035.14   3070   3060   3060   3062   3064   3063   3065   3070   3065   3061   3030   3035   3031   3039   3032   3032   3035   3049   3032   3028
   36.075    35317  1019.30    35620  1024.90   3568   3558   3559   3560   3562   3560   3562   3568   3563   3560   3527   3532   3528   3537   3528   3530   3533   3547   3530   3525
   41.075    40682  1031.24    40991  1033.02   4106   4095   4096   4097   4099   4097   4098   4106   4100   4097   4063   4069   4065   4073   4065   4067   4069   4085   4066   4060
   46.076    46116  1038.26    46433  1039.50   4650   4637   4639   4643   4642   4644   4642   4651   4645   4640   4608   4610   4611   4617   4607   4611   4612   4630   4606   4604
   51.075    51052  1028.19    51424  1029.43   5149   5137   5137   5143   5143   5141   5140   5150   5146   5138   5106   5109   5108   5114   5109   5110   5111   5081   5105   5099
   56.075    55977  1016.01    56300  1016.98   5601   5641   5639   5646   5646   5644   5642   5603   5598   5640   5609   5562   5611   5616   5562   5612   5613   5582   5608   5602
   61.075    60673  1014.19    61109  1015.20   6096   6139   6137   6090   6090   6088   6140   6098   6093   6138   6107   6056   6056   6059   6055   6056   6056   6076   6052   6100
   66.075    65982  1029.03    66306  1029.73   6638   6626   6624   6631   6631   6630   6627   6640   6634   6625   6596   6598   6597   6602   6596   6596   6598   6619   6593   6587
   71.075    71150  1022.42    71479  1023.09   7158   7140   7141   7148   7148   7148   7141   7160   7153   7142   7110   7119   7113   7117   7113   7111   7113   7139   7112   7103
   76.075    76358  1014.83    76685  1015.17   7678   7661   7663   7668   7668   7668   7663   7679   7673   7664   7631   7639   7635   7639   7632   7633   7634   7657   7633   7625
   81.076    81757  1028.73    82082  1028.83   8217   8202   8203   8207   8208   8208   8204   8217   8212   8204   8172   8178   8175   8179   8172   8173   8174   8198   8171   8165
   86.075    86760  1029.60    87082  1027.85   8718   8701   8703   8707   8708   8709   8704   8717   8713   8702   8672   8679   8675   8678   8672   8674   8674   8700   8672   8664
   91.075    91942  1042.82    92262  1038.86   9238   9219   9221   9225   9225   9226   9221   9237   9231   9219   9191   9199   9192   9196   9189   9193   9191   9219   9191   9181
   96.075    97173  1031.14    97479  1032.38   9755   9750   9751   9751   9752   9751   9733   9755   9750   9731   9722   9716   9719   9725   9717   9717   9719   9731   9713   9694
  101.075   102105  1037.05   102471  1040.00  10244  10239  10240  10240  10241  10240  10273  10244  10240  10270  10211  10204  10207  10214  10204  10203  10207  10220  10202  10233
  106.075   106994  1026.41   107352  1025.81  10733  10728  10730  10729  10729  10729  10758  10733  10728  10755  10698  10694  10696  10703  10693  10695  10697  10708  10691  10719
  111.075   111904  1009.93   112262  1009.30  11224  11219  11220  11220  11220  11220  11250  11224  11218  11247  11189  11187  11187  11193  11184  11186  11187  11198  11182  11211
  116.075   116904  1009.93   117262  1009.50  11727  11722  11720  11723  11719  11718  11746  11726  11717  11744  11688  11689  11687  11692  11687  11685  11690  11698  11680  11708
  121.075   121938  1004.90   122297  1004.50  12231  12226  12223  12228  12222  12221  12248  12232  12220  12246  12192  12193  12190  12195  12191  12188  12195  12201  12183  12210
  126.075   126958   994.26   127322   992.72  12739  12734  12730  12735  12729  12729  12706  12738  12728  12754  12700  12698  12697  12703  12699  12695  12701  12709  12690  12666
  131.075   131872   984.53   132185   984.36  13230  13225  13221  13226  13220  13220  13199  13229  13219  13196  13193  13189  13189  13193  13191  13186  13192  13200  13181  13158
  136.076   136774   984.13   137089   984.36  13721  13716  13711  13717  13710  13710  13689  13719  13709  13687  13683  13680  13679  13683  13682  13676  13683  13690  13670  13648
  141.075   141818   988.36   142133   988.59  14224  14219  14217  14220  14215  14214  14195  14224  14213  14192  14187  14184  14183  14188  14186  14180  14187  14194  14174  14155
  146.075   146952   993.79   147275   994.23  14738  14733  14731  14734  14729  14727  14711  14738  14726  14708  14700  14698  14695  14701  14699  14693  14700  14707  14688  14671
  151.075   151732   991.38   152005   991.81  15186  15182  15179  15182  15228  15225  15208  15186  15224  15205  15199  15145  15144  15199  15148  15192  15147  15204  15186  15168
  156.075   156433   987.48   156807   986.21  15681  15677  15675  15678  15673  15670  15702  15682  15669  15700  15643  15641  15639  15644  15643  15637  15643  15650  15631  15662
  161.075   161359   987.79   161738   988.32  16173  16171  16168  16172  16165  16162  16195  16177  16161  16194  16135  16134  16130  16135  16137  16129  16137  16143  16123  16156
  166.075   166327   990.07   166703   990.44  16670  16668  16665  16669  16662  16659  16690  16673  16658  16689  16631  16632  16627  16632  16633  16626  16633  16639  16621  16653
  171.075   171269   986.64   171644   986.91  17165  17163  17159  17163  17157  17153  17184  17166  17152  17182  17125  17127  17122  17125  17128  17120  17128  17134  17116  17144
  176.075   176281   982.48   176660   982.65  17672  17670  17666  17669  17663  17658  17643  17673  17657  17689  17631  17633  17628  17630  17635  17625  17635  17640  17622  17602
  181.075   181501   993.83   181832   994.06  18195  18191  18187  18192  18185  18182  18164  18195  18181  18160  18153  18155  18151  18153  18156  18146  18156  18163  18144  18124
  186.075   186498   993.86   186828   997.35  18694  18690  18687  18691  18686  18681  18664  18693  18681  18661  18652  18655  18650  18653  18656  18646  18655  18664  18644  18623
  191.075   191367   992.48   191696   992.42  19181  19176  19174  19177  19174  19167  19151  19179  19167  19150  19139  19141  19136  19143  19143  19132  19141  19152  19130  19110
  196.075   196145   987.18   196524   987.32  19663  19659  19657  19660  19657  19649  19634  19662  19650  19633  19621  19624  19619  19626  19577  19615  19623  19635  19612  19593
  201.075   200972   986.71   201248   986.71  20105  20101  20150  20103  20101  20141  20126  20153  20143  20125  20113  20068  20112  20119  20069  20108  20067  20126  20104  20086
  206.075   206015   992.75   206350   992.95  20625  20623  20620  20624  20621  20661  20645  20624  20662  20645  20631  20587  20631  20589  20589  20627  20586  20595  20574  20606
  211.075   210833   982.68   211223   983.05  21121  21118  21118  21120  21119  21111  21143  21121  21111  21141  21078  21084  21077  21087  21086  21074  21082  21091  21071  21103
  216.075   215783   981.04   216176   981.48  21616  21613  21613  21615  21614  21605  21640  21616  21605  21639  21572  21580  21571  21582  21582  21568  21576  21587  21566  21599
  221.075   220725   983.49   221119   983.99  22111  22108  22108  22110  22107  22099  22134  22110  22099  22133  22066  22073  22065  22076  22076  22062  22072  22081  22061  22093
  226.075   225669   989.09   226059   987.82  22605  22602  22601  22603  22600  22593  22629  22604  22593  22629  22560  22566  22560  22571  22569  22557  22566  22577  22556  22587
  231.075   230703   996.01   231052  1000.13  23115  23112  23111  23113  23109  23102  23087  23114  23102  23087  23069  23076  23068  23080  23077  23065  23074  23085  23064  23045
  236.075   235660   988.32   236011   985.64  23610  23606  23606  23608  23605  23599  23585  23609  23597  23586  23565  23572  23565  23576  23571  23560  23568  23581  23560  23542
  241.075   240497   985.57   240841   984.03  24093  24090  24089  24091  24087  24082  24068  24092  24079  24070  24049  24057  24048  24061  24056  24043  24052  24063  24042  24026
  246.075   245733   988.15   246074   988.29  24620  24614  24612  24616  24609  24606  24589  24615  24602  24591  24573  24580  24571  24585  24581  24568  24577  24586  24564  24548
  251.075   250803   996.04   251198   996.04  25131  25125  25125  25127  25121  25118  25104  25128  25114  25105  25085  25091  25083  25096  25042  25079  25088  25100  25077  25062
  256.075   255721   996.34   256160   996.44  25626  25619  25621  25622  25618  25616  25602  25624  25612  25600  25585  25586  25580  25540  25536  25578  25584  25597  25575  25560
  261.075   260438   992.95   260875   992.62  26073  26066  26068  26069  26113  26111  26100  26070  26109  26096  26032  26033  26075  26038  26034  26073  26031  26044  26022  26056
  266.075   265477   998.96   265869   998.69  26586  26580  26583  26583  26578  26577  26615  26584  26574  26609  26546  26546  26541  26552  26546  26539  26545  26557  26536  26569
  271.076   270626  1009.36   271011  1009.06  27101  27094  27097  27098  27092  27091  27129  27098  27088  27123  27061  27059  27055  27067  27063  27053  27061  27072  27051  27084
  276.075   275516   997.89   275898   997.72  27591  27583  27585  27588  27582  27580  27616  27587  27578  27608  27550  27549  27546  27556  27550  27543  27550  27562  27540  27570
  281.075   280409   991.78   280747   989.87  28081  28074  28073  28078  28071  28069  28057  28077  28066  28101  28038  28040  28035  28046  28038  28032  28040  28051  28028  28061
  286.075   285362   988.46   285703   988.29  28582  28576  28573  28578  28571  28569  28558  28577  28567  28552  28538  28542  28535  28546  28538  28531  28541  28551  28528  28512
  291.075   290459  1000.91   290803   997.75  29092  29086  29083  29087  29083  29079  29067  29088  29078  29060  29048  29052  29045  29057  29047  29041  29051  29060  29038  29020
  296.075   295464   994.60   295803   994.60  29592  29587  29584  29588  29583  29578  29566  29589  29577  29559  29550  29553  29545  29557  29549  29541  29552  29560  29538  29519
  301.075   300457   986.38   300799   986.48  30092  30087  30084  30088  30082  30077  30065  30088  30077  30059  30050  30052  30045  30057  30047  30040  30050  30060  30038  30018
  306.075   305316   986.85   305703   987.01  30582  30577  30575  30578  30574  30567  30555  30579  30568  30548  30542  30543  30535  30548  30536  30531  30493  30551  30530  30507
  311.075   310333   995.50   310718   997.15  31048  31043  31092  31044  31091  31084  31072  31095  31084  31065  31059  31009  31052  31014  31002  31048  31009  31067  31047  31026
  316.075   315381  1003.96   315766  1003.76  31568  31563  31561  31565  31560  31606  31591  31564  31604  31584  31528  31529  31572  31534  31522  31568  31530  31535  31516  31547
  321.075   320421  1003.79   320806  1003.52  32080  32075  32077  32079  32076  32069  32104  32080  32068  32098  32044  32043  32036  32048  32036  32031  32042  32049  32032  32060
  326.076   325367  1001.81   325752  1001.74  32574  32569  32571  32574  32570  32564  32601  32574  32563  32592  32538  32538  32531  32542  32531  32527  32536  32543  32526  32555
  331.076   330352  1001.44   330741  1001.17  33070  33067  33068  33070  33068  33064  33107  33071  33063  33093  33035  33035  33030  33038  33030  33027  33033  33042  33025  33057
  336.075   335684  1017.42   336018  1015.64  33606  33601  33601  33604  33601  33598  33585  33605  33596  33621  33569  33570  33564  33572  33564  33560  33567  33575  33558  33585
  341.075   341044  1025.54   341371  1026.95  34142  34137  34136  34141  34135  34132  34120  34141  34130  34157  34104  34110  34098  34109  34104  34094  34101  34110  34094  34120
  346.075   345857  1016.01   346232  1013.99  34629  34624  34621  34627  34621  34617  34606  34628  34615  34644  34591  34597  34583  34597  34589  34579  34588  34596  34579  34558
  351.075   351135  1020.03   351464  1018.12  35158  35153  35150  35156  35150  35145  35133  35156  35144  35119  35119  35125  35111  35125  35118  35107  35116  35124  35107  35083
  356.075   356477  1029.50   356811  1029.40  35690  35685  35686  35689  35685  35680  35672  35689  35678  35657  35653  35658  35646  35659  35652  35642  35649  35659  35640  35619
  361.075   361442  1031.41   361940  1031.28  36203  36198  36199  36204  36199  36193  36185  36202  36191  36166  36167  36114  36160  36117  36109  36155  36163  36173  36154  36130
  366.075   366306  1021.01   366647  1021.24  36650  36644  36646  36648  36646  36688  36679  36697  36686  36663  36613  36614  36655  36618  36607  36649  36607  36667  36649  36627
  371.075   371338  1011.48   371679  1011.91  37159  37152  37154  37158  37153  37196  37187  37156  37194  37170  37120  37123  37163  37126  37117  37157  37114  37175  37107  37136
  376.075   376217  1017.05   376609  1017.62  37665  37655  37656  37663  37655  37647  37692  37658  37645  37673  37624  37627  37615  37630  37621  37608  37616  37627  37610  37639
  381.075   381583  1019.63   381978  1021.95  38202  38191  38191  38202  38191  38181  38234  38194  38180  38212  38159  38166  38150  38167  38160  38142  38152  38163  38144  38180
  386.075   386669  1011.48   387005  1011.54  38709  38699  38701  38709  38701  38691  38686  38704  38690  38715  38669  38672  38661  38674  38667  38653  38661  38673  38656  38683
  391.075   391884  1020.07   392218  1014.46  39230  39220  39222  39228  39222  39214  39208  39225  39213  39236  39191  39192  39186  39195  39186  39176  39182  39196  39178  39202
  396.075   397259  1033.52   397594  1033.32  39768  39758  39760  39765  39760  39751  39744  39763  39750  39775  39729  39729  39723  39732  39723  39713  39720  39733  39714  39743
  401.075   402451  1035.64   402845  1031.01  40294  40284  40285  40291  40285  40274  40266  40288  40273  40305  40254  40256  40247  40258  40248  40236  40244  40258  40239  40211
  406.075   407607  1039.67   407945  1041.31  40807  40799  40800  40803  40800  40792  40786  40803  40790  40765  40769  40770  40763  40771  40761  40752  40759  40774  40755  40733
  411.075   412640  1026.21   412976  1026.01  41309  41303  41304  41306  41303  41295  41290  41307  41293  41266  41272  41273  41267  41274  41264  41255  41263  41278  41260  41234
  416.075   417956  1036.75   418345  1038.52  41847  41840  41840  41843  41839  41831  41826  41845  41828  41806  41807  41760  41803  41810  41801  41789  41800  41815  41796  41775
  421.075   422725  1024.90   423119  1025.14  42283  42327  42327  42279  42326  42320  42314  42332  42318  42293  42293  42246  42291  42247  42237  42277  42287  42302  42283  42262
  426.075   427547  1014.73   427990  1015.03  42789  42784  42784  42786  42784  42828  42821  42788  42825  42801  42751  42751  42750  42753  42744  42783  42744  42760  42741  42770
  431.075   432700  1011.64   433114  1012.32  43307  43303  43302  43304  43301  43294  43338  43304  43342  43319  43264  43269  43265  43269  43258  43301  43260  43275  43254  43285
  436.075   437663  1006.88   438071  1009.23  43807  43803  43803  43806  43802  43794  43840  43805  43792  43819  43766  43770  43766  43770  43760  43751  43763  43777  43755  43785
  441.076   442718  1007.72   443081  1008.62  44313  44308  44309  44312  44308  44300  44296  44311  44299  44325  44272  44275  44273  44274  44267  44256  44268  44283  44261  44289
  446.076   447684   995.97   448055   995.37  44810  44805  44806  44809  44806  44798  44792  44808  44798  44823  44768  44772  44770  44769  44764  44753  44766  44779  44756  44787
  451.075   452639  1002.21   453010  1001.44  45306  45301  45302  45304  45302  45293  45287  45303  45294  45318  45263  45267  45266  45264  45260  45250  45262  45274  45252  45281
  456.075   457866  1011.11   458293  1004.16  45835  45831  45831  45832  45832  45817  45810  45832  45820  45853  45792  45796  45796  45790  45789  45776  45791  45802  45782  45752
  461.075   462851  1000.34   463212  1000.17  46331  46327  46327  46328  46328  46316  46312  46330  46319  46294  46289  46292  46294  46289  46285  46275  46287  46301  46280  46259
  466.075   467750   996.74   468110   996.78  46821  46817  46817  46817  46817  46806  46802  46820  46809  46784  46780  46782  46784  46780  46775  46764  46776  46791  46770  46748
  471.075   472679   990.67   473035   992.05  47314  47312  47309  47309  47309  47299  47295  47312  47302  47274  47273  47277  47277  47272  47270  47256  47269  47285  47261  47239
  476.075   477382   987.15   477783   986.51  47751  47750  47793  47793  47793  47785  47779  47795  47785  47759  47757  47714  47715  47756  47707  47739  47753  47769  47746  47726
  481.075   482187   988.19   482594   987.72  48250  48249  48244  48244  48244  48287  48281  48246  48287  48262  48208  48212  48213  48257  48207  48242  48205  48220  48196  48227
  486.075   487437   988.76   487787   987.99  48780  48779  48773  48773  48773  48766  48810  48776  48767  48790  48737  48740  48744  48735  48737  48775  48735  48750  48726  48758
  491.075   492440   991.21   492845   992.68  49285  49283  49278  49278  49280  49272  49316  49283  49274  49296  49243  49246  49248  49241  49242  49227  49240  49256  49233  49264
  496.076   497810  1007.05   498215  1006.85  49824  49820  49815  49815  49817  49808  49851  49820  49811  49834  49779  49784  49785  49778  49779  49764  49778  49793  49769  49801
  501.075   503007  1015.60   503362  1015.57  50343  50341  50335  50335  50338  50324  50317  50341  50330  50358  50298  50303  50305  50297  50300  50281  50296  50312  50288  50327
  506.076   508117  1031.38   508532  1030.17  50860  50856  50853  50852  50853  50843  50839  50858  50847  50871  50815  50819  50820  50816  50813  50800  50811  50829  50804  50790
  511.076   513498  1047.25   513920  1044.36  51398  51395  51392  51391  51393  51382  51378  51397  51385  51409  51353  51359  51359  51353  51351  51339  51347  51367  51342  51328
  516.075   518821  1043.46   519237  1044.13  51930  51926  51924  51922  51925  51914  51911  51928  51917  51940  51886  51891  51891  51887  51883  51871  51879  51899  51874  51860
  521.075   523826  1039.53   524198  1040.13  52431  52428  52425  52423  52426  52416  52413  52428  52418  52390  52386  52392  52391  52387  52385  52372  52379  52399  52375  52360
  526.075   528791  1026.44   529173  1025.71  52927  52928  52921  52919  52923  52914  52909  52924  52916  52892  52881  52891  52887  52883  52881  52868  52875  52896  52871  52858
  531.075   533747  1018.39   534126  1019.19  53428  53379  53421  53420  53423  53414  53410  53424  53416  53391  53381  53342  53387  53384  53383  53369  53376  53396  53371  53358
  536.075   538516  1008.62   538894  1007.38  53860  53861  53903  53902  53903  53897  53891  53906  53898  53873  53863  53825  53868  53865  53815  53851  53858  53878  53854  53839
  541.076   543529  1006.14   544001  1004.60  54391  54390  54384  54384  54385  54428  54421  54388  54427  54403  54346  54354  54350  54347  54344  54382  54340  54360  54338  54368
  546.076   548553   995.74   548980   996.21  54899  54899  54891  54891  54892  54886  54932  54895  54883  54912  54853  54863  54857  54853  54852  54839  54846  54866  54845  54879
  551.075   553720  1001.48   554140  1003.09  55416  55415  55406  55406  55407  55403  55448  55411  55401  55427  55368  55379  55372  55371  55369  55357  55364  55382  55364  55394
  556.075   559076  1014.60   559448  1014.29  55952  55951  55942  55942  55943  55938  55934  55946  55937  55963  55904  55915  55909  55906  55904  55893  55898  55918  55899  55930
  561.075   564302  1023.59   564675  1023.46  56475  56475  56464  56464  56467  56461  56454  56469  56460  56486  56426  56439  56432  56427  56427  56415  56419  56441  56421  56455
  566.075   569457  1036.54   569885  1036.51  56995  56995  56984  56986  56989  56982  56976  56990  56981  57007  56947  56959  56954  56947  56947  56935  56940  56963  56941  56924
  571.075   574851  1044.40   575270  1042.69  57534  57532  57523  57527  57530  57520  57513  57528  57519  57544  57488  57497  57496  57486  57486  57473  57478  57503  57482  57462
  576.076   580269  1054.26   580682  1053.76  58076  58074  58064  58069  58072  58060  58054  58069  58059  58085  58031  58039  58038  58027  58028  58014  58018  58046  58024  58004
  581.075   585540  1050.17   585886  1052.18  58605  58604  58589  58596  58599  58584  58580  58595  58583  58551  58558  58571  58566  58552  58556  58538  58543  58575  58554  58527
  586.075   590579  1044.46   590985  1045.60  59110  59108  59099  59103  59105  59096  59091  59105  59095  59073  59065  59028  59072  59062  59063  59051  59053  59083  59060  59042
  591.075   595594  1043.32   596098  1044.46  59583  59580  59622  59625  59627  59616  59610  59627  59616  59592  59539  59549  59545  59582  59536  59571  59573  59605  59532  59562
  596.076   600463  1035.23   600867  1032.68  60075  60071  60115  60065  60067  60109  60103  60068  60109  60085  60031  60040  60037  60075  60026  60064  60066  60047  60023  60054
  601.075   605425  1019.26   605781  1018.83  60572  60567  60560  60563  60565  60603  60599  60566  60602  60584  60529  60539  60534  60569  60523  60559  60560  60543  60520  60549
  606.075   610479  1010.40   610885  1010.20  61088  61083  61078  61078  61080  61068  61114  61081  61117  61098  61044  61054  61049  61035  61039  61025  61075  61058  61036  61064
  611.075   615798  1013.72   616204  1014.09  61624  61619  61614  61616  61618  61604  61651  61618  61603  61637  61581  61591  61586  61572  61577  61561  61561  61595  61573  61601
  616.075   621184  1022.68   621523  1022.58  62162  62157  62150  62153  62154  62138  62138  62156  62136  62179  62119  62135  62124  62108  62117  62097  62095  62133  62111  62145
  621.075   626184  1024.87   626583  1021.34  62668  62663  62656  62658  62659  62646  62646  62662  62644  62681  62624  62635  62630  62615  62620  62606  62604  62639  62616  62595
  626.075   631596  1036.78   631991  1039.63  63209  63203  63197  63199  63200  63187  63186  63203  63185  63222  63164  63175  63172  63157  63160  63148  63144  63180  63156  63140
  631.075   636514  1033.52   636862  1034.93  63702  63694  63688  63692  63693  63678  63678  63695  63676  63666  63655  63667  63664  63650  63651  63639  63635  63672  63649  63632
  636.075   641496  1030.23   641847  1028.15  64200  64192  64187  64191  64191  64177  64175  64194  64175  64165  64152  64164  64162  64148  64150  64139  64135  64170  64147  64129
  641.075   646324  1012.82   646727  1014.43  64687  64680  64674  64680  64680  64666  64661  64683  64663  64653  64640  64604  64650  64637  64636  64628  64622  64659  64633  64615
  646.075   651232   999.87   651737  1002.08  65144  65186  65180  65186  65187  65170  65167  65190  65169  65158  65146  65108  65105  65144  65094  65133  65125  65165  65089  65123
  651.075   656258  1002.52   656671  1004.63  65659  65651  65693  65650  65650  65682  65679  65655  65681  65671  65608  65622  65618  65656  65607  65644  65637  65628  65602  65636
  656.075   661256   988.62   661669   989.30  66159  66151  66191  66151  66149  66182  66179  66156  66181  66170  66109  66122  66116  66154  66107  66144  66138  66128  66102  66136
  661.075   666101   989.53   666561   989.93  66653  66643  66636  66644  66643  66678  66674  66648  66677  66665  66603  66616  66609  66600  66600  66590  66634  66623  66594  66632
  666.075   671359  1000.54   671871  1001.11  67185  67175  67167  67176  67176  67208  67203  67179  67207  67195  67134  67146  67141  67130  67131  67121  67115  67155  67126  67160
  671.075   676236  1002.01   676704  1002.42  67679  67667  67660  67668  67668  67651  67699  67671  67650  67691  67626  67640  67635  67623  67623  67613  67606  67649  67618  67603
  676.075   681097  1000.64   681503   995.74  68164  68152  68145  68153  68152  68138  68134  68155  68137  68173  68111  68126  68120  68109  68108  68100  68094  68134  68103  68092
  681.075   686088   991.14   686496   997.55  68663  68652  68644  68653  68651  68637  68633  68654  68636  68673  68611  68624  68619  68608  68607  68600  68592  68633  68603  68591
  686.075   691144   992.89   691493   992.42  69168  69156  69151  69157  69156  69140  69138  69160  69140  69127  69115  69131  69124  69114  69113  69107  69097  69139  69109  69095
  691.075   696131   993.39   696477   993.09  69668  69655  69650  69656  69655  69639  69636  69659  69638  69621  69612  69628  69623  69615  69611  69606  69595  69639  69608  69594
  696.075   701110   985.57   701451   983.62  70118  70159  70151  70160  70160  70140  70137  70163  70139  70124  70116  70078  70129  70116  70116  70107  70094  70146  70114  70094
  701.075   706410  1000.97   706857  1003.62  70662  70697  70692  70698  70700  70681  70680  70702  70679  70666  70655  70622  70618  70657  70654  70647  70637  70632  70651  70637
  706.075   711133  1001.21   711531  1002.62  71148  71134  71179  71135  71138  71169  71166  71141  71168  71153  71093  71109  71104  71145  71091  71135  71125  71118  71087  71126
  711.075   715971   997.75   716420   997.45  71637  71623  71667  71624  71629  71658  71655  71630  71657  71640  71583  71599  71592  71584  71580  71623  71613  71607  71576  71614
  716.075   720920   995.70   721378   997.62  72138  72124  72117  72125  72127  72162  72157  72129  72160  72139  72082  72099  72090  72083  72079  72073  72116  72107  72074  72117
  721.075   725846   997.15   726308   999.03  72642  72628  72620  72629  72631  72610  72663  72633  72609  72643  72586  72604  72594  72588  72582  72575  72563  72611  72578  72565
  726.075   730905   997.99   731373  1000.27  73149  73133  73127  73135  73137  73117  73170  73138  73116  73151  73090  73111  73100  73093  73088  73081  73070  73117  73082  73073
  731.075   736001   989.70   736407   988.36  73655  73643  73637  73644  73646  73628  73623  73648  73627  73656  73601  73617  73608  73604  73598  73591  73580  73625  73594  73583
  736.075   740822   986.44   741231   986.81  74138  74125  74119  74127  74129  74111  74105  74130  74110  74137  74083  74098  74090  74086  74081  74073  74061  74108  74076  74066
  741.076   745669   984.90   746071   984.97  74622  74609  74603  74611  74613  74595  74588  74614  74594  74622  74566  74584  74574  74571  74565  74556  74546  74593  74562  74552
  746.075   750724   990.50   751174   988.62  75132  75119  75114  75121  75123  75106  75098  75126  75104  75131  75076  75046  75083  75081  75076  75066  75057  75104  75072  75063
  751.075   755746   991.41   756144   992.72  75590  75628  75622  75629  75630  75611  75603  75633  75610  75588  75583  75551  75591  75589  75584  75575  75562  75562  75579  75570
  756.075   760591   986.48   760993   984.26  76081  76116  76111  76117  76118  76102  76093  76074  76101  76080  76070  76042  76079  76077  76025  76064  76052  76054  76067  76061
  761.075   765301   978.16   765748   979.53  76571  76557  76603  76558  76559  76593  76583  76563  76592  76569  76512  76532  76521  76519  76515  76556  76542  76544  76508  76552
  766.076   770250   983.52   770701   983.02  77070  77056  77051  77057  77058  77098  77085  77061  77097  77068  77012  77032  77019  77019  77013  77002  77045  77044  77007  77057
  771.075   775349   994.06   775860   993.79  77585  77573  77568  77574  77574  77613  77601  77577  77613  77582  77527  77547  77535  77535  77529  77522  77561  77558  77523  77512
  776.075   780609  1001.01   780996   998.89  78110  78100  78095  78101  78100  78077  78123  78104  78078  78108  78053  78072  78062  78062  78057  78050  78080  78085  78050  78038
  781.075   785500   995.17   785945   995.07  78605  78593  78588  78594  78593  78577  78617  78599  78577  78602  78547  78567  78555  78555  78551  78543  78525  78579  78543  78535
  786.076   790464   997.35   790912   998.89  79104  79090  79085  79091  79090  79072  79113  79096  79073  79098  79044  79063  79051  79051  79047  79039  79020  79078  79039  79032
  791.076   795605  1008.72   796003  1007.05  79617  79604  79599  79605  79603  79586  79578  79609  79589  79613  79557  79577  79566  79565  79561  79553  79536  79592  79552  79546
  796.075   800689  1010.34   801090  1008.66  80127  80112  80107  80111  80110  80096  80089  80118  80098  80122  80065  80086  80075  80073  80068  80060  80046  80101  80060  80055
  801.076   805587  1005.03   806031  1002.79  80578  80611  80607  80609  80609  80595  80587  80616  80597  80622  80564  80537  80574  80573  80566  80562  80545  80552  80559  80555
  806.075   810632   996.01   811029   997.95  81082  81117  81111  81113  81114  81100  81092  81120  81103  81077  81069  81042  81078  81078  81071  81067  81048  81056  81063  81060
  811.076   815724  1002.62   816184  1001.04  81596  81632  81627  81630  81628  81618  81607  81636  81620  81590  81585  81553  81537  81592  81587  81584  81565  81569  81577  81575
  816.075   820666  1006.41   821124  1006.71  82109  82089  82135  82088  82136  82127  82118  82094  82128  82100  82092  82068  82051  82050  82045  82091  82073  82082  82033  82081
  821.075   825659  1005.34   826137  1006.41  82619  82603  82597  82601  82598  82635  82628  82607  82637  82612  82552  82574  82562  82559  82556  82550  82582  82592  82544  82588
  826.075   830575  1001.17   831060  1002.32  83117  83100  83094  83099  83094  83133  83124  83105  83086  83108  83047  83070  83060  83054  83051  83045  83081  83090  83041  83036
  831.075   835535  1001.48   836022  1004.70  83618  83602  83596  83601  83594  83582  83626  83607  83586  83610  83552  83571  83558  83556  83552  83546  83531  83593  83542  83534
  836.075   840678  1004.90   841176  1008.29  84132  84117  84112  84116  84109  84100  84140  84123  84103  84124  84065  84087  84074  84068  84065  84058  84046  84107  84057  84051
  841.076   845875  1008.46   846383  1008.36  84652  84636  84635  84634  84631  84622  84661  84644  84624  84644  84583  84606  84594  84588  84585  84580  84564  84627  84578  84570
  846.076   850686   992.28   851136   993.72  85124  85119  85120  85120  85120  85091  85080  85123  85118  85121  85073  85076  85075  85073  85064  85066  85033  85098  85063  85065
  851.075   855587   992.35   856141   993.19  85625  85620  85620  85621  85620  85592  85579  85624  85618  85622  85572  85526  85576  85574  85560  85568  85534  85549  85562  85566
  856.075   860252   994.26   860719   995.27  86072  86067  86067  86069  86067  86091  86079  86071  86067  86069  86018  86022  86023  86022  86008  86013  86031  86046  86057  86012
  861.075   865321   999.53   865839   998.96  86583  86579  86579  86580  86580  86605  86591  86583  86578  86581  86532  86531  86537  86532  86518  86525  86542  86557  86522  86525
  866.075   870394   997.18   870912   996.17  87091  87086  87086  87086  87088  87112  87098  87091  87086  87088  87039  87039  87046  87039  87026  87033  87048  87064  87029  87031
  871.075   875428   990.07   875963   990.94  87596  87591  87591  87593  87593  87616  87604  87596  87589  87594  87542  87543  87549  87542  87529  87537  87550  87568  87532  87536
  876.075   880375   994.63   880923   997.92  88092  88088  88088  88090  88088  88110  88100  88092  88085  88090  88037  88037  88044  88037  88023  88033  88045  88064  88026  88029
  881.075   885450   998.69   885996   998.42  88600  88595  88595  88598  88595  88617  88606  88600  88592  88598  88544  88546  88551  88545  88530  88541  88551  88571  88533  88538
  886.075   890641  1006.68   891135  1014.13  89118  89114  89114  89117  89114  89085  89126  89119  89111  89117  89063  89064  89070  89064  89050  89060  89071  89090  89052  89057
  891.075   895442   996.44   895987   997.28  89603  89599  89599  89603  89599  89572  89611  89603  89597  89601  89545  89549  89556  89549  89535  89545  89510  89574  89538  89541
  896.075   900360   990.81   900912   991.95  90096  90090  90092  90097  90092  90063  90104  90095  90090  90093  90036  90043  90049  90041  90026  90037  90000  90067  90029  90032
  901.075   905152   984.03   905654   984.60  90580  90575  90576  90532  90576  90546  90538  90579  90575  90577  90519  90528  90533  90524  90510  90522  90484  90501  90514  90517
  906.075   910314   996.95   910959   997.11  91110  91104  91105  91066  91105  91079  91073  91107  91104  91106  91048  91012  91016  91053  91039  91006  91019  91034  91042  91045
  911.075   915434  1002.82   915886  1003.02  91589  91582  91584  91591  91584  91604  91599  91586  91582  91585  91578  91535  91541  91532  91568  91532  91544  91560  91520  91524
  916.075   920430   999.66   920975  1001.38  92097  92089  92093  92104  92090  92118  92110  92093  92089  92092  92034  92045  92051  92040  92024  92045  92059  92074  92026  92032
  921.075   925647  1011.98   926195  1013.69  92619  92612  92617  92625  92613  92633  92631  92616  92614  92615  92559  92568  92573  92562  92548  92564  92575  92593  92550  92555
  926.075   930791  1019.56   931342  1019.53  93133  93129  93129  93138  93130  93146  93145  93133  93128  93131  93076  93082  93086  93078  93062  93077  93088  93108  93066  93068
  931.076   936241  1041.51   936792  1041.38  93678  93674  93674  93683  93675  93691  93690  93678  93673  93676  93621  93627  93631  93623  93608  93622  93633  93652  93611  93613
  936.075   941105  1026.54   941648  1024.83  94163  94159  94159  94170  94160  94177  94177  94163  94159  94161  94108  94115  94117  94109  94094  94108  94121  94139  94096  94098
  941.075   946496  1033.83   947037  1040.23  94702  94699  94698  94709  94699  94715  94716  94701  94698  94700  94648  94654  94656  94649  94633  94647  94659  94678  94634  94638
  946.075   951790  1040.81   952384  1037.52  95241  95235  95231  95243  95233  95248  95250  95235  95231  95237  95184  95190  95190  95185  95165  95183  95144  95211  95167  95171
  951.076   956916  1034.19   957413  1034.16  95754  95748  95744  95756  95745  95711  95714  95748  95743  95750  95696  95702  95702  95698  95679  95695  95657  95724  95680  95683
  956.075   961784  1025.37   962272  1025.20  96246  96241  96235  96193  96238  96199  96201  96241  96236  96242  96189  96197  96194  96190  96172  96189  96146  96162  96171  96174
  961.075   966909  1021.28   967546  1021.01  96771  96766  96762  96725  96765  96728  96731  96768  96763  96767  96669  96673  96719  96716  96699  96665  96675  96693  96699  96701
  966.075   971727  1022.75   972173  1022.72  97214  97209  97253  97218  97208  97220  97223  97211  97206  97211  97159  97163  97163  97159  97189  97157  97169  97186  97190  97192
  971.075   976962  1018.66   977399  1018.86  97745  97740  97727  97745  97734  97748  97752  97734  97732  97742  97687  97690  97693  97689  97665  97685  97700  97715  97718  97720
  976.075   981744  1003.49   982295  1003.72  98234  98231  98219  98233  98225  98235  98239  98226  98222  98231  98176  98179  98182  98178  98156  98172  98187  98201  98156  98157
  981.075   986633   995.64   987185   999.09  98723  98719  98709  98722  98715  98723  98728  98715  98711  98720  98667  98667  98670  98667  98645  98660  98675  98690  98645  98647
  986.075   991840  1007.01   992389  1007.32  99243  99241  99229  99243  99234  99245  99248  99234  99230  99242  99188  99187  99191  99189  99165  99182  99196  99211  99165  99166
  991.075   996886   994.53   997435   993.15  99748  99746  99734  99749  99738  99749  99753  99737  99733  99748  99693  99692  99697  99693  99669  99686  99700  99716  99669  99671
  996.075  1001753   997.68  1002356  1002.89 100240 100237 100226 100241 100230 100240 100247 100231 100225 100239 100184 100182 100188 100185 100161 100178 100142 100209 100161 100163
 1001.075  1006894   994.56  1007496   996.71 100753 100752 100739 100755 100744 100753 100762 100746 100738 100754 100697 100697 100702 100700 100674 100692 100657 100724 100675 100676
 1006.075  1011800   993.79  1012346   993.62 101243 101241 101231 101244 101234 101242 101202 101236 101230 101243 101187 101187 101193 101189 101164 101182 101148 101213 101168 101169
 1011.075  1016341   991.98  1016936   991.78 101680 101675 101713 101679 101718 101676 101686 101719 101712 101678 101622 101625 101628 101625 101646 101617 101631 101647 101650 101650
 1016.075  1021203   980.23  1021795   979.93 102164 102161 102200 102165 102207 102160 102172 102205 102199 102162 102107 102109 102112 102110 102134 102103 102119 102134 102137 102138
 1021.075  1026067   972.65  1026606   973.96 102652 102649 102684 102653 102643 102647 102659 102688 102682 102649 102594 102597 102600 102598 102618 102591 102607 102620 102621 102621
 1026.075  1030822   973.86  1031367   973.52 103142 103139 103127 103144 103134 103137 103149 103132 103124 103139 103084 103087 103090 103087 103061 103081 103096 103109 103063 103064
 1031.075  1036076   977.35  1036618   977.25 103667 103663 103651 103671 103659 103663 103676 103655 103648 103665 103609 103611 103616 103613 103585 103605 103628 103634 103587 103588
 1036.075  1041199   984.90  1041748   985.00 104180 104175 104163 104184 104173 104177 104188 104168 104162 104178 104124 104124 104128 104127 104098 104116 104135 104146 104100 104101
 1041.075  1045999   993.69  1046555   990.81 104660 104656 104643 104665 104655 104656 104669 104650 104643 104658 104604 104603 104607 104604 104580 104596 104616 104625 104582 104582
 1046.075  1050915   990.20  1051530   989.26 105156 105155 105140 105163 105153 105154 105167 105147 105139 105156 105100 105100 105101 105101 105077 105093 105063 105122 105079 105079
 1051.075  1055993   994.30  1056614   995.23 105666 105664 105649 105670 105661 105662 105675 105654 105649 105664 105606 105604 105610 105608 105584 105603 105572 105631 105587 105588
 1056.075  1060951   999.33  1061531  1002.11 106162 106160 106145 106168 106157 106158 106123 106151 106147 106160 106100 106101 106104 106106 106079 106100 106070 106127 106081 106083
 1061.075  1065951   988.79  1066477   989.97 106662 106662 106643 106618 106657 106658 106623 106649 106646 106659 106599 106601 106604 106605 106579 106600 106570 106629 106581 106583
 1066.076  1071043   991.85  1071677   992.99 107187 107137 107168 107143 107182 107183 107147 107173 107172 107185 107123 107126 107127 107081 107101 107074 107095 107104 107104 107108
 1071.075  1075859   996.91  1076439   997.72 107633 107633 107664 107638 107629 107629 107642 107669 107670 107632 107569 107574 107574 107577 107599 107570 107591 107600 107600 107605
 1076.075  1080687   991.95  1081276   992.82 108114 108118 108146 108124 108111 108113 108127 108153 108153 108117 108050 108057 108054 108061 108082 108055 108074 108085 108082 108087
 1081.075  1085762   993.42  1086355   994.23 108626 108630 108663 108636 108625 108626 108638 108670 108613 108628 108562 108569 108566 108574 108543 108565 108586 108594 108598 108605
 1086.075  1090823   999.13  1091416  1001.21 109140 109143 109168 109148 109138 109139 109150 109124 109125 109141 109076 109082 109079 109086 109055 109078 109094 109109 109103 109061
 1091.075  1095707   996.78  1096296   997.18 109634 109636 109612 109640 109633 109632 109641 109617 109618 109633 109571 109575 109574 109579 109548 109571 109587 109602 109547 109553
 1096.075  1100637   989.97  1101230   985.44 110127 110129 110107 110132 110127 110126 110133 110110 110112 110127 110063 110068 110067 110072 110042 110064 110081 110096 110040 110044
 1101.075  1105725   992.58  1106382   991.24 110642 110647 110619 110648 110644 110643 110651 110619 110625 110644 110579 110583 110582 110589 110555 110581 110538 110614 110550 110554
 1106.075  1110697   997.05  1111346   997.35 111136 111143 111118 111144 111139 111138 111146 111119 111123 111140 111074 111078 111077 111084 111052 111076 111041 111109 111051 111055
 1111.075  1115503   988.29  1116056   988.52 111621 111580 111603 111581 111626 111625 111582 111603 111608 111627 111560 111564 111563 111571 111537 111563 111525 111546 111536 111538
 1116.075  1120648   993.76  1121196   992.18 112144 112105 112129 112106 112099 112148 112105 112128 112131 112101 112085 112086 112088 112045 112062 112037 112048 112069 112063 112065
 1121.075  1125727   998.79  1126284   999.43 112658 112620 112640 112621 112613 112610 112620 112642 112644 112616 112597 112599 112551 112560 112575 112550 112561 112581 112576 112577
 1126.075  1130515   997.58  1131125   998.15 113098 113107 113130 113109 113103 113101 113108 113132 113133 113104 113035 113039 113041 113047 113064 113038 113049 113070 113065 113067
 1131.075  1135836  1005.57  1136432  1003.56 113631 113637 113661 113638 113633 113633 113638 113663 113664 113634 113569 113572 113574 113579 113596 113570 113580 113600 113597 113599
 1136.075  1140795  1003.79  1141408  1004.56 114126 114141 114168 114141 114136 114136 114141 114171 114111 114137 114064 114067 114070 114082 114041 114073 114084 114103 114103 114108
 1141.075  1145992  1021.51  1146642  1023.12 114659 114670 114688 114668 114666 114666 114670 114644 114643 114668 114597 114601 114602 114613 114575 114603 114611 114633 114578 114579
 1146.075  1150910  1008.93  1151505  1007.28 115152 115161 115131 115160 115157 115157 115160 115135 115134 115158 115087 115093 115094 115104 115067 115094 115106 115125 115069 115071
 1151.075  1155871  1004.73  1156460  1002.45 115649 115656 115628 115656 115652 115652 115655 115630 115630 115652 115583 115589 115590 115602 115563 115589 115602 115622 115564 115567
 1156.075  1160701  1004.83  1161340  1002.62 116137 116144 116117 116143 116140 116139 116142 116119 116120 116139 116071 116077 116076 116089 116050 116078 116042 116110 116052 116056
 1161.075  1165652   990.30  1166294   990.17 116634 116638 116611 116638 116637 116634 116638 116613 116615 116636 116565 116573 116573 116584 116545 116574 116537 116604 116546 116551
 1166.076  1170613   993.96  1171255   995.00 117143 117100 117122 117101 117147 117144 117101 117125 117126 117146 117076 117083 117083 117046 117057 117037 117047 117067 117056 117061
 1171.076  1175647   988.52  1176145   986.71 117647 117604 117625 117605 117601 117599 117604 117629 117629 117602 117578 117587 117588 117550 117559 117541 117550 117570 117559 117565
 1176.075  1180516   988.46  1181063   986.88 118095 118099 118122 118100 118098 118095 118100 118127 118128 118099 118075 118035 118035 118045 118056 118037 118048 118066 118056 118063
 1181.075  1185674   995.13  1186270   995.37 118618 118620 118642 118621 118618 118616 118620 118648 118648 118619 118546 118554 118557 118566 118577 118558 118568 118587 118577 118584
 1186.075  1190907  1006.88  1191501  1007.05 119141 119142 119165 119144 119141 119139 119143 119172 119173 119141 119071 119078 119081 119088 119101 119081 119091 119108 119101 119107
 1191.075  1196090  1015.40  1196686  1015.87 119662 119665 119694 119668 119664 119660 119666 119700 119643 119664 119592 119601 119604 119611 119569 119604 119615 119631 119628 119635
 1196.075  1201106  1021.61  1201704  1020.13 120176 120177 120153 120181 120174 120172 120179 120157 120158 120177 120106 120115 120115 120124 120085 120116 120124 120143 120087 120091
