Test case: 
Description: 
	10 senders: persistent queues
	10 receivers: client acknowledge every 50 messages
Timestamp: 2011.11.2 1:28:18
Version: 
Setting up JMS benchmark connections... 

Start processing messages.
Fri Dec 02 01:28:18 EST 2011

  Seconds   Send   Send/Sec   Recv   Recv/Sec   RCV0   RCV1   RCV2   RCV3   RCV4   RCV5   RCV6   RCV7   RCV8   RCV9  SND10  SND11  SND12  SND13  SND14  SND15  SND16  SND17  SND18  SND19
  ------- -------- -------- -------- -------- ------ ------ ------ ------ ------ ------ ------ ------ ------ ------ ------ ------ ------ ------ ------ ------ ------ ------ ------ ------
    1.012        0     0.00        0     0.00      0      0      0      0      0      0      0      0      0      0      0      0      0      0      0      0      0      0      0      0
    6.013     4506   979.57     4794  1042.17    479    480    479    479    477    480    480    482    479    479    452    451    451    453    449    453    447    450    449    451
   11.012     9442   983.54     9734  1013.96    973    974    971    974    972    975    974    974    974    973    943    948    944    948    939    945    942    942    945    946
   16.012    14638  1002.60    14932  1022.74   1494   1495   1492   1494   1490   1496   1492   1494   1494   1491   1460   1465   1463   1467   1461   1462   1462   1465   1468   1465
   21.013    19983  1019.54    20285  1034.95   2029   2030   2028   2029   2026   2030   2028   2029   2029   2027   1996   2000   1998   2002   1996   1997   1996   2001   2000   1997
   26.012    25366  1031.14    25663  1043.21   2566   2569   2565   2566   2564   2569   2566   2566   2567   2565   2532   2538   2536   2540   2535   2534   2535   2542   2538   2536
   31.012    30361  1020.74    30653  1032.26   3066   3068   3064   3066   3062   3068   3064   3065   3067   3063   3030   3037   3036   3040   3035   3033   3035   3043   3037   3035
   36.012    35341  1018.02    35628  1019.80   3564   3566   3562   3563   3559   3565   3561   3563   3565   3560   3527   3536   3535   3537   3533   3531   3532   3541   3535   3534
   41.012    40709  1032.75    40999  1032.72   4101   4104   4099   4100   4096   4102   4098   4100   4102   4097   4064   4073   4071   4074   4070   4067   4069   4079   4072   4070
   46.012    46154  1039.46    46442  1039.36   4646   4649   4646   4645   4638   4647   4640   4643   4646   4642   4608   4620   4612   4616   4615   4611   4614   4624   4617   4617
   51.012    51054  1029.93    51388  1029.33   5146   5101   5145   5144   5138   5145   5140   5143   5144   5142   5110   5120   5113   5114   5115   5109   5111   5077   5070   5115
   56.012    55924  1017.05    56214  1016.81   5599   5602   5598   5597   5641   5598   5643   5645   5646   5645   5564   5622   5615   5616   5568   5561   5614   5576   5570   5618
   61.012    60673  1015.37    60959  1015.20   6093   6096   6092   6091   6086   6091   6140   6090   6090   6090   6059   6067   6112   6061   6062   6056   6059   6072   6063   6062
   66.012    66035  1029.97    66323  1030.00   6635   6638   6633   6632   6628   6634   6627   6632   6632   6632   6601   6609   6601   6603   6604   6596   6601   6613   6604   6603
   71.012    71213  1023.66    71487  1023.12   7153   7158   7150   7150   7142   7150   7143   7146   7146   7149   7118   7127   7116   7121   7121   7118   7117   7132   7124   7119
   76.012    76416  1015.47    76692  1015.07   7672   7678   7670   7670   7663   7670   7664   7668   7668   7669   7638   7647   7638   7641   7641   7637   7639   7651   7643   7641
   81.012    81810  1032.08    82089  1030.23   8212   8217   8209   8209   8203   8210   8205   8208   8208   8208   8177   8187   8177   8181   8180   8175   8179   8191   8182   8181
   86.012    86813  1031.41    87093  1034.50   8713   8717   8708   8710   8703   8711   8705   8709   8709   8708   8677   8686   8679   8680   8681   8677   8679   8691   8682   8681
   91.012    91998  1038.09    92277  1042.25   9233   9236   9225   9228   9220   9231   9222   9228   9228   9226   9198   9204   9197   9198   9200   9197   9196   9209   9201   9198
   96.012    97228  1029.60    97500  1032.48   9753   9754   9753   9753   9732   9754   9735   9756   9757   9753   9718   9730   9727   9724   9722   9713   9722   9728   9719   9725
  101.012   102116  1037.01   102490  1036.95  10242  10243  10242  10242  10271  10243  10274  10245  10246  10242  10206  10219  10216  10213  10211  10201  10211  10217  10208  10214
  106.012   107013  1026.74   107367  1026.07  10730  10731  10731  10730  10756  10731  10759  10734  10734  10731  10697  10709  10705  10701  10701  10691  10702  10705  10699  10703
  111.012   111928  1010.67   112279  1009.60  11221  11222  11222  11221  11249  11222  11251  11225  11225  11221  11186  11200  11197  11191  11194  11183  11195  11198  11190  11194
  116.012   116930  1010.64   117270  1009.36  11720  11721  11725  11720  11746  11721  11748  11725  11724  11720  11685  11702  11699  11690  11691  11681  11696  11700  11689  11697
  121.012   121970  1005.81   122300  1004.16  12223  12224  12230  12223  12248  12224  12250  12228  12227  12223  12188  12207  12204  12193  12195  12185  12201  12204  12192  12201
  126.012   127048   991.95   127274   997.38  12731  12731  12737  12731  12705  12732  12707  12735  12734  12731  12696  12712  12711  12702  12703  12692  12710  12712  12700  12710
  131.012   131959   985.44   132189   983.93  13222  13222  13229  13222  13198  13223  13200  13226  13225  13222  13187  13204  13202  13193  13193  13183  13201  13203  13192  13201
  136.012   136869   984.93   137091   983.99  13712  13712  13720  13712  13688  13713  13690  13717  13715  13712  13677  13695  13693  13684  13684  13674  13692  13694  13683  13693
  141.012   141909   988.96   142137   988.19  14216  14216  14224  14216  14194  14217  14196  14221  14220  14217  14181  14199  14196  14188  14188  14178  14197  14198  14187  14197
  146.012   146806   994.46   147226   993.93  14729  14729  14689  14729  14710  14730  14712  14735  14733  14730  14694  14665  14662  14702  14701  14692  14664  14664  14701  14661
  151.012   151627   991.85   152209   991.78  15226  15230  15185  15227  15208  15227  15210  15233  15233  15230  15191  15162  15158  15150  15198  15140  15161  15162  15149  15156
  156.012   156480   987.65   156806   987.79  15670  15674  15680  15672  15702  15672  15704  15679  15677  15676  15636  15657  15653  15646  15643  15635  15656  15658  15645  15651
  161.012   161402   988.02   161729   987.85  16161  16166  16174  16164  16195  16166  16198  16170  16168  16167  16127  16147  16145  16137  16136  16128  16149  16152  16138  16143
  166.012   166368   989.90   166695   990.07  16656  16663  16671  16661  16691  16663  16694  16667  16665  16664  16625  16644  16642  16633  16632  16623  16645  16649  16634  16641
  171.012   171312   986.68   171629   986.41  17150  17156  17166  17155  17182  17156  17185  17162  17159  17158  17118  17137  17137  17128  17128  17118  17140  17144  17127  17135
  176.012   176377   987.18   176593   983.76  17656  17662  17672  17660  17641  17662  17644  17668  17664  17664  17624  17644  17644  17634  17635  17623  17647  17650  17634  17642
  181.012   181598   995.40   181820   991.95  18179  18185  18194  18184  18164  18185  18166  18189  18187  18187  18146  18166  18165  18157  18158  18145  18168  18172  18156  18165
  186.012   186594   995.44   186819   997.15  18679  18685  18693  18685  18664  18686  18666  18689  18686  18686  18645  18666  18664  18657  18658  18645  18667  18671  18656  18665
  191.012   191419   992.79   191683   992.32  19165  19172  19179  19171  19151  19172  19153  19175  19173  19172  19131  19154  19151  19145  19146  19134  19155  19158  19143  19151
  196.012   196150   987.68   196513   987.25  19649  19655  19662  19654  19634  19655  19636  19658  19655  19655  19614  19637  19584  19628  19629  19617  19589  19592  19626  19634
  201.012   200825   987.01   201399   987.25  20142  20149  20104  20147  20128  20149  20130  20152  20148  20150  20107  20079  20076  20071  20121  20060  20082  20084  20069  20076
  206.012   205977   991.61   206346   991.71  20662  20618  20624  20616  20648  20619  20650  20621  20669  20619  20627  20599  20596  20591  20590  20582  20601  20605  20590  20596
  211.012   210901   983.32   211219   983.32  21110  21115  21121  21114  21146  21116  21148  21118  21115  21116  21076  21096  21092  21088  21086  21080  21099  21104  21088  21092
  216.012   215854   981.85   216170   981.54  21603  21610  21616  21610  21642  21611  21644  21613  21609  21612  21570  21591  21588  21583  21581  21575  21595  21601  21583  21587
  221.012   220803   984.43   221114   984.29  22098  22104  22110  22104  22137  22105  22139  22107  22104  22106  22064  22086  22083  22080  22074  22070  22089  22095  22079  22083
  226.012   225742   991.38   225966   988.36  22593  22599  22604  22600  22583  22599  22587  22602  22599  22600  22558  22579  22577  22574  22570  22564  22582  22589  22572  22577
  231.012   230829   998.46   231054   995.10  23101  23108  23113  23109  23092  23108  23096  23111  23108  23108  23067  23086  23086  23084  23079  23073  23090  23098  23081  23085
  236.012   235780   985.57   236010   993.83  23600  23603  23607  23604  23589  23603  23592  23605  23604  23603  23565  23582  23580  23578  23575  23568  23584  23592  23575  23581
  241.012   240615   982.32   240834   983.93  24082  24085  24090  24086  24072  24085  24075  24088  24086  24085  24047  24064  24065  24062  24057  24052  24067  24077  24058  24066
  246.013   245852   987.89   246064   988.19  24604  24609  24614  24609  24594  24609  24597  24612  24608  24608  24569  24586  24589  24586  24580  24576  24592  24602  24582  24590
  251.012   250767   995.57   251179   995.74  25117  25120  25125  25120  25107  25120  25108  25123  25120  25119  25083  25098  25051  25097  25090  25087  25054  25063  25092  25052
  256.013   255633   996.07   256160   995.94  25617  25618  25622  25619  25603  25619  25606  25620  25618  25618  25582  25594  25545  25543  25589  25532  25551  25559  25590  25548
  261.012   260455   992.52   260926   992.55  26113  26114  26068  26065  26101  26066  26103  26115  26116  26065  26078  26041  26042  26040  26036  26030  26050  26056  26036  26046
  266.012   265547   998.89   265876   998.93  26579  26580  26582  26580  26614  26580  26618  26581  26582  26580  26544  26556  26556  26554  26550  26544  26563  26570  26550  26560
  271.012   270689  1009.19   271019  1009.56  27093  27094  27097  27094  27130  27094  27132  27095  27096  27094  27058  27070  27069  27068  27065  27059  27077  27085  27064  27074
  276.012   275589   997.92   275823   998.66  27583  27584  27586  27584  27573  27584  27575  27585  27586  27583  27547  27559  27559  27559  27554  27549  27569  27576  27553  27564
  281.012   280487   992.35   280708   990.91  28072  28073  28076  28073  28059  28073  28061  28074  28075  28072  28036  28048  28049  28049  28044  28039  28060  28064  28044  28054
  286.012   285491   991.01   285706   991.51  28572  28573  28576  28573  28558  28573  28560  28574  28575  28572  28536  28548  28550  28549  28544  28540  28559  28565  28546  28554
  291.012   290588   998.15   290815   999.77  29082  29083  29086  29084  29072  29083  29074  29084  29085  29082  29046  29057  29058  29058  29053  29049  29070  29076  29056  29065
  296.013   295545   991.68   295817   991.34  29582  29583  29587  29585  29571  29583  29573  29585  29586  29582  29547  29557  29559  29559  29554  29551  29522  29576  29556  29564
  301.013   300490   986.95   300816   986.74  30083  30083  30086  30085  30069  30083  30073  30085  30087  30082  30046  30057  30058  30058  30054  30050  30022  30027  30056  30062
  306.013   305244   986.91   305723   988.56  30575  30574  30577  30576  30558  30574  30561  30576  30579  30573  30537  30548  30500  30548  30545  30491  30508  30516  30546  30505
  311.012   310257   995.57   310787   995.67  31041  31090  31043  31092  31076  31090  31079  31092  31095  31089  31054  31065  31015  31014  31010  31006  31026  31035  31012  31020
  316.012   315362  1002.38   315830  1002.35  31561  31608  31566  31560  31596  31608  31599  31611  31564  31557  31523  31534  31536  31536  31531  31528  31547  31556  31532  31539
  321.012   320500  1003.76   320815  1003.49  32077  32071  32081  32072  32108  32071  32111  32074  32080  32070  32037  32050  32050  32049  32046  32040  32060  32069  32047  32052
  326.012   325445  1003.39   325762  1001.61  32571  32566  32576  32567  32602  32565  32606  32569  32575  32565  32532  32545  32544  32543  32540  32534  32554  32563  32543  32547
  331.012   330424  1002.85   330643  1000.94  33068  33064  33073  33066  33052  33063  33056  33067  33072  33062  33031  33043  33042  33040  33037  33032  33054  33062  33040  33043
  336.012   335759  1020.84   335982  1015.44  33604  33598  33607  33598  33585  33597  33589  33602  33607  33595  33564  33579  33576  33573  33573  33564  33586  33594  33574  33576
  341.012   341122  1027.38   341333  1023.32  34139  34133  34144  34132  34119  34133  34124  34135  34143  34131  34099  34115  34112  34109  34108  34100  34122  34130  34114  34113
  346.012   345985  1012.55   346190  1013.83  34625  34618  34631  34617  34605  34618  34610  34621  34629  34616  34585  34602  34598  34596  34594  34585  34610  34617  34599  34599
  351.012   351263  1014.56   351467  1023.26  35152  35146  35160  35145  35131  35146  35139  35149  35156  35143  35113  35130  35127  35124  35121  35112  35136  35144  35128  35128
  356.012   356505  1029.40   356821  1029.36  35686  35681  35694  35681  35669  35681  35676  35685  35690  35678  35648  35663  35660  35657  35655  35646  35623  35630  35662  35661
  361.012   361464  1031.75   361892  1032.62  36200  36193  36151  36195  36180  36193  36188  36198  36204  36190  36160  36177  36118  36170  36169  36160  36135  36137  36119  36119
  366.012   366243  1021.31   366751  1021.01  36647  36687  36653  36690  36675  36688  36682  36693  36651  36685  36654  36624  36618  36617  36615  36607  36632  36636  36619  36621
  371.012   371325  1011.81   371835  1011.58  37156  37195  37162  37198  37184  37195  37192  37201  37160  37192  37162  37132  37126  37126  37123  37115  37141  37144  37128  37128
  376.012   376305  1017.45   376662  1017.32  37658  37647  37666  37648  37688  37647  37697  37652  37662  37697  37613  37634  37629  37628  37625  37618  37644  37647  37634  37633
  381.012   381676  1018.46   381919  1019.87  38194  38181  38205  38183  38230  38182  38181  38184  38198  38181  38148  38170  38165  38165  38160  38154  38184  38186  38172  38172
  386.012   386750  1013.26   386960  1011.38  38702  38692  38711  38693  38683  38693  38693  38695  38706  38692  38658  38678  38673  38673  38670  38662  38688  38691  38678  38679
  391.012   391965  1018.83   392187  1015.03  39223  39217  39231  39216  39206  39217  39216  39219  39227  39215  39181  39200  39196  39194  39193  39184  39209  39211  39197  39200
  396.012   397343  1033.29   397561  1032.18  39760  39754  39770  39753  39742  39754  39752  39758  39765  39753  39718  39738  39733  39733  39729  39721  39747  39750  39735  39739
  401.012   402542  1030.61   402799  1032.72  40286  40277  40298  40276  40263  40277  40273  40282  40291  40276  40241  40261  40260  40259  40256  40246  40216  40277  40261  40265
  406.012   407688  1039.43   407963  1040.03  40800  40795  40811  40794  40781  40795  40791  40798  40806  40792  40757  40776  40774  40773  40771  40759  40737  40789  40774  40778
  411.012   412715  1025.57   412993  1026.74  41304  41298  41313  41297  41283  41298  41295  41301  41309  41295  41260  41280  41277  41276  41274  41263  41238  41291  41276  41280
  416.012   417986  1036.61   418310  1039.06  41841  41834  41799  41833  41822  41834  41832  41838  41846  41831  41795  41816  41815  41813  41812  41799  41778  41778  41812  41768
  421.012   422661  1025.00   423141  1025.07  42327  42324  42285  42321  42310  42322  42321  42327  42283  42321  42284  42302  42251  42250  42249  42287  42265  42267  42249  42257
  426.012   427639  1015.00   428159  1015.23  42785  42830  42792  42828  42817  42828  42828  42833  42790  42828  42793  42759  42758  42757  42756  42745  42773  42777  42756  42765
  431.012   432752  1013.76   433082  1012.79  43302  43298  43307  43297  43332  43298  43344  43301  43306  43297  43259  43276  43271  43271  43275  43261  43291  43293  43273  43282
  436.012   437768  1007.65   438043  1007.65  43805  43798  43809  43797  43834  43798  43796  43801  43808  43797  43760  43779  43773  43774  43776  43762  43793  43794  43774  43783
  441.012   442823  1008.72   443109  1008.96  44312  44304  44315  44307  44339  44304  44303  44307  44316  44302  44265  44287  44278  44280  44282  44268  44298  44299  44279  44287
  446.012   447798   995.50   448035   997.52  44809  44802  44811  44803  44788  44802  44802  44805  44813  44800  44764  44785  44775  44776  44779  44765  44796  44797  44777  44784
  451.012   452754  1004.90   452991  1000.03  45305  45298  45306  45298  45284  45298  45298  45300  45308  45296  45259  45280  45271  45271  45276  45261  45290  45293  45273  45280
  456.012   458055  1001.41   458264  1003.89  45833  45826  45834  45826  45806  45827  45825  45827  45837  45823  45787  45809  45802  45799  45804  45790  45824  45825  45802  45813
  461.013   462957   998.83   463243  1000.74  46329  46323  46330  46323  46308  46324  46323  46328  46333  46322  46285  46304  46297  46297  46300  46286  46266  46318  46298  46306
  466.012   467757   995.03   468148   995.67  46819  46815  46820  46814  46797  46815  46813  46818  46822  46815  46774  46794  46786  46787  46790  46775  46755  46760  46788  46748
  471.013   472543   990.74   472985   991.04  47265  47309  47266  47307  47288  47308  47308  47312  47314  47308  47267  47287  47233  47279  47236  47268  47247  47252  47235  47239
  476.013   477253   986.81   477787   988.93  47752  47793  47753  47792  47773  47793  47791  47797  47751  47792  47750  47724  47719  47763  47722  47705  47732  47739  47721  47725
  481.012   482253   988.25   482539   988.22  48250  48244  48251  48243  48276  48243  48292  48248  48249  48243  48252  48221  48218  48214  48222  48204  48235  48241  48221  48225
  486.012   487499   988.05   487783   988.79  48779  48774  48781  48772  48806  48772  48771  48778  48778  48772  48731  48750  48747  48743  48751  48735  48766  48770  48751  48755
  491.012   492559   991.68   492845   991.68  49284  49282  49286  49279  49310  49278  49278  49283  49285  49280  49238  49256  49253  49249  49256  49241  49271  49277  49256  49262
  496.012   497935  1007.55   498214  1007.25  49822  49819  49822  49816  49847  49814  49815  49820  49822  49817  49775  49793  49790  49786  49794  49778  49808  49815  49795  49801
  501.012   503143  1018.36   503357  1019.19  50341  50340  50341  50336  50312  50333  50334  50340  50343  50337  50294  50312  50311  50304  50314  50296  50332  50339  50318  50323
  506.012   508298  1030.17   508533  1031.78  50858  50858  50857  50853  50834  50851  50852  50858  50858  50854  50814  50829  50825  50821  50830  50812  50845  50852  50832  50838
  511.012   513684  1042.72   513917  1044.40  51396  51397  51396  51391  51373  51389  51390  51397  51397  51391  51352  51366  51365  51360  51369  51351  51384  51390  51370  51377
  516.012   518907  1041.07   519242  1042.79  51928  51929  51928  51924  51906  51922  51924  51929  51929  51923  51885  51899  51896  51893  51900  51883  51867  51873  51903  51908
  521.012   523810  1038.42   524253  1038.56  52430  52431  52430  52424  52407  52422  52425  52430  52430  52424  52384  52399  52398  52392  52401  52383  52368  52372  52354  52359
  526.012   528791  1025.54   529222  1025.74  52928  52928  52929  52920  52904  52919  52921  52926  52927  52920  52881  52896  52896  52889  52899  52878  52866  52873  52853  52860
  531.012   533698  1018.76   534086  1021.31  53381  53381  53381  53422  53406  53419  53422  53426  53427  53421  53382  53398  53347  53390  53399  53379  53366  53373  53354  53359
  536.012   538516  1007.48   538910  1007.92  53864  53865  53864  53904  53887  53901  53905  53908  53908  53904  53863  53881  53828  53871  53831  53861  53849  53854  53836  53842
  541.012   543626  1004.77   543920  1005.20  54393  54394  54393  54386  54419  54383  54387  54389  54390  54386  54345  54364  54358  54354  54360  54343  54381  54384  54366  54371
  546.012   548704   997.85   548999   996.64  54902  54904  54902  54893  54930  54889  54894  54895  54897  54893  54851  54871  54867  54860  54868  54850  54891  54893  54874  54879
  551.012   553862  1003.46   554154  1001.71  55417  55420  55418  55408  55445  55406  55409  55411  55412  55408  55367  55387  55383  55377  55386  55365  55405  55409  55390  55393
  556.012   559217  1014.53   559461  1014.73  55953  55955  55954  55944  55930  55941  55945  55947  55948  55944  55901  55923  55919  55913  55923  55900  55941  55944  55925  55928
  561.012   564453  1021.81   564684  1025.07  56475  56479  56475  56465  56451  56464  56467  56469  56471  56468  56422  56449  56444  56436  56446  56421  56465  56468  56449  56453
  566.012   569609  1034.66   569893  1034.36  56996  57000  56996  56986  56973  56984  56987  56989  56992  56990  56943  56969  56964  56959  56967  56941  56935  56988  56970  56973
  571.012   574993  1040.91   575283  1044.09  57535  57538  57534  57525  57510  57522  57526  57528  57532  57533  57482  57509  57502  57497  57506  57481  57474  57525  57507  57510
  576.012   580313  1050.57   580696  1051.88  58077  58080  58077  58065  58050  58063  58067  58068  58074  58075  58023  58052  58045  58040  58049  58022  58017  58015  58049  58001
  581.012   585433  1048.49   585966  1047.79  58608  58611  58607  58590  58571  58587  58592  58593  58602  58605  58547  58580  58511  58566  58579  58548  58536  58533  58514  58519
  586.012   590532  1044.53   590910  1045.87  59065  59068  59065  59100  59086  59099  59103  59104  59110  59110  59059  59085  59034  59074  59035  59057  59054  59054  59038  59042
  591.012   595684  1043.02   596019  1044.87  59585  59588  59585  59620  59604  59619  59625  59627  59583  59583  59579  59558  59554  59594  59555  59579  59574  59573  59557  59561
  596.012   600496  1034.73   600935  1032.95  60075  60080  60076  60113  60096  60112  60118  60120  60072  60073  60072  60050  60045  60035  60045  60020  60066  60064  60049  60050
  601.012   605468  1019.26   605794  1018.83  60572  60577  60573  60607  60592  60606  60563  60565  60569  60570  60566  60548  60542  60532  60542  60517  60562  60564  60546  60549
  606.013   610573  1012.11   610855  1010.37  61088  61092  61089  61073  61107  61071  61081  61083  61085  61086  61031  61065  61057  61049  61057  61034  61077  61079  61061  61063
  611.012   615953  1017.62   616227  1013.86  61626  61631  61627  61609  61645  61608  61617  61620  61621  61623  61568  61603  61595  61585  61597  61570  61616  61617  61600  61602
  616.013   621351  1023.32   621613  1025.97  62166  62173  62167  62146  62189  62143  62154  62157  62156  62162  62104  62143  62136  62121  62136  62106  62159  62160  62141  62145
  621.012   626331  1018.52   626611  1021.61  62669  62673  62670  62654  62640  62652  62661  62663  62663  62666  62611  62645  62638  62626  62639  62613  62609  62661  62643  62646
  626.013   631694  1039.03   632021  1036.81  63209  63213  63210  63195  63184  63194  63202  63204  63204  63206  63150  63186  63179  63167  63180  63154  63153  63156  63183  63186
  631.012   636517  1033.76   636945  1033.96  63703  63705  63704  63686  63677  63686  63695  63695  63696  63698  63641  63680  63671  63658  63673  63646  63643  63648  63627  63630
  636.012   641497  1028.99   641921  1030.17  64200  64202  64201  64185  64174  64184  64192  64194  64194  64195  64139  64177  64168  64157  64171  64144  64141  64147  64124  64129
  641.012   646229  1012.72   646652  1011.07  64638  64640  64639  64673  64660  64672  64681  64683  64683  64683  64628  64615  64606  64645  64609  64632  64629  64636  64613  64616
  646.012   651282   999.36   651656   999.73  65142  65145  65144  65177  65166  65177  65186  65190  65190  65139  65135  65120  65111  65152  65112  65137  65134  65140  65119  65122
  651.012   656377  1004.90   656689  1004.30  65658  65660  65657  65689  65677  65689  65699  65653  65653  65654  65648  65638  65626  65615  65629  65648  65650  65652  65635  65636
  656.012   661335   989.73   661642   989.09  66160  66161  66156  66188  66177  66188  66150  66153  66153  66156  66148  66140  66127  66117  66129  66099  66152  66151  66136  66136
  661.013   666282   992.11   666537   989.66  66653  66655  66651  66634  66671  66684  66644  66647  66647  66651  66644  66633  66622  66614  66623  66592  66647  66645  66630  66632
  666.012   671539  1001.71   671803  1001.17  67185  67185  67182  67165  67201  67166  67178  67180  67179  67182  67124  67165  67154  67145  67154  67124  67177  67175  67159  67162
  671.012   676480  1003.05   676731  1005.91  67681  67678  67675  67656  67696  67657  67670  67672  67671  67675  67615  67660  67649  67637  67650  67616  67673  67671  67653  67656
  676.012   681279   997.08   681537   996.48  68167  68164  68160  68143  68132  68144  68155  68156  68156  68160  68102  68146  68135  68122  68135  68101  68107  68154  68137  68140
  681.012   686218   991.51   686527   994.70  68665  68664  68659  68642  68631  68643  68654  68654  68656  68659  68600  68644  68633  68621  68633  68601  68606  68605  68635  68640
  686.012   691218   992.75   691578   992.85  69170  69169  69164  69148  69136  69149  69159  69159  69160  69164  69104  69150  69138  69127  69138  69106  69111  69110  69140  69094
  691.012   696087   993.09   696566   995.17  69668  69667  69663  69646  69635  69647  69658  69659  69660  69663  69604  69595  69636  69624  69635  69606  69608  69607  69584  69588
  696.012   701008   983.62   701489   983.66  70119  70117  70167  70145  70136  70146  70163  70164  70165  70167  70105  70097  70087  70128  70086  70109  70109  70109  70087  70091
  701.012   706424   999.87   706794  1000.57  70663  70660  70656  70687  70678  70688  70702  70703  70701  70656  70646  70640  70630  70666  70630  70647  70650  70651  70631  70633
  706.012   711239  1002.01   711512  1000.87  71150  71146  71141  71175  71165  71175  71140  71140  71139  71141  71134  71126  71117  71103  71117  71134  71135  71136  71118  71119
  711.012   716074  1000.20   716402   997.48  71638  71635  71630  71664  71654  71664  71629  71629  71629  71630  71623  71616  71606  71593  71605  71574  71623  71623  71606  71605
  716.012   721080   996.91   721403   995.64  72138  72135  72129  72165  72154  72166  72128  72130  72129  72129  72125  72116  72107  72094  72106  72073  72125  72123  72106  72105
  721.012   726072   998.49   726334   996.91  72642  72638  72633  72613  72662  72614  72632  72634  72633  72633  72573  72621  72613  72597  72609  72577  72632  72630  72608  72612
  726.012   731136   999.80   731401   999.93  73151  73144  73139  73121  73170  73122  73138  73140  73138  73138  73080  73126  73120  73102  73113  73081  73140  73138  73115  73121
  731.012   736155   987.75   736433   991.31  73656  73652  73648  73631  73622  73631  73648  73649  73649  73647  73591  73633  73626  73614  73621  73590  73594  73642  73620  73624
  736.012   740928   986.41   741259   986.71  74137  74134  74131  74114  74105  74114  74131  74131  74132  74130  74074  74116  74108  74096  74103  74072  74076  74075  74102  74106
  741.012   745727   986.68   746102   984.90  74623  74619  74615  74597  74590  74598  74615  74615  74616  74614  74559  74601  74592  74580  74587  74557  74561  74560  74587  74543
  746.012   750737   988.76   751162   988.99  75085  75130  75125  75108  75102  75108  75126  75126  75127  75125  75069  75063  75054  75091  75097  75070  75073  75071  75095  75054
  751.012   755699   990.81   756081   991.48  75591  75587  75632  75613  75606  75615  75585  75633  75635  75584  75575  75568  75559  75599  75555  75577  75578  75576  75553  75559
  756.012   760559   984.16   760931   984.53  76081  76078  76072  76104  76096  76105  76076  76122  76122  76075  76066  76059  76051  76039  76046  76068  76068  76067  76045  76050
  761.012   765413   980.10   765739   978.36  76573  76566  76562  76595  76586  76596  76567  76564  76564  76566  76557  76549  76542  76527  76535  76510  76559  76560  76533  76541
  766.012   770418   983.83   770743   983.46  77073  77065  77060  77099  77089  77101  77066  77062  77063  77065  77061  77049  77042  77027  77034  77009  77061  77062  77030  77043
  771.012   775573   995.77   775904   994.16  77589  77581  77576  77614  77604  77617  77583  77579  77579  77582  77577  77565  77558  77543  77549  77525  77575  77578  77546  77557
  776.013   780764   998.12   781037   998.72  78114  78107  78103  78079  78123  78081  78110  78106  78105  78109  78041  78090  78084  78070  78076  78052  78096  78100  78072  78083
  781.013   785716   997.38   785985   995.27  78607  78602  78596  78579  78617  78580  78604  78599  78598  78603  78541  78586  78578  78565  78571  78545  78591  78594  78567  78578
  786.012   790633   997.32   790908   997.48  79105  79099  79093  79074  79063  79076  79103  79097  79096  79102  79036  79084  79074  79061  79070  79043  79088  79040  79062  79075
  791.012   795672  1005.57   796006  1005.84  79573  79613  79606  79588  79579  79593  79616  79612  79611  79615  79550  79596  79586  79575  79584  79557  79553  79556  79576  79539
  796.012   800765  1008.69   801098  1009.06  80084  80120  80113  80098  80089  80103  80126  80120  80120  80125  80059  80105  80094  80084  80093  80067  80064  80066  80084  80049
  801.012   805609  1003.09   805990  1001.54  80582  80618  80611  80597  80588  80604  80577  80619  80618  80576  80556  80557  80545  80585  80544  80566  80562  80564  80583  80547
  806.012   810661   998.26   811036   998.46  81087  81123  81116  81101  81093  81110  81081  81123  81122  81080  81065  81060  81052  81091  81049  81070  81067  81069  81087  81051
  811.012   815702  1002.32   816132  1001.91  81600  81583  81632  81619  81607  81626  81595  81638  81638  81594  81581  81574  81567  81550  81562  81586  81583  81585  81549  81565
  816.012   820758  1009.06   821073  1008.62  82110  82096  82089  82127  82115  82134  82107  82095  82094  82106  82089  82086  82080  82064  82072  82045  82092  82095  82060  82075
  821.012   825858  1008.12   826179  1009.33  82619  82608  82601  82635  82624  82643  82618  82607  82607  82617  82600  82596  82588  82576  82581  82556  82602  82604  82572  82583
  826.012   830820  1001.78   831093  1003.19  83115  83105  83096  83132  83120  83090  83115  83103  83103  83114  83097  83093  83084  83072  83074  83054  83099  83101  83066  83080
  831.012   835796  1004.26   836062  1005.67  83616  83607  83598  83583  83622  83593  83616  83606  83606  83615  83547  83595  83586  83573  83577  83558  83604  83603  83570  83583
  836.012   840939  1007.65   841212  1005.91  84130  84122  84113  84100  84136  84108  84131  84122  84120  84130  84064  84110  84099  84090  84092  84073  84115  84116  84084  84096
  841.012   846141  1009.66   846424  1009.73  84651  84641  84634  84622  84656  84630  84655  84643  84640  84652  84585  84629  84618  84610  84612  84592  84636  84637  84605  84617
  846.012   850781   995.67   851197   995.81  85121  85122  85122  85090  85125  85122  85123  85125  85125  85122  85054  85099  85089  85087  85090  85077  85055  85057  85085  85088
  851.012   855583   992.38   856152   992.15  85621  85622  85623  85591  85576  85622  85624  85625  85625  85623  85555  85598  85539  85587  85541  85529  85555  85557  85586  85536
  856.012   860415   993.15   860728   994.50  86069  86070  86071  86089  86074  86070  86071  86072  86072  86070  86055  86045  86038  86034  86038  86028  86054  86053  86034  86036
  861.012   865535   997.95   865850   999.60  86581  86582  86584  86600  86587  86582  86583  86584  86585  86582  86567  86558  86547  86545  86551  86539  86569  86563  86549  86547
  866.012   870600   993.69   870922   995.34  87087  87089  87089  87109  87095  87090  87090  87091  87093  87089  87073  87065  87053  87050  87059  87045  87077  87070  87056  87052
  871.012   875640   988.22   875968   989.73  87592  87593  87594  87613  87600  87593  87596  87595  87598  87594  87577  87569  87558  87553  87563  87548  87580  87576  87559  87557
  876.012   880601   997.32   880930   996.07  88089  88090  88091  88107  88096  88090  88092  88092  88093  88090  88071  88066  88055  88050  88059  88044  88076  88070  88057  88053
  881.012   885676  1004.73   886004   998.36  88596  88597  88599  88612  88605  88597  88601  88599  88600  88598  88578  88574  88562  88556  88567  88552  88583  88578  88565  88561
  886.012   890858  1010.17   891195  1010.94  89115  89116  89118  89130  89125  89116  89120  89119  89119  89117  89094  89093  89081  89076  89086  89071  89100  89095  89083  89079
  891.012   895660   996.48   895997   997.25  89600  89601  89603  89568  89611  89601  89604  89604  89604  89601  89533  89578  89566  89561  89570  89556  89586  89579  89568  89563
  896.012   900533   991.31   900872   991.91  90092  90093  90096  90059  90054  90094  90097  90097  90097  90093  90025  90071  90058  90052  90061  90046  90030  90073  90060  90057
  901.012   905325   984.43   905715   984.83  90577  90578  90580  90541  90538  90579  90582  90581  90581  90578  90508  90556  90543  90536  90545  90530  90515  90507  90544  90541
  906.012   910535   996.78   910830   997.18  91105  91106  91063  91075  91073  91063  91065  91108  91110  91062  91042  91085  91071  91064  91028  91058  91051  91041  91071  91024
  911.012   915561  1002.85   915895  1003.05  91583  91585  91588  91600  91598  91588  91590  91587  91589  91587  91567  91564  91550  91545  91553  91539  91576  91566  91551  91550
  916.012   920649   999.73   920981   999.56  92088  92092  92097  92115  92111  92096  92100  92092  92095  92095  92082  92073  92056  92051  92060  92045  92089  92078  92058  92057
  921.012   925872  1013.83   926204  1013.66  92613  92615  92619  92633  92630  92618  92623  92617  92619  92617  92596  92596  92582  92576  92584  92569  92609  92598  92582  92580
  926.012   931018  1019.70   931356  1019.66  93131  93132  93132  93147  93143  93132  93137  93135  93135  93132  93110  93111  93097  93092  93098  93084  93123  93113  93097  93093
  931.012   936471  1039.83   936810  1039.90  93676  93677  93677  93694  93688  93677  93683  93680  93680  93678  93656  93656  93642  93637  93643  93629  93668  93659  93643  93638
  936.012   941332  1028.39   941672  1029.90  94161  94162  94165  94181  94175  94162  94170  94168  94165  94163  94143  94142  94128  94122  94128  94114  94154  94145  94131  94125
  941.012   946677  1033.93   947062  1035.64  94700  94700  94705  94720  94714  94700  94710  94707  94704  94702  94633  94682  94667  94661  94666  94653  94693  94687  94671  94664
  946.013   952026  1038.12   952363  1038.26  95234  95237  95239  95204  95248  95237  95244  95243  95238  95239  95167  95219  95204  95194  95200  95187  95227  95221  95206  95201
  951.013   957055  1034.60   957442  1034.83  95746  95751  95752  95717  95712  95751  95757  95755  95750  95751  95679  95731  95718  95707  95713  95700  95690  95685  95718  95714
  956.013   961963  1025.71   962360  1025.71  96239  96244  96244  96206  96200  96244  96249  96248  96242  96244  96166  96223  96209  96200  96204  96191  96179  96173  96211  96207
  961.012   967057  1021.64   967347  1021.58  96766  96723  96723  96736  96730  96723  96727  96727  96769  96723  96697  96702  96688  96727  96731  96718  96709  96706  96691  96688
  966.012   971920  1023.22   972205  1022.99  97209  97212  97213  97229  97222  97213  97217  97218  97259  97213  97190  97191  97178  97170  97222  97209  97202  97199  97180  97179
  971.013   977097  1020.84   977435  1019.26  97736  97738  97743  97759  97751  97740  97744  97746  97735  97743  97718  97717  97708  97697  97696  97685  97731  97728  97710  97707
  976.012   981984  1005.34   982325  1003.79  98226  98227  98232  98245  98238  98229  98233  98235  98228  98232  98204  98206  98197  98186  98188  98176  98218  98214  98199  98196
  981.012   986875   995.87   987215   997.52  98716  98717  98720  98733  98726  98718  98722  98724  98718  98721  98692  98695  98688  98675  98678  98665  98707  98703  98687  98685
  986.012   992079  1005.67   992418  1005.37  99237  99238  99241  99254  99246  99236  99244  99244  99235  99243  99213  99214  99209  99194  99197  99184  99229  99224  99208  99207
  991.012   997129   999.30   997475  1001.17  99742  99743  99748  99760  99750  99740  99750  99752  99741  99749  99719  99718  99715  99699  99700  99687  99734  99730  99715  99712
  996.012  1002050   999.43  1002341   999.73 100234 100235 100238 100203 100242 100232 100241 100243 100234 100239 100212 100210 100206 100192 100192 100178 100227 100222 100207 100204
 1001.012  1007046   996.74  1007483   993.42 100750 100750 100752 100718 100754 100746 100755 100758 100747 100753 100677 100725 100720 100706 100706 100693 100693 100688 100721 100717
 1006.013  1011948   994.03  1012383   993.89 101240 101240 101242 101208 101244 101236 101245 101248 101237 101243 101166 101215 101210 101196 101199 101184 101183 101177 101211 101207
 1011.012  1016628   991.85  1017013   991.71 101722 101722 101724 101690 101677 101719 101679 101682 101720 101678 101648 101699 101646 101678 101681 101665 101665 101659 101646 101641
 1016.012  1021440   980.13  1021718   979.77 102159 102158 102159 102177 102161 102207 102163 102166 102206 102162 102135 102136 102130 102164 102168 102154 102151 102145 102131 102126
 1021.012  1026301   973.99  1026531   973.39 102646 102644 102645 102665 102648 102642 102650 102653 102689 102649 102622 102621 102616 102648 102653 102640 102639 102631 102619 102612
 1026.012  1031053   973.26  1031394   973.32 103138 103137 103137 103154 103139 103133 103141 103143 103132 103140 103110 103114 103106 103090 103095 103082 103127 103119 103108 103102
 1031.012  1036308   980.17  1036649   976.95 103664 103661 103662 103683 103665 103656 103669 103668 103655 103666 103637 103638 103631 103613 103618 103606 103656 103648 103633 103628
 1036.012  1041434   984.46  1041776   984.70 104179 104174 104174 104192 104177 104169 104182 104182 104169 104178 104148 104152 104144 104125 104131 104119 104166 104159 104148 104142
 1041.012  1046238   987.45  1046579   990.64 104658 104655 104656 104672 104657 104651 104660 104662 104650 104658 104628 104634 104623 104605 104612 104601 104647 104639 104628 104621
 1046.012  1051216   987.18  1051559   989.36 105156 105153 105155 105171 105155 105149 105158 105162 105146 105154 105127 105132 105121 105101 105111 105097 105144 105137 105127 105119
 1051.012  1056253   994.97  1056596   997.15 105664 105662 105663 105630 105664 105657 105667 105670 105656 105663 105636 105643 105632 105608 105620 105602 105604 105646 105635 105627
 1056.012  1061120  1002.25  1061562   997.35 106161 106159 106161 106128 106159 106153 106164 106166 106153 106158 106082 106138 106128 106106 106117 106100 106102 106093 106130 106124
 1061.012  1066118   988.39  1066563   988.46 106662 106659 106661 106628 106659 106653 106663 106667 106653 106658 106581 106637 106628 106607 106617 106599 106601 106593 106631 106624
 1066.012  1071163   992.92  1071610   993.09 107137 107184 107137 107152 107183 107176 107139 107141 107177 107184 107105 107112 107103 107131 107141 107122 107126 107119 107106 107098
 1071.012  1076124   997.72  1076423   998.02 107633 107630 107633 107648 107630 107673 107635 107636 107673 107632 107600 107608 107599 107627 107638 107618 107622 107616 107602 107594
 1076.012  1080972   993.19  1081202   992.95 108118 108111 108118 108131 108111 108103 108119 108119 108156 108116 108085 108092 108084 108110 108121 108101 108107 108100 108091 108081
 1081.012  1086044   995.91  1086269   994.03 108630 108624 108629 108644 108622 108617 108629 108631 108616 108627 108596 108604 108594 108628 108581 108617 108620 108611 108601 108592
 1086.012  1091051  1001.07  1091395   999.43 109144 109138 109141 109153 109136 109129 109141 109144 109129 109140 109108 109117 109106 109084 109093 109072 109130 109121 109114 109106
 1091.012  1095975   995.07  1096328   997.11 109637 109632 109633 109646 109630 109623 109634 109638 109622 109633 109600 109609 109600 109576 109586 109564 109622 109613 109606 109599
 1096.012  1100906   988.66  1101256   990.13 110130 110124 110126 110139 110124 110116 110127 110131 110114 110125 110092 110101 110093 110070 110079 110057 110115 110106 110100 110093
 1101.012  1106056   990.84  1106410   990.81 110647 110640 110642 110656 110639 110629 110643 110648 110626 110640 110609 110616 110610 110583 110591 110566 110631 110623 110617 110610
 1106.012  1110921   996.61  1111312   998.69 111140 111135 111138 111101 111134 111126 111138 111142 111124 111134 111104 111111 111105 111081 111088 111065 111079 111070 111112 111106
 1111.012  1115629   989.50  1116171   990.34 111627 111621 111626 111585 111621 111611 111625 111627 111608 111620 111541 111596 111592 111565 111572 111551 111565 111556 111547 111544
 1116.012  1120819   993.56  1121310   993.39 112101 112147 112099 112108 112146 112135 112148 112150 112132 112144 112067 112119 112065 112090 112098 112076 112088 112079 112070 112067
 1121.012  1125948   998.96  1126236   998.49 112615 112609 112612 112621 112608 112648 112610 112612 112644 112657 112581 112631 112578 112603 112610 112587 112601 112592 112584 112581
 1126.012  1130782   997.52  1131078   997.38 113102 113099 113101 113109 113097 113137 113100 113102 113134 113097 113068 113069 113067 113092 113099 113076 113088 113080 113073 113070
 1131.012  1136086  1002.89  1136402  1003.22 113635 113632 113635 113637 113631 113668 113633 113635 113666 113630 113593 113602 113600 113624 113631 113609 113618 113609 113601 113599
 1136.012  1141057  1007.11  1141343  1005.70 114138 114129 114138 114138 114127 114115 114129 114131 114172 114126 114095 114096 114102 114131 114078 114116 114121 114113 114103 114102
 1141.012  1146251  1022.65  1146604  1021.24 114668 114662 114668 114668 114660 114647 114662 114664 114646 114659 114625 114631 114633 114603 114613 114589 114651 114642 114634 114630
 1146.012  1151170  1008.62  1151526  1009.06 115159 115154 115162 115160 115153 115138 115155 115157 115137 115151 115116 115121 115125 115095 115104 115082 115144 115134 115127 115122
 1151.012  1156131  1002.68  1156486  1003.19 115654 115650 115659 115657 115649 115633 115651 115654 115632 115647 115613 115618 115622 115590 115599 115577 115640 115630 115624 115618
 1156.012  1161012  1003.09  1161368  1003.36 116142 116138 116147 116145 116137 116123 116139 116142 116121 116134 116101 116108 116110 116079 116088 116065 116125 116118 116111 116107
 1161.012  1165857   990.47  1166267   990.20 116638 116633 116591 116640 116631 116617 116634 116639 116615 116629 116594 116604 116605 116573 116583 116559 116569 116563 116606 116601
 1166.012  1170773   995.50  1171289   996.64 117101 117146 117104 117103 117144 117129 117146 117149 117127 117140 117057 117114 117068 117083 117095 117070 117081 117074 117069 117062
 1171.012  1175807   988.46  1176129   985.70 117605 117600 117608 117607 117598 117631 117601 117603 117631 117645 117561 117618 117572 117585 117597 117574 117585 117577 117573 117565
 1176.012  1180724   986.78  1181045   987.21 118101 118095 118107 118103 118093 118132 118096 118098 118129 118091 118056 118066 118069 118082 118096 118071 118081 118073 118068 118062
 1181.012  1185921   994.73  1186256   995.70 118622 118617 118628 118624 118615 118653 118617 118619 118650 118611 118576 118586 118589 118601 118616 118591 118600 118593 118588 118581
 1186.013  1191155  1006.48  1191441  1007.48 119144 119140 119149 119148 119139 119127 119140 119143 119174 119137 119098 119110 119112 119124 119140 119115 119123 119117 119111 119105
 1191.013  1196340  1018.89  1196666  1018.09 119668 119662 119672 119671 119661 119647 119661 119664 119702 119658 119621 119633 119635 119652 119609 119643 119645 119640 119634 119628
 1196.012  1201363  1021.48  1201742  1018.56 120180 120174 120185 120183 120173 120162 120175 120177 120160 120173 120133 120147 120148 120112 120124 120101 120158 120153 120148 120139
