Test case: 
Description: 
	10 senders: persistent queues
	10 receivers: client acknowledge every 50 messages
Timestamp: 2011.11.2 1:28:18
Version: 
Setting up JMS benchmark connections... 

Start processing messages.
Fri Dec 02 01:28:18 EST 2011

  Seconds   Send   Send/Sec   Recv   Recv/Sec   RCV0   RCV1   RCV2   RCV3   RCV4   RCV5   RCV6   RCV7   RCV8   RCV9  SND10  SND11  SND12  SND13  SND14  SND15  SND16  SND17  SND18  SND19
  ------- -------- -------- -------- -------- ------ ------ ------ ------ ------ ------ ------ ------ ------ ------ ------ ------ ------ ------ ------ ------ ------ ------ ------ ------
    0.983        0     0.00        0     0.00      0      0      0      0      0      0      0      0      0      0      0      0      0      0      0      0      0      0      0      0
    5.983     4478   973.69     4956  1077.63    502    500    499    491    494    492    496    496    493    493    448    453    446    444    451    441    447    445    451    452
   10.984     9387   977.91     9895  1030.84    995    994    993    987    988    985    990    989    988    986    936    941    937    939    944    933    937    935    947    938
   15.983    14594   999.66    15079  1032.88   1511   1511   1511   1506   1507   1501   1512   1508   1506   1506   1458   1460   1457   1460   1464   1454   1460   1455   1469   1457
   20.983    19954  1018.11    20438  1042.81   2047   2047   2047   2043   2042   2038   2048   2043   2041   2042   1994   1995   1997   1993   1997   1990   1995   1991   2007   1995
   25.983    25333  1025.77    25827  1049.92   2585   2587   2587   2582   2581   2576   2588   2582   2578   2581   2532   2535   2535   2532   2534   2524   2534   2529   2545   2533
   30.983    30323  1009.56    30820  1039.60   3085   3087   3086   3081   3080   3076   3086   3081   3078   3080   3034   3034   3035   3030   3032   3021   3032   3031   3043   3031
   35.983    35295  1017.42    35796  1024.93   3583   3585   3584   3579   3577   3574   3583   3579   3575   3577   3531   3532   3534   3526   3529   3518   3529   3527   3541   3528
   40.983    40666  1033.19    41159  1032.69   4119   4120   4119   4117   4113   4110   4120   4116   4112   4113   4067   4070   4072   4062   4066   4054   4066   4064   4079   4066
   45.983    46049  1039.26    46610  1039.80   4665   4667   4665   4660   4657   4655   4665   4661   4657   4658   4608   4561   4616   4609   4610   4595   4610   4608   4622   4610
   50.983    50903  1028.96    51567  1030.30   5165   5167   5167   5159   5158   5156   5118   5161   5157   5159   5106   5067   5116   5108   5107   5094   5061   5108   5074   5062
   55.984    55623  1016.48    56494  1017.38   5669   5670   5620   5660   5660   5659   5619   5615   5660   5662   5559   5567   5569   5561   5560   5547   5562   5562   5574   5562
   60.983    60567  1014.90    61097  1016.01   6114   6115   6115   6106   6105   6106   6114   6110   6105   6107   6053   6062   6064   6054   6055   6041   6056   6056   6070   6056
   65.983    65979  1029.66    66512  1030.74   6655   6657   6657   6649   6647   6646   6655   6651   6646   6649   6593   6603   6605   6595   6594   6584   6599   6597   6611   6598
   70.983    71144  1022.75    71665  1023.69   7171   7173   7171   7163   7163   7162   7172   7165   7162   7163   7111   7123   7119   7109   7109   7098   7120   7111   7128   7116
   75.983    76349  1016.74    76883  1015.84   7692   7694   7693   7685   7685   7685   7692   7686   7686   7685   7631   7642   7641   7631   7632   7617   7639   7633   7647   7636
   80.983    81749  1031.74    82288  1030.91   8234   8234   8233   8226   8226   8226   8232   8225   8226   8226   8171   8181   8181   8172   8172   8158   8178   8173   8187   8176
   85.983    86752  1036.08    87281  1031.48   8734   8733   8732   8725   8724   8725   8732   8725   8725   8726   8671   8682   8681   8672   8672   8658   8679   8672   8688   8677
   90.983    91935  1030.84    92457  1037.11   9251   9252   9249   9243   9240   9242   9251   9242   9242   9245   9192   9201   9200   9189   9190   9175   9197   9189   9205   9197
   95.983    96747  1028.96    97439  1027.31   9764   9730   9761   9722   9753   9755   9723   9754   9754   9723   9664   9668   9677   9668   9667   9688   9666   9702   9679   9668
  100.984   102149  1037.01   102834  1035.67  10303  10270  10300  10262  10292  10294  10263  10293  10294  10263  10205  10206  10217  10208  10208  10228  10206  10243  10220  10208
  105.983   107035  1026.44   107702  1024.33  10788  10759  10785  10752  10777  10779  10752  10778  10780  10752  10694  10698  10706  10697  10697  10713  10696  10728  10709  10697
  110.983   111948  1009.87   112617  1007.25  11280  11251  11277  11242  11269  11271  11242  11270  11272  11243  11187  11188  11197  11187  11188  11205  11188  11220  11200  11188
  115.983   116850  1010.00   117363  1007.82  11729  11753  11726  11742  11767  11720  11741  11719  11720  11746  11688  11688  11699  11687  11690  11653  11690  11668  11699  11688
  120.983   121885   998.19   122334   999.16  12230  12257  12227  12245  12218  12221  12244  12220  12221  12251  12193  12190  12205  12190  12195  12154  12195  12169  12202  12192
  125.983   126953   999.66   127404   998.56  12737  12765  12733  12751  12726  12728  12751  12728  12727  12758  12698  12697  12712  12696  12703  12661  12703  12675  12709  12699
  130.983   131872   984.63   132325   983.29  13230  13256  13225  13243  13219  13219  13243  13221  13220  13249  13190  13188  13204  13187  13195  13153  13194  13168  13201  13192
  135.984   136730   984.63   137228   984.03  13720  13747  13715  13734  13710  13709  13733  13710  13710  13740  13681  13679  13695  13678  13636  13643  13685  13658  13692  13683
  140.983   141623   988.93   142177   988.49  14226  14199  14221  14238  14215  14215  14238  14216  14216  14193  14133  14183  14150  14183  14140  14149  14138  14164  14196  14187
  145.983   146626   997.62   147238  1002.55  14742  14716  14737  14704  14731  14731  14704  14732  14732  14709  14649  14649  14666  14696  14655  14664  14654  14679  14661  14653
  150.983   151542   991.85   152210   992.52  15240  15212  15234  15201  15228  15229  15202  15230  15229  15205  15146  15146  15162  15143  15151  15161  15150  15176  15158  15149
  155.983   156492   988.02   157155   988.69  15734  15708  15728  15696  15722  15722  15697  15724  15723  15701  15642  15640  15657  15638  15646  15655  15646  15670  15654  15644
  160.984   161419   988.09   162090   988.56  16228  16201  16222  16187  16215  16216  16190  16218  16217  16196  16134  16131  16150  16129  16140  16148  16140  16164  16146  16137
  165.983   166386   991.85   167048   990.60  16725  16697  16716  16683  16710  16710  16686  16715  16713  16693  16631  16628  16646  16626  16636  16645  16636  16659  16645  16634
  170.983   171275   986.64   171791   988.72  17170  17192  17211  17177  17205  17154  17180  17160  17156  17186  17124  17122  17142  17120  17130  17088  17129  17152  17139  17129
  175.983   176287   985.07   176753   987.01  17675  17699  17666  17683  17659  17664  17686  17665  17664  17692  17631  17628  17647  17625  17636  17597  17636  17607  17646  17634
  180.984   181513   991.68   181973   991.74  18196  18221  18189  18205  18181  18187  18207  18187  18186  18214  18153  18150  18169  18150  18159  18119  18158  18130  18168  18157
  185.983   186507   993.89   186969   993.83  18696  18720  18689  18704  18682  18687  18708  18686  18685  18712  18653  18649  18669  18650  18658  18616  18658  18631  18667  18656
  190.983   191278   992.32   191844   992.01  19183  19207  19178  19191  19170  19174  19197  19173  19173  19198  19140  19135  19107  19136  19145  19103  19096  19120  19154  19142
  195.983   195904   987.21   196522   987.38  19666  19640  19661  19674  19651  19657  19630  19656  19656  19631  19573  19618  19589  19617  19578  19586  19578  19603  19587  19575
  200.983   200782   986.81   201452   986.95  20160  20133  20154  20166  20144  20151  20123  20150  20149  20122  20066  20060  20082  20110  20071  20079  20070  20097  20080  20067
  205.984   205930   991.41   206601   993.25  20680  20654  20674  20636  20663  20671  20644  20669  20668  20642  20586  20579  20602  20579  20592  20599  20591  20615  20602  20585
  210.983   210899   982.92   211577   983.79  21178  21151  21170  21135  21162  21169  21140  21166  21166  21140  21083  21075  21099  21077  21088  21095  21089  21113  21099  21081
  215.983   215854   981.48   216537   982.18  21674  21647  21667  21630  21659  21665  21635  21662  21663  21635  21578  21569  21595  21571  21584  21592  21585  21610  21594  21576
  220.983   220795   987.15   221281   984.46  22119  22141  22161  22124  22152  22110  22129  22109  22106  22130  22072  22064  22088  22066  22079  22086  22079  22103  22088  22070
  225.983   225635   991.14   226180   991.98  22615  22634  22607  22619  22647  22606  22623  22605  22601  22623  22565  22558  22582  22560  22572  22532  22573  22548  22581  22564
  230.983   230722   996.44   231218   993.93  23124  23144  23114  23128  23107  23115  23132  23114  23107  23133  23075  23066  23090  23068  23082  23040  23082  23055  23091  23073
  235.983   235676   985.17   236179   986.07  23621  23638  23612  23622  23605  23611  23627  23611  23605  23627  23570  23563  23584  23566  23576  23536  23575  23552  23586  23568
  240.983   240509   980.47   241007   980.97  24104  24122  24095  24105  24088  24094  24109  24094  24087  24109  24053  24046  24068  24049  24059  24019  24060  24035  24070  24050
  245.983   245628   987.85   246172   988.83  24626  24590  24617  24629  24609  24617  24631  24616  24606  24631  24578  24570  24592  24573  24582  24537  24529  24555  24538  24574
  250.983   250617   995.77   251309   997.82  25139  25107  25132  25140  25126  25130  25142  25129  25121  25143  25040  25084  25053  25086  25044  25053  25046  25071  25055  25085
  255.983   255424   997.95   256168   996.07  25635  25601  25628  25637  25623  25626  25588  25625  25617  25588  25534  25531  25548  25533  25538  25549  25542  25568  25550  25531
  260.983   260403   992.79   261090   992.65  26133  26098  26124  26083  26120  26123  26086  26122  26115  26086  26032  26029  26045  26032  26035  26046  26041  26065  26048  26030
  265.983   265543   998.89   266235   998.66  26648  26612  26637  26598  26634  26637  26601  26636  26631  26601  26545  26544  26556  26546  26549  26562  26554  26579  26563  26545
  270.983   270688  1009.36   271184  1009.30  27113  27126  27151  27112  27102  27102  27115  27101  27147  27115  27059  27059  27071  27059  27065  27077  27069  27092  27079  27058
  275.984   275580  1000.44   276040  1000.74  27606  27615  27638  27602  27593  27594  27604  27595  27588  27605  27549  27549  27560  27549  27555  27563  27559  27580  27568  27548
  280.983   280382   993.93   280871   992.05  28094  28104  28079  28091  28080  28080  28093  28081  28075  28094  28039  28040  28050  28039  28045  28004  28049  28021  28058  28037
  285.983   285392   994.77   285876   993.83  28593  28604  28582  28591  28581  28581  28593  28580  28577  28594  28539  28542  28552  28539  28545  28507  28549  28524  28558  28537
  290.983   290497   996.81   290984   996.68  29106  29114  29090  29101  29093  29095  29103  29091  29086  29105  29051  29052  29062  29051  29055  29017  29061  29034  29067  29047
  295.984   295445   991.88   295981   989.83  29607  29616  29589  29600  29592  29594  29603  29590  29585  29605  29552  29551  29562  29551  29556  29516  29511  29532  29567  29547
  300.984   300245   986.91   300928   989.90  30106  30068  30089  30101  30091  30093  30102  30090  30084  30104  30051  30002  30014  30050  30006  30015  30011  30032  30017  30047
  305.984   305057   984.26   305780   988.15  30595  30559  30578  30592  30581  30584  30593  30579  30572  30547  30493  30493  30505  30493  30495  30507  30501  30524  30507  30539
  310.984   310164   995.97   310848   995.67  31114  31074  31096  31058  31098  31102  31059  31096  31089  31062  31007  31008  31020  31009  31010  31024  31020  31041  31021  31004
  315.984   315360  1002.28   315991  1002.15  31584  31595  31615  31577  31616  31623  31578  31614  31607  31582  31526  31527  31541  31529  31529  31541  31542  31560  31541  31524
  320.983   320498  1003.56   321080  1003.42  32099  32109  32129  32091  32128  32086  32092  32128  32121  32097  32041  32042  32055  32044  32042  32054  32055  32072  32054  32039
  325.983   325449  1001.98   325974  1001.64  32593  32602  32623  32585  32623  32579  32587  32574  32616  32592  32535  32537  32549  32538  32536  32552  32550  32570  32548  32534
  330.983   330333  1008.02   330915  1002.75  33090  33099  33125  33084  33073  33077  33087  33073  33118  33089  33033  33036  33046  33036  33033  33001  33051  33020  33045  33032
  335.983   335665  1020.71   336240  1018.96  33624  33633  33652  33618  33606  33611  33620  33607  33646  33623  33566  33569  33580  33569  33568  33533  33582  33553  33580  33565
  340.983   341028  1024.03   341494  1025.10  34161  34170  34138  34152  34140  34146  34156  34141  34132  34158  34102  34109  34118  34106  34104  34068  34118  34087  34116  34100
  345.983   345844  1011.28   346358  1014.06  34646  34657  34626  34637  34626  34631  34642  34627  34620  34646  34589  34595  34605  34594  34591  34554  34555  34573  34602  34586
  350.983   351062  1014.97   351632  1016.24  35174  35186  35153  35164  35152  35160  35170  35153  35146  35174  35118  35070  35133  35122  35117  35079  35081  35099  35129  35114
  355.983   356363  1029.33   356984  1030.94  35709  35719  35690  35699  35689  35695  35703  35691  35682  35707  35651  35609  35619  35655  35650  35616  35618  35634  35663  35648
  360.983   361242  1035.20   361989  1032.68  36221  36177  36200  36212  36201  36206  36214  36204  36192  36162  36107  36115  36125  36112  36105  36126  36128  36146  36118  36160
  365.983   366194  1022.89   366954  1020.84  36715  36678  36696  36706  36696  36700  36708  36698  36690  36667  36611  36616  36626  36614  36610  36621  36627  36640  36623  36606
  370.983   371275  1011.61   371932  1011.17  37222  37186  37205  37163  37205  37207  37164  37206  37199  37175  37119  37124  37134  37123  37118  37129  37135  37148  37131  37114
  375.984   376312  1017.21   376916  1016.74  37675  37693  37708  37666  37708  37711  37667  37710  37701  37677  37622  37629  37639  37628  37619  37631  37640  37652  37635  37617
  380.983   381690  1021.48   382184  1018.93  38210  38232  38250  38200  38250  38193  38203  38192  38243  38211  38158  38166  38175  38165  38155  38172  38181  38192  38173  38153
  385.983   386754  1009.77   387220  1009.60  38721  38739  38753  38712  38702  38706  38714  38705  38746  38722  38666  38671  38682  38673  38665  38675  38683  38695  38681  38663
  390.983   391875  1020.13   392347  1017.15  39245  39259  39227  39235  39224  39227  39237  39228  39220  39245  39188  39192  39205  39195  39186  39148  39202  39169  39204  39186
  395.983   397203  1030.27   397716  1028.83  39782  39798  39763  39771  39759  39764  39774  39765  39757  39783  39724  39732  39743  39733  39724  39685  39693  39705  39741  39723
  400.984   402443  1031.07   402937  1036.21  40305  40326  40281  40293  40280  40285  40297  40286  40276  40308  40250  40261  40271  40258  40248  40205  40213  40223  40266  40248
  405.983   407554  1038.12   408071  1040.34  40821  40788  40805  40809  40801  40804  40815  40806  40799  40823  40764  40722  40784  40771  40761  40727  40737  40744  40780  40764
  410.983   412472  1025.94   413088  1029.93  41324  41289  41305  41313  41303  41304  41318  41307  41299  41326  41267  41223  41234  41222  41263  41230  41238  41245  41283  41267
  415.983   417806  1037.11   418423  1037.45  41860  41827  41846  41849  41844  41844  41855  41845  41839  41814  41803  41762  41774  41761  41797  41770  41777  41787  41771  41804
  420.984   422630  1025.30   423303  1025.20  42350  42316  42333  42341  42331  42330  42343  42333  42327  42299  42241  42251  42263  42248  42285  42256  42264  42275  42257  42290
  425.983   427609  1015.30   428281  1015.64  42856  42825  42841  42800  42839  42838  42801  42840  42835  42806  42748  42760  42772  42754  42743  42764  42772  42782  42764  42750
  430.983   432781  1012.92   433389  1013.36  43322  43339  43358  43313  43354  43354  43317  43358  43351  43323  43265  43277  43289  43270  43259  43280  43290  43299  43284  43268
  435.983   437795  1006.24   438350  1009.23  43823  43841  43860  43813  43855  43855  43817  43809  43852  43825  43766  43779  43790  43773  43759  43783  43791  43800  43785  43769
  440.983   442747  1011.14   443260  1009.23  44330  44346  44315  44319  44311  44311  44323  44316  44356  44333  44272  44283  44293  44278  44265  44239  44294  44256  44291  44276
  445.983   447676   997.45   448185   995.47  44826  44844  44813  44816  44808  44809  44822  44812  44805  44830  44770  44782  44791  44775  44764  44737  44743  44754  44788  44772
  450.983   452629   998.49   453141   998.02  45323  45340  45307  45312  45305  45304  45317  45308  45300  45325  45266  45277  45286  45271  45260  45232  45237  45249  45284  45267
  455.983   457837  1001.61   458389  1006.04  45849  45871  45828  45838  45826  45827  45844  45832  45821  45853  45795  45744  45818  45804  45788  45754  45755  45771  45813  45795
  460.983   462782   998.62   463393  1001.98  46348  46364  46332  46337  46329  46330  46343  46334  46327  46349  46292  46251  46262  46297  46285  46257  46262  46275  46309  46292
  465.983   467583   994.77   468243   996.68  46836  46806  46822  46827  46819  46821  46833  46823  46817  46839  46782  46740  46752  46739  46776  46746  46750  46766  46751  46781
  470.984   472456   990.47   473113   995.30  47328  47298  47315  47319  47310  47311  47326  47315  47309  47282  47225  47232  47244  47231  47269  47237  47241  47257  47245  47275
  475.983   477219   988.29   477955   986.48  47811  47784  47800  47802  47795  47795  47809  47799  47793  47767  47711  47719  47731  47718  47707  47722  47727  47741  47731  47712
  480.983   482221   987.99   482922   987.62  48312  48284  48304  48305  48298  48297  48261  48301  48295  48265  48209  48219  48232  48218  48205  48225  48229  48244  48230  48210
  485.983   487516   990.70   488122   988.89  48792  48812  48835  48783  48828  48829  48791  48832  48825  48795  48738  48749  48761  48747  48735  48756  48759  48775  48759  48737
  490.983   492528   991.38   493128   991.01  49299  49317  49340  49289  49331  49335  49298  49287  49330  49302  49244  49256  49268  49253  49241  49212  49264  49280  49265  49245
  495.983   497852  1008.89   498403  1006.98  49836  49857  49827  49827  49868  49822  49835  49825  49867  49839  49781  49793  49806  49791  49778  49750  49801  49768  49802  49782
  500.983   503051  1016.07   503465  1016.41  50350  50380  50342  50343  50331  50336  50354  50339  50330  50360  50299  50316  50328  50314  50296  50266  50325  50284  50323  50300
  505.983   508163  1031.68   508665  1027.18  50871  50894  50863  50863  50856  50857  50872  50859  50855  50875  50816  50830  50842  50828  50813  50787  50786  50805  50838  50818
  510.983   513547  1040.91   514056  1039.63  51411  51432  51403  51403  51395  51397  51410  51398  51394  51413  51355  51369  51380  51366  51351  51327  51323  51344  51377  51355
  515.984   518729  1040.97   519385  1044.26  51945  51964  51936  51936  51927  51930  51944  51932  51926  51945  51888  51851  51864  51850  51884  51860  51859  51878  51908  51887
  520.983   523732  1040.30   524342  1040.61  52448  52416  52436  52437  52427  52431  52444  52433  52425  52445  52388  52351  52364  52350  52384  52360  52359  52379  52410  52387
  525.983   528665  1025.77   529320  1027.62  52945  52915  52934  52935  52925  52929  52941  52931  52923  52942  52885  52853  52863  52848  52881  52857  52858  52877  52858  52885
  530.983   533671  1019.30   534331  1020.97  53445  53416  53436  53435  53427  53431  53442  53432  53425  53442  53386  53352  53364  53349  53381  53358  53358  53378  53359  53386
  535.983   538392  1009.50   539056  1008.42  53927  53898  53918  53917  53909  53913  53876  53915  53907  53876  53819  53833  53845  53830  53814  53840  53840  53861  53842  53868
  540.983   543648  1005.34   544260  1005.64  54409  54428  54448  54399  54438  54443  54407  54445  54436  54407  54351  54365  54374  54359  54345  54370  54371  54391  54372  54350
  545.983   548625   997.08   549232   995.77  54913  54937  54959  54904  54950  54897  54913  54899  54947  54913  54858  54874  54884  54869  54851  54825  54881  54847  54882  54854
  550.983   553797  1002.28   554356  1002.21  55433  55453  55425  55422  55464  55419  55429  55421  55462  55428  55373  55389  55401  55385  55368  55346  55397  55367  55398  55373
  555.983   559153  1015.03   559615  1015.03  55968  55987  55961  55958  55950  55955  55966  55957  55949  55964  55909  55924  55936  55922  55903  55881  55933  55903  55934  55908
  560.983   564337  1022.18   564832  1021.78  56491  56509  56482  56479  56471  56476  56490  56478  56470  56486  56432  56449  56461  56449  56425  56402  56406  56426  56457  56430
  565.983   569548  1036.78   570048  1036.48  57012  57031  57003  56999  56994  56997  57011  57001  56993  57007  56954  56970  56981  56969  56946  56924  56928  56947  56977  56952
  570.983   574779  1039.66   575426  1040.84  57550  57568  57541  57538  57531  57534  57553  57537  57530  57544  57493  57458  57467  57457  57486  57462  57466  57487  57514  57489
  575.984   580193  1051.01   580791  1052.42  58091  58060  58082  58081  58073  58075  58095  58078  58071  58085  58035  57999  58008  57997  58029  58003  58008  58029  58055  58030
  580.983   585362  1048.32   586026  1047.48  58614  58576  58607  58605  58595  58603  58623  58600  58593  58610  58562  58518  58526  58515  58556  58528  58530  58553  58520  58554
  585.983   590519  1044.60   591118  1047.55  59127  59100  59122  59118  59109  59118  59082  59114  59107  59121  59069  59038  59048  59036  59064  59042  59047  59066  59042  59067
  590.983   595619  1042.85   596270  1042.92  59647  59620  59641  59638  59629  59638  59602  59634  59626  59595  59541  59557  59567  59555  59536  59561  59567  59586  59562  59587
  595.983   600540  1031.31   601195  1032.99  60140  60112  60136  60131  60121  60132  60093  60126  60119  60085  60031  60052  60059  60046  60026  60055  60059  60079  60053  60080
  600.983   605406  1019.40   606000  1019.30  60584  60609  60630  60575  60617  60577  60590  60621  60615  60582  60528  60549  60558  60546  60523  60550  60555  60523  60549  60525
  605.983   610514  1010.87   611058  1010.71  61101  61124  61095  61090  61134  61092  61106  61086  61130  61100  61044  61064  61073  61060  61040  61016  61071  61040  61064  61042
  610.983   615838  1017.75   616380  1015.30  61638  61662  61632  61627  61621  61629  61643  61624  61667  61637  61582  61602  61612  61597  61576  61553  61560  61577  61601  61578
  615.983   621213  1023.52   621674  1023.22  62171  62203  62166  62160  62151  62162  62181  62159  62148  62173  62120  62145  62155  62138  62114  62086  62091  62112  62140  62112
  620.983   626171  1021.98   626756  1019.77  62680  62704  62674  62668  62664  62672  62687  62667  62661  62679  62625  62596  62607  62640  62619  62595  62604  62619  62644  62622
  625.983   631539  1035.44   632167  1034.56  63220  63245  63214  63209  63208  63212  63227  63208  63204  63220  63166  63139  63149  63133  63160  63137  63147  63161  63184  63163
  630.983   636454  1037.08   637043  1038.49  63713  63688  63706  63701  63700  63706  63720  63701  63697  63711  63659  63630  63640  63626  63652  63628  63639  63652  63675  63653
  635.983   641435  1028.39   642028  1031.81  64213  64185  64203  64199  64197  64205  64219  64200  64196  64211  64157  64129  64138  64123  64149  64127  64136  64151  64173  64152
  640.983   646265  1012.75   646855  1014.33  64700  64673  64691  64687  64683  64693  64657  64689  64682  64700  64645  64617  64624  64611  64637  64615  64622  64641  64612  64641
  645.983   651220  1000.17   651859  1004.40  65204  65177  65198  65193  65188  65198  65163  65194  65187  65157  65103  65124  65127  65115  65094  65119  65128  65148  65117  65145
  650.984   656362  1004.73   656992  1002.89  65717  65690  65712  65707  65699  65713  65678  65707  65698  65671  65620  65637  65643  65629  65610  65631  65640  65663  65630  65659
  655.983   661307   990.74   661945   989.40  66218  66189  66212  66207  66199  66164  66181  66206  66199  66170  66120  66138  66143  66128  66112  66131  66139  66110  66129  66157
  660.983   666155   989.97   666698   991.78  66664  66682  66658  66653  66695  66658  66676  66652  66695  66665  66614  66633  66639  66623  66606  66575  66635  66605  66622  66603
  665.983   671414  1001.21   672006   999.53  67194  67214  67190  67184  67224  67189  67208  67182  67223  67198  67147  67163  67169  67151  67138  67105  67116  67135  67155  67135
  670.983   676340  1004.03   676829  1002.42  67685  67709  67681  67675  67667  67681  67702  67673  67666  67690  67639  67657  67665  67645  67630  67596  67607  67628  67647  67626
  675.983   681096   996.31   681698   996.58  68173  68195  68169  68162  68154  68168  68188  68161  68153  68175  68123  68092  68102  68131  68115  68083  68094  68114  68131  68111
  680.983   686091   991.07   686688   991.61  68672  68694  68668  68661  68652  68668  68687  68660  68651  68675  68623  68591  68600  68630  68615  68583  68593  68614  68631  68611
  685.983   691084   992.55   691637   993.05  69177  69149  69173  69166  69156  69175  69142  69164  69154  69181  69128  69094  69103  69084  69120  69087  69097  69119  69136  69116
  690.983   696058   994.43   696610   996.54  69675  69644  69670  69664  69653  69675  69637  69662  69652  69678  69626  69591  69597  69579  69617  69586  69595  69619  69634  69614
  695.983   701032   985.10   701627   983.69  70174  70148  70169  70165  70155  70178  70140  70162  70154  70182  70077  70093  70101  70082  70122  70086  70096  70121  70139  70115
  700.983   706348  1000.30   707000  1004.13  70717  70692  70712  70706  70697  70717  70684  70705  70696  70674  70621  70634  70642  70626  70612  70630  70637  70660  70628  70658
  705.983   711169  1004.16   711823  1004.19  71205  71179  71201  71194  71182  71154  71171  71194  71181  71162  71108  71120  71129  71113  71100  71118  71123  71098  71115  71145
  710.983   716057   998.89   716664   997.58  71694  71667  71690  71634  71672  71642  71659  71683  71671  71652  71597  71609  71616  71601  71590  71607  71613  71586  71604  71634
  715.983   720956   997.28   721516   999.23  72145  72167  72141  72134  72172  72142  72159  72134  72171  72151  72096  72109  72117  72101  72089  72058  72113  72086  72103  72084
  720.983   725990   996.64   726545   996.81  72645  72671  72641  72634  72679  72645  72664  72634  72678  72654  72600  72613  72622  72606  72592  72558  72621  72588  72606  72584
  725.983   730995   999.93   731614   998.72  73154  73178  73147  73141  73186  73150  73172  73141  73186  73159  73106  73118  73128  73114  73097  73066  73070  73094  73111  73091
  730.983   736084   987.99   736592   988.12  73665  73682  73658  73652  73639  73661  73675  73652  73640  73668  73615  73622  73634  73620  73606  73577  73582  73603  73623  73602
  735.983   740815   988.26   741418   988.19  74148  74165  74140  74135  74122  74142  74157  74134  74124  74151  74098  74056  74116  74055  74089  74060  74064  74087  74106  74084
  740.983   745611   985.07   746214   983.22  74634  74600  74625  74622  74607  74625  74641  74618  74607  74635  74582  74543  74552  74542  74572  74545  74548  74570  74588  74569
  745.983   750718   988.72   751274   991.95  75144  75112  75135  75133  75119  75135  75103  75128  75119  75146  75092  75053  75064  75053  75083  75055  75059  75081  75099  75079
  750.983   755637   989.66   756289   989.50  75653  75617  75641  75641  75625  75642  75609  75634  75624  75603  75550  75559  75569  75559  75541  75563  75564  75589  75557  75586
  755.983   760539   984.97   761196   984.63  76143  76108  76132  76132  76115  76134  76100  76125  76114  76093  76041  76050  76060  76049  76032  76053  76055  76077  76047  76075
  760.983   765339   978.32   765955   978.59  76585  76598  76624  76574  76606  76576  76589  76617  76604  76582  76531  76541  76551  76538  76521  76495  76544  76517  76535  76566
  765.983   770334   982.92   770959   983.52  77084  77098  77128  77072  77107  77075  77088  77121  77106  77080  77029  77043  77052  77039  77018  76990  77046  77012  77035  77070
  770.983   775429   993.26   775998   993.93  77600  77614  77584  77588  77623  77591  77603  77577  77622  77596  77543  77558  77566  77554  77535  77507  77559  77529  77552  77526
  775.983   780672   997.58   781247   998.22  78128  78140  78108  78113  78144  78119  78129  78100  78144  78122  78069  78081  78092  78078  78062  78030  78079  78052  78079  78050
  780.983   785572   997.99   786146   997.01  78621  78636  78607  78607  78636  78612  78624  78600  78588  78615  78562  78575  78584  78573  78555  78528  78523  78550  78572  78550
  785.983   790447   996.88   791062   997.15  79118  79132  79102  79105  79082  79109  79122  79095  79084  79113  79060  79021  79084  79020  79053  79025  79020  79048  79071  79045
  790.983   795545  1008.76   796201  1005.23  79632  79644  79616  79619  79597  79623  79636  79609  79600  79625  79573  79537  79550  79535  79568  79540  79535  79564  79584  79559
  795.983   800636  1008.96   801192  1008.22  80139  80105  80126  80126  80107  80130  80097  80119  80110  80133  80083  80047  80061  80043  80077  80048  80044  80072  80092  80069
  800.983   805629  1005.37   806186  1006.61  80640  80604  80625  80628  80604  80631  80596  80617  80608  80633  80582  80547  80560  80541  80576  80549  80544  80571  80591  80568
  805.983   810533   997.08   811235   996.38  81145  81108  81130  81133  81110  81137  81099  81123  81113  81137  81039  81052  81065  81047  81030  81053  81048  81078  81048  81073
  810.983   815661  1003.66   816275  1002.99  81661  81622  81647  81649  81625  81596  81612  81639  81628  81596  81549  81566  81579  81561  81538  81570  81561  81596  81554  81587
  815.983   820764  1007.95   821279  1008.32  82117  82133  82156  82105  82136  82111  82125  82149  82138  82109  82060  82076  82090  82071  82052  82078  82072  82106  82066  82093
  820.983   825775  1006.38   826391  1006.64  82629  82645  82665  82619  82645  82623  82637  82659  82647  82622  82570  82586  82599  82582  82566  82538  82582  82569  82579  82604
  825.983   830690  1001.81   831252  1001.95  83123  83142  83113  83116  83141  83118  83134  83106  83142  83117  83066  83084  83094  83079  83062  83036  83079  83064  83076  83050
  830.983   835702  1002.25   836262  1002.35  83624  83644  83612  83618  83643  83618  83635  83605  83645  83618  83569  83583  83596  83581  83564  83535  83582  83564  83578  83550
  835.983   840799  1010.64   841418  1006.14  84140  84159  84129  84135  84157  84133  84151  84122  84159  84133  84082  84096  84112  84094  84079  84049  84046  84079  84094  84068
  840.983   845957  1011.58   846581  1010.27  84660  84680  84651  84657  84677  84654  84673  84644  84631  84654  84602  84568  84632  84616  84597  84571  84568  84602  84615  84586
  845.983   850547   994.36   851204   997.45  85153  85150  85121  85142  85096  85094  85094  85111  85101  85142  85039  85038  85052  85035  85031  85066  85037  85092  85103  85054
  850.984   855389   993.79   856004   993.76  85603  85600  85621  85591  85596  85594  85594  85612  85601  85592  85538  85538  85552  85535  85527  85515  85536  85542  85551  85555
  855.983   860377   996.21   860989   996.24  86101  86099  86120  86089  86094  86092  86092  86111  86101  86090  86036  86039  86051  86032  86025  86015  86034  86041  86050  86054
  860.983   865489   997.95   866107   998.29  86613  86610  86632  86601  86607  86603  86602  86625  86612  86602  86549  86549  86563  86544  86537  86524  86545  86551  86563  86564
  865.983   870566   997.21   871180   995.37  87120  87117  87139  87108  87114  87111  87110  87132  87119  87110  87058  87059  87069  87055  87043  87031  87052  87057  87070  87072
  870.983   875607   991.61   876230   989.87  87625  87622  87645  87613  87618  87616  87615  87638  87625  87613  87563  87563  87573  87559  87548  87533  87554  87563  87574  87577
  875.983   880566  1002.21   881190  1001.14  88120  88119  88140  88110  88113  88113  88112  88133  88120  88110  88057  88061  88068  88055  88042  88028  88052  88058  88070  88075
  880.983   885592  1003.32   886165   998.46  88627  88627  88599  88617  88621  88621  88620  88590  88626  88617  88563  88570  88575  88563  88549  88535  88562  88565  88578  88532
  885.983   890779  1005.50   891357  1005.97  89146  89146  89118  89136  89140  89140  89139  89111  89145  89136  89081  89087  89095  89081  89069  89054  89080  89084  89096  89052
  890.984   895536   997.01   896205   997.25  89630  89631  89604  89621  89624  89624  89624  89597  89629  89621  89567  89527  89580  89564  89555  89541  89517  89567  89580  89538
  895.983   900451   991.34   901081   991.88  90120  90125  90096  90113  90117  90115  90118  90089  90074  90114  90059  90017  90072  90057  90045  90031  90008  90060  90071  90031
  900.983   905041   984.36   905627   984.80  90605  90560  90581  90548  90551  90550  90553  90574  90557  90548  90494  90499  90506  90491  90528  90515  90492  90494  90505  90517
  905.983   910318   996.85   910911   994.06  91089  91092  91114  91081  91085  91083  91086  91107  91092  91082  91026  91033  91038  91024  91011  91044  91025  91027  91039  91051
  910.983   915527  1004.53   916160  1003.32  91615  91618  91638  91606  91610  91607  91611  91631  91618  91606  91551  91559  91564  91548  91537  91525  91551  91552  91564  91576
  915.983   920615   998.99   921261   999.03  92120  92127  92155  92112  92118  92113  92125  92147  92129  92115  92056  92071  92071  92060  92043  92028  92063  92059  92073  92091
  920.983   925837  1012.01   926467  1012.32  92644  92650  92668  92636  92640  92637  92645  92661  92648  92638  92581  92591  92594  92583  92567  92553  92583  92584  92595  92606
  925.983   930979  1019.50   931610  1019.53  93158  93163  93183  93152  93154  93153  93158  93176  93161  93152  93099  93104  93109  93096  93081  93067  93095  93098  93109  93121
  930.983   936428  1046.07   936955  1045.74  93703  93708  93676  93697  93699  93698  93703  93669  93705  93697  93644  93648  93654  93642  93626  93611  93639  93643  93654  93667
  935.983   941241  1026.07   941822  1025.67  94190  94194  94166  94182  94184  94184  94190  94157  94193  94182  94129  94134  94140  94129  94112  94098  94126  94129  94140  94104
  940.983   946636  1030.20   947209  1028.19  94729  94733  94705  94721  94722  94723  94729  94696  94731  94720  94668  94674  94681  94668  94651  94637  94666  94668  94680  94643
  945.983   951941  1037.99   952549  1036.78  95262  95266  95238  95257  95256  95257  95264  95230  95265  95254  95206  95207  95217  95204  95185  95173  95151  95204  95216  95178
  950.983   956970  1034.56   957582  1034.06  95774  95779  95752  95772  95769  95769  95727  95746  95727  95767  95719  95670  95729  95667  95697  95686  95663  95716  95730  95693
  955.983   961657  1025.91   962426  1025.07  96265  96269  96239  96210  96261  96261  96213  96233  96216  96259  96157  96158  96167  96155  96188  96178  96152  96154  96168  96180
  960.983   966923  1020.23   967532  1024.50  96793  96749  96769  96743  96741  96741  96747  96762  96748  96739  96691  96687  96700  96687  96668  96705  96682  96688  96703  96712
  965.983   971782  1023.26   972397  1022.79  97236  97238  97263  97233  97232  97231  97237  97256  97241  97230  97181  97180  97190  97180  97157  97147  97174  97178  97192  97203
  970.983   977054  1018.69   977673  1018.19  97760  97765  97793  97763  97758  97756  97765  97786  97770  97757  97710  97708  97716  97708  97680  97670  97704  97704  97721  97733
  975.983   981943  1003.42   982564  1003.89  98252  98254  98280  98252  98249  98247  98255  98272  98256  98247  98199  98195  98205  98195  98172  98163  98191  98193  98210  98220
  980.983   986838   997.45   987457   999.30  98742  98744  98768  98741  98739  98737  98744  98760  98745  98737  98689  98683  98695  98685  98662  98654  98681  98683  98698  98708
  985.983   991998  1009.77   992567  1006.41  99261  99263  99241  99263  99259  99257  99266  99234  99267  99256  99211  99205  99214  99207  99181  99175  99201  99204  99218  99182
  990.983   997041  1000.84   997610  1002.72  99766  99767  99744  99769  99764  99761  99771  99737  99772  99759  99716  99711  99717  99710  99683  99680  99705  99709  99725  99685
  995.983  1001955   999.33  1002528   997.95 100259 100259 100235 100259 100259 100253 100262 100228 100263 100251 100207 100201 100209 100201 100174 100172 100199 100200 100216 100176
 1000.984  1007051   993.36  1007666   993.19 100771 100772 100749 100773 100773 100769 100776 100742 100777 100764 100721 100715 100724 100715 100691 100687 100663 100714 100730 100691
 1005.983  1011756   993.86  1012422   993.72 101263 101262 101239 101214 101263 101259 101217 101233 101218 101254 101162 101156 101214 101155 101182 101177 101153 101204 101172 101181
 1010.983  1016535   991.61  1017159   991.78 101745 101745 101722 101699 101701 101693 101699 101717 101701 101737 101645 101640 101697 101637 101665 101659 101637 101638 101653 101664
 1015.983  1021343   981.31  1021916   981.48 102232 102181 102209 102183 102185 102180 102183 102204 102186 102173 102130 102124 102134 102121 102153 102146 102122 102124 102139 102150
 1020.983  1026110   973.83  1026733   973.99 102667 102667 102694 102670 102673 102666 102670 102693 102674 102659 102618 102612 102622 102608 102588 102581 102608 102611 102626 102636
 1025.983  1031012   973.49  1031636   973.59 103158 103158 103183 103160 103163 103159 103160 103181 103164 103150 103107 103102 103113 103098 103078 103073 103098 103102 103117 103124
 1030.983  1036273   976.98  1036894   977.08 103682 103682 103712 103685 103688 103683 103685 103714 103689 103674 103632 103628 103638 103624 103602 103597 103626 103628 103642 103656
 1035.983  1041403   989.83  1041967   989.77 104195 104194 104221 104199 104201 104196 104200 104173 104201 104187 104146 104141 104153 104138 104116 104109 104139 104143 104155 104163
 1040.984  1046169   985.07  1046776   984.60 104676 104675 104701 104679 104681 104679 104679 104657 104680 104669 104626 104620 104635 104617 104599 104590 104620 104624 104637 104601
 1045.983  1051136   987.72  1051699   990.81 105173 105171 105149 105179 105179 105176 105175 105152 105178 105167 105123 105117 105134 105112 105096 105086 105116 105122 105135 105095
 1050.983  1056224   996.98  1056782   998.29 105682 105679 105657 105687 105687 105685 105684 105660 105686 105675 105629 105626 105643 105620 105605 105597 105624 105629 105644 105607
 1055.983  1061139   997.62  1061754   997.35 106179 106176 106155 106183 106184 106182 106181 106158 106184 106172 106125 106123 106138 106117 106102 106094 106072 106126 106139 106103
 1060.983  1066036   988.52  1066499   988.36 106677 106675 106655 106633 106633 106631 106630 106658 106634 106673 106625 106574 106639 106617 106601 106592 106572 106575 106637 106604
 1065.983  1071093   993.19  1071755   993.29 107201 107200 107181 107158 107160 107158 107157 107184 107160 107196 107101 107100 107116 107093 107126 107115 107098 107101 107114 107129
 1070.983  1076048   997.55  1076663   997.82 107697 107697 107679 107653 107655 107653 107652 107679 107655 107643 107596 107595 107612 107588 107623 107611 107593 107597 107609 107624
 1075.983  1080827   992.82  1081440   992.75 108178 108126 108163 108136 108139 108137 108136 108161 108139 108125 108079 108080 108095 108070 108053 108093 108079 108081 108090 108107
 1080.983  1085898   994.06  1086516   994.30 108639 108641 108677 108648 108651 108647 108648 108675 108651 108639 108590 108593 108607 108583 108567 108552 108588 108593 108604 108621
 1085.984  1091022   999.53  1091635   999.46 109151 109154 109186 109161 109164 109160 109161 109182 109164 109152 109104 109105 109120 109097 109080 109064 109101 109104 109117 109130
 1090.983  1095952   993.62  1096517  1000.47 109645 109645 109680 109655 109658 109654 109654 109626 109656 109644 109598 109599 109614 109592 109572 109556 109592 109597 109610 109622
 1095.983  1100838   988.69  1101402   986.98 110139 110138 110125 110148 110151 110147 110146 110122 110149 110137 110091 110091 110108 110085 110065 110052 110085 110090 110103 110068
 1100.983  1105982   990.97  1106524   992.38 110649 110649 110629 110665 110668 110663 110659 110626 110666 110650 110607 110608 110625 110602 110576 110562 110604 110606 110619 110573
 1105.983  1110897   998.99  1111498   998.66 111149 111148 111135 111158 111162 111157 111154 111128 111161 111146 111102 111103 111120 111097 111075 111061 111049 111099 111114 111077
 1110.983  1115612   990.64  1116254   989.83 111633 111632 111620 111643 111600 111644 111638 111613 111599 111632 111588 111540 111559 111536 111559 111546 111535 111586 111601 111562
 1115.983  1120743   991.98  1121392   991.38 112158 112157 112145 112116 112122 112117 112162 112137 112121 112157 112059 112062 112082 112057 112085 112071 112061 112058 112124 112084
 1120.983  1125824   998.96  1126478  1000.23 112672 112670 112658 112629 112637 112631 112625 112652 112634 112670 112572 112576 112597 112570 112597 112584 112574 112572 112585 112597
 1125.983  1130718   999.33  1131319   997.32 113162 113159 113145 113118 113125 113121 113114 113144 113123 113108 113062 113065 113086 113059 113087 113074 113063 113061 113076 113085
 1130.983  1136032  1003.59  1136643  1004.26 113694 113691 113677 113650 113658 113654 113646 113675 113657 113641 113595 113597 113615 113592 113618 113603 113592 113594 113609 113617
 1135.983  1140924  1005.60  1141528  1003.62 114138 114135 114180 114146 114161 114150 114141 114182 114160 114135 114090 114102 114116 114095 114065 114048 114093 114091 114103 114121
 1140.983  1146238  1019.53  1146840  1019.83 114674 114669 114708 114679 114690 114683 114674 114705 114691 114667 114623 114631 114647 114624 114599 114584 114622 114624 114638 114646
 1145.983  1151158  1010.81  1151660  1010.77 115165 115161 115151 115171 115182 115176 115165 115148 115183 115158 115115 115123 115140 115115 115091 115076 115114 115116 115128 115140
 1150.983  1156067  1002.95  1156616  1004.56 115660 115657 115647 115667 115677 115672 115661 115643 115679 115653 115611 115619 115637 115608 115586 115572 115610 115612 115625 115587
 1155.983  1160950  1003.09  1161499  1004.60 116148 116145 116136 116154 116164 116160 116150 116132 116167 116143 116099 116105 116125 116096 116074 116061 116098 116101 116115 116076
 1160.983  1165745   990.23  1166391   991.41 116642 116639 116630 116649 116658 116655 116644 116626 116611 116637 116594 116548 116570 116591 116568 116555 116543 116596 116611 116569
 1165.984  1170765   996.38  1171409   997.68 117154 117150 117140 117160 117120 117118 117155 117138 117125 117149 117106 117060 117084 117052 117079 117066 117057 117059 117121 117081
 1170.983  1175703   985.30  1176397   985.07 117659 117653 117643 117615 117624 117622 117659 117641 117629 117652 117561 117564 117588 117555 117583 117569 117561 117562 117576 117584
 1175.983  1180664   986.81  1181362   988.39 118157 118150 118138 118111 118119 118116 118155 118138 118126 118152 118057 118061 118083 118049 118082 118066 118056 118057 118073 118080
 1180.984  1185869   995.17  1186472   995.34 118677 118669 118660 118630 118639 118638 118627 118660 118648 118624 118578 118580 118604 118570 118603 118587 118575 118578 118593 118601
 1185.983  1191050  1006.71  1191657  1006.98 119151 119192 119184 119155 119162 119162 119149 119184 119171 119147 119103 119101 119127 119092 119076 119111 119099 119100 119117 119124
 1190.983  1196215  1016.41  1196879  1015.10 119670 119720 119707 119678 119684 119684 119668 119709 119693 119666 119625 119623 119651 119613 119594 119577 119623 119622 119639 119648
 1195.984  1201346  1021.21  1201906  1020.07 120186 120180 120217 120193 120196 120196 120183 120169 120206 120180 120139 120134 120163 120127 120110 120095 120136 120135 120151 120156
