Test case: 
Description: 
	10 senders: persistent queues
	10 receivers: client acknowledge every 50 messages
Timestamp: 2011.11.2 1:28:18
Version: 
Setting up JMS benchmark connections... 

Start processing messages.
Fri Dec 02 01:28:18 EST 2011

  Seconds   Send   Send/Sec   Recv   Recv/Sec   RCV0   RCV1   RCV2   RCV3   RCV4   RCV5   RCV6   RCV7   RCV8   RCV9  SND10  SND11  SND12  SND13  SND14  SND15  SND16  SND17  SND18  SND19
  ------- -------- -------- -------- -------- ------ ------ ------ ------ ------ ------ ------ ------ ------ ------ ------ ------ ------ ------ ------ ------ ------ ------ ------ ------
    1.029        0     0.00        0     0.00      0      0      0      0      0      0      0      0      0      0      0      0      0      0      0      0      0      0      0      0
    6.032     4457   968.70     4901  1065.20    491    495    493    485    495    493    493    483    486    487    440    448    444    446    445    444    444    451    448    447
   11.029     9469   986.35     9848  1025.83    988    990    987    979    991    986    988    977    980    982    944    947    944    948    948    946    944    951    947    950
   16.029    14677  1005.27    15047  1030.62   1507   1509   1507   1498   1511   1507   1508   1500   1499   1501   1465   1468   1463   1469   1466   1467   1466   1472   1467   1474
   21.029    20060  1023.42    20400  1040.76   2042   2043   2042   2033   2046   2042   2043   2037   2034   2038   2005   2005   1999   2009   2001   2008   2002   2012   2006   2013
   26.029    25461  1035.00    25783  1048.09   2579   2581   2580   2572   2584   2581   2582   2575   2573   2576   2546   2544   2539   2547   2541   2548   2543   2552   2546   2555
   31.029    30465  1027.57    30777  1038.11   3079   3081   3080   3071   3084   3080   3081   3073   3072   3076   3046   3043   3042   3048   3042   3047   3043   3052   3045   3057
   36.029    35447  1025.14    35759  1018.96   3578   3580   3578   3569   3582   3579   3579   3570   3570   3574   3544   3543   3540   3545   3540   3544   3542   3551   3543   3555
   41.029    40815  1035.44    41124  1033.09   4114   4117   4114   4104   4118   4116   4116   4107   4107   4111   4079   4080   4077   4081   4078   4081   4078   4088   4081   4092
   46.029    46274  1042.08    46568  1039.53   4659   4661   4660   4649   4662   4660   4661   4651   4651   4654   4625   4627   4625   4626   4621   4628   4626   4632   4625   4639
   51.029    51275  1031.58    51567  1029.93   5159   5161   5160   5150   5162   5160   5161   5150   5151   5153   5127   5127   5127   5126   5119   5129   5126   5131   5126   5137
   56.029    56151  1018.15    56392  1017.11   5661   5615   5613   5652   5664   5613   5663   5602   5654   5655   5630   5629   5581   5578   5621   5583   5629   5632   5628   5640
   61.029    60752  1016.34    61036  1015.40   6106   6109   6107   6096   6109   6107   6108   6096   6098   6100   6074   6074   6076   6073   6068   6077   6074   6078   6073   6085
   66.029    66170  1030.94    66452  1029.93   6649   6651   6648   6638   6652   6648   6649   6637   6639   6641   6614   6616   6619   6615   6610   6619   6617   6620   6613   6627
   71.029    71330  1023.99    71602  1022.75   7163   7166   7163   7154   7166   7163   7163   7152   7155   7157   7131   7132   7136   7134   7125   7136   7131   7136   7128   7141
   76.029    76545  1015.84    76825  1015.37   7686   7688   7686   7676   7689   7684   7686   7674   7677   7679   7653   7654   7657   7654   7646   7658   7653   7657   7650   7663
   81.029    81945  1029.23    82228  1028.93   8226   8229   8226   8216   8229   8225   8226   8215   8217   8219   8193   8195   8197   8193   8186   8198   8193   8197   8189   8204
   86.029    86941  1028.12    87222  1034.60   8725   8729   8726   8715   8727   8726   8725   8715   8716   8718   8692   8695   8698   8693   8685   8699   8691   8696   8687   8705
   91.029    92112  1043.66    92395  1037.12   9242   9248   9243   9232   9243   9243   9243   9232   9233   9236   9208   9211   9215   9211   9202   9218   9208   9213   9202   9224
   96.029    97090  1028.82    97286  1029.43   9722   9724   9722   9745   9756   9722   9723   9711   9745   9716   9722   9724   9691   9686   9714   9692   9720   9725   9715   9701
  101.029   102489  1037.01   102686  1037.92  10262  10265  10263  10285  10296  10262  10263  10250  10284  10256  10263  10263  10230  10227  10255  10232  10260  10264  10254  10241
  106.029   107355  1024.03   107561  1026.48  10751  10752  10751  10770  10780  10751  10752  10740  10769  10745  10747  10747  10721  10715  10740  10721  10745  10749  10739  10731
  111.029   112273  1007.25   112476  1009.80  11242  11243  11242  11263  11272  11243  11243  11231  11261  11236  11239  11239  11211  11206  11233  11212  11238  11241  11233  11221
  116.029   117210  1007.55   117384  1010.54  11745  11742  11745  11712  11721  11745  11746  11734  11758  11736  11737  11737  11711  11706  11682  11712  11735  11738  11731  11721
  121.030   121985  1000.77   122366   997.32  12249  12245  12250  12214  12222  12249  12250  12238  12210  12239  12189  12190  12216  12209  12183  12215  12187  12189  12183  12224
  126.029   127057   998.62   127436   999.53  12755  12752  12758  12721  12728  12757  12757  12745  12717  12746  12696  12698  12724  12716  12689  12721  12694  12697  12691  12731
  131.029   131977   983.15   132352   984.26  13246  13243  13249  13214  13221  13248  13248  13236  13210  13237  13189  13191  13215  13206  13181  13213  13186  13191  13183  13222
  136.029   136880   984.06   137258   984.63  13737  13734  13740  13703  13711  13739  13739  13727  13700  13728  13679  13681  13705  13696  13671  13704  13676  13681  13674  13713
  141.029   141931   988.32   142095   988.79  14241  14238  14193  14206  14217  14191  14192  14180  14205  14232  14184  14186  14209  14201  14176  14209  14183  14187  14179  14217
  146.029   146941   996.07   147152   997.32  14706  14751  14708  14721  14733  14708  14709  14697  14721  14698  14700  14702  14675  14715  14693  14675  14699  14703  14696  14683
  151.030   151861   994.19   152069   991.74  15202  15200  15204  15218  15230  15204  15205  15193  15218  15195  15197  15199  15171  15163  15190  15172  15196  15201  15193  15179
  156.029   156805   988.59   157026   988.12  15700  15696  15700  15713  15724  15700  15701  15688  15713  15691  15690  15694  15665  15659  15683  15669  15690  15694  15687  15674
  161.029   161732   988.26   161960   988.42  16193  16188  16194  16207  16218  16193  16194  16182  16207  16184  16182  16188  16157  16151  16175  16161  16184  16188  16180  16166
  166.029   166699   990.57   166929   990.64  16690  16684  16690  16704  16715  16689  16690  16679  16705  16683  16680  16683  16654  16649  16673  16657  16681  16683  16677  16662
  171.029   171546   986.98   171721   990.81  17185  17179  17185  17147  17158  17184  17185  17173  17148  17177  17174  17177  17151  17144  17116  17153  17125  17177  17172  17157
  176.029   176405   987.01   176786   984.16  17691  17685  17692  17654  17664  17690  17691  17680  17655  17684  17628  17631  17658  17650  17626  17660  17631  17631  17627  17663
  181.029   181629   991.78   182009   992.52  18213  18207  18213  18178  18188  18212  18212  18202  18178  18206  18150  18153  18181  18172  18148  18183  18155  18152  18150  18185
  186.030   186627   994.09   187000   994.09  18711  18707  18713  18677  18687  18711  18711  18701  18677  18705  18652  18653  18679  18672  18647  18682  18655  18653  18650  18684
  191.029   191504   992.62   191873   992.45  19197  19197  19200  19164  19174  19198  19198  19189  19164  19192  19140  19141  19166  19162  19134  19169  19142  19142  19138  19170
  196.030   196228   987.58   196400   987.28  19630  19680  19632  19647  19657  19630  19631  19621  19647  19625  19622  19622  19599  19645  19617  19602  19625  19625  19620  19651
  201.029   201111   988.79   201278   986.85  20123  20123  20124  20140  20150  20123  20124  20113  20140  20118  20115  20117  20093  20088  20110  20095  20119  20119  20113  20142
  206.029   206313   995.23   206476   991.28  20643  20643  20644  20660  20669  20643  20644  20633  20659  20638  20634  20638  20614  20607  20630  20616  20639  20640  20632  20663
  211.029   211243   984.03   211444   982.92  21141  21141  21140  21157  21166  21139  21141  21129  21156  21134  21132  21134  21111  21105  21130  21115  21138  21137  21129  21112
  216.029   216207   982.58   216399   981.54  21636  21636  21635  21653  21663  21634  21636  21624  21653  21629  21629  21632  21606  21600  21626  21610  21635  21635  21628  21606
  221.029   221051   984.83   221295   983.99  22131  22130  22130  22099  22157  22128  22130  22119  22146  22125  22123  22126  22100  22095  22073  22105  22080  22129  22122  22098
  226.029   225948   992.42   226140   998.02  22624  22624  22624  22596  22603  22622  22624  22613  22592  22618  22618  22620  22593  22590  22569  22598  22575  22575  22617  22593
  231.029   230892   994.46   231229   993.59  23132  23135  23133  23105  23111  23132  23133  23123  23099  23126  23076  23080  23103  23101  23078  23109  23084  23083  23077  23101
  236.029   235859   986.64   236185   985.64  23626  23631  23627  23602  23607  23628  23629  23617  23597  23621  23573  23577  23598  23596  23575  23603  23581  23582  23576  23598
  241.029   240688   983.15   241015   980.81  24108  24115  24110  24085  24090  24111  24112  24100  24080  24104  24056  24061  24080  24079  24058  24085  24064  24065  24059  24081
  246.030   245903   988.99   246246   988.42  24631  24639  24633  24607  24611  24636  24636  24625  24601  24627  24574  24580  24603  24604  24581  24608  24586  24586  24578  24603
  251.029   250989   996.44   251124   996.07  25096  25100  25145  25119  25126  25098  25098  25087  25116  25139  25091  25094  25115  25067  25094  25122  25099  25101  25092  25114
  256.030   255853   996.71   255980   996.24  25591  25594  25591  25616  25624  25592  25592  25582  25613  25585  25588  25590  25561  25563  25590  25567  25595  25597  25589  25613
  261.029   260823   993.09   260959   992.75  26089  26091  26089  26115  26122  26090  26090  26079  26111  26083  26084  26086  26059  26060  26088  26064  26092  26094  26087  26109
  266.029   265921   998.86   266106   999.13  26605  26608  26605  26630  26637  26604  26603  26593  26625  26596  26599  26601  26574  26575  26602  26579  26607  26607  26602  26575
  271.030   270967  1009.30   271155  1009.73  27119  27123  27120  27093  27103  27119  27116  27109  27142  27111  27114  27116  27087  27089  27067  27093  27074  27122  27117  27088
  276.029   275866   999.19   276006   998.69  27609  27613  27609  27586  27595  27607  27605  27599  27583  27600  27604  27605  27577  27578  27559  27583  27567  27609  27604  27580
  281.029   280560   992.35   280892   992.38  28099  28102  28099  28072  28081  28097  28094  28088  28070  28090  28046  28047  28066  28067  28045  28072  28053  28051  28045  28068
  286.029   285569   994.09   285894   994.50  28600  28602  28599  28570  28581  28598  28594  28589  28571  28590  28549  28549  28566  28568  28546  28572  28551  28553  28547  28568
  291.029   290677   996.91   291005   996.85  29110  29114  29110  29082  29093  29109  29105  29099  29083  29100  29061  29059  29077  29079  29057  29083  29063  29063  29055  29080
  296.029   295677   991.81   296011   991.91  29612  29614  29611  29581  29593  29610  29606  29600  29583  29601  29560  29558  29578  29579  29557  29584  29563  29563  29554  29581
  301.029   300626   987.08   300763   987.01  30062  30065  30062  30081  30093  30061  30105  30051  30083  30100  30059  30057  30076  30031  30058  30084  30063  30064  30054  30080
  306.029   305471   986.91   305565   987.01  30550  30556  30551  30570  30582  30552  30548  30540  30574  30542  30547  30546  30566  30522  30547  30526  30552  30553  30543  30569
  311.030   310589   999.16   310722   995.94  31065  31070  31066  31089  31100  31067  31062  31055  31092  31056  31065  31063  31032  31037  31065  31040  31070  31071  31059  31087
  316.030   315790  1002.28   315924  1002.62  31585  31590  31586  31609  31621  31586  31582  31575  31613  31577  31584  31583  31553  31559  31585  31560  31591  31591  31578  31606
  321.029   320874  1003.56   321006  1003.52  32099  32102  32099  32121  32133  32099  32097  32088  32076  32092  32097  32097  32069  32072  32096  32076  32103  32103  32091  32070
  326.029   325724  1001.74   325849  1001.24  32592  32597  32593  32566  32579  32593  32591  32582  32569  32587  32591  32592  32564  32568  32542  32570  32549  32598  32585  32565
  331.029   330664  1002.65   330834  1009.06  33089  33095  33093  33066  33078  33091  33089  33080  33069  33084  33092  33094  33062  33065  33040  33068  33047  33047  33086  33063
  336.029   335989  1017.65   336173  1023.89  33623  33630  33627  33599  33611  33625  33625  33614  33601  33618  33622  33622  33595  33600  33573  33603  33580  33581  33614  33599
  341.029   341247  1023.79   341533  1022.28  34159  34169  34163  34134  34147  34160  34161  34149  34137  34154  34108  34108  34130  34139  34109  34139  34115  34115  34149  34135
  346.029   346062  1010.91   346396  1010.87  34646  34655  34650  34619  34633  34647  34646  34636  34623  34641  34596  34595  34618  34625  34594  34625  34601  34602  34586  34620
  351.029   351280  1014.90   351671  1016.58  35174  35183  35178  35144  35161  35175  35173  35164  35151  35168  35123  35121  35147  35101  35121  35153  35127  35128  35112  35147
  356.029   356643  1032.72   356963  1031.21  35707  35668  35711  35681  35697  35708  35707  35697  35686  35701  35659  35657  35682  35639  35659  35686  35665  35665  35649  35682
  361.029   361697  1033.36   361800  1031.07  36162  36173  36169  36194  36210  36164  36221  36152  36199  36156  36170  36166  36137  36143  36171  36200  36178  36179  36159  36194
  366.029   366622  1021.38   366752  1021.21  36668  36673  36671  36689  36704  36668  36667  36657  36693  36662  36666  36664  36643  36644  36665  36645  36672  36676  36659  36688
  371.029   371704  1013.49   371835  1011.74  37176  37181  37180  37198  37213  37175  37176  37166  37201  37169  37175  37173  37152  37153  37173  37152  37180  37184  37167  37195
  376.029   376686  1017.15   376817  1017.31  37678  37685  37683  37701  37666  37678  37678  37672  37705  37671  37678  37678  37654  37658  37676  37654  37683  37688  37670  37647
  381.029   381962  1021.14   382073  1020.17  38214  38224  38221  38182  38200  38214  38215  38209  38187  38207  38220  38220  38190  38197  38158  38191  38163  38229  38213  38181
  386.029   386990  1011.64   387165  1008.46  38722  38731  38728  38695  38711  38722  38724  38717  38699  38716  38723  38723  38698  38704  38672  38702  38677  38682  38716  38693
  391.029   392161  1017.72   392380  1021.44  39243  39251  39249  39218  39234  39244  39245  39238  39221  39237  39197  39241  39220  39225  39196  39225  39201  39204  39235  39217
  396.029   397438  1028.93   397753  1028.22  39780  39788  39787  39755  39770  39782  39783  39776  39758  39774  39731  39732  39758  39764  39733  39762  39738  39740  39726  39754
  401.029   402663  1032.52   402994  1030.81  40304  40313  40312  40276  40293  40307  40309  40302  40279  40299  40250  40249  40284  40293  40255  40289  40260  40262  40246  40275
  406.029   407801  1040.67   408151  1039.46  40819  40827  40825  40796  40812  40822  40823  40816  40798  40813  40773  40771  40799  40754  40775  40805  40779  40783  40770  40792
  411.029   412822  1028.49   413133  1028.12  41324  41328  41328  41299  41316  41326  41327  41266  41302  41317  41275  41273  41301  41254  41278  41307  41282  41285  41271  41296
  416.029   418164  1038.09   418308  1037.01  41859  41817  41815  41837  41851  41814  41815  41808  41840  41852  41817  41815  41837  41795  41816  41795  41821  41823  41813  41832
  421.029   422992  1026.11   423129  1025.03  42296  42303  42301  42326  42339  42301  42302  42294  42329  42338  42305  42302  42273  42283  42305  42282  42309  42311  42300  42322
  426.029   428067  1016.17   428147  1014.97  42804  42809  42807  42832  42845  42809  42808  42801  42835  42797  42814  42811  42781  42791  42811  42789  42817  42817  42808  42828
  431.030   433149  1014.36   433214  1012.38  43321  43325  43323  43350  43313  43326  43324  43317  43302  43313  43333  43329  43300  43309  43281  43305  43335  43335  43327  43295
  436.029   438114  1010.37   438177  1007.58  43822  43826  43824  43801  43814  43828  43826  43820  43803  43813  43836  43829  43801  43810  43783  43807  43786  43837  43829  43796
  441.030   443069  1010.13   443243  1010.40  44328  44334  44331  44308  44320  44334  44332  44325  44309  44322  44291  44334  44307  44314  44289  44313  44293  44292  44334  44302
  446.029   447996   997.79   448208  1000.10  44824  44831  44828  44804  44817  44831  44829  44821  44805  44818  44790  44832  44804  44812  44786  44810  44790  44791  44782  44799
  451.029   452898  1000.30   453166   999.77  45319  45328  45324  45299  45315  45327  45325  45316  45300  45313  45283  45277  45299  45307  45283  45305  45288  45285  45277  45294
  456.029   458141  1002.85   458441  1001.81  45848  45857  45853  45823  45840  45855  45854  45846  45824  45841  45804  45796  45826  45837  45809  45834  45813  45807  45798  45817
  461.029   463147  1001.81   463418  1002.18  46345  46353  46349  46325  46339  46352  46350  46341  46326  46338  46306  46303  46324  46330  46307  46332  46313  46310  46302  46320
  466.029   467996   994.70   468168   998.39  46835  46794  46839  46814  46828  46793  46839  46782  46815  46829  46796  46792  46814  46773  46796  46822  46801  46800  46792  46810
  471.030   472866   993.46   472999   990.44  47329  47287  47283  47306  47320  47287  47283  47275  47307  47322  47287  47283  47308  47265  47288  47265  47293  47291  47284  47302
  476.030   477666   986.28   477754   986.74  47766  47774  47769  47790  47802  47773  47769  47762  47791  47758  47771  47769  47745  47752  47772  47751  47776  47775  47769  47786
  481.029   482676   987.48   482746   987.58  48263  48272  48267  48292  48303  48272  48267  48261  48293  48256  48273  48272  48242  48252  48273  48249  48277  48278  48271  48289
  486.029   487874   988.93   488039   987.99  48793  48800  48798  48821  48832  48802  48796  48791  48822  48784  48802  48804  48771  48782  48805  48779  48756  48807  48800  48768
  491.029   492877   990.81   492945   990.84  49299  49306  49303  49278  49287  49307  49301  49295  49279  49290  49307  49308  49277  49287  49259  49285  49264  49311  49305  49274
  496.029   498249  1006.78   498326  1012.01  49836  49843  49840  49817  49828  49845  49838  49834  49818  49827  49844  49844  49813  49826  49797  49822  49801  49848  49842  49812
  501.029   503332  1015.94   503508  1019.56  50354  50362  50359  50333  50344  50365  50358  50355  50334  50344  50369  50370  50332  50349  50312  50341  50316  50311  50304  50328
  506.029   508413  1030.14   508681  1031.18  50871  50879  50876  50852  50865  50880  50874  50869  50854  50861  50830  50831  50852  50862  50833  50858  50835  50835  50828  50849
  511.029   513800  1039.30   514074  1040.97  51409  51418  51415  51392  51405  51419  51412  51408  51394  51402  51369  51369  51390  51400  51371  51396  51375  51374  51367  51389
  516.029   519129  1043.99   519394  1040.91  51943  51949  51946  51925  51937  51951  51944  51938  51927  51934  51902  51903  51923  51932  51904  51928  51909  51907  51900  51921
  521.029   524088  1038.72   524406  1038.59  52444  52451  52446  52427  52438  52453  52444  52439  52429  52435  52402  52403  52424  52384  52405  52428  52412  52407  52400  52423
  526.030   529064  1025.81   529277  1025.47  52940  52901  52942  52924  52935  52900  52941  52936  52926  52932  52900  52902  52921  52882  52903  52924  52909  52904  52899  52920
  531.030   534069  1023.26   534235  1019.60  53441  53403  53442  53424  53435  53401  53442  53389  53426  53432  53402  53401  53422  53383  53402  53424  53410  53405  53400  53420
  536.029   538798  1009.87   538913  1007.92  53873  53886  53875  53907  53918  53884  53875  53873  53908  53914  53884  53885  53854  53865  53886  53857  53893  53888  53883  53903
  541.029   544003  1005.74   544069  1004.93  54404  54415  54405  54436  54401  54413  54406  54402  54391  54396  54414  54415  54385  54395  54416  54388  54375  54418  54411  54386
  546.029   549032   995.47   549083   996.28  54910  54924  54910  54892  54906  54922  54912  54911  54894  54902  54925  54926  54891  54904  54872  54894  54879  54930  54922  54889
  551.029   554200  1002.15   554257  1001.75  55427  55440  55427  55411  55425  55438  55429  55427  55414  55419  55440  55442  55408  55420  55392  55411  55398  55444  55436  55409
  556.029   559453  1014.90   559611  1013.09  55961  55976  55962  55946  55961  55974  55965  55963  55949  55954  55927  55977  55943  55955  55927  55946  55933  55930  55970  55945
  561.029   564576  1022.05   564838  1021.85  56483  56500  56485  56467  56483  56497  56487  56488  56471  56477  56448  56449  56466  56478  56448  56470  56455  56451  56442  56469
  566.029   569796  1038.46   570045  1039.36  57005  57020  57004  56988  57004  57017  57009  57009  56992  56997  56971  56972  56987  57000  56970  56990  56976  56974  56965  56991
  571.029   575177  1042.82   575427  1042.35  57544  57557  57544  57525  57542  57555  57549  57546  57530  57535  57508  57511  57526  57538  57507  57528  57514  57511  57504  57530
  576.029   580538  1050.60   580843  1052.38  58085  58099  58085  58066  58083  58097  58092  58089  58071  58076  58049  58053  58067  58029  58047  58067  58057  58052  58046  58071
  581.029   585764  1050.51   585914  1047.12  58610  58564  58610  58592  58607  58562  58620  58554  58596  58599  58570  58576  58591  58544  58572  58591  58582  58574  58569  58595
  586.030   590914  1047.79   591019  1044.36  59121  59086  59121  59107  59121  59085  59081  59077  59109  59111  59087  59091  59102  59069  59084  59104  59095  59089  59085  59108
  591.029   596110  1044.56   596124  1043.02  59595  59606  59595  59627  59641  59604  59601  59597  59628  59630  59605  59611  59622  59589  59602  59624  59616  59608  59605  59628
  596.029   600984  1032.55   601040  1033.09  60086  60097  60085  60120  60134  60095  60090  60088  60123  60122  60097  60105  60063  60080  60094  60117  60109  60100  60097  60122
  601.029   605788  1018.86   605897  1019.16  60583  60592  60582  60614  60578  60591  60587  60587  60566  60617  60593  60601  60560  60577  60589  60561  60552  60596  60593  60566
  606.029   610952  1010.60   610957  1008.93  61100  61106  61100  61080  61093  61106  61103  61104  61082  61083  61109  61118  61077  61093  61106  61078  61069  61111  61110  61081
  611.029   616227  1015.71   616323  1018.83  61636  61642  61636  61616  61629  61643  61640  61643  61619  61619  61646  61607  61614  61632  61594  61615  61606  61650  61647  61616
  616.029   621420  1021.54   621686  1026.95  62173  62179  62173  62151  62161  62181  62177  62184  62155  62152  62127  62146  62151  62173  62124  62150  62141  62131  62128  62149
  621.029   626516  1018.73   626754  1022.92  62679  62685  62680  62660  62670  62686  62683  62687  62664  62660  62640  62656  62659  62676  62637  62658  62648  62644  62640  62658
  626.029   631935  1037.08   632164  1034.83  63220  63226  63221  63200  63211  63227  63224  63227  63206  63202  63183  63196  63201  63216  63180  63199  63188  63187  63185  63200
  631.029   636807  1039.30   637034  1036.78  63712  63717  63713  63692  63702  63719  63715  63672  63698  63694  63673  63688  63692  63661  63673  63690  63680  63680  63677  63693
  636.029   641789  1029.13   642016  1031.34  64210  64214  64212  64190  64201  64217  64214  64169  64196  64193  64171  64186  64190  64158  64171  64188  64180  64177  64175  64193
  641.029   646667  1013.19   646852  1011.21  64699  64703  64700  64679  64691  64655  64703  64657  64684  64681  64660  64675  64677  64647  64658  64676  64668  64664  64660  64682
  646.029   651735  1005.37   651714  1000.84  65156  65160  65157  65184  65197  65162  65161  65162  65189  65186  65167  65181  65187  65152  65166  65183  65175  65170  65167  65187
  651.029   656818  1006.74   656849  1003.15  65669  65675  65670  65698  65711  65677  65674  65675  65701  65699  65678  65694  65653  65668  65678  65696  65689  65682  65679  65701
  656.029   661819   989.66   661848   989.53  66169  66176  66171  66197  66210  66177  66175  66174  66200  66199  66178  66192  66154  66169  66178  66196  66188  66183  66181  66200
  661.029   666573   990.47   666595   990.30  66663  66670  66664  66642  66656  66671  66669  66669  66646  66645  66673  66638  66649  66664  66674  66642  66634  66677  66677  66645
  666.029   671785  1001.74   671910  1001.54  67197  67201  67197  67174  67187  67202  67201  67200  67176  67175  67203  67170  67181  67193  67157  67173  67165  67207  67159  67177
  671.029   676708  1002.92   676832  1002.65  67689  67694  67689  67665  67678  67696  67694  67694  67667  67666  67698  67662  67673  67687  67648  67664  67656  67703  67649  67668
  676.029   681468   996.17   681687   999.60  68173  68177  68174  68152  68163  68180  68181  68179  68154  68154  68133  68149  68158  68171  68135  68151  68142  68138  68136  68155
  681.030   686462   991.44   686682   991.24  68672  68678  68673  68652  68663  68679  68680  68678  68653  68654  68631  68648  68658  68671  68635  68650  68641  68638  68635  68655
  686.029   691461   992.99   691680   992.65  69176  69184  69178  69157  69168  69184  69185  69132  69158  69158  69134  69154  69164  69126  69139  69156  69146  69142  69140  69160
  691.029   696437  1000.34   696557  1000.03  69676  69684  69677  69655  69665  69631  69632  69626  69656  69655  69630  69652  69663  69620  69639  69653  69645  69640  69637  69658
  696.029   701448   985.17   701521   983.32  70179  70133  70182  70154  70164  70135  70136  70128  70155  70155  70134  70153  70168  70122  70138  70152  70143  70142  70139  70157
  701.029   706822  1000.47   706894  1000.44  70717  70676  70672  70697  70706  70679  70679  70671  70700  70697  70676  70696  70657  70665  70682  70694  70687  70683  70682  70700
  706.029   711696  1004.33   711717  1001.01  71154  71163  71159  71185  71195  71165  71165  71158  71187  71186  71162  71183  71143  71152  71171  71182  71176  71169  71170  71188
  711.029   716584   997.48   716605   997.45  71644  71652  71648  71674  71684  71652  71653  71647  71676  71675  71651  71672  71632  71641  71660  71671  71665  71658  71657  71677
  716.029   721334   997.35   721403   997.42  72141  72151  72147  72124  72135  72151  72152  72148  72127  72127  72149  72123  72133  72141  72110  72121  72116  72158  72157  72126
  721.029   726365   996.51   726426  1000.44  72644  72656  72652  72624  72634  72654  72656  72652  72627  72627  72656  72625  72636  72644  72610  72620  72616  72666  72665  72627
  726.029   731375   998.69   731488  1002.01  73149  73164  73158  73131  73141  73158  73160  73160  73134  73133  73161  73133  73142  73148  73119  73128  73124  73173  73113  73134
  731.029   736417   988.19   736576   987.82  73659  73672  73667  73642  73651  73666  73669  73663  73644  73643  73666  73643  73654  73656  73630  73639  73634  73626  73625  73644
  736.029   741193   986.58   741400   986.27  74143  74155  74150  74124  74133  74148  74151  74145  74127  74124  74099  74125  74137  74139  74113  74122  74118  74108  74107  74125
  741.029   746041   985.20   746244   984.56  74626  74640  74634  74608  74618  74632  74636  74629  74613  74608  74586  74610  74621  74622  74599  74607  74603  74592  74591  74610
  746.029   751103   992.25   751251   993.42  75136  75102  75145  75119  75129  75142  75146  75091  75122  75119  75098  75121  75132  75085  75110  75116  75114  75103  75103  75121
  751.029   756113   989.63   756168   989.46  75644  75607  75602  75625  75635  75599  75603  75597  75631  75625  75604  75628  75588  75589  75618  75622  75622  75608  75608  75626
  756.029   761022   985.13   761074   984.77  76134  76098  76092  76116  76127  76090  76093  76088  76121  76115  76095  76119  76079  76080  76109  76114  76112  76098  76099  76117
  761.029   765781   980.34   765877   978.22  76574  76587  76582  76607  76617  76580  76583  76578  76563  76606  76585  76561  76569  76571  76551  76606  76554  76589  76588  76607
  766.029   770782   983.26   770878   983.19  77073  77086  77080  77112  77123  77078  77081  77077  77057  77111  77088  77057  77067  77070  77046  77111  77050  77091  77091  77111
  771.029   775899   994.33   775915   993.72  77589  77603  77596  77568  77579  77593  77597  77592  77573  77625  77606  77577  77584  77586  77567  77567  77570  77609  77607  77626
  776.029   781081   998.46   781112   998.25  78118  78130  78123  78092  78103  78119  78124  78117  78096  78090  78129  78102  78112  78113  78092  78091  78095  78131  78128  78088
  781.030   785984   995.77   786075   998.66  78611  78625  78616  78591  78602  78613  78617  78612  78596  78592  78622  78596  78606  78608  78586  78590  78589  78626  78573  78588
  786.029   790856   997.72   791044   997.21  79106  79124  79113  79087  79096  79109  79117  79111  79093  79088  79068  79093  79103  79108  79083  79086  79087  79074  79070  79084
  791.029   796004  1010.91   796183  1007.21  79620  79638  79626  79602  79611  79623  79631  79624  79606  79602  79584  79608  79617  79621  79598  79602  79601  79589  79585  79599
  796.029   801051  1009.43   801175  1010.37  80128  80099  80134  80111  80121  80132  80138  80085  80115  80112  80094  80116  80126  80082  80106  80111  80110  80099  80096  80111
  801.029   806042  1003.46   806166  1007.08  80629  80598  80633  80609  80619  80630  80637  80584  80615  80612  80593  80616  80625  80581  80605  80611  80611  80597  80594  80609
  806.029   811049   999.06   811162   996.81  81132  81102  81137  81114  81125  81135  81092  81089  81120  81116  81101  81123  81080  81087  81110  81117  81118  81101  81098  81114
  811.029   816207  1004.06   816201  1000.81  81648  81614  81597  81631  81642  81595  81601  81603  81637  81633  81617  81639  81588  81600  81627  81636  81636  81618  81614  81632
  816.031   821203  1012.85   821254  1006.44  82103  82125  82111  82139  82148  82109  82116  82116  82145  82142  82126  82095  82101  82116  82135  82147  82093  82128  82122  82140
  821.029   826271  1007.58   826313  1006.24  82617  82637  82624  82648  82656  82621  82628  82627  82605  82650  82636  82609  82617  82629  82596  82657  82607  82638  82633  82649
  826.029   831189  1002.92   831232  1003.56  83113  83135  83121  83096  83154  83116  83125  83125  83101  83146  83131  83103  83114  83129  83094  83105  83102  83134  83129  83148
  831.029   836218  1003.96   836146  1002.58  83614  83636  83623  83596  83604  83620  83626  83628  83601  83598  83635  83606  83617  83631  83597  83607  83605  83637  83632  83651
  836.029   841332  1009.53   841300  1006.34  84130  84151  84138  84113  84118  84134  84142  84141  84118  84115  84150  84123  84133  84148  84114  84126  84121  84153  84147  84117
  841.029   846444  1009.56   846510  1011.95  84651  84672  84657  84634  84639  84656  84663  84663  84638  84637  84669  84642  84655  84670  84636  84648  84643  84625  84619  84637
  846.029   851186   997.79   851244   996.38  85141  85143  85142  85103  85108  85142  85143  85084  85134  85104  85091  85134  85138  85142  85130  85117  85140  85096  85090  85108
  851.030   855939   995.60   855942   994.30  85590  85593  85591  85604  85608  85592  85592  85583  85584  85605  85592  85586  85587  85592  85581  85617  85589  85598  85591  85606
  856.029   860934   998.15   860930   994.93  86089  86091  86090  86104  86107  86090  86091  86083  86081  86104  86092  86084  86088  86092  86081  86116  86088  86096  86090  86107
  861.029   866057   999.66   866053  1000.37  86600  86603  86601  86617  86619  86602  86603  86596  86594  86618  86603  86596  86602  86603  86593  86629  86601  86607  86602  86621
  866.029   871146   998.72   871132   995.97  87107  87109  87108  87127  87128  87110  87110  87104  87102  87127  87111  87104  87111  87112  87101  87142  87110  87116  87109  87130
  871.029   876210   995.40   876178   990.47  87611  87616  87611  87633  87633  87614  87614  87607  87607  87632  87617  87610  87615  87620  87607  87649  87618  87621  87615  87638
  876.029   881180  1003.12   881084   996.28  88107  88113  88105  88077  88130  88110  88109  88104  88103  88126  88114  88108  88111  88116  88105  88147  88115  88118  88111  88135
  881.029   886215  1002.32   886108  1003.79  88614  88619  88612  88584  88638  88618  88616  88613  88611  88583  88622  88617  88618  88625  88613  88604  88623  88628  88620  88645
  886.029   891359  1007.85   891252  1006.04  89134  89138  89132  89104  89107  89136  89136  89131  89130  89104  89141  89136  89137  89144  89132  89125  89142  89147  89139  89116
  891.030   896211   999.13   896105   997.15  89620  89623  89620  89590  89594  89620  89621  89615  89613  89589  89627  89620  89622  89629  89617  89613  89626  89632  89623  89602
  896.030   901142   993.36   900975   991.58  90111  90116  90111  90081  90086  90112  90113  90059  90106  90080  90121  90114  90113  90122  90110  90105  90120  90126  90117  90094
  901.030   905640   985.91   905715   984.46  90594  90551  90594  90565  90570  90597  90598  90542  90541  90563  90556  90549  90598  90556  90544  90588  90554  90561  90552  90582
  906.029   910921   998.02   910932   996.88  91122  91084  91122  91098  91103  91079  91080  91074  91075  91095  91089  91082  91080  91088  91079  91122  91087  91095  91085  91114
  911.029   916170  1003.56   916096  1004.66  91603  91609  91603  91623  91628  91605  91606  91598  91601  91620  91615  91607  91606  91611  91604  91648  91611  91620  91610  91638
  916.029   921281   999.66   921191   998.02  92107  92117  92108  92139  92141  92113  92112  92108  92111  92135  92129  92118  92113  92119  92113  92166  92118  92133  92120  92152
  921.029   926494  1013.02   926402  1011.88  92632  92639  92632  92652  92657  92637  92638  92631  92634  92650  92650  92641  92638  92644  92635  92680  92641  92654  92643  92668
  926.029   931640  1016.88   931540  1020.77  93144  93153  93145  93166  93171  93152  93153  93145  93147  93164  93165  93155  93153  93159  93149  93195  93158  93168  93156  93182
  931.029   937040  1046.48   936990  1040.50  93688  93698  93688  93712  93716  93697  93698  93691  93693  93709  93711  93700  93698  93704  93695  93688  93703  93713  93702  93726
  936.029   941913  1025.00   941799  1029.09  94176  94183  94173  94147  94203  94181  94182  94177  94181  94196  94198  94188  94184  94191  94184  94177  94188  94200  94190  94213
  941.029   947260  1029.56   947088  1031.41  94716  94722  94711  94686  94692  94720  94722  94716  94719  94684  94739  94728  94724  94730  94724  94717  94727  94741  94728  94702
  946.029   952505  1037.92   952435  1036.91  95251  95256  95247  95220  95226  95255  95259  95250  95253  95218  95223  95263  95261  95265  95258  95250  95260  95225  95263  95237
  951.029   957489  1035.07   957566  1033.99  95764  95768  95759  95737  95739  95767  95772  95762  95766  95732  95737  95726  95774  95779  95721  95766  95772  95739  95727  95748
  956.030   962270  1026.07   962309  1025.37  96255  96260  96250  96225  96228  96259  96210  96198  96203  96221  96226  96214  96211  96216  96209  96252  96263  96227  96215  96237
  961.029   967585  1021.88   967515  1019.66  96782  96740  96776  96756  96757  96739  96744  96732  96738  96751  96755  96747  96746  96752  96742  96782  96789  96758  96747  96767
  966.029   972453  1023.22   972381  1023.02  97226  97230  97270  97247  97250  97230  97234  97222  97228  97244  97247  97240  97236  97241  97233  97273  97232  97250  97240  97261
  971.029   977729  1020.40   977606  1019.97  97748  97757  97743  97776  97779  97757  97764  97752  97756  97774  97775  97767  97765  97770  97760  97802  97754  97779  97767  97790
  976.029   982611  1006.95   982500  1003.86  98240  98248  98238  98263  98266  98246  98253  98242  98244  98260  98261  98255  98254  98260  98249  98289  98247  98267  98254  98275
  981.029   987502   999.13   987388   995.94  98729  98738  98727  98751  98754  98736  98741  98731  98734  98747  98751  98745  98743  98748  98739  98777  98737  98756  98743  98763
  986.029   992663  1006.54   992543  1006.28  99248  99258  99248  99224  99276  99255  99262  99251  99254  99267  99273  99266  99264  99268  99260  99250  99256  99277  99265  99284
  991.029   997721   998.12   997589   999.30  99751  99763  99753  99726  99782  99759  99767  99756  99759  99773  99778  99772  99771  99775  99766  99753  99761  99783  99771  99791
  996.029  1002595   999.83  1002411   999.46 100242 100258 100245 100218 100224 100251 100258 100247 100252 100216 100271 100265 100263 100266 100258 100245 100253 100276 100264 100234
 1001.029  1007591   993.83  1007562   993.62 100759 100772 100759 100733 100740 100766 100773 100761 100767 100732 100737 100777 100776 100779 100772 100761 100768 100741 100730 100750
 1006.029  1012289   994.26  1012321   994.13 101252 101261 101252 101223 101229 101256 101215 101203 101208 101222 101226 101218 101217 101220 101212 101251 101258 101230 101218 101239
 1011.029  1017120   992.25  1017051   992.11 101735 101694 101734 101705 101711 101691 101699 101687 101691 101704 101708 101701 101700 101704 101696 101735 101740 101712 101702 101722
 1016.029  1021979   980.40  1021860   982.08 102173 102180 102222 102192 102196 102176 102183 102171 102176 102191 102196 102188 102184 102187 102181 102221 102226 102198 102189 102209
 1021.029  1026806   974.36  1026676   972.79 102660 102666 102655 102678 102682 102663 102670 102659 102664 102679 102684 102676 102671 102674 102669 102708 102664 102686 102677 102697
 1026.029  1031705   975.27  1031581   975.67 103152 103159 103146 103167 103171 103155 103160 103149 103154 103168 103174 103166 103162 103165 103158 103196 103155 103176 103168 103185
 1031.029  1036974   978.79  1036846   977.25 103676 103685 103670 103697 103699 103680 103686 103677 103679 103697 103702 103692 103687 103690 103683 103728 103680 103703 103694 103715
 1036.029  1042098   990.23  1041971   986.58 104188 104198 104183 104206 104211 104194 104200 104191 104194 104206 104215 104206 104200 104203 104198 104236 104193 104216 104207 104224
 1041.029  1046859   985.47  1046730   986.58 104668 104680 104664 104643 104691 104675 104679 104670 104675 104685 104695 104687 104679 104684 104677 104670 104675 104697 104689 104706
 1046.029  1051839   988.19  1051653   989.43 105165 105176 105161 105136 105189 105174 105177 105169 105173 105133 105194 105185 105179 105181 105176 105164 105173 105196 105188 105203
 1051.029  1056791   997.82  1056689   997.08 105673 105685 105671 105644 105647 105684 105686 105677 105680 105642 105653 105695 105690 105692 105686 105675 105683 105657 105648 105712
 1056.029  1061666   998.72  1061655   997.52 106170 106181 106167 106141 106145 106180 106182 106173 106176 106140 106152 106141 106188 106191 106183 106171 106180 106155 106146 106159
 1061.029  1066566   989.60  1066499   988.22 106669 106680 106667 106641 106644 106680 106631 106623 106625 106639 106651 106641 106637 106693 106633 106673 106679 106654 106647 106658
 1066.029  1071772   994.16  1071653   992.85 107195 107155 107191 107167 107169 107155 107158 107148 107151 107164 107177 107167 107164 107169 107159 107198 107204 107178 107173 107183
 1071.029  1076733   999.06  1076563   999.40 107642 107652 107687 107663 107665 107651 107653 107643 107646 107661 107673 107663 107659 107666 107655 107694 107700 107675 107669 107679
 1076.029  1081574   994.30  1081395   994.53 108123 108134 108169 108147 108150 108133 108136 108127 108131 108145 108157 108149 108144 108148 108139 108177 108182 108159 108154 108165
 1081.029  1086639   999.83  1086466   995.81 108636 108646 108629 108661 108660 108647 108649 108639 108643 108656 108667 108660 108656 108661 108650 108692 108643 108668 108666 108676
 1086.029  1091761  1000.03  1091589   999.56 109148 109160 109142 109170 109172 109160 109162 109152 109157 109166 109179 109173 109169 109174 109163 109201 109154 109181 109178 109189
 1091.029  1096636   997.15  1096516   997.05 109640 109654 109634 109664 109664 109655 109654 109644 109650 109657 109671 109666 109661 109667 109655 109643 109648 109674 109670 109681
 1096.029  1101567   987.21  1101397   987.08 110133 110146 110127 110109 110156 110148 110146 110136 110145 110151 110164 110156 110154 110159 110148 110139 110142 110167 110164 110174
 1101.030  1106717   990.70  1106543   992.52 110647 110662 110636 110614 110674 110665 110662 110653 110662 110668 110682 110672 110669 110675 110665 110643 110651 110685 110682 110693
 1106.029  1111485   997.05  1111362   997.28 111145 111157 111136 111118 111119 111160 111156 111148 111107 111116 111128 111167 111163 111171 111160 111146 111152 111130 111130 111138
 1111.029  1116247   990.30  1116125   990.40 111631 111644 111621 111602 111605 111598 111643 111585 111594 111602 111614 111605 111649 111658 111598 111631 111636 111616 111616 111624
 1116.029  1121380   992.15  1121257   991.98 112155 112117 112146 112127 112128 112119 112116 112108 112117 112124 112137 112127 112122 112132 112121 112154 112161 112140 112139 112147
 1121.029  1126521  1001.14  1126402   999.46 112668 112630 112661 112642 112644 112635 112630 112623 112631 112638 112651 112641 112636 112645 112635 112669 112673 112656 112653 112662
 1126.029  1131414   998.22  1131245   998.26 113107 113120 113152 113130 113132 113125 113120 113113 113121 113125 113141 113132 113124 113134 113125 113157 113164 113144 113141 113152
 1131.029  1136724  1003.72  1136561  1004.09 113642 113652 113683 113664 113662 113655 113653 113644 113651 113655 113672 113661 113656 113668 113657 113690 113696 113674 113670 113680
 1136.029  1141685  1007.52  1141516  1004.03 114136 114148 114129 114168 114166 114158 114149 114147 114156 114159 114175 114166 114151 114165 114161 114194 114141 114178 114173 114181
 1141.029  1146986  1020.03  1146823  1020.30 114670 114682 114664 114693 114695 114688 114682 114678 114684 114687 114703 114696 114683 114698 114690 114719 114678 114706 114702 114711
 1146.029  1151858  1011.38  1151694  1009.93 115162 115174 115155 115137 115187 115182 115175 115169 115175 115178 115196 115189 115174 115191 115182 115163 115170 115197 115192 115204
 1151.029  1156818  1004.77  1156652  1003.22 115658 115671 115650 115631 115684 115678 115671 115666 115670 115673 115692 115687 115671 115687 115676 115658 115666 115693 115687 115701
 1156.029  1161656  1003.36  1161439  1005.07 116147 116159 116138 116121 116125 116165 116159 116154 116158 116113 116181 116127 116161 116174 116162 116147 116155 116181 116177 116191
 1161.029  1166395   990.57  1166228   990.47 116640 116654 116632 116616 116618 116609 116654 116598 116602 116605 116625 116620 116657 116669 116658 116639 116648 116625 116620 116634
 1166.029  1171464   996.01  1171303   996.28 117151 117164 117143 117127 117132 117123 117117 117112 117116 117118 117139 117132 117167 117179 117120 117151 117159 117138 117133 117146
 1171.029  1176400   985.34  1176291   985.54 117655 117620 117647 117629 117637 117627 117620 117614 117620 117622 117643 117635 117622 117633 117623 117654 117662 117641 117637 117650
 1176.030  1181368   988.62  1181257   988.72 118153 118116 118144 118126 118134 118123 118115 118109 118116 118121 118144 118131 118118 118130 118120 118151 118159 118136 118133 118146
 1181.029  1186575   995.30  1186418   993.99 118625 118638 118665 118647 118655 118643 118637 118629 118637 118642 118664 118651 118639 118653 118641 118672 118680 118656 118653 118666
 1186.029  1191810  1006.85  1191648  1007.01 119147 119161 119188 119171 119179 119166 119159 119151 119161 119165 119187 119174 119165 119177 119164 119196 119205 119177 119175 119190
 1191.029  1196987  1022.58  1196817  1018.49 119666 119683 119654 119697 119704 119689 119680 119673 119683 119688 119711 119697 119686 119700 119688 119721 119672 119700 119698 119714
 1196.029  1202110  1016.71  1201939  1019.66 120181 120195 120173 120204 120212 120201 120194 120184 120195 120200 120222 120209 120201 120213 120200 120230 120188 120212 120209 120226
