Test case: 
Description: 
	10 senders: persistent queues
	10 receivers: client acknowledge every 50 messages
Timestamp: 2011.11.2 1:48:41
Version: 
Setting up JMS benchmark connections... 

Start processing messages.
Fri Dec 02 01:48:41 EST 2011

  Seconds   Send   Send/Sec   Recv   Recv/Sec   RCV0   RCV1   RCV2   RCV3   RCV4   RCV5   RCV6   RCV7   RCV8   RCV9  SND10  SND11  SND12  SND13  SND14  SND15  SND16  SND17  SND18  SND19
  ------- -------- -------- -------- -------- ------ ------ ------ ------ ------ ------ ------ ------ ------ ------ ------ ------ ------ ------ ------ ------ ------ ------ ------ ------
    1.061        0     0.00        0     0.00      0      0      0      0      0      0      0      0      0      0      0      0      0      0      0      0      0      0      0      0
    6.061     2676   581.61     2963   643.56    299    293    296    294    296    298    296    296    299    296    273    267    267    266    268    267    270    267    265    266
   11.061     5926   617.29     6194   645.00    622    617    619    617    619    621    620    619    621    619    598    591    592    590    596    594    594    590    590    591
   16.061     9259   632.19     9522   641.99    956    949    952    950    951    954    952    953    954    951    932    924    926    923    929    926    926    923    924    926
   21.061    12363   623.11    12633   630.66   1267   1258   1263   1262   1263   1264   1264   1264   1266   1262   1243   1235   1236   1234   1238   1238   1236   1232   1233   1238
   26.061    15610   621.99    15874   632.93   1591   1583   1587   1586   1587   1588   1588   1588   1591   1585   1568   1559   1561   1558   1562   1562   1561   1558   1558   1563
   31.061    18589   620.98    18685   629.43   1866   1886   1863   1861   1863   1865   1864   1863   1866   1888   1844   1862   1864   1861   1865   1865   1865   1861   1861   1841
   36.061    21699   638.36    21955   637.32   2198   2192   2195   2193   2195   2197   2196   2195   2201   2193   2177   2169   2170   2166   2171   2170   2169   2168   2167   2172
   41.062    25079   642.72    25342   642.55   2538   2530   2534   2531   2534   2536   2535   2534   2539   2531   2515   2507   2507   2503   2509   2508   2508   2507   2504   2511
   46.061    28285   638.46    28546   637.15   2858   2850   2854   2852   2854   2856   2855   2854   2860   2853   2837   2827   2827   2823   2829   2828   2830   2827   2825   2832
   51.061    31569   641.14    31830   635.37   3186   3178   3182   3181   3183   3184   3183   3183   3189   3181   3165   3154   3157   3152   3157   3156   3160   3154   3154   3160
   56.061    35032   642.01    35268   641.11   3533   3525   3528   3528   3530   3530   3531   3530   3506   3527   3511   3501   3504   3499   3502   3502   3506   3500   3500   3507
   61.061    38382   653.62    38614   659.33   3868   3860   3862   3863   3864   3864   3865   3865   3841   3862   3845   3836   3839   3834   3838   3837   3840   3835   3836   3842
   66.061    41697   662.62    41790   663.19   4176   4202   4171   4171   4170   4206   4172   4173   4180   4169   4152   4178   4181   4176   4180   4180   4145   4177   4178   4150
   71.061    44741   659.80    44999   659.63   4504   4497   4498   4499   4498   4499   4500   4501   4506   4497   4479   4473   4474   4471   4475   4474   4473   4472   4473   4477
   76.061    48176   667.51    48434   667.40   4847   4839   4842   4842   4843   4843   4843   4844   4850   4841   4822   4818   4818   4814   4819   4817   4816   4815   4816   4821
   81.061    51404   665.58    51661   664.31   5169   5161   5165   5164   5166   5165   5166   5167   5174   5164   5145   5142   5139   5137   5143   5139   5139   5138   5140   5142
   86.061    54586   656.15    54812   649.58   5487   5482   5481   5482   5484   5483   5483   5485   5464   5481   5462   5460   5459   5456   5460   5459   5456   5457   5458   5459
   91.061    57924   646.41    58152   646.28   5821   5816   5815   5816   5818   5817   5817   5818   5799   5815   5796   5794   5790   5790   5795   5793   5790   5791   5792   5793
   96.061    61147   641.63    61384   647.57   6145   6139   6138   6139   6142   6140   6140   6142   6121   6138   6119   6117   6111   6111   6117   6116   6113   6114   6115   6114
  101.061    64321   652.72    64455   652.89   6448   6444   6442   6442   6445   6444   6444   6447   6457   6442   6423   6421   6447   6448   6454   6421   6417   6420   6420   6450
  106.061    67587   650.28    67805   650.01   6782   6778   6778   6777   6779   6780   6779   6782   6792   6778   6757   6758   6782   6754   6758   6758   6754   6755   6756   6755
  111.061    70687   647.08    70932   645.64   7095   7091   7091   7090   7092   7093   7092   7094   7103   7091   7070   7071   7063   7067   7071   7073   7067   7068   7069   7068
  116.062    74007   651.71    74247   651.17   7427   7422   7423   7421   7423   7425   7424   7425   7434   7423   7402   7403   7394   7400   7403   7405   7400   7400   7401   7399
  121.062    77246   640.87    77451   639.03   7750   7746   7746   7745   7746   7748   7747   7749   7728   7746   7725   7726   7718   7723   7727   7728   7724   7725   7726   7724
  126.061    80495   640.03    80689   638.56   8073   8069   8069   8068   8069   8073   8072   8072   8054   8070   8051   8050   8048   8046   8051   8053   8048   8051   8050   8047
  131.061    83585   636.68    83773   639.50   8381   8377   8378   8376   8378   8380   8381   8381   8363   8378   8361   8359   8357   8356   8360   8362   8357   8361   8357   8355
  136.061    86580   632.89    86705   633.12   8668   8694   8665   8663   8665   8667   8669   8669   8681   8664   8649   8677   8675   8644   8677   8650   8645   8648   8643   8672
  141.061    89838   641.64    90022   640.60   9003   8998   9000   8998   8999   9002   9005   9004   9013   9000   8985   8981   9008   8979   8981   8986   8979   8983   8978   8978
  146.061    92970   636.34    93184   634.43   9318   9315   9317   9313   9315   9319   9322   9319   9329   9317   9303   9296   9295   9295   9297   9301   9296   9298   9295   9294
  151.061    96346   637.54    96555   638.85   9656   9650   9653   9651   9654   9655   9660   9657   9666   9653   9639   9635   9631   9632   9635   9639   9634   9637   9632   9632
  156.061    99681   635.72    99889   638.57   9991   9985   9986   9984   9987   9989   9992   9991   9998   9986   9974   9969   9966   9964   9969   9972   9966   9970   9964   9967
  161.061   102798   636.14   103008   636.88  10304  10300  10302  10299  10301  10303  10306  10305  10287  10301  10260  10284  10282  10278  10284  10286  10280  10284  10279  10281
  166.061   106034   643.69   106239   646.44  10627  10624  10627  10622  10624  10626  10628  10628  10609  10624  10584  10608  10606  10602  10607  10609  10604  10606  10602  10606
  171.062   109091   643.14   109272   644.01  10923  10946  10921  10918  10946  10922  10922  10922  10932  10920  10908  10902  10928  10898  10929  10903  10899  10900  10924  10900
  176.062   112290   648.32   112497   648.09  11251  11246  11249  11246  11245  11250  11250  11251  11260  11249  11235  11232  11229  11226  11229  11231  11227  11230  11223  11228
  181.061   115610   645.39   115813   645.22  11585  11576  11582  11580  11574  11581  11582  11582  11589  11582  11568  11564  11561  11559  11560  11564  11561  11561  11554  11558
  186.061   118754   639.03   118954   638.79  11898  11893  11896  11894  11889  11895  11895  11895  11903  11896  11881  11878  11876  11873  11875  11878  11874  11874  11871  11874
  191.061   121785   628.93   121984   628.56  12202  12196  12199  12197  12191  12197  12198  12199  12206  12199  12184  12181  12179  12176  12177  12182  12177  12177  12175  12177
  196.062   124791   619.55   124959   619.32  12502  12497  12499  12498  12492  12497  12498  12499  12478  12499  12484  12482  12480  12476  12479  12481  12478  12478  12475  12478
  201.061   127581   616.58   127780   617.18  12770  12794  12767  12766  12788  12792  12794  12767  12775  12767  12752  12751  12775  12743  12776  12750  12745  12745  12771  12773
  206.061   130453   609.52   130689   609.48  13069  13064  13067  13067  13087  13063  13064  13066  13075  13067  13052  13051  13046  13040  13046  13048  13043  13045  13040  13042
  211.061   133711   607.44   133947   607.37  13393  13390  13394  13393  13415  13388  13389  13390  13401  13394  13378  13378  13371  13367  13371  13374  13370  13370  13365  13367
  216.061   136955   609.60   137156   609.66  13717  13715  13718  13718  13704  13713  13712  13714  13726  13719  13702  13703  13696  13691  13696  13698  13696  13693  13689  13691
  221.061   140166   612.35   140366   612.42  14039  14037  14038  14038  14026  14035  14033  14036  14045  14039  14021  14022  14018  14013  14017  14021  14017  14015  14010  14012
  226.061   143341   612.34   143511   614.48  14356  14354  14355  14356  14345  14353  14351  14352  14332  14357  14338  14339  14337  14330  14336  14338  14333  14332  14328  14330
  231.061   146459   625.74   146622   626.78  14677  14675  14645  14646  14663  14673  14672  14672  14651  14648  14629  14628  14658  14650  14657  14628  14656  14654  14649  14650
  236.062   149677   645.10   149965   643.62  14988  14987  14990  14990  15005  15017  15015  14984  14996  14993  14975  14972  14970  14962  14968  14973  14967  14966  14962  14962
  241.061   152876   643.12   153093   641.48  15309  15307  15308  15308  15322  15305  15304  15305  15315  15310  15292  15291  15291  15282  15290  15292  15287  15286  15283  15282
  246.061   156066   641.33   156283   639.62  15628  15626  15627  15627  15642  15624  15622  15624  15635  15628  15612  15612  15608  15600  15609  15612  15606  15605  15602  15600
  251.061   159197   634.53   159373   633.76  15940  15938  15940  15939  15922  15937  15935  15935  15945  15942  15925  15924  15922  15913  15921  15925  15920  15918  15915  15914
  256.061   162433   632.27   162605   635.52  16263  16261  16263  16262  16244  16260  16259  16258  16269  16266  16250  16247  16245  16236  16244  16250  16243  16242  16238  16238
  261.061   165664   634.66   165844   636.24  16589  16589  16590  16588  16572  16586  16585  16585  16566  16594  16547  16573  16571  16562  16570  16576  16569  16568  16564  16564
  266.061   168572   627.85   168783   625.23  16888  16888  16889  16857  16871  16887  16886  16886  16868  16863  16849  16872  16872  16863  16869  16843  16838  16838  16865  16863
  271.061   171456   622.47   171634   622.20  17161  17161  17161  17162  17174  17159  17158  17160  17172  17166  17153  17144  17146  17136  17172  17145  17143  17143  17138  17136
  276.061   174654   623.76   174860   622.35  17484  17484  17483  17485  17495  17481  17482  17483  17495  17488  17474  17466  17469  17461  17465  17467  17466  17465  17462  17459
  281.061   178020   630.47   178229   630.47  17820  17821  17820  17821  17832  17817  17818  17820  17833  17827  17811  17803  17806  17799  17801  17803  17802  17802  17798  17795
  286.061   181329   630.91   181531   630.87  18150  18152  18151  18151  18162  18147  18148  18151  18163  18156  18141  18134  18137  18130  18131  18136  18132  18132  18129  18127
  291.061   184703   629.52   184872   631.46  18491  18493  18491  18492  18469  18488  18489  18492  18470  18497  18450  18475  18477  18470  18471  18477  18473  18474  18469  18467
  296.062   188130   646.04   188301   645.87  18833  18835  18834  18833  18815  18831  18831  18835  18816  18838  18795  18818  18819  18812  18814  18820  18816  18816  18812  18808
  301.061   191562   666.41   191767   667.25  19183  19186  19184  19183  19165  19181  19181  19185  19165  19154  19145  19168  19170  19163  19164  19136  19165  19165  19163  19159
  306.061   194692   671.25   194967   670.08  19515  19486  19483  19483  19501  19513  19513  19484  19500  19489  19480  19467  19470  19462  19496  19471  19464  19464  19462  19456
  311.062   197905   666.26   198103   664.85  19805  19810  19808  19808  19822  19802  19804  19809  19821  19814  19802  19792  19796  19788  19785  19795  19790  19789  19787  19781
  316.061   200990   658.76   201190   656.64  20114  20119  20118  20116  20130  20109  20114  20117  20128  20125  20111  20100  20104  20095  20096  20103  20098  20097  20095  20091
  321.061   204195   651.89   204365   651.96  20434  20440  20437  20437  20419  20431  20434  20437  20450  20446  20432  20421  20423  20418  20416  20423  20419  20419  20414  20410
  326.061   207413   640.02   207584   642.07  20759  20764  20763  20761  20747  20754  20759  20762  20745  20770  20727  20746  20749  20742  20740  20747  20743  20745  20739  20735
  331.061   210687   631.11   210831   633.36  21087  21092  21090  21088  21075  21082  21086  21090  21074  21067  21054  21073  21076  21068  21069  21074  21070  21073  21067  21063
  336.061   213845   635.84   213990   633.39  21407  21385  21382  21410  21397  21404  21407  21411  21396  21391  21379  21394  21369  21389  21390  21367  21392  21393  21389  21383
  341.061   216856   633.95   217062   633.18  21722  21699  21697  21696  21714  21721  21695  21697  21713  21708  21696  21679  21685  21676  21705  21683  21678  21680  21675  21699
  346.061   219954   634.12   220152   632.91  22036  22010  22008  22008  22026  22003  22007  22008  22026  22020  22010  21992  21998  21989  22018  21995  21991  21993  21986  21982
  351.061   223132   634.40   223316   632.68  22323  22329  22328  22330  22346  22323  22327  22328  22344  22338  22329  22314  22319  22311  22305  22316  22313  22315  22307  22303
  356.061   226269   627.38   226417   629.87  22641  22644  22643  22648  22631  22640  22642  22644  22630  22654  22615  22630  22636  22628  22623  22633  22629  22633  22624  22618
  361.061   229464   622.60   229614   627.07  22961  22964  22963  22968  22950  22959  22963  22963  22950  22973  22934  22949  22955  22948  22942  22953  22949  22953  22944  22937
  366.061   232731   623.89   232845   626.38  23286  23292  23290  23296  23274  23284  23291  23291  23275  23266  23259  23274  23281  23276  23267  23281  23278  23281  23270  23264
  371.061   235719   629.15   235956   628.34  23600  23604  23602  23580  23590  23598  23603  23603  23591  23585  23574  23588  23564  23560  23581  23564  23562  23565  23583  23578
  376.061   238917   635.37   239117   634.46  23927  23903  23901  23908  23917  23926  23902  23902  23918  23913  23902  23887  23891  23889  23909  23893  23891  23893  23884  23878
  381.062   242046   632.68   242247   631.17  24239  24215  24214  24221  24232  24238  24214  24214  24233  24227  24215  24200  24203  24201  24222  24206  24204  24206  24198  24191
  386.062   245215   634.77   245389   633.59  24530  24536  24535  24541  24551  24528  24536  24535  24552  24545  24535  24520  24522  24521  24513  24525  24523  24526  24518  24512
  391.061   248313   626.58   248453   629.87  24841  24849  24847  24854  24834  24840  24848  24848  24833  24859  24815  24832  24834  24835  24826  24839  24837  24840  24831  24824
  396.061   251706   628.36   251830   631.74  25181  25191  25189  25192  25176  25180  25190  25190  25174  25167  25158  25173  25173  25173  25166  25177  25174  25178  25171  25163
  401.061   254812   635.56   255026   635.86  25503  25515  25512  25484  25498  25503  25514  25513  25495  25489  25480  25496  25496  25465  25491  25468  25466  25469  25494  25487
  406.061   257913   635.46   258096   633.78  25823  25803  25800  25804  25818  25822  25802  25801  25815  25808  25800  25784  25784  25785  25808  25788  25786  25790  25783  25805
  411.061   260909   630.99   261121   629.35  26125  26106  26101  26108  26120  26124  26105  26103  26117  26112  26102  26087  26085  26088  26109  26090  26092  26094  26085  26077
  416.061   264133   631.56   264310   630.63  26421  26431  26423  26434  26445  26420  26431  26427  26442  26436  26428  26412  26410  26414  26404  26416  26417  26420  26412  26400
  421.061   267249   628.96   267395   632.45  26732  26743  26736  26746  26724  26732  26743  26738  26753  26748  26738  26723  26721  26729  26716  26728  26728  26731  26723  26712
  426.061   270419   621.52   270554   624.11  27051  27062  27055  27067  27041  27051  27061  27057  27040  27069  27026  27044  27039  27050  27034  27050  27050  27052  27043  27031
  431.061   273539   624.32   273733   623.61  27376  27385  27378  27359  27366  27377  27384  27381  27366  27361  27354  27367  27363  27342  27360  27344  27342  27346  27366  27355
  436.061   276522   620.29   276719   620.79  27678  27687  27679  27660  27668  27680  27656  27681  27668  27662  27656  27668  27663  27643  27663  27645  27644  27646  27638  27656
  441.061   279695   626.24   279857   624.53  27993  27973  27995  27978  27985  27996  27974  27998  27985  27980  27973  27982  27980  27962  27979  27963  27963  27964  27956  27973
  446.061   282652   620.34   282843   617.52  28302  28280  28271  28289  28293  28273  28282  28274  28293  28286  28281  28258  28258  28272  28256  28272  28269  28270  28265  28251
  451.061   285821   617.77   285984   619.45  28588  28599  28588  28605  28610  28590  28599  28592  28608  28605  28597  28574  28577  28589  28572  28589  28586  28588  28581  28568
  456.061   288841   612.08   288973   613.99  28891  28899  28890  28907  28882  28891  28901  28895  28910  28907  28898  28878  28880  28890  28875  28890  28888  28889  28882  28871
  461.061   291958   613.57   292113   614.48  29215  29224  29213  29198  29205  29215  29224  29219  29201  29199  29190  29202  29205  29183  29198  29183  29181  29213  29206  29197
  466.061   295309   625.96   295499   626.87  29554  29562  29552  29537  29543  29553  29562  29558  29540  29538  29530  29541  29542  29522  29536  29522  29521  29518  29543  29534
  471.061   298685   632.90   298900   632.50  29895  29901  29892  29877  29884  29892  29900  29898  29881  29880  29872  29881  29881  29863  29875  29863  29862  29859  29854  29875
  476.061   301877   642.82   302056   640.17  30221  30194  30218  30200  30211  30219  30193  30192  30204  30204  30198  30210  30175  30187  30202  30188  30186  30183  30178  30170
  481.061   305187   647.64   305363   646.97  30553  30531  30519  30534  30544  30551  30527  30528  30538  30538  30532  30509  30510  30521  30535  30522  30520  30518  30513  30507
  486.061   308393   651.81   308539   652.28  30844  30856  30844  30858  30867  30842  30851  30853  30861  30863  30855  30833  30834  30846  30826  30846  30845  30842  30836  30830
  491.062   311713   657.05   311855   658.99  31178  31191  31179  31193  31168  31177  31186  31189  31196  31198  31156  31168  31170  31181  31161  31181  31182  31176  31172  31166
  496.061   314827   650.57   315031   650.03  31499  31511  31500  31513  31491  31497  31507  31508  31516  31489  31478  31489  31491  31471  31482  31472  31471  31496  31490  31487
  501.061   318249   651.34   318378   650.54  31842  31850  31841  31822  31834  31840  31846  31846  31825  31832  31822  31833  31830  31815  31825  31816  31815  31836  31831  31826
  506.061   321446   652.40   321605   650.63  32168  32146  32168  32147  32161  32166  32172  32171  32149  32157  32149  32160  32156  32140  32151  32141  32143  32130  32125  32151
  511.061   324685   649.95   324843   649.38  32499  32477  32497  32476  32491  32497  32471  32469  32479  32487  32478  32490  32456  32470  32481  32471  32474  32459  32456  32450
  516.061   327877   647.54   328031   649.12  32823  32799  32785  32798  32814  32821  32791  32789  32802  32809  32802  32778  32776  32795  32805  32794  32797  32783  32777  32770
  521.061   331064   645.07   331188   646.61  33112  33123  33108  33121  33133  33108  33115  33115  33124  33129  33121  33104  33099  33114  33092  33114  33116  33107  33101  33096
  526.061   334390   651.82   334548   650.28  33450  33461  33446  33461  33443  33448  33454  33453  33464  33468  33426  33443  33437  33453  33432  33454  33426  33445  33440  33434
  531.061   337790   652.65   337979   652.58  33796  33807  33793  33804  33791  33795  33801  33800  33809  33783  33772  33790  33784  33767  33779  33768  33774  33791  33785  33780
  536.061   341181   656.24   341340   657.48  34135  34147  34131  34144  34132  34134  34141  34141  34114  34121  34109  34129  34124  34104  34119  34107  34114  34131  34126  34118
  541.061   344320   653.69   344470   652.32  34454  34434  34450  34431  34451  34453  34459  34460  34437  34441  34430  34447  34443  34427  34437  34428  34434  34421  34417  34436
  546.061   347630   660.77   347807   659.53  34794  34773  34790  34770  34791  34792  34769  34771  34776  34781  34770  34758  34753  34767  34777  34768  34774  34760  34757  34746
  551.061   350936   661.44   351111   663.09  35125  35104  35121  35099  35122  35123  35098  35101  35106  35112  35102  35088  35084  35098  35109  35099  35105  35089  35085  35077
  556.061   354249   662.68   354348   661.88  35426  35442  35422  35438  35423  35424  35437  35440  35446  35450  35441  35428  35423  35436  35410  35438  35406  35427  35423  35417
  561.061   357324   652.23   357497   649.51  35742  35756  35738  35753  35740  35739  35750  35755  35760  35764  35723  35742  35735  35750  35725  35719  35721  35742  35736  35731
  566.061   360807   652.91   360981   653.41  36092  36108  36089  36106  36091  36090  36102  36108  36112  36083  36073  36095  36088  36068  36077  36069  36072  36094  36089  36082
  571.061   364231   664.50   364344   665.07  36438  36449  36436  36422  36436  36437  36447  36423  36427  36429  36419  36438  36433  36415  36424  36415  36419  36436  36405  36427
  576.062   367487   664.08   367586   660.02  36769  36749  36768  36749  36768  36769  36747  36752  36754  36761  36751  36740  36766  36748  36754  36749  36750  36737  36732  36760
  581.061   370740   660.07   370902   659.56  37100  37080  37101  37080  37099  37101  37079  37084  37086  37092  37082  37071  37066  37081  37086  37081  37082  37068  37063  37060
  586.061   374142   662.29   374300   664.34  37438  37423  37438  37421  37436  37438  37422  37425  37427  37432  37421  37412  37408  37421  37424  37420  37421  37409  37404  37402
  591.061   377358   667.25   377458   664.77  37762  37746  37734  37747  37732  37733  37746  37750  37752  37756  37746  37735  37732  37745  37748  37744  37717  37733  37731  37727
  596.061   380423   653.67   380577   651.86  38049  38064  38050  38065  38050  38052  38065  38069  38071  38042  38033  38055  38050  38031  38037  38033  38036  38052  38051  38045
  601.061   383775   649.35   383891   649.89  38381  38400  38385  38401  38385  38387  38402  38405  38371  38374  38367  38392  38387  38363  38371  38364  38371  38388  38389  38383
  606.061   387034   651.73   387123   653.51  38713  38727  38715  38698  38715  38717  38729  38700  38703  38706  38698  38719  38715  38696  38702  38694  38701  38715  38684  38710
  611.061   390347   655.87   390502   654.60  39058  39040  39059  39041  39059  39061  39043  39044  39048  39049  39041  39032  39027  39040  39048  39037  39045  39027  39028  39022
  616.062   393470   644.03   393615   643.59  39371  39349  39371  39352  39369  39373  39353  39356  39360  39361  39356  39342  39337  39353  39360  39351  39358  39338  39340  39335
  621.061   396617   642.15   396748   642.15  39687  39667  39686  39668  39685  39659  39668  39674  39677  39677  39673  39661  39658  39670  39676  39667  39644  39657  39658  39653
  626.061   399660   642.25   399761   640.44  39967  39978  39964  39977  39964  39968  39979  39985  39989  39990  39982  39972  39970  39949  39955  39979  39954  39966  39970  39963
  631.061   402786   632.65   402918   633.19  40287  40297  40283  40294  40285  40287  40298  40303  40307  40277  40270  40291  40288  40268  40274  40267  40273  40285  40289  40281
  636.062   405946   630.87   406047   632.21  40605  40615  40602  40611  40604  40606  40615  40594  40597  40598  40590  40610  40606  40587  40592  40587  40593  40602  40581  40598
  641.061   409051   623.83   409181   623.02  40919  40932  40916  40928  40916  40918  40931  40903  40907  40911  40902  40889  40924  40901  40905  40900  40906  40918  40891  40915
  646.061   412213   625.83   412310   623.07  41242  41220  41239  41216  41240  41241  41218  41227  41232  41235  41226  41217  41213  41224  41228  41223  41228  41235  41216  41203
  651.061   415464   627.45   415587   627.18  41570  41549  41566  41546  41567  41568  41547  41555  41558  41561  41553  41546  41543  41550  41556  41550  41557  41534  41542  41533
  656.061   418900   640.17   419054   639.80  41916  41895  41913  41891  41914  41915  41893  41903  41905  41909  41900  41892  41889  41898  41903  41898  41873  41879  41890  41878
  661.061   422258   647.11   422334   647.75  42224  42234  42221  42229  42221  42222  42231  42250  42251  42251  42241  42243  42240  42205  42209  42239  42212  42219  42234  42216
  666.061   425626   656.38   425716   658.02  42567  42577  42564  42571  42564  42567  42574  42586  42587  42559  42549  42579  42576  42549  42553  42575  42555  42562  42570  42558
  671.061   428903   663.89   429043   664.26  42905  42917  42902  42909  42902  42906  42913  42895  42896  42898  42888  42888  42885  42888  42892  42884  42896  42903  42880  42899
  676.061   432179   666.48   432314   667.75  43232  43245  43230  43238  43228  43233  43240  43223  43222  43223  43216  43215  43212  43216  43222  43211  43225  43231  43205  43226
  681.061   435382   664.24   435512   662.36  43556  43535  43553  43560  43551  43556  43562  43547  43546  43546  43539  43539  43537  43541  43543  43535  43545  43522  43531  43550
  686.062   438376   650.34   438517   648.76  43862  43841  43864  43835  43858  43866  43837  43852  43851  43851  43844  43844  43842  43847  43849  43840  43821  43827  43837  43825
  691.061   441666   643.32   441733   645.27  44189  44170  44159  44163  44186  44161  44165  44181  44178  44181  44175  44172  44172  44176  44177  44169  44149  44156  44166  44154
  696.061   444784   637.01   444851   638.59  44473  44489  44478  44482  44472  44479  44484  44499  44496  44499  44493  44491  44490  44462  44461  44487  44468  44476  44484  44472
  701.061   447932   635.84   448036   634.60  44799  44814  44803  44807  44798  44804  44807  44793  44818  44793  44787  44812  44785  44789  44787  44809  44791  44799  44778  44795
  706.062   451072   630.77   451206   630.74  45117  45134  45123  45127  45118  45124  45129  45113  45108  45113  45107  45102  45105  45109  45106  45099  45112  45119  45098  45115
  711.061   454175   627.33   454303   625.08  45427  45443  45433  45438  45429  45432  45440  45422  45418  45421  45417  45412  45415  45418  45418  45408  45422  45430  45409  45426
  716.061   457233   629.72   457324   628.01  45740  45723  45745  45718  45740  45743  45719  45734  45729  45733  45730  45723  45727  45732  45730  45720  45734  45710  45721  45706
  721.061   460469   625.54   460563   627.52  46067  46050  46040  46047  46068  46069  46046  46061  46056  46059  46058  46050  46054  46057  46055  46047  46030  46038  46048  46032
  726.061   463662   626.50   463753   629.62  46392  46373  46361  46370  46390  46357  46367  46383  46378  46382  46383  46372  46376  46346  46380  46369  46349  46361  46373  46353
  731.061   466987   634.95   467083   635.76  46697  46712  46701  46709  46697  46699  46705  46723  46718  46722  46689  46710  46714  46687  46687  46708  46690  46700  46709  46693
  736.061   470091   635.02   470189   633.81  47014  47028  47021  47025  47013  47017  47022  47007  47036  47006  47007  47027  46999  47003  47005  47023  47006  47017  46994  47010
  741.061   473303   639.93   473430   637.95  47343  47354  47347  47351  47341  47345  47347  47335  47333  47334  47335  47323  47328  47332  47333  47319  47331  47343  47322  47337
  746.061   476392   638.69   476459   638.96  47652  47632  47655  47631  47648  47655  47656  47645  47642  47643  47643  47631  47638  47643  47640  47628  47641  47651  47632  47645
  751.061   479535   632.65   479634   634.83  47970  47951  47974  47948  47966  47974  47973  47962  47957  47959  47961  47947  47955  47962  47958  47944  47959  47938  47949  47962
  756.062   482673   633.66   482769   633.72  48292  48274  48266  48272  48288  48265  48263  48285  48281  48283  48283  48269  48279  48255  48281  48267  48251  48261  48274  48253
  761.061   485933   633.41   486023   631.93  48590  48605  48597  48604  48588  48596  48594  48619  48615  48615  48616  48601  48612  48586  48580  48600  48582  48596  48574  48586
  766.061   489037   632.45   489158   633.22  48910  48920  48915  48920  48907  48913  48910  48901  48931  48931  48900  48918  48895  48903  48900  48915  48898  48913  48892  48903
  771.061   492163   628.42   492217   627.08  49223  49233  49227  49232  49219  49226  49222  49214  49210  49211  49213  49230  49207  49217  49213  49227  49210  49226  49204  49216
  776.062   495363   632.07   495483   633.81  49549  49560  49553  49559  49545  49553  49549  49541  49537  49537  49540  49522  49534  49543  49539  49519  49539  49554  49531  49542
  781.061   498601   632.20   498685   633.95  49877  49855  49879  49852  49873  49879  49875  49868  49864  49863  49867  49851  49863  49870  49866  49846  49867  49847  49858  49866
  786.062   501676   632.37   501757   632.97  50190  50168  50160  50165  50187  50162  50190  50180  50178  50177  50181  50166  50175  50152  50180  50160  50181  50160  50172  50149
  791.061   504786   629.43   504866   628.02  50507  50485  50477  50483  50472  50479  50475  50499  50495  50494  50498  50485  50492  50469  50465  50478  50466  50477  50489  50467
  796.062   507772   626.61   507888   626.38  50784  50795  50786  50790  50780  50786  50782  50776  50805  50804  50775  50793  50768  50778  50772  50787  50773  50786  50766  50774
  801.061   510833   623.36   510887   624.36  51090  51101  51092  51097  51087  51093  51087  51083  51079  51078  51081  51097  51075  51085  51080  51093  51078  51092  51073  51079
  806.061   514001   621.43   514087   620.29  51410  51420  51412  51416  51407  51414  51409  51403  51398  51398  51401  51418  51395  51405  51399  51383  51399  51410  51393  51398
  811.062   517133   616.30   517181   616.26  51725  51703  51729  51700  51724  51731  51725  51720  51713  51711  51718  51700  51709  51723  51715  51699  51716  51728  51710  51715
  816.061   520321   618.09   520407   619.33  52049  52027  52051  52024  52046  52053  52046  52042  52035  52034  52041  52022  52032  52044  52038  52022  52037  52017  52032  52036
  821.062   523420   620.37   523471   621.38  52365  52343  52336  52340  52332  52337  52360  52357  52351  52350  52356  52339  52348  52330  52352  52339  52352  52334  52348  52322
  826.062   526488   625.99   526598   624.75  52652  52662  52654  52659  52651  52656  52648  52677  52670  52669  52644  52658  52668  52648  52640  52659  52641  52653  52637  52640
  831.061   529698   631.11   529803   632.79  52977  52984  52977  52980  52975  52979  52974  52970  52995  52992  52969  52979  52962  52972  52966  52984  52965  52976  52962  52963
  836.061   532902   632.27   532980   632.00  53300  53309  53301  53305  53299  53304  53296  53293  53288  53285  53291  53304  53285  53296  53287  53278  53287  53300  53286  53288
  841.061   535898   624.79   535978   623.71  53601  53609  53600  53603  53598  53603  53596  53593  53588  53587  53592  53603  53586  53593  53587  53577  53588  53599  53586  53587
  846.061   538979   619.58   539060   620.45  53916  53890  53916  53886  53915  53919  53912  53905  53901  53900  53908  53885  53900  53907  53900  53889  53902  53883  53902  53903
  851.061   542112   621.03   542153   622.81  54230  54207  54200  54203  54228  54202  54226  54225  54217  54215  54222  54203  54216  54223  54220  54205  54218  54201  54217  54187
  856.061   545254   624.28   545264   623.21  54519  54528  54519  54525  54516  54521  54515  54547  54539  54535  54543  54524  54537  54511  54541  54526  54538  54523  54505  54506
  861.061   548442   627.87   548546   626.70  54850  54860  54850  54856  54848  54852  54847  54847  54870  54866  54842  54854  54838  54842  54842  54857  54838  54855  54837  54837
  866.061   551764   629.60   551837   629.50  55181  55193  55183  55189  55180  55185  55178  55178  55171  55199  55173  55187  55169  55173  55173  55192  55170  55188  55169  55170
  871.061   555025   638.75   555097   637.44  55511  55521  55513  55517  55510  55515  55507  55507  55501  55495  55503  55516  55499  55502  55503  55487  55499  55516  55500  55500
  876.061   558009   635.30   558115   632.79  55811  55822  55816  55818  55813  55818  55810  55809  55802  55796  55805  55816  55800  55803  55804  55788  55800  55787  55803  55803
  881.061   561040   628.93   561116   631.07  56121  56099  56126  56096  56122  56096  56120  56118  56112  56106  56115  56094  56108  56113  56115  56095  56110  56096  56113  56081
  886.061   564030   624.70   564105   626.85  56422  56402  56395  56399  56423  56399  56421  56420  56415  56409  56416  56397  56409  56415  56417  56397  56411  56400  56385  56383
  891.061   567224   628.26   567323   627.11  56751  56732  56728  56729  56724  56729  56722  56721  56746  56741  56717  56728  56739  56716  56719  56730  56713  56730  56717  56715
  896.061   570413   623.42   570520   624.50  57042  57053  57049  57051  57046  57051  57045  57044  57071  57068  57037  57051  57030  57035  57042  57055  57033  57055  57037  57038
  901.061   573646   620.86   573683   623.71  57367  57375  57371  57372  57370  57373  57368  57368  57361  57358  57361  57375  57354  57359  57366  57376  57357  57378  57360  57360
  906.061   576728   626.01   576838   622.92  57682  57690  57687  57688  57686  57688  57684  57684  57675  57674  57675  57670  57669  57674  57682  57664  57672  57670  57676  57676
  911.061   580054   633.62   580158   631.41  58014  58021  58018  58021  58018  58019  58016  58016  58008  58007  58009  58004  58002  58006  58014  57996  58004  58001  58009  58009
  916.061   583219   636.05   583324   637.19  58333  58341  58337  58310  58338  58338  58336  58336  58328  58327  58329  58324  58321  58326  58334  58315  58325  58321  58328  58296
  921.061   586481   638.93   586458   637.95  58661  58639  58635  58641  58634  58636  58665  58635  58657  58655  58658  58652  58651  58656  58663  58645  58654  58649  58625  58628
  926.061   589705   642.77   589766   642.37  58998  58974  58968  58974  58968  58968  58967  58967  58992  58990  58960  58990  58988  58958  58965  58979  58957  58986  58959  58963
  931.061   592825   641.58   592911   643.22  59282  59293  59286  59293  59285  59287  59286  59286  59307  59306  59280  59276  59275  59277  59284  59295  59277  59302  59277  59282
  936.062   595923   642.99   596017   641.31  59595  59612  59605  59613  59603  59604  59603  59603  59590  59589  59595  59589  59590  59592  59601  59581  59592  59587  59594  59602
  941.061   599140   639.40   599242   633.66  59918  59934  59927  59932  59927  59927  59925  59927  59913  59912  59917  59912  59911  59913  59922  59904  59914  59909  59916  59922
  946.061   602258   634.19   602320   631.58  60231  60215  60241  60213  60242  60242  60240  60242  60227  60227  60233  60227  60226  60228  60237  60219  60228  60223  60232  60205
  951.061   605532   633.15   605591   636.85  60558  60543  60567  60543  60568  60568  60565  60568  60556  60555  60559  60554  60553  60555  60565  60547  60554  60552  60558  60535
  956.061   608728   626.86   608633   628.00  60877  60860  60850  60862  60850  60850  60885  60850  60875  60874  60880  60873  60872  60875  60884  60867  60876  60870  60878  60853
  961.061   611882   633.98   611907   633.04  61207  61191  61182  61195  61181  61182  61181  61181  61204  61203  61176  61202  61200  61203  61178  61196  61171  61200  61172  61184
  966.061   615098   639.42   615156   639.25  61504  61518  61511  61521  61511  61511  61511  61510  61529  61530  61507  61527  61497  61500  61507  61522  61500  61525  61502  61511
  971.061   618356   643.86   618445   642.42  61839  61853  61847  61856  61846  61846  61846  61845  61834  61833  61843  61832  61832  61835  61841  61826  61834  61830  61838  61845
  976.061   621567   646.74   621661   644.23  62164  62180  62174  62147  62174  62170  62172  62170  62156  62154  62171  62155  62156  62159  62166  62150  62157  62151  62165  62137
  981.061   624784   641.70   624833   640.36  62486  62469  62491  62473  62490  62489  62489  62490  62479  62477  62489  62478  62478  62480  62487  62474  62480  62475  62483  62460
  986.061   627895   634.40   627938   640.27  62797  62776  62802  62782  62802  62800  62801  62802  62789  62787  62801  62789  62788  62790  62800  62785  62792  62786  62796  62768
  991.061   631034   636.24   631073   637.79  63119  63101  63092  63107  63092  63123  63092  63121  63114  63112  63091  63114  63110  63114  63121  63109  63084  63112  63086  63093
  996.062   634178   635.84   634252   636.38  63442  63427  63416  63432  63416  63415  63417  63413  63440  63434  63415  63438  63402  63406  63413  63432  63409  63434  63411  63418
 1001.062   637312   633.89   637393   632.52  63730  63749  63736  63754  63736  63735  63736  63733  63729  63755  63734  63725  63721  63724  63733  63720  63730  63755  63730  63740
 1006.061   640618   638.22   640672   636.88  64066  64082  64069  64055  64069  64071  64070  64069  64064  64057  64067  64059  64056  64058  64068  64056  64063  64056  64063  64072
 1011.061   643832   636.85   643874   638.96  64389  64375  64392  64378  64394  64394  64393  64392  64387  64380  64391  64384  64380  64380  64394  64380  64389  64380  64389  64365
 1016.061   647024   636.88   647063   636.74  64709  64696  64709  64699  64712  64711  64711  64709  64706  64701  64709  64704  64700  64699  64712  64699  64707  64701  64708  64685
 1021.061   650029   629.06   650067   630.10  65009  64996  65010  64999  65013  65012  65012  65009  65006  65001  65010  65004  65001  64999  65012  64999  65008  65000  65009  64987
 1026.061   652937   624.69   653087   623.51  65316  65302  65320  65310  65286  65322  65285  65320  65315  65311  65283  65313  65276  65307  65285  65307  65283  65310  65281  65292
 1031.061   656250   630.20   656298   629.09  65646  65634  65617  65641  65619  65619  65620  65617  65644  65641  65616  65641  65609  65636  65619  65635  65617  65641  65613  65623
 1036.061   659325   626.76   659381   626.72  65936  65953  65938  65930  65939  65940  65941  65938  65935  65931  65936  65930  65929  65925  65939  65925  65937  65930  65934  65940
 1041.061   662520   625.99   662576   626.50  66255  66274  66257  66249  66260  66259  66261  66257  66255  66249  66255  66248  66248  66242  66258  66245  66258  66248  66253  66265
 1046.061   665730   625.54   665784   624.93  66577  66564  66581  66572  66585  66584  66587  66582  66580  66572  66580  66573  66573  66565  66582  66569  66583  66572  66578  66555
 1051.061   668839   625.97   668887   625.20  66886  66874  66891  66883  66895  66894  66898  66893  66891  66882  66892  66883  66886  66875  66893  66879  66892  66884  66890  66865
 1056.061   671971   630.81   672050   627.38  67207  67193  67210  67202  67214  67213  67184  67212  67211  67204  67210  67206  67204  67196  67212  67199  67179  67204  67176  67185
 1061.061   675037   625.59   675052   625.46  67519  67506  67520  67514  67496  67495  67498  67494  67494  67516  67492  67518  67514  67509  67494  67511  67494  67517  67490  67498
 1066.061   678094   628.72   678138   629.43  67809  67827  67811  67805  67817  67815  67819  67815  67814  67806  67811  67808  67805  67800  67815  67801  67815  67807  67811  67821
 1071.061   681281   628.26   681331   628.09  68127  68147  68130  68122  68137  68136  68138  68135  68134  68125  68127  68127  68123  68117  68135  68118  68134  68125  68132  68143
 1076.061   684641   632.50   684717   630.08  68468  68483  68469  68461  68477  68475  68474  68474  68472  68464  68468  68467  68462  68457  68474  68459  68472  68464  68471  68447
 1081.061   687744   630.07   687827   627.89  68778  68793  68780  68771  68789  68786  68785  68787  68783  68775  68777  68777  68772  68767  68783  68768  68785  68774  68783  68758
 1086.061   690995   631.11   691077   630.17  69108  69089  69109  69099  69114  69114  69113  69114  69112  69105  69106  69105  69100  69097  69111  69097  69110  69102  69081  69086
 1091.061   693933   625.77   693891   628.02  69406  69384  69406  69396  69382  69379  69378  69381  69377  69402  69403  69403  69396  69395  69408  69394  69376  69399  69376  69383
 1096.061   696821   625.40   696843   626.68  69681  69689  69679  69699  69687  69683  69681  69686  69681  69677  69678  69676  69669  69670  69681  69698  69679  69702  69681  69687
 1101.061   699997   627.01   700044   627.95  70004  70012  70003  69992  70010  70007  70004  70007  70004  70001  70001  69999  69993  69993  70005  69993  70004  69996  70003  70010
 1106.061   703227   621.61   703306   621.64  70329  70340  70329  70318  70337  70334  70330  70333  70330  70326  70327  70326  70318  70319  70331  70320  70332  70321  70329  70304
 1111.061   706238   617.52   706313   613.12  70630  70640  70630  70619  70637  70634  70631  70633  70631  70628  70628  70626  70620  70621  70633  70622  70631  70623  70629  70605
 1116.061   709349   607.20   709360   605.86  70941  70919  70942  70929  70917  70945  70943  70943  70942  70939  70941  70937  70931  70934  70944  70933  70942  70933  70938  70916
 1121.061   712518   617.68   712563   620.54  71264  71244  71266  71251  71241  71238  71266  71266  71266  71261  71265  71260  71254  71256  71267  71254  71235  71256  71231  71240
 1126.062   715573   623.22   715555   624.90  71575  71555  71547  71563  71553  71549  71547  71547  71547  71572  71547  71571  71565  71566  71548  71567  71547  71568  71541  71553
 1131.061   718514   619.30   718555   620.13  71852  71860  71852  71871  71859  71855  71853  71852  71853  71848  71852  71847  71841  71843  71853  71845  71854  71874  71846  71859
 1136.061   721689   619.55   721766   617.20  72176  72185  72177  72163  72183  72179  72178  72177  72177  72171  72177  72169  72163  72169  72177  72168  72179  72164  72171  72152
 1141.061   724879   624.46   724958   623.49  72495  72506  72496  72482  72502  72497  72496  72495  72497  72492  72495  72489  72481  72487  72497  72487  72498  72484  72489  72472
 1146.062   728194   625.60   728235   624.26  72826  72803  72827  72814  72835  72827  72826  72826  72828  72823  72826  72820  72813  72818  72827  72819  72831  72814  72822  72804
 1151.061   731398   626.28   731434   625.97  73150  73128  73149  73137  73126  73149  73150  73148  73150  73147  73149  73145  73139  73140  73149  73143  73121  73139  73145  73128
 1156.061   734247   620.62   734265   622.91  73439  73428  73410  73427  73427  73439  73411  73436  73411  73437  73440  73437  73430  73430  73440  73435  73413  73430  73406  73416
 1161.061   737311   627.57   737333   626.93  73728  73747  73728  73747  73747  73728  73728  73725  73729  73726  73728  73756  73719  73719  73728  73723  73731  73751  73724  73732
 1166.061   740499   629.22   740489   627.30  74049  74067  74049  74040  74042  74049  74050  74046  74050  74047  74049  74046  74041  74041  74053  74045  74053  74074  74045  74052
 1171.061   743412   619.89   743425   618.68  74343  74361  74342  74333  74335  74342  74343  74340  74345  74341  74344  74341  74335  74335  74347  74341  74348  74337  74338  74346
 1176.061   746363   606.60   746374   607.67  74642  74626  74641  74629  74631  74641  74640  74639  74646  74639  74642  74642  74634  74633  74645  74640  74646  74634  74636  74611
 1181.061   749577   601.43   749589   601.66  74963  74948  74964  74949  74951  74964  74963  74960  74966  74961  74962  74965  74954  74955  74966  74961  74969  74956  74956  74933
 1186.061   752832   614.82   752878   616.77  75291  75276  75294  75278  75279  75294  75292  75288  75295  75291  75291  75294  75282  75283  75297  75291  75264  75285  75284  75261
 1191.061   756124   626.04   756161   625.54  75629  75616  75599  75617  75618  75599  75629  75626  75600  75628  75629  75601  75620  75622  75602  75597  75605  75624  75622  75602
 1196.061   759121   622.36   759160   622.76  75908  75929  75911  75934  75934  75910  75910  75905  75912  75907  75908  75911  75900  75902  75914  75909  75918  75941  75901  75917
