Test case: 
Description: 
	10 senders: persistent queues
	10 receivers: client acknowledge every 50 messages
Timestamp: 2011.11.2 1:48:41
Version: 
Setting up JMS benchmark connections... 

Start processing messages.
Fri Dec 02 01:48:41 EST 2011

  Seconds   Send   Send/Sec   Recv   Recv/Sec   RCV0   RCV1   RCV2   RCV3   RCV4   RCV5   RCV6   RCV7   RCV8   RCV9  SND10  SND11  SND12  SND13  SND14  SND15  SND16  SND17  SND18  SND19
  ------- -------- -------- -------- -------- ------ ------ ------ ------ ------ ------ ------ ------ ------ ------ ------ ------ ------ ------ ------ ------ ------ ------ ------ ------
    1.041        0     0.00        0     0.00      0      0      0      0      0      0      0      0      0      0      0      0      0      0      0      0      0      0      0      0
    6.041     2698   586.52     2996   651.30    303    301    303    294    301    299    298    301    300    296    268    270    269    269    272    273    267    271    269    270
   11.041     5961   620.94     6249   650.94    628    628    628    620    628    625    623    625    623    621    592    598    593    597    599    600    592    596    596    598
   16.041     9298   636.85     9579   656.10    960    960    960    953    960    958    957    960    957    954    926    931    928    931    932    933    926    930    929    932
   21.041    12400   623.47    12675   645.15   1269   1269   1270   1262   1269   1267   1267   1270   1267   1265   1238   1242   1238   1243   1241   1246   1235   1239   1237   1241
   26.041    15646   623.41    15925   634.76   1595   1594   1594   1587   1594   1593   1592   1595   1592   1589   1562   1566   1563   1568   1565   1571   1560   1564   1561   1566
   31.041    18623   622.13    18955   631.59   1898   1897   1897   1890   1897   1896   1895   1898   1895   1892   1865   1869   1866   1871   1868   1847   1863   1841   1864   1869
   36.041    21736   638.86    22014   638.19   2203   2203   2203   2196   2203   2202   2201   2204   2201   2198   2172   2174   2173   2177   2175   2178   2169   2173   2171   2174
   41.041    25117   642.82    25392   642.38   2541   2540   2541   2533   2540   2541   2540   2541   2538   2537   2510   2513   2512   2515   2514   2515   2506   2511   2509   2512
   46.041    28325   638.51    28597   638.21   2861   2861   2861   2854   2861   2861   2860   2861   2858   2859   2831   2833   2834   2835   2834   2837   2826   2833   2830   2832
   51.041    31607   639.97    31886   643.56   3189   3190   3189   3183   3190   3190   3189   3190   3188   3188   3159   3160   3162   3162   3161   3166   3156   3161   3159   3161
   56.041    35071   642.17    35350   643.21   3535   3536   3535   3529   3537   3536   3535   3536   3535   3536   3505   3507   3508   3509   3508   3512   3503   3507   3505   3507
   61.041    38418   653.69    38701   652.05   3871   3871   3871   3864   3872   3870   3869   3872   3871   3870   3839   3841   3843   3844   3842   3846   3838   3841   3841   3843
   66.041    41806   662.62    42086   662.68   4213   4213   4213   4206   4213   4212   4212   4214   4213   4177   4181   4184   4186   4187   4183   4188   4180   4150   4182   4185
   71.041    44781   659.87    45066   660.20   4509   4507   4508   4501   4508   4506   4506   4509   4507   4505   4475   4479   4478   4481   4478   4482   4474   4479   4475   4480
   76.041    48217   667.52    48494   667.68   4851   4851   4851   4844   4851   4849   4849   4851   4849   4848   4819   4822   4822   4824   4823   4824   4818   4823   4818   4824
   81.041    51445   665.70    51716   665.44   5173   5172   5173   5165   5175   5170   5172   5173   5172   5171   5142   5143   5146   5146   5145   5146   5141   5146   5142   5148
   86.041    54632   654.33    54907   655.23   5493   5492   5493   5485   5493   5489   5490   5493   5491   5488   5460   5464   5463   5465   5464   5466   5460   5464   5460   5466
   91.041    57973   645.83    58242   645.42   5827   5823   5827   5819   5827   5821   5824   5827   5825   5822   5793   5798   5797   5799   5798   5801   5794   5798   5795   5800
   96.041    61164   639.63    61472   639.46   6150   6147   6150   6142   6150   6143   6147   6150   6148   6145   6115   6120   6120   6121   6121   6123   6117   6088   6118   6121
  101.041    64371   653.09    64642   652.62   6455   6483   6455   6477   6455   6478   6452   6455   6483   6449   6451   6456   6425   6426   6426   6460   6421   6426   6423   6457
  106.041    67615   650.96    67871   650.26   6790   6788   6790   6781   6790   6781   6788   6790   6789   6784   6756   6762   6761   6765   6763   6766   6757   6763   6760   6762
  111.041    70743   647.58    70999   647.08   7103   7101   7103   7094   7103   7092   7101   7103   7102   7097   7068   7075   7074   7078   7076   7079   7070   7075   7073   7075
  116.041    74063   652.05    74319   651.41   7434   7434   7435   7425   7436   7423   7433   7436   7434   7429   7400   7406   7408   7410   7408   7412   7403   7406   7404   7406
  121.041    77301   638.89    77555   640.57   7758   7757   7759   7750   7759   7747   7756   7759   7757   7753   7725   7731   7732   7733   7731   7735   7726   7730   7728   7730
  126.041    80540   639.83    80794   639.13   8080   8080   8084   8073   8082   8075   8081   8082   8080   8077   8049   8055   8056   8057   8054   8059   8049   8055   8052   8054
  131.041    83601   636.54    83884   635.94   8390   8389   8393   8382   8390   8384   8390   8391   8389   8386   8358   8364   8366   8366   8363   8368   8357   8334   8362   8363
  136.041    86497   633.60    86814   633.40   8676   8706   8681   8667   8676   8702   8678   8678   8676   8674   8645   8651   8653   8653   8649   8655   8643   8650   8648   8650
  141.041    89852   641.24    90105   641.14   9011   9011   9016   9004   9011   9006   9014   9013   9010   9009   8980   8986   8987   8989   8985   8990   8979   8985   8984   8987
  146.041    93014   635.92    93258   635.52   9327   9326   9331   9319   9326   9322   9329   9330   9324   9324   9294   9303   9304   9305   9302   9307   9295   9300   9300   9304
  151.041    96382   639.16    96630   637.79   9665   9664   9667   9657   9664   9658   9667   9666   9660   9662   9633   9639   9641   9643   9638   9644   9631   9638   9636   9639
  156.042    99718   631.87    99972   636.56   9999   9998  10000   9993   9998   9992  10000  10001   9995   9996   9967   9973   9974   9977   9971   9978   9966   9971   9969   9972
  161.041   102863   636.88   103122   635.94  10314  10314  10315  10307  10314  10308  10314  10315  10311  10310  10281  10287  10287  10292  10287  10292  10281  10285  10284  10287
  166.041   105985   647.89   106237   645.74  10637  10637  10610  10630  10637  10630  10608  10610  10635  10603  10604  10610  10582  10616  10582  10616  10606  10579  10579  10611
  171.041   109052   644.30   109362   644.23  10958  10933  10934  10926  10933  10953  10933  10934  10931  10927  10901  10906  10907  10910  10906  10910  10900  10904  10903  10905
  176.041   112340   648.52   112587   648.62  11257  11261  11262  11254  11262  11254  11260  11262  11259  11256  11231  11234  11237  11239  11234  11238  11229  11232  11232  11234
  181.041   115663   647.04   115906   646.87  11587  11594  11594  11587  11594  11584  11592  11594  11593  11587  11562  11566  11568  11573  11567  11572  11561  11564  11564  11566
  186.041   118804   640.49   119046   639.05  11904  11907  11907  11901  11907  11899  11906  11908  11907  11900  11876  11880  11882  11887  11881  11885  11876  11879  11878  11880
  191.042   121839   626.44   122076   627.75  12205  12211  12211  12204  12211  12200  12208  12212  12210  12204  12180  12184  12184  12191  12184  12188  12179  12183  12182  12184
  196.042   124842   623.01   125082   623.44  12506  12512  12512  12504  12512  12500  12509  12512  12510  12505  12480  12484  12484  12491  12485  12488  12479  12484  12483  12484
  201.041   127523   619.83   127819   617.38  12802  12780  12780  12772  12780  12797  12777  12780  12778  12773  12748  12752  12753  12759  12753  12756  12747  12752  12752  12751
  206.041   130520   610.07   130817   609.73  13102  13079  13080  13072  13081  13097  13077  13080  13078  13071  13050  13054  13051  13057  13051  13054  13049  13052  13052  13050
  211.041   133779   607.94   134014   607.67  13396  13406  13404  13399  13407  13390  13404  13407  13405  13396  13377  13380  13379  13381  13376  13379  13372  13379  13379  13377
  216.041   137031   608.14   137261   611.26  13722  13730  13730  13723  13732  13714  13728  13731  13729  13722  13702  13704  13704  13705  13701  13705  13698  13705  13705  13702
  221.041   140237   608.48   140468   608.28  14043  14051  14050  14044  14052  14037  14048  14051  14049  14043  14021  14025  14024  14027  14022  14026  14019  14026  14025  14022
  226.041   143404   612.87   143640   614.72  14360  14369  14367  14362  14369  14356  14364  14368  14366  14359  14338  14343  14340  14344  14339  14343  14336  14341  14342  14338
  231.041   146399   630.12   146656   627.67  14679  14657  14688  14650  14657  14676  14685  14658  14656  14650  14628  14634  14630  14666  14630  14664  14626  14630  14632  14659
  236.041   149751   645.34   150032   642.62  15021  15002  14998  14995  15002  15019  14997  15003  15001  14994  14973  14980  14974  14978  14975  14976  14971  14975  14978  14971
  241.041   152941   643.00   153220   642.53  15339  15321  15317  15314  15321  15335  15317  15323  15320  15313  15291  15299  15293  15298  15293  15297  15291  15293  15296  15290
  246.041   156136   636.52   156341   640.25  15626  15640  15635  15632  15640  15621  15636  15642  15638  15631  15612  15620  15611  15616  15612  15614  15612  15613  15618  15608
  251.042   159251   633.07   159473   631.60  15940  15953  15947  15946  15953  15936  15949  15954  15951  15944  15923  15931  15923  15927  15924  15927  15922  15925  15928  15921
  256.041   162494   630.07   162708   632.58  16264  16276  16271  16269  16276  16259  16272  16277  16276  16268  16248  16255  16246  16251  16248  16251  16247  16248  16254  16246
  261.041   165645   639.19   165979   639.80  16591  16604  16597  16597  16604  16588  16598  16603  16603  16594  16545  16552  16574  16578  16575  16578  16545  16574  16551  16573
  266.041   168588   627.93   168792   625.28  16892  16872  16898  16865  16872  16889  16897  16872  16871  16864  16847  16853  16874  16878  16845  16877  16846  16842  16853  16873
  271.041   171535   622.92   171767   620.30  17195  17176  17170  17169  17176  17191  17169  17177  17175  17169  17152  17157  17147  17150  17149  17179  17151  17147  17157  17146
  276.041   174734   623.05   174987   623.69  17515  17498  17494  17491  17498  17512  17492  17499  17497  17491  17473  17479  17470  17475  17472  17473  17474  17470  17478  17470
  281.041   178103   627.94   178295   631.63  17820  17835  17831  17828  17835  17818  17830  17836  17834  17828  17810  17816  17808  17812  17808  17809  17811  17807  17815  17807
  286.041   181406   626.11   181602   626.44  18152  18165  18161  18158  18165  18150  18162  18166  18164  18159  18140  18146  18139  18144  18140  18139  18140  18138  18142  18138
  291.041   184714   632.95   185007   629.19  18493  18506  18501  18499  18506  18489  18502  18506  18506  18499  18447  18454  18478  18485  18481  18480  18448  18478  18485  18478
  296.041   188113   648.36   188429   649.87  18836  18848  18844  18841  18848  18831  18844  18848  18848  18841  18792  18797  18820  18827  18823  18822  18795  18821  18796  18820
  301.041   191511   666.80   191681   665.79  19186  19162  19196  19155  19162  19179  19159  19163  19164  19155  19141  19147  19171  19177  19137  19173  19145  19137  19147  19136
  306.041   194749   671.64   194988   668.79  19519  19496  19495  19489  19497  19513  19494  19497  19499  19489  19474  19482  19471  19476  19472  19471  19480  19472  19480  19471
  311.041   197987   665.17   198229   666.88  19840  19821  19819  19814  19821  19835  19820  19823  19822  19814  19797  19805  19797  19801  19797  19796  19800  19796  19802  19796
  316.041   201080   656.14   201251   659.36  20119  20129  20127  20122  20129  20113  20128  20132  20130  20122  20106  20114  20105  20110  20108  20107  20109  20106  20111  20104
  321.041   204259   648.24   204460   649.48  20442  20449  20449  20443  20449  20434  20449  20452  20450  20443  20428  20435  20426  20432  20428  20427  20398  20427  20433  20425
  326.041   207417   642.72   207710   638.96  20766  20774  20774  20768  20774  20761  20774  20776  20775  20768  20722  20730  20751  20756  20753  20751  20725  20750  20728  20751
  331.041   210689   636.11   210984   638.22  21096  21100  21100  21095  21102  21090  21101  21103  21102  21095  21048  21058  21079  21083  21080  21079  21053  21077  21054  21078
  336.041   213766   637.18   214079   634.73  21416  21422  21422  21387  21423  21410  21393  21395  21395  21416  21371  21381  21373  21375  21371  21402  21375  21369  21378  21371
  341.041   216903   633.72   217116   631.74  21732  21710  21707  21702  21709  21727  21708  21710  21709  21702  21690  21699  21689  21689  21685  21691  21693  21684  21697  21686
  346.041   220032   631.31   220206   634.97  22014  22023  22019  22013  22020  22042  22020  22021  22021  22013  22003  22013  22002  22002  21996  22005  22007  21995  22010  21999
  351.041   223230   632.25   223379   634.87  22334  22344  22339  22333  22340  22330  22342  22341  22343  22333  22321  22331  22323  22323  22316  22325  22326  22315  22329  22321
  356.041   226307   629.60   226542   628.76  22651  22661  22654  22649  22656  22647  22658  22657  22661  22648  22639  22617  22640  22641  22633  22641  22611  22630  22616  22639
  361.041   229471   623.83   229741   620.74  22970  22981  22975  22968  22975  22967  22978  22978  22981  22968  22926  22937  22959  22961  22953  22960  22930  22949  22937  22959
  366.041   232731   628.99   232901   625.23  23295  23273  23303  23295  23303  23291  23270  23303  23272  23296  23250  23262  23287  23288  23279  23285  23255  23277  23261  23287
  371.041   235787   630.87   236053   628.83  23609  23594  23615  23608  23615  23606  23591  23615  23592  23608  23569  23578  23571  23572  23590  23598  23570  23590  23579  23570
  376.041   238984   633.05   239187   635.00  23936  23922  23914  23907  23914  23934  23919  23914  23920  23907  23896  23907  23901  23901  23889  23897  23897  23889  23907  23900
  381.041   242110   629.53   242312   633.32  24249  24235  24226  24220  24226  24246  24231  24227  24233  24219  24209  24220  24212  24213  24202  24209  24211  24201  24221  24212
  386.041   245314   631.73   245457   633.71  24539  24554  24547  24540  24547  24537  24552  24548  24553  24540  24528  24540  24532  24533  24524  24530  24532  24523  24540  24532
  391.041   248352   628.91   248584   628.75  24850  24868  24860  24852  24860  24848  24866  24860  24867  24853  24843  24822  24846  24847  24836  24842  24813  24836  24822  24845
  396.041   251720   630.87   251985   631.91  25190  25205  25201  25194  25201  25188  25204  25202  25205  25195  25151  25164  25184  25185  25177  25184  25154  25176  25162  25183
  401.042   254852   636.64   255121   634.66  25512  25497  25525  25518  25524  25511  25494  25525  25497  25518  25474  25484  25474  25476  25501  25509  25477  25499  25483  25475
  406.041   257954   636.60   258155   634.45  25832  25815  25813  25806  25812  25829  25812  25813  25817  25806  25795  25804  25792  25796  25789  25796  25797  25788  25803  25794
  411.041   260980   629.23   261175   631.01  26134  26119  26115  26108  26114  26130  26115  26114  26119  26107  26097  26107  26095  26101  26090  26099  26100  26089  26105  26097
  416.041   264232   629.50   264395   634.46  26430  26445  26439  26431  26439  26455  26442  26439  26444  26431  26423  26432  26421  26426  26414  26424  26426  26413  26430  26423
  421.041   267283   629.93   267472   630.60  26740  26757  26750  26743  26750  26735  26752  26750  26754  26741  26735  26711  26731  26739  26725  26736  26705  26724  26741  26736
  426.041   270409   622.97   270654   622.60  27057  27076  27068  27062  27068  27051  27070  27068  27074  27060  27023  27027  27049  27059  27043  27056  27022  27042  27028  27060
  431.041   273595   624.82   273892   621.60  27381  27399  27391  27387  27391  27377  27393  27392  27398  27383  27350  27353  27372  27353  27366  27379  27348  27365  27355  27354
  436.041   276583   622.05   276818   621.07  27683  27671  27692  27688  27692  27679  27665  27693  27671  27684  27653  27655  27644  27656  27667  27679  27650  27666  27658  27655
  441.041   279689   625.70   279947   624.70  28000  27987  28008  27971  28009  27995  27980  28008  27989  28000  27970  27972  27961  27972  27984  27964  27966  27953  27974  27973
  446.042   282746   614.60   282905   618.93  28309  28297  28285  28280  28286  28304  28287  28284  28296  28277  28279  28280  28268  28282  28262  28272  28276  28261  28283  28283
  451.041   285913   618.62   286077   621.07  28626  28614  28604  28597  28604  28620  28603  28601  28614  28594  28596  28594  28587  28598  28579  28589  28592  28577  28600  28601
  456.041   288846   614.60   289035   614.73  28896  28915  28907  28899  28905  28891  28905  28904  28916  28897  28867  28896  28888  28900  28883  28893  28864  28879  28873  28903
  461.041   291989   613.80   292269   613.30  29218  29238  29230  29223  29229  29214  29231  29226  29240  29220  29190  29187  29211  29191  29208  29220  29189  29203  29196  29194
  466.041   295374   626.11   295588   623.05  29557  29544  29569  29560  29567  29553  29568  29566  29545  29559  29528  29526  29549  29529  29545  29558  29528  29541  29537  29533
  471.041   298714   636.29   298992   632.63  29897  29887  29908  29900  29907  29894  29906  29907  29887  29899  29868  29867  29857  29871  29885  29866  29869  29880  29877  29874
  476.041   301940   639.52   302189   640.16  30223  30211  30201  30228  30235  30221  30199  30234  30210  30227  30193  30193  30183  30196  30179  30190  30196  30208  30202  30200
  481.041   305250   643.28   305391   645.86  30557  30547  30536  30526  30533  30554  30533  30532  30545  30528  30529  30527  30517  30531  30513  30526  30530  30507  30536  30534
  486.041   308460   652.82   308634   654.46  30881  30871  30862  30850  30857  30877  30859  30856  30868  30853  30853  30851  30841  30855  30837  30851  30822  30832  30860  30858
  491.041   311746   658.32   311924   657.21  31182  31207  31198  31186  31194  31178  31195  31191  31205  31188  31155  31185  31177  31191  31172  31188  31158  31167  31160  31193
  496.041   314864   650.73   315136   651.67  31505  31527  31519  31508  31515  31500  31516  31512  31525  31509  31477  31475  31499  31482  31494  31508  31479  31488  31482  31480
  501.041   318281   652.52   318484   647.79  31848  31838  31858  31848  31856  31842  31856  31854  31835  31849  31820  31819  31838  31827  31832  31846  31821  31829  31826  31823
  506.041   321478   652.38   321710   649.60  32174  32161  32184  32175  32182  32167  32152  32181  32159  32175  32146  32144  32132  32152  32158  32140  32148  32155  32153  32150
  511.041   324748   649.93   324885   651.98  32503  32490  32483  32473  32480  32497  32483  32512  32491  32473  32476  32474  32462  32482  32457  32470  32479  32485  32483  32480
  516.041   327943   646.26   328067   649.62  32826  32812  32804  32792  32800  32821  32806  32800  32813  32793  32800  32798  32782  32807  32777  32793  32803  32772  32807  32804
  521.041   331093   644.93   331292   645.57  33145  33135  33127  33115  33123  33140  33131  33124  33136  33116  33088  33117  33106  33127  33102  33117  33090  33095  33127  33124
  526.041   334383   652.68   334651   650.20  33455  33474  33466  33454  33462  33479  33470  33463  33475  33453  33428  33455  33443  33432  33440  33456  33429  33431  33438  33431
  531.041   337824   652.67   338083   653.61  33803  33818  33812  33802  33810  33793  33815  33810  33819  33801  33777  33769  33790  33780  33787  33801  33776  33778  33786  33780
  536.042   341220   658.89   341408   653.62  34143  34124  34151  34142  34150  34131  34154  34149  34124  34140  34117  34107  34129  34120  34128  34142  34115  34118  34127  34117
  541.041   344359   652.79   344579   654.63  34462  34448  34470  34461  34469  34451  34442  34469  34447  34460  34439  34429  34447  34441  34418  34429  34435  34437  34446  34438
  546.041   347724   658.68   347860   662.17  34803  34788  34781  34772  34779  34792  34781  34779  34787  34798  34778  34768  34757  34781  34757  34768  34774  34778  34785  34778
  551.041   351002   661.52   351131   663.53  35134  35118  35110  35101  35108  35123  35113  35109  35118  35097  35077  35100  35086  35114  35085  35099  35104  35110  35117  35110
  556.042   354241   663.89   354484   661.74  35435  35457  35449  35442  35449  35461  35451  35449  35457  35434  35413  35439  35426  35417  35424  35437  35407  35411  35418  35449
  561.041   357315   652.99   357590   649.26  35752  35771  35764  35756  35761  35742  35764  35763  35769  35748  35725  35720  35740  35733  35735  35750  35722  35726  35734  35730
  566.041   360835   654.82   361106   653.11  36103  36123  36115  36108  36112  36094  36117  36114  36120  36100  36078  36072  36093  36086  36086  36102  36073  36077  36086  36082
  571.041   364287   666.00   364464   662.64  36449  36438  36459  36451  36456  36438  36432  36459  36436  36446  36424  36418  36437  36432  36431  36444  36419  36423  36432  36427
  576.041   367570   661.26   367678   661.47  36781  36766  36761  36751  36789  36768  36759  36761  36764  36778  36756  36749  36769  36763  36763  36744  36750  36754  36764  36758
  581.041   370824   657.21   370962   663.19  37114  37097  37094  37082  37087  37100  37092  37091  37096  37109  37088  37081  37066  37094  37063  37075  37082  37087  37097  37091
  586.041   374186   663.08   374334   664.05  37450  37439  37435  37424  37426  37440  37434  37432  37437  37417  37395  37421  37407  37431  37403  37417  37422  37426  37433  37431
  591.042   377319   669.26   377550   665.77  37746  37764  37759  37748  37750  37764  37758  37756  37763  37742  37721  37745  37733  37754  37728  37742  37719  37723  37727  37727
  596.041   380446   654.73   380734   650.84  38065  38082  38078  38068  38068  38082  38077  38074  38081  38059  38038  38032  38054  38041  38050  38060  38037  38042  38045  38047
  601.041   383797   650.79   383977   649.59  38398  38380  38414  38405  38400  38384  38412  38410  38381  38393  38373  38363  38392  38376  38387  38396  38372  38376  38380  38382
  606.041   387094   649.89   387214   650.26  38729  38714  38709  38732  38730  38716  38709  38738  38713  38724  38703  38696  38719  38708  38714  38724  38702  38706  38710  38712
  611.042   390444   653.19   390591   655.57  39074  39058  39054  39044  39074  39060  39052  39051  39057  39067  39047  39039  39032  39051  39028  39037  39047  39051  39054  39058
  616.041   393564   642.44   393701   645.59  39385  39370  39364  39354  39385  39373  39363  39361  39368  39378  39358  39353  39343  39363  39339  39348  39359  39364  39367  39370
  621.041   396691   643.95   396780   643.24  39670  39687  39680  39673  39670  39689  39681  39681  39685  39664  39672  39670  39661  39678  39656  39667  39674  39678  39651  39684
  626.041   399671   642.95   399891   638.39  39980  39999  39991  39984  39980  40001  39992  39993  39997  39974  39950  39983  39972  39990  39967  39978  39951  39959  39959  39962
  631.041   402800   634.53   403045   633.49  40299  40317  40309  40302  40299  40289  40310  40312  40315  40293  40270  40271  40290  40278  40284  40296  40272  40278  40279  40282
  636.041   405986   631.14   406180   632.68  40619  40608  40628  40620  40619  40608  40628  40630  40607  40613  40589  40589  40608  40598  40602  40614  40592  40597  40597  40600
  641.041   409128   623.24   409216   619.99  40934  40919  40908  40936  40934  40921  40909  40909  40918  40928  40904  40903  40924  40910  40919  40929  40904  40910  40911  40914
  646.042   412251   621.73   412415   624.79  41254  41243  41234  41224  41255  41244  41235  41237  41242  41247  41226  41225  41212  41233  41206  41217  41227  41234  41234  41237
  651.042   415531   625.27   415666   630.77  41581  41569  41563  41555  41554  41571  41564  41567  41568  41574  41554  41551  41539  41561  41537  41548  41555  41561  41561  41564
  656.041   418970   641.11   419066   639.03  41896  41916  41909  41899  41898  41919  41912  41912  41915  41890  41901  41899  41883  41909  41883  41895  41902  41877  41909  41912
  661.041   422249   648.83   422508   645.50  42235  42262  42263  42238  42237  42260  42260  42263  42261  42229  42208  42241  42223  42251  42222  42248  42209  42214  42215  42218
  666.041   425577   656.31   425723   654.70  42578  42568  42569  42581  42582  42566  42566  42571  42569  42573  42553  42549  42566  42557  42565  42554  42554  42558  42559  42562
  671.042   428972   663.62   429118   666.71  42917  42907  42909  42922  42922  42905  42905  42909  42908  42914  42892  42888  42907  42898  42905  42893  42893  42899  42896  42901
  676.041   432245   667.44   432382   666.53  43243  43233  43235  43250  43248  43232  43231  43236  43234  43240  43219  43214  43234  43224  43233  43221  43220  43227  43224  43229
  681.041   435442   661.91   435581   665.17  43567  43557  43559  43539  43570  43557  43556  43557  43556  43563  43544  43537  43553  43549  43523  43543  43544  43550  43547  43552
  686.041   438385   647.20   438545   650.46  43844  43862  43864  43847  43845  43862  43861  43862  43861  43837  43822  43843  43828  43854  43830  43849  43822  43825  43854  43858
  691.041   441669   645.97   441830   641.54  44172  44190  44193  44175  44173  44191  44190  44190  44191  44165  44151  44172  44157  44182  44159  44179  44150  44152  44182  44185
  696.041   444790   641.23   445012   640.26  44490  44508  44511  44493  44492  44509  44508  44509  44509  44483  44472  44492  44476  44501  44477  44497  44469  44470  44467  44469
  701.041   447974   635.95   448135   635.48  44816  44830  44806  44818  44816  44803  44803  44830  44804  44809  44796  44785  44798  44821  44801  44792  44794  44797  44794  44796
  706.041   451139   629.73   451274   632.89  45136  45119  45127  45139  45136  45123  45123  45119  45123  45129  45116  45104  45118  45110  45122  45111  45114  45117  45112  45115
  711.041   454210   625.37   454338   626.11  45446  45428  45439  45417  45446  45432  45431  45427  45433  45439  45426  45414  45429  45419  45399  45422  45424  45427  45424  45426
  716.041   457301   628.52   457462   630.67  45759  45740  45751  45729  45758  45744  45744  45741  45744  45752  45737  45728  45710  45732  45711  45734  45736  45740  45735  45738
  721.041   460480   626.87   460639   626.80  46054  46067  46078  46056  46055  46071  46071  46068  46072  46047  46032  46055  46037  46059  46039  46061  46032  46035  46063  46067
  726.041   463667   628.76   463857   625.34  46375  46390  46400  46378  46375  46393  46395  46390  46393  46368  46352  46380  46358  46381  46362  46384  46352  46354  46388  46356
  731.041   467002   635.10   467216   634.60  46716  46730  46704  46716  46715  46733  46733  46729  46731  46709  46693  46686  46700  46721  46702  46722  46694  46695  46692  46697
  736.041   470107   634.36   470295   635.07  47034  47047  47023  47033  47034  47018  47018  47046  47015  47027  47011  47003  47017  47006  47017  47007  47012  47013  47008  47013
  741.041   473376   638.29   473505   639.30  47360  47344  47352  47359  47360  47346  47346  47342  47343  47353  47336  47331  47343  47335  47343  47335  47337  47338  47336  47342
  746.041   476441   636.98   476563   637.82  47668  47652  47661  47639  47669  47656  47655  47650  47652  47661  47646  47640  47651  47645  47622  47645  47647  47648  47645  47652
  751.041   479585   633.93   479697   635.47  47985  47968  47979  47957  47956  47972  47970  47965  47967  47978  47963  47958  47939  47961  47939  47962  47965  47966  47961  47971
  756.042   482686   634.99   482859   634.38  48275  48291  48300  48279  48278  48295  48294  48288  48290  48269  48253  48279  48262  48283  48263  48285  48258  48257  48285  48261
  761.041   485970   632.85   486147   630.37  48605  48624  48598  48612  48609  48629  48627  48619  48624  48600  48584  48577  48594  48616  48594  48619  48588  48588  48618  48592
  766.041   489064   632.79   489240   631.31  48922  48938  48916  48926  48925  48911  48910  48936  48940  48916  48900  48895  48911  48930  48910  48901  48905  48904  48900  48908
  771.041   492192   628.05   492335   627.35  49235  49251  49230  49239  49239  49225  49222  49248  49218  49228  49213  49208  49224  49243  49223  49213  49218  49216  49215  49219
  776.041   495431   631.51   495530   631.91  49562  49542  49557  49563  49565  49552  49548  49541  49545  49555  49541  49537  49549  49536  49549  49540  49545  49544  49543  49547
  781.041   498636   632.82   498767   634.50  49888  49869  49885  49856  49891  49881  49874  49869  49874  49880  49868  49863  49841  49863  49842  49867  49873  49872  49872  49875
  786.041   501708   633.07   501871   633.75  50201  50184  50199  50169  50172  50194  50187  50183  50188  50194  50181  50178  50154  50177  50156  50179  50155  50155  50185  50188
  791.041   504790   628.29   504979   627.65  50486  50502  50515  50486  50490  50511  50506  50499  50505  50479  50467  50464  50473  50496  50473  50494  50472  50474  50503  50474
  796.041   507836   627.81   508001   625.29  50794  50811  50791  50794  50798  50786  50815  50810  50815  50787  50775  50771  50781  50805  50781  50804  50779  50781  50778  50781
  801.041   510866   623.44   510994   624.08  51099  51116  51098  51100  51103  51093  51088  51116  51089  51092  51082  51077  51088  51110  51088  51078  51083  51087  51086  51087
  806.041   514039   620.40   514138   622.42  51420  51405  51419  51419  51423  51413  51411  51406  51409  51413  51402  51397  51408  51398  51409  51399  51404  51407  51407  51408
  811.041   517136   614.16   517295   616.21  51737  51717  51737  51736  51740  51730  51725  51720  51723  51730  51717  51714  51692  51714  51693  51713  51721  51724  51723  51725
  816.042   520329   619.46   520484   619.19  52058  52040  52059  52025  52062  52052  52048  52044  52045  52051  52040  52035  52016  52036  52016  52036  52043  52015  52045  52047
  821.041   523366   621.38   523582   619.33  52373  52357  52345  52341  52348  52367  52364  52360  52361  52366  52326  52350  52332  52351  52332  52350  52328  52332  52331  52334
  826.042   526525   625.07   526679   623.66  52661  52675  52664  52659  52666  52656  52684  52680  52681  52653  52646  52638  52650  52671  52650  52669  52646  52651  52651  52653
  831.041   529762   632.08   529887   631.04  52986  52996  52988  52982  52990  52980  52977  53004  53005  52979  52970  52963  52972  52995  52973  52994  52970  52973  52975  52977
  836.041   532946   631.46   533058   631.90  53308  53321  53310  53307  53314  53303  53299  53297  53298  53301  53295  53285  53297  53288  53298  53288  53296  53297  53301  53301
  841.042   535936   623.93   536050   625.37  53608  53620  53609  53606  53612  53603  53598  53596  53597  53601  53594  53585  53595  53586  53598  53588  53594  53596  53600  53600
  846.041   539028   620.89   539162   620.32  53922  53902  53924  53922  53927  53917  53911  53910  53910  53917  53911  53900  53879  53900  53882  53901  53911  53912  53917  53915
  851.041   542058   625.15   542284   622.40  54238  54218  54238  54205  54241  54235  54226  54226  54225  54232  54193  54216  54195  54216  54200  54216  54195  54195  54201  54231
  856.041   545196   625.52   545331   622.81  54527  54540  54527  54524  54531  54524  54547  54546  54545  54520  54510  54504  54518  54536  54522  54538  54514  54514  54520  54520
  861.042   548509   625.64   548647   626.11  54859  54871  54859  54856  54863  54856  54879  54876  54876  54852  54841  54836  54851  54867  54853  54870  54845  54845  54851  54850
  866.041   551802   629.43   551935   630.17  55190  55203  55190  55189  55196  55187  55180  55209  55208  55183  55172  55167  55183  55200  55186  55171  55179  55178  55184  55182
  871.041   555092   637.64   555191   639.22  55519  55532  55519  55519  55524  55516  55509  55536  55505  55512  55502  55496  55510  55527  55513  55501  55509  55507  55514  55513
  876.041   558046   630.50   558144   631.48  55822  55800  55822  55822  55825  55816  55812  55805  55805  55815  55804  55799  55811  55795  55782  55802  55811  55810  55817  55815
  881.041   561080   632.99   561212   628.93  56132  56111  56132  56101  56135  56126  56122  56115  56113  56125  56113  56109  56089  56106  56092  56109  56121  56089  56127  56125
  886.041   564000   627.79   564202   627.82  56433  56414  56434  56403  56405  56428  56425  56418  56416  56426  56414  56410  56392  56408  56394  56411  56389  56391  56396  56395
  891.041   567255   627.07   567422   626.09  56733  56746  56734  56734  56737  56758  56756  56750  56748  56726  56714  56711  56722  56741  56726  56742  56721  56723  56728  56727
  896.041   570484   623.39   570585   622.25  57055  57071  57056  57056  57058  57049  57045  57075  57072  57048  57036  57033  57044  57065  57051  57068  57043  57046  57050  57048
  901.041   573676   620.62   573812   621.87  57378  57394  57379  57378  57381  57374  57369  57396  57393  57370  57359  57357  57366  57386  57373  57358  57365  57368  57373  57371
  906.042   576785   623.46   576891   626.95  57692  57686  57694  57693  57697  57688  57684  57687  57685  57685  57674  57671  57683  57677  57666  57673  57682  57683  57690  57686
  911.041   580084   631.13   580219   634.55  58024  58020  58027  58024  58029  58021  58017  58021  58019  58017  58007  58004  57985  58011  58000  58007  58014  58015  58023  58018
  916.041   583276   640.10   583386   633.62  58343  58340  58347  58312  58349  58341  58337  58342  58339  58336  58328  58323  58303  58329  58318  58325  58335  58335  58342  58338
  921.041   586414   638.76   586645   636.74  58672  58668  58676  58644  58647  58670  58666  58670  58667  58665  58627  58652  58634  58660  58647  58655  58633  58631  58640  58635
  926.041   589723   642.18   589874   642.58  58974  59006  58978  58980  58982  58974  59001  59007  59005  58967  58960  58954  58969  58995  58980  58990  58967  58964  58975  58969
  931.042   592898   641.01   592934   641.68  59295  59290  59297  59298  59301  59293  59287  59293  59292  59288  59279  59274  59288  59309  59296  59306  59284  59282  59293  59287
  936.041   595977   642.91   596087   643.04  59609  59604  59612  59617  59619  59608  59601  59608  59607  59602  59599  59590  59608  59593  59582  59591  59601  59600  59609  59604
  941.041   599195   637.92   599312   638.52  59931  59927  59935  59939  59941  59930  59925  59931  59929  59924  59922  59913  59927  59916  59904  59913  59922  59925  59929  59924
  946.041   602309   631.63   602425   633.04  60244  60240  60251  60220  60256  60245  60239  60248  60245  60237  60236  60228  60210  60231  60218  60227  60235  60240  60244  60240
  951.041   605552   636.99   605665   630.99  60571  60567  60577  60550  60550  60572  60567  60575  60572  60564  60563  60556  60538  60561  60545  60554  60560  60537  60570  60568
  956.041   608634   628.22   608852   626.64  60890  60886  60897  60867  60864  60892  60886  60896  60891  60883  60846  60839  60857  60880  60864  60873  60881  60851  60891  60852
  961.041   611873   633.44   612010   635.73  61218  61216  61192  61199  61195  61187  61214  61192  61186  61211  61178  61171  61188  61209  61194  61203  61177  61182  61187  61184
  966.041   615160   639.63   615173   639.46  61515  61514  61521  61527  61524  61516  61511  61521  61516  61508  61508  61501  61516  61535  61522  61529  61507  61512  61517  61513
  971.041   618418   644.09   618517   643.49  61849  61849  61856  61860  61858  61850  61846  61856  61850  61843  61840  61836  61852  61840  61826  61835  61843  61846  61852  61848
  976.041   621631   642.48   621770   646.71  62173  62175  62181  62188  62186  62174  62169  62181  62175  62168  62165  62161  62144  62163  62148  62156  62169  62174  62177  62174
  981.041   624844   640.94   624950   639.60  62496  62498  62501  62474  62504  62496  62492  62501  62497  62491  62484  62481  62470  62485  62473  62479  62488  62492  62498  62494
  986.041   627920   640.81   628062   633.32  62807  62808  62814  62782  62815  62808  62803  62814  62809  62802  62797  62793  62781  62795  62781  62789  62799  62768  62811  62806
  991.041   630996   637.45   631191   637.21  63129  63131  63104  63107  63103  63131  63126  63103  63132  63125  63087  63082  63104  63120  63107  63113  63090  63096  63100  63097
  996.041   634239   635.81   634272   639.80  63452  63423  63429  63432  63426  63423  63419  63428  63423  63417  63414  63405  63428  63445  63432  63438  63413  63420  63422  63422
 1001.042   637349   634.16   637443   633.99  63739  63744  63748  63754  63746  63743  63740  63749  63743  63737  63736  63725  63750  63733  63720  63726  63733  63740  63744  63742
 1006.041   640657   638.46   640786   637.05  64073  64077  64082  64088  64081  64079  64074  64082  64080  64070  64070  64062  64051  64066  64053  64059  64069  64074  64078  64075
 1011.041   643903   633.69   643989   635.37  64394  64401  64405  64380  64405  64404  64396  64407  64405  64392  64396  64387  64375  64391  64376  64383  64394  64398  64403  64400
 1016.041   647091   637.30   647175   635.36  64714  64721  64722  64699  64723  64722  64716  64724  64723  64711  64715  64705  64695  64712  64696  64702  64712  64716  64721  64717
 1021.041   650031   632.55   650178   627.82  65014  65021  65022  64998  65024  65023  65016  65025  65024  65011  64985  65005  64995  65012  64995  65001  65013  64986  65022  65017
 1026.041   653007   623.67   653083   626.39  65323  65330  65295  65302  65298  65297  65323  65297  65298  65320  65290  65279  65304  65320  65306  65310  65286  65291  65295  65326
 1031.041   656291   631.36   656367   631.83  65653  65627  65630  65634  65632  65629  65652  65631  65630  65649  65623  65612  65635  65650  65636  65639  65619  65624  65629  65624
 1036.041   659402   628.07   659479   626.26  65943  65948  65951  65956  65953  65948  65942  65951  65949  65938  65945  65932  65925  65940  65925  65957  65939  65944  65950  65945
 1041.041   662563   625.12   662678   626.03  66263  66267  66270  66281  66273  66267  66262  66270  66268  66257  66265  66251  66243  66259  66243  66246  66258  66264  66270  66264
 1046.041   665807   621.48   665885   622.45  66586  66592  66594  66571  66598  66592  66586  66594  66592  66580  66587  66577  66568  66584  66569  66567  66584  66588  66595  66588
 1051.041   668910   626.11   668986   623.83  66896  66902  66904  66881  66907  66901  66898  66905  66903  66889  66897  66886  66878  66896  66880  66878  66895  66897  66905  66898
 1056.041   672010   630.97   672148   630.84  67216  67222  67223  67201  67193  67220  67218  67224  67222  67209  67183  67206  67199  67217  67200  67198  67215  67183  67191  67218
 1061.041   675044   625.45   675123   625.52  67528  67506  67504  67514  67508  67503  67529  67506  67504  67521  67496  67488  67511  67528  67512  67510  67497  67498  67505  67499
 1066.041   678217   628.05   678232   628.19  67818  67825  67823  67835  67828  67822  67820  67825  67824  67812  67814  67807  67833  67816  67834  67832  67817  67819  67824  67821
 1071.042   681336   628.71   681409   627.30  68134  68144  68140  68155  68148  68139  68137  68142  68141  68129  68134  68126  68116  68133  68118  68152  68133  68140  68144  68140
 1076.041   684725   631.70   684793   632.40  68475  68482  68479  68490  68485  68478  68475  68479  68480  68470  68473  68465  68459  68472  68459  68488  68471  68479  68481  68478
 1081.041   687803   628.58   687868   628.34  68786  68791  68789  68769  68796  68790  68787  68791  68789  68780  68786  68776  68770  68781  68769  68765  68781  68792  68793  68790
 1086.041   691052   632.68   691155   628.39  69114  69119  69118  69098  69124  69119  69116  69120  69118  69109  69111  69105  69099  69108  69098  69095  69110  69087  69121  69118
 1091.041   693929   628.52   694064   628.32  69411  69416  69415  69393  69390  69385  69413  69418  69416  69407  69377  69402  69398  69405  69395  69392  69406  69383  69387  69384
 1096.041   696882   623.31   696924   625.22  69714  69690  69689  69698  69693  69689  69687  69692  69690  69682  69681  69676  69673  69707  69698  69697  69681  69689  69692  69688
 1101.041   700118   627.20   700133   627.34  70009  70013  70012  70022  70017  70013  70011  70016  70014  70006  70003  70000  69997  70032  70022  70020  70006  70012  70015  70011
 1106.041   703320   620.84   703390   622.99  70335  70338  70337  70350  70342  70340  70336  70342  70340  70330  70330  70326  70323  70328  70317  70348  70331  70339  70341  70337
 1111.041   706301   614.53   706364   616.61  70636  70638  70638  70620  70642  70640  70636  70643  70640  70631  70631  70628  70624  70628  70619  70619  70634  70639  70642  70637
 1116.041   709412   608.51   709478   606.19  70947  70950  70950  70928  70954  70952  70948  70955  70951  70943  70941  70940  70935  70939  70931  70931  70946  70950  70952  70947
 1121.041   712553   618.93   712677   616.54  71271  71273  71273  71250  71276  71275  71271  71249  71273  71266  71233  71261  71258  71263  71255  71257  71268  71244  71245  71269
 1126.041   715581   623.46   715726   624.90  71582  71584  71584  71563  71556  71556  71582  71559  71583  71577  71544  71542  71569  71576  71567  71569  71549  71557  71556  71552
 1131.041   718550   617.50   718609   619.01  71856  71861  71862  71869  71863  71862  71859  71864  71859  71854  71850  71848  71845  71852  71842  71875  71856  71863  71861  71858
 1136.041   721756   617.52   721847   618.32  72178  72185  72185  72191  72189  72188  72182  72188  72183  72178  72174  72172  72169  72175  72164  72166  72181  72188  72185  72182
 1141.041   724947   624.63   725036   625.47  72498  72503  72504  72513  72506  72505  72501  72506  72502  72498  72492  72491  72487  72495  72484  72486  72500  72506  72505  72501
 1146.041   728261   624.60   728315   623.05  72829  72835  72835  72811  72836  72837  72833  72837  72833  72829  72823  72823  72818  72826  72816  72819  72831  72837  72835  72833
 1151.041   731464   627.28   731554   624.13  73153  73159  73160  73135  73160  73160  73157  73159  73158  73153  73146  73148  73143  73149  73140  73142  73154  73128  73158  73156
 1156.042   734289   621.83   734428   618.61  73444  73448  73449  73433  73449  73421  73447  73449  73447  73441  73408  73410  73405  73441  73431  73434  73445  73420  73449  73446
 1161.041   737389   628.96   737408   628.69  73763  73737  73738  73752  73739  73738  73736  73739  73737  73729  73727  73728  73724  73760  73752  73753  73733  73739  73738  73735
 1166.041   740516   629.53   740594   628.09  74054  74058  74060  74073  74062  74060  74057  74062  74058  74050  74051  74049  74046  74051  74042  74047  74053  74060  74060  74057
 1171.041   743458   620.13   743498   619.53  74347  74352  74353  74337  74356  74354  74350  74355  74351  74343  74346  74342  74342  74344  74336  74341  74347  74355  74354  74351
 1176.041   746438   606.85   746484   607.62  74643  74651  74652  74634  74656  74654  74649  74653  74650  74642  74644  74640  74641  74639  74634  74640  74646  74653  74652  74649
 1181.041   749659   602.99   749699   601.28  74964  74972  74975  74956  74977  74975  74972  74974  74972  74962  74967  74963  74961  74962  74954  74962  74970  74975  74974  74971
 1186.041   752885   616.23   752994   614.05  75293  75301  75304  75285  75307  75305  75301  75307  75301  75290  75262  75293  75290  75293  75282  75291  75300  75271  75305  75298
 1191.041   756144   625.10   756216   625.87  75633  75638  75612  75624  75613  75610  75609  75612  75638  75627  75603  75600  75597  75633  75621  75628  75606  75610  75610  75636
 1196.041   759248   624.70   759285   623.39  75950  75917  75926  75940  75926  75920  75921  75924  75918  75943  75917  75912  75910  75949  75939  75946  75917  75922  75921  75915
