Test case: 
Description: 
	10 senders: persistent queues
	10 receivers: client acknowledge every 50 messages
Timestamp: 2011.11.2 1:48:41
Version: 
Setting up JMS benchmark connections... 

Start processing messages.
Fri Dec 02 01:48:41 EST 2011

  Seconds   Send   Send/Sec   Recv   Recv/Sec   RCV0   RCV1   RCV2   RCV3   RCV4   RCV5   RCV6   RCV7   RCV8   RCV9  SND10  SND11  SND12  SND13  SND14  SND15  SND16  SND17  SND18  SND19
  ------- -------- -------- -------- -------- ------ ------ ------ ------ ------ ------ ------ ------ ------ ------ ------ ------ ------ ------ ------ ------ ------ ------ ------ ------
    1.111        0     0.00        0     0.00      0      0      0      0      0      0      0      0      0      0      0      0      0      0      0      0      0      0      0      0
    6.111     2802   609.13     3013   655.00    305    302    303    301    298    304    297    300    302    301    279    279    278    279    281    279    280    283    281    283
   11.111     6015   626.56     6240   650.00    627    624    626    624    620    627    620    623    625    624    601    601    598    601    603    600    601    604    602    604
   16.111     9343   639.89     9574   655.71    961    957    960    957    954    961    953    956    958    957    934    933    931    933    935    932    935    938    935    937
   21.111    12455   620.15    12687   631.99   1273   1268   1271   1268   1265   1272   1265   1268   1269   1268   1245   1244   1242   1244   1247   1243   1246   1250   1247   1247
   26.111    15694   625.69    15927   635.24   1596   1592   1595   1592   1589   1596   1589   1592   1594   1592   1569   1568   1566   1569   1570   1567   1571   1575   1569   1570
   31.111    18641   623.48    18956   631.28   1899   1896   1897   1895   1892   1899   1891   1895   1897   1895   1845   1870   1868   1845   1873   1869   1873   1852   1872   1874
   36.111    21776   636.71    22005   637.32   2204   2201   2201   2200   2197   2204   2196   2200   2202   2200   2178   2175   2172   2177   2178   2174   2178   2187   2178   2179
   41.111    25159   642.42    25397   642.85   2543   2540   2541   2539   2536   2542   2536   2539   2541   2540   2515   2513   2511   2516   2516   2512   2517   2526   2516   2517
   46.111    28365   638.32    28598   638.39   2863   2860   2861   2859   2856   2862   2856   2859   2861   2861   2836   2833   2831   2837   2837   2833   2837   2846   2837   2838
   51.111    31642   642.77    31880   644.08   3191   3188   3190   3187   3185   3191   3184   3187   3189   3188   3163   3160   3159   3164   3164   3161   3164   3175   3165   3167
   56.111    35103   641.68    35349   641.01   3538   3535   3537   3533   3532   3538   3531   3534   3536   3535   3510   3507   3505   3509   3509   3507   3510   3522   3510   3514
   61.111    38415   654.14    38694   651.92   3872   3869   3872   3868   3867   3873   3865   3868   3870   3870   3844   3841   3841   3843   3843   3841   3844   3826   3844   3848
   66.111    41836   662.30    42053   663.11   4214   4213   4180   4212   4210   4216   4208   4210   4212   4178   4187   4183   4186   4185   4185   4182   4186   4165   4187   4190
   71.111    44796   658.98    45043   659.28   4506   4504   4508   4503   4501   4508   4501   4502   4504   4506   4479   4478   4478   4477   4478   4474   4479   4493   4480   4480
   76.111    48225   666.44    48475   667.01   4849   4848   4851   4847   4845   4851   4844   4844   4847   4849   4822   4821   4821   4819   4820   4817   4823   4835   4824   4823
   81.111    51453   663.68    51703   665.22   5172   5171   5173   5170   5168   5174   5167   5167   5170   5171   5146   5144   5143   5141   5141   5141   5146   5158   5146   5147
   86.111    54632   654.35    54879   655.39   5489   5489   5491   5488   5486   5491   5484   5485   5487   5489   5464   5462   5460   5459   5461   5458   5464   5476   5463   5465
   91.111    57970   646.88    58217   644.73   5823   5823   5825   5821   5820   5824   5818   5819   5821   5823   5797   5796   5794   5791   5796   5793   5798   5809   5797   5799
   96.111    61172   638.87    61446   639.68   6146   6145   6149   6144   6142   6148   6141   6142   6144   6145   6120   6119   6117   6115   6119   6116   6121   6102   6120   6123
  101.112    64536   652.75    64774   652.45   6483   6481   6452   6480   6477   6484   6477   6479   6481   6480   6456   6456   6453   6453   6456   6453   6457   6437   6456   6459
  106.112    67606   650.39    67839   649.82   6787   6784   6787   6783   6781   6787   6780   6783   6783   6784   6759   6759   6757   6759   6761   6755   6761   6773   6760   6762
  111.111    70735   647.05    70969   646.51   7100   7097   7100   7096   7094   7100   7093   7096   7096   7097   7072   7072   7070   7072   7074   7068   7074   7084   7074   7075
  116.111    74049   650.57    74278   650.97   7430   7429   7432   7428   7425   7430   7423   7426   7427   7428   7404   7402   7401   7404   7405   7401   7405   7415   7405   7407
  121.111    77286   646.07    77511   646.38   7753   7752   7756   7751   7749   7753   7746   7749   7751   7751   7728   7725   7724   7728   7728   7725   7729   7740   7729   7730
  126.111    80513   639.87    80747   642.58   8076   8078   8079   8074   8074   8076   8069   8072   8074   8075   8051   8049   8048   8050   8052   8047   8050   8062   8051   8053
  131.111    83575   630.16    83835   629.92   8385   8387   8388   8382   8383   8385   8378   8381   8383   8383   8361   8357   8357   8359   8361   8356   8360   8343   8360   8361
  136.111    86542   633.24    86921   632.61   8702   8674   8676   8700   8670   8703   8695   8698   8700   8703   8649   8674   8645   8646   8647   8644   8648   8660   8648   8681
  141.111    89826   640.66    90058   640.59   9007   9010   9012   9004   9005   9007   9000   9003   9005   9005   8982   8978   8979   8981   8982   8979   8983   8995   8984   8983
  146.111    92980   635.27    93209   635.27   9322   9325   9327   9318   9321   9322   9316   9318   9321   9319   9297   9295   9294   9297   9297   9294   9297   9310   9300   9299
  151.111    96356   638.83    96585   640.07   9660   9662   9666   9656   9658   9657   9654   9656   9659   9657   9635   9634   9632   9633   9634   9631   9636   9647   9638   9636
  156.112    99688   635.49    99925   640.12   9994   9995   9999   9991   9992   9991   9988   9991   9993   9991   9968   9968   9965   9966   9968   9964   9969   9981   9970   9969
  161.111   102804   636.73   103072   636.87  10310  10309  10314  10306  10306  10306  10302  10306  10307  10306  10281  10284  10279  10281  10282  10278  10283  10269  10283  10284
  166.111   106038   645.17   106278   640.47  10633  10633  10608  10630  10630  10629  10626  10629  10631  10629  10606  10607  10603  10604  10606  10602  10607  10590  10606  10607
  171.111   109069   643.79   109373   644.23  10929  10928  10932  10954  10925  10951  10947  10954  10927  10926  10901  10931  10897  10900  10900  10896  10901  10914  10901  10928
  176.111   112297   648.22   112573   648.72  11258  11256  11260  11254  11252  11282  11248  11253  11256  11254  11230  11231  11226  11228  11228  11224  11229  11243  11230  11228
  181.111   115602   644.83   115862   646.88  11591  11588  11590  11587  11584  11582  11578  11587  11588  11587  11562  11562  11556  11558  11559  11556  11559  11572  11561  11557
  186.111   118750   638.71   119003   640.22  11904  11902  11904  11901  11898  11897  11895  11900  11901  11901  11877  11876  11871  11873  11874  11870  11872  11887  11876  11874
  191.111   121781   627.62   122036   629.23  12208  12205  12207  12204  12201  12200  12199  12204  12204  12204  12180  12180  12174  12176  12177  12173  12175  12189  12179  12178
  196.111   124753   619.16   125038   620.74  12508  12505  12507  12504  12501  12501  12499  12504  12504  12505  12479  12481  12475  12476  12477  12473  12474  12461  12478  12479
  201.111   127665   617.21   128001   615.44  12805  12801  12804  12801  12798  12797  12794  12801  12799  12801  12748  12778  12772  12773  12773  12770  12771  12758  12747  12775
  206.111   130456   609.36   130738   608.56  13075  13073  13074  13072  13068  13097  13064  13072  13069  13074  13048  13049  13041  13043  13042  13041  13042  13059  13045  13046
  211.111   133714   607.76   133992   607.19  13401  13397  13398  13396  13392  13426  13389  13397  13395  13401  13376  13375  13364  13371  13368  13368  13368  13384  13368  13372
  216.111   136966   610.13   137211   611.01  13726  13723  13724  13723  13716  13717  13714  13722  13720  13726  13700  13699  13688  13695  13695  13694  13693  13709  13695  13698
  221.111   140166   612.52   140418   615.74  14046  14043  14045  14043  14038  14039  14034  14042  14040  14048  14019  14019  14008  14015  14015  14014  14014  14029  14015  14018
  226.111   143312   613.69   143583   615.30  14361  14358  14361  14360  14355  14356  14352  14359  14357  14364  14335  14337  14326  14333  14333  14331  14332  14318  14333  14334
  231.111   146492   622.94   146766   619.75  14684  14678  14683  14683  14677  14676  14673  14682  14677  14653  14657  14658  14646  14655  14655  14652  14621  14636  14655  14657
  236.111   149710   645.09   150075   643.61  15026  15022  14995  14995  14989  15018  15017  14993  15021  14999  14969  14970  14990  14967  14966  14964  14969  14980  14967  14968
  241.111   152871   642.85   153143   641.68  15315  15310  15315  15315  15308  15337  15306  15311  15309  15317  15287  15289  15279  15286  15286  15281  15289  15300  15286  15288
  246.111   156062   639.70   156299   640.54  15633  15628  15633  15634  15626  15626  15625  15629  15627  15638  15607  15607  15598  15606  15605  15600  15609  15618  15605  15607
  251.111   159183   635.20   159424   636.81  15945  15942  15945  15946  15939  15941  15937  15941  15940  15948  15918  15921  15912  15918  15916  15913  15918  15928  15919  15920
  256.112   162420   630.77   162660   638.09  16268  16265  16268  16269  16263  16265  16261  16263  16265  16273  16241  16244  16236  16242  16239  16237  16242  16255  16242  16242
  261.111   165624   633.32   165927   634.16  16594  16591  16595  16595  16590  16593  16587  16589  16592  16601  16567  16570  16562  16568  16566  16564  16539  16551  16569  16568
  266.111   168617   626.28   168898   622.28  16895  16892  16893  16894  16889  16893  16888  16890  16893  16871  16866  16869  16862  16865  16866  16863  16841  16851  16867  16867
  271.111   171413   622.24   171719   621.30  17168  17165  17167  17166  17162  17196  17161  17193  17166  17175  17139  17144  17135  17140  17140  17135  17145  17155  17140  17140
  276.111   174635   623.26   174887   623.76  17491  17489  17490  17489  17485  17488  17485  17484  17490  17496  17461  17466  17457  17463  17463  17459  17466  17476  17462  17462
  281.111   178006   629.33   178251   631.78  17828  17825  17827  17826  17822  17824  17821  17820  17826  17832  17798  17803  17793  17800  17800  17796  17804  17815  17799  17798
  286.111   181311   630.79   181558   633.14  18160  18157  18158  18156  18153  18154  18153  18150  18157  18160  18129  18133  18125  18131  18130  18127  18133  18144  18130  18129
  291.111   184718   630.25   184964   630.52  18499  18497  18499  18496  18494  18495  18493  18490  18498  18503  18470  18473  18467  18472  18470  18468  18475  18485  18469  18469
  296.111   188077   643.89   188387   642.62  18840  18839  18841  18838  18836  18838  18835  18834  18840  18846  18814  18814  18809  18814  18811  18810  18786  18796  18811  18812
  301.111   191582   667.38   191860   665.17  19191  19190  19192  19188  19187  19187  19186  19183  19191  19165  19165  19164  19160  19165  19161  19161  19136  19146  19161  19163
  306.111   194679   671.51   195018   671.04  19522  19490  19491  19519  19485  19519  19485  19516  19491  19500  19466  19463  19459  19465  19460  19459  19472  19482  19492  19461
  311.111   197885   667.08   198189   667.05  19813  19815  19816  19811  19811  19839  19810  19836  19815  19823  19790  19788  19784  19787  19785  19784  19794  19803  19784  19786
  316.111   200964   657.48   201214   658.59  20123  20124  20124  20120  20119  20115  20119  20115  20124  20131  20097  20097  20090  20095  20093  20093  20103  20110  20093  20093
  321.111   204173   650.70   204424   651.95  20444  20444  20445  20439  20441  20437  20440  20436  20445  20453  20417  20417  20411  20416  20413  20414  20424  20432  20415  20414
  326.111   207361   640.12   207669   642.03  20769  20768  20769  20764  20766  20762  20764  20761  20769  20777  20742  20743  20734  20741  20737  20737  20720  20728  20740  20739
  331.111   210636   631.01   210915   632.01  21096  21095  21095  21092  21092  21091  21092  21089  21097  21076  21069  21070  21062  21068  21064  21064  21048  21056  21068  21067
  336.111   213849   635.40   214129   633.49  21417  21416  21417  21414  21414  21411  21414  21409  21419  21398  21389  21389  21383  21387  21387  21387  21371  21378  21390  21388
  341.111   216796   633.57   217168   631.82  21733  21703  21733  21730  21700  21726  21699  21724  21705  21715  21675  21703  21668  21673  21674  21672  21687  21694  21675  21675
  346.111   219881   632.52   220205   635.03  22015  22016  22015  22011  22012  22040  22012  22038  22017  22029  21988  21985  21978  21984  21985  21983  21999  22006  21987  21986
  351.111   223080   632.32   223371   633.66  22335  22337  22335  22331  22334  22357  22333  22325  22338  22346  22307  22306  22298  22304  22306  22304  22318  22325  22307  22305
  356.112   226244   630.47   226512   631.28  22650  22655  22652  22646  22652  22644  22651  22642  22656  22664  22622  22622  22613  22619  22623  22622  22635  22642  22623  22623
  361.111   229375   626.68   229682   625.47  22971  22975  22973  22967  22972  22963  22971  22961  22976  22953  22941  22942  22933  22939  22942  22941  22923  22930  22942  22942
  366.111   232638   620.54   232949   622.89  23299  23303  23299  23295  23299  23289  23298  23287  23303  23277  23266  23270  23260  23264  23269  23269  23248  23255  23268  23269
  371.111   235738   629.04   235994   627.97  23611  23587  23612  23606  23583  23603  23609  23601  23587  23595  23579  23584  23573  23576  23553  23580  23562  23571  23579  23581
  376.111   238933   635.44   239216   634.06  23939  23915  23911  23935  23911  23931  23909  23928  23915  23922  23908  23883  23901  23904  23881  23880  23889  23899  23907  23881
  381.111   241946   631.01   242289   631.78  24223  24228  24223  24219  24224  24244  24223  24241  24227  24237  24192  24196  24184  24188  24195  24193  24202  24213  24190  24193
  386.111   245145   632.27   245436   634.05  24545  24548  24543  24540  24544  24535  24544  24532  24547  24558  24512  24516  24505  24509  24514  24513  24521  24532  24511  24512
  391.111   248239   630.70   248534   627.89  24857  24862  24855  24852  24858  24847  24857  24844  24862  24840  24824  24827  24817  24821  24828  24824  24836  24815  24825  24822
  396.111   251609   629.11   251932   629.61  25198  25200  25196  25194  25196  25187  25196  25184  25200  25181  25165  25168  25159  25163  25166  25162  25144  25155  25166  25161
  401.111   254838   632.62   255157   635.74  25521  25523  25520  25516  25520  25509  25517  25506  25522  25503  25488  25491  25482  25488  25489  25485  25466  25476  25489  25484
  406.111   257988   632.40   258218   634.65  25839  25810  25838  25834  25808  25828  25805  25824  25810  25822  25806  25809  25800  25805  25777  25803  25786  25796  25806  25800
  411.111   260830   631.70   261154   630.05  26111  26113  26111  26106  26112  26130  26108  26125  26113  26125  26078  26080  26072  26077  26080  26075  26088  26100  26078  26102
  416.111   264076   632.11   264405   633.39  26435  26439  26435  26428  26437  26457  26435  26450  26439  26450  26401  26404  26396  26402  26405  26400  26413  26426  26403  26426
  421.112   267158   631.68   267490   631.85  26747  26750  26747  26742  26749  26737  26748  26761  26749  26760  26711  26715  26708  26714  26718  26712  26724  26736  26714  26706
  426.111   270315   625.50   270623   623.89  27068  27074  27066  27060  27071  27055  27070  27046  27067  27046  27029  27033  27026  27033  27040  27032  27044  27021  27032  27025
  431.111   273495   621.93   273773   620.56  27391  27368  27390  27385  27364  27380  27363  27371  27390  27371  27354  27356  27350  27356  27334  27354  27339  27347  27356  27349
  436.111   276510   614.26   276791   619.16  27694  27672  27691  27685  27664  27683  27664  27673  27692  27673  27654  27658  27651  27657  27636  27655  27641  27649  27656  27653
  441.111   279670   624.90   279863   625.70  27980  27988  27978  28001  27980  27998  27981  27989  27979  27989  27971  27974  27965  27971  27954  27969  27957  27965  27974  27970
  446.111   282539   617.29   282912   619.91  28288  28296  28286  28279  28288  28306  28287  28297  28287  28298  28248  28251  28241  28247  28263  28248  28266  28274  28252  28249
  451.111   285704   619.11   286082   619.62  28607  28612  28604  28596  28605  28623  28604  28612  28605  28614  28565  28568  28558  28564  28579  28564  28582  28590  28568  28566
  456.111   288730   614.95   289064   613.71  28907  28913  28906  28900  28907  28893  28906  28912  28905  28915  28867  28869  28859  28868  28881  28865  28886  28894  28872  28869
  461.111   291911   616.88   292306   612.95  29232  29238  29231  29223  29231  29215  29230  29237  29230  29239  29191  29193  29183  29193  29205  29189  29179  29187  29196  29195
  466.111   295256   624.50   295590   625.40  29570  29544  29570  29560  29568  29555  29566  29544  29568  29545  29528  29530  29520  29531  29512  29527  29517  29525  29534  29532
  471.111   298656   629.62   298900   635.76  29908  29885  29881  29899  29878  29896  29876  29885  29906  29886  29867  29870  29860  29871  29853  29868  29858  29865  29874  29870
  476.111   301900   642.52   302084   641.04  30201  30209  30205  30226  30201  30222  30200  30210  30199  30211  30196  30198  30188  30201  30178  30197  30184  30190  30169  30199
  481.111   305090   646.07   305428   646.98  30538  30543  30538  30557  30537  30555  30535  30543  30536  30546  30496  30527  30519  30499  30510  30496  30517  30524  30504  30498
  486.111   308263   653.34   308635   652.47  30862  30868  30863  30848  30860  30879  30859  30867  30860  30869  30820  30818  30811  30822  30833  30820  30840  30847  30829  30823
  491.112   311616   657.79   311958   653.62  31197  31204  31198  31184  31195  31183  31195  31203  31196  31203  31154  31154  31146  31157  31169  31156  31175  31181  31164  31160
  496.111   314761   653.42   315105   648.26  31517  31494  31519  31505  31517  31504  31515  31493  31516  31525  31475  31475  31467  31479  31491  31478  31462  31469  31484  31481
  501.111   318141   647.56   318482   652.06  31854  31837  31859  31848  31855  31847  31854  31837  31855  31836  31816  31817  31809  31820  31801  31817  31806  31811  31822  31822
  506.111   321395   646.76   321619   653.40  32180  32162  32155  32174  32151  32173  32149  32162  32152  32161  32141  32144  32134  32145  32127  32144  32130  32135  32147  32148
  511.111   324631   650.35   324917   650.75  32511  32493  32485  32502  32480  32504  32478  32491  32483  32490  32470  32474  32464  32476  32456  32442  32460  32465  32478  32446
  516.112   327791   650.40   328104   650.87  32799  32815  32807  32825  32802  32826  32799  32814  32804  32813  32795  32798  32788  32765  32779  32762  32783  32788  32767  32766
  521.111   330911   644.23   331290   644.43  33123  33135  33131  33113  33125  33144  33123  33134  33128  33134  33083  33084  33075  33090  33100  33085  33102  33109  33092  33091
  526.111   334298   652.18   334647   650.00  33462  33474  33471  33452  33464  33451  33461  33473  33466  33473  33421  33422  33414  33428  33439  33424  33441  33449  33430  33430
  531.112   337707   652.35   338074   651.41  33809  33818  33815  33801  33808  33799  33807  33817  33812  33788  33770  33771  33762  33776  33783  33771  33756  33762  33778  33778
  536.111   341072   654.33   341405   658.05  34148  34126  34154  34141  34148  34139  34147  34125  34151  34126  34109  34111  34101  34116  34091  34111  34094  34103  34118  34118
  541.111   344208   651.85   344509   654.40  34466  34446  34444  34461  34435  34458  34438  34445  34469  34447  34428  34430  34421  34405  34412  34430  34414  34424  34437  34407
  546.111   347550   660.06   347851   660.63  34777  34787  34784  34801  34775  34799  34778  34785  34778  34787  34768  34771  34761  34745  34752  34740  34754  34764  34748  34747
  551.111   350763   663.99   351126   662.42  35107  35119  35113  35101  35105  35130  35107  35118  35108  35118  35067  35071  35061  35075  35084  35070  35085  35095  35078  35077
  556.111   354149   662.47   354512   661.73  35446  35458  35451  35441  35443  35466  35447  35457  35446  35457  35403  35411  35401  35413  35423  35410  35424  35433  35416  35415
  561.111   357227   650.69   357623   648.38  35759  35773  35765  35755  35757  35748  35761  35772  35761  35772  35718  35725  35715  35727  35705  35725  35739  35714  35730  35729
  566.111   360712   654.47   361040   654.37  36110  36091  36117  36106  36109  36099  36113  36090  36114  36091  36070  36077  36066  36080  36057  36077  36057  36066  36082  36080
  571.111   364150   662.75   364476   664.60  36454  36437  36458  36451  36450  36445  36453  36436  36456  36436  36415  36421  36411  36422  36402  36419  36403  36412  36423  36422
  576.111   367415   661.06   367676   663.04  36785  36769  36760  36784  36751  36777  36756  36768  36757  36769  36747  36754  36746  36722  36735  36753  36736  36742  36724  36756
  581.111   370611   662.62   370967   662.38  37118  37103  37091  37082  37084  37110  37087  37101  37089  37102  37081  37053  37044  37054  37069  37053  37069  37076  37056  37056
  586.111   373976   662.25   374328   660.84  37422  37441  37432  37423  37425  37446  37429  37439  37431  37440  37387  37395  37386  37395  37405  37394  37407  37413  37397  37397
  591.111   377217   667.79   377571   664.36  37747  37765  37756  37747  37751  37769  37753  37763  37757  37763  37713  37719  37707  37718  37730  37718  37731  37737  37723  37721
  596.111   380317   653.32   380640   653.15  38067  38054  38075  38067  38070  38057  38072  38051  38076  38051  38034  38037  38027  38037  38019  38037  38020  38025  38042  38039
  601.111   383667   645.81   383987   648.36  38404  38388  38409  38403  38406  38391  38408  38383  38412  38383  38371  38374  38364  38372  38353  38372  38352  38359  38376  38374
  606.111   386950   648.21   387212   651.43  38733  38719  38737  38730  38732  38722  38703  38713  38708  38715  38697  38702  38691  38699  38684  38699  38683  38689  38704  38702
  611.111   390178   656.59   390591   655.45  39077  39065  39050  39073  39045  39067  39046  39057  39053  39058  39011  39015  39005  39012  39029  39012  39029  39033  39017  39015
  616.111   393290   644.73   393647   646.04  39356  39376  39363  39355  39357  39378  39357  39370  39364  39371  39321  39327  39317  39323  39339  39322  39340  39345  39330  39326
  621.111   396457   642.58   396815   641.68  39675  39690  39681  39673  39673  39692  39674  39688  39681  39688  39639  39644  39633  39641  39654  39640  39657  39660  39647  39642
  626.112   399531   642.62   399929   641.88  39987  40001  39992  39985  39984  40004  39985  39999  39993  39999  39950  39954  39943  39951  39966  39951  39967  39939  39958  39952
  631.111   402656   631.85   402990   632.35  40305  40289  40310  40304  40303  40293  40302  40287  40311  40286  40269  40273  40260  40269  40255  40269  40254  40259  40276  40272
  636.111   405835   627.18   406176   630.84  40623  40608  40628  40622  40623  40612  40620  40606  40629  40605  40586  40590  40579  40586  40573  40587  40573  40577  40594  40590
  641.112   408924   622.72   409190   621.61  40939  40922  40910  40939  40905  40924  40901  40919  40913  40918  40903  40906  40896  40903  40887  40904  40887  40891  40876  40871
  646.111   412016   625.23   412359   626.85  41228  41246  41234  41228  41229  41247  41226  41243  41238  41240  41191  41223  41184  41192  41212  41193  41209  41216  41200  41196
  651.111   415276   628.49   415640   627.72  41558  41574  41562  41557  41557  41575  41556  41571  41563  41567  41520  41523  41514  41522  41539  41525  41537  41543  41528  41525
  656.111   418737   641.30   419109   639.35  41903  41921  41910  41903  41903  41921  41904  41919  41911  41914  41865  41868  41861  41868  41884  41873  41885  41889  41875  41869
  661.111   422096   644.70   422451   645.50  42243  42228  42257  42254  42252  42229  42251  42226  42256  42255  42215  42207  42213  42219  42192  42221  42189  42196  42223  42221
  666.111   425488   653.42   425843   653.93  42585  42571  42593  42591  42588  42573  42588  42570  42593  42591  42552  42549  42549  42555  42536  42557  42533  42539  42559  42559
  671.112   428698   662.44   429056   665.53  42926  42912  42901  42901  42896  42912  42897  42910  42902  42899  42860  42890  42859  42863  42877  42866  42872  42877  42867  42867
  676.111   431959   668.05   432319   668.62  43254  43238  43228  43228  43223  43238  43222  43236  43227  43225  43187  43216  43185  43190  43202  43192  43197  43203  43194  43193
  681.111   435193   665.29   435526   665.26  43544  43561  43554  43551  43547  43561  43546  43559  43551  43552  43512  43535  43510  43515  43525  43515  43520  43526  43519  43516
  686.111   438225   650.67   438589   650.37  43851  43870  43859  43856  43852  43868  43851  43869  43856  43857  43817  43810  43815  43820  43835  43820  43830  43832  43824  43822
  691.111   441444   642.42   441805   644.93  44179  44165  44188  44185  44179  44196  44179  44164  44184  44186  44146  44137  44144  44148  44129  44151  44125  44160  44154  44150
  696.111   444626   634.05   444956   634.35  44497  44483  44506  44503  44498  44482  44498  44482  44503  44504  44465  44455  44462  44466  44447  44469  44445  44477  44472  44468
  701.111   447710   636.20   448104   635.59  44821  44808  44800  44798  44819  44809  44819  44808  44824  44798  44759  44779  44756  44787  44773  44763  44769  44769  44766  44789
  706.111   450847   633.80   451276   632.97  45141  45128  45121  45117  45140  45129  45109  45129  45144  45118  45078  45100  45075  45077  45093  45083  45089  45088  45085  45079
  711.111   453945   625.99   454312   628.24  45451  45438  45433  45425  45418  45439  45419  45439  45423  45427  45387  45410  45384  45386  45403  45395  45398  45399  45395  45388
  716.111   457072   629.33   457401   628.15  45730  45751  45746  45737  45730  45750  45731  45750  45736  45740  45701  45723  45699  45697  45715  45708  45711  45710  45708  45700
  721.111   460340   625.44   460674   627.79  46057  46077  46075  46063  46057  46076  46058  46078  46064  46069  46029  46048  46027  46023  46042  46034  46037  46037  46035  46028
  726.111   463462   626.21   463833   628.83  46380  46365  46398  46386  46380  46399  46379  46366  46386  46394  46351  46336  46352  46345  46331  46356  46326  46359  46357  46349
  731.111   466853   634.56   467160   633.83  46719  46707  46705  46723  46720  46706  46718  46706  46725  46731  46688  46677  46689  46684  46673  46693  46668  46698  46694  46689
  736.111   469893   635.94   470294   632.82  47035  47025  47021  47038  47035  47023  47036  47024  47041  47016  47003  46993  46974  47001  46991  46979  46985  46984  46979  47004
  741.111   473130   641.85   473442   640.97  47361  47350  47350  47335  47332  47351  47332  47349  47338  47344  47300  47318  47301  47326  47317  47308  47310  47313  47308  47329
  746.112   476158   637.30   476539   637.97  47670  47660  47662  47645  47642  47661  47639  47660  47647  47653  47608  47628  47609  47605  47625  47616  47620  47622  47618  47607
  751.111   479326   631.98   479679   632.58  47958  47978  47979  47960  47957  47977  47956  47980  47963  47971  47923  47946  47925  47921  47943  47931  47938  47940  47936  47923
  756.113   482488   633.11   482872   634.69  48281  48299  48301  48284  48280  48299  48279  48272  48285  48292  48246  48267  48247  48246  48234  48255  48228  48260  48258  48247
  761.111   485776   630.23   486098   634.33  48613  48599  48601  48615  48614  48599  48610  48602  48618  48627  48576  48567  48580  48579  48565  48588  48558  48593  48591  48579
  766.111   488867   631.15   489225   629.71  48931  48914  48917  48930  48928  48916  48926  48920  48933  48910  48892  48882  48895  48895  48882  48902  48874  48877  48874  48894
  771.111   491931   627.60   492347   628.81  49244  49226  49229  49242  49240  49228  49238  49232  49245  49223  49205  49195  49176  49207  49195  49183  49186  49190  49187  49207
  776.112   495130   634.38   495604   633.01  49571  49552  49556  49567  49564  49554  49564  49558  49568  49550  49498  49522  49503  49499  49522  49511  49512  49517  49514  49532
  781.111   498400   634.71   498709   634.24  49864  49879  49884  49861  49857  49883  49858  49883  49862  49878  49825  49850  49829  49827  49849  49840  49839  49844  49842  49855
  786.112   501503   631.72   501846   631.38  50178  50192  50196  50175  50171  50197  50172  50197  50176  50192  50140  50163  50141  50141  50163  50152  50153  50158  50156  50136
  791.111   504582   626.78   504986   629.60  50496  50508  50512  50493  50488  50513  50489  50484  50493  50510  50458  50448  50458  50459  50450  50469  50438  50475  50473  50454
  796.111   507593   624.09   507941   627.01  50804  50783  50788  50803  50797  50790  50797  50791  50802  50786  50767  50757  50766  50767  50757  50776  50744  50751  50748  50760
  801.111   510618   623.87   511003   620.78  51111  51090  51095  51108  51103  51096  51104  51097  51107  51092  51070  51063  51072  51073  51063  51050  51050  51057  51053  51067
  806.111   513757   623.04   514207   619.15  51432  51411  51414  51429  51423  51416  51425  51417  51428  51412  51389  51383  51361  51362  51382  51371  51371  51378  51373  51387
  811.111   516886   615.91   517240   619.60  51713  51727  51731  51712  51740  51733  51710  51734  51711  51729  51673  51699  51675  51678  51699  51686  51688  51694  51689  51705
  816.111   520074   617.81   520431   618.24  52037  52050  52053  52035  52028  52054  52033  52055  52035  52051  51996  52020  51997  52000  52023  52008  52008  52015  52012  51995
  821.111   523196   619.73   523564   619.43  52354  52364  52369  52352  52344  52371  52350  52341  52352  52367  52312  52335  52313  52316  52307  52323  52322  52331  52326  52311
  826.111   526293   623.33   526661   627.13  52672  52684  52657  52672  52662  52659  52669  52660  52670  52656  52632  52622  52632  52635  52626  52643  52610  52619  52645  52629
  831.112   529469   629.60   529864   630.91  52993  52979  52982  52994  52984  52984  52993  52982  52992  52981  52955  52947  52956  52959  52947  52936  52934  52943  52940  52952
  836.111   532642   631.73   533103   629.08  53318  53302  53307  53318  53309  53308  53316  53306  53316  53303  53278  53271  53250  53253  53272  53259  53257  53265  53260  53277
  841.111   535604   626.16   536061   627.71  53617  53603  53606  53616  53607  53607  53585  53604  53615  53601  53547  53569  53550  53553  53569  53559  53555  53565  53560  53577
  846.111   538748   621.17   539150   620.47  53932  53918  53922  53899  53925  53923  53897  53921  53898  53915  53859  53885  53863  53866  53885  53872  53871  53880  53874  53893
  851.111   541865   620.36   542238   621.53  54214  54234  54236  54217  54208  54237  54213  54235  54214  54230  54175  54197  54177  54181  54199  54190  54185  54196  54190  54175
  856.111   545073   623.56   545418   625.00  54536  54555  54557  54537  54529  54558  54534  54524  54535  54553  54496  54519  54496  54502  54519  54510  54506  54516  54513  54496
  861.111   548225   624.89   548601   626.50  54868  54853  54855  54869  54861  54855  54865  54856  54866  54853  54825  54818  54827  54835  54818  54840  54804  54816  54813  54829
  866.111   551497   628.49   551921   625.97  55200  55184  55186  55202  55194  55186  55197  55189  55199  55184  55155  55147  55158  55167  55148  55139  55134  55148  55143  55158
  871.111   554749   639.35   555210   637.40  55528  55514  55517  55530  55521  55515  55525  55519  55526  55515  55481  55476  55486  55463  55478  55468  55462  55478  55471  55486
  876.112   557728   632.55   558162   633.59  55829  55815  55818  55800  55823  55817  55795  55821  55828  55816  55780  55775  55755  55764  55779  55772  55764  55781  55770  55788
  881.111   560755   629.66   561159   629.63  56106  56125  56128  56109  56100  56126  56103  56131  56105  56126  56057  56083  56064  56073  56089  56081  56073  56091  56080  56064
  886.111   563746   621.26   564151   624.35  56411  56426  56429  56413  56403  56428  56406  56401  56407  56427  56360  56385  56366  56376  56392  56383  56375  56360  56382  56367
  891.111   567025   625.94   567429   628.86  56742  56757  56758  56744  56735  56758  56739  56732  56737  56727  56693  56714  56699  56705  56692  56714  56704  56693  56713  56698
  896.111   570160   622.68   570567   623.29  57065  57049  57048  57070  57058  57049  57064  57054  57059  57051  57017  57039  57022  57031  57013  57005  56995  57013  57005  57020
  901.112   573351   621.23   573792   619.55  57387  57372  57371  57391  57381  57374  57385  57376  57381  57374  57339  57328  57343  57350  57337  57331  57319  57334  57329  57341
  906.111   576423   626.30   576846   625.93  57682  57688  57685  57678  57676  57688  57675  57691  57695  57688  57633  57642  57632  57636  57653  57646  57633  57649  57643  57656
  911.111   579747   634.09   580171   633.62  58014  58021  58018  58011  58010  58020  58008  58023  58026  58020  57966  57974  57967  57968  57984  57979  57965  57981  57975  57988
  916.111   582949   637.65   583369   638.26  58333  58341  58338  58331  58330  58339  58326  58344  58346  58341  58284  58294  58287  58287  58306  58300  58286  58301  58295  58309
  921.111   586176   637.45   586598   635.97  58663  58670  58665  58661  58658  58667  58657  58643  58645  58669  58614  58623  58615  58617  58604  58628  58616  58628  58624  58607
  926.111   589501   640.91   589889   641.48  58998  58972  59002  58998  58993  59003  58991  58979  58981  58972  58949  58958  58953  58953  58939  58965  58953  58931  58959  58941
  931.111   592541   640.96   593053   640.32  59314  59291  59316  59313  59307  59317  59307  59297  59301  59290  59263  59273  59240  59267  59259  59249  59238  59248  59245  59259
  936.111   595715   641.58   596133   641.38  59632  59610  59599  59596  59627  59600  59625  59616  59621  59607  59582  59591  59555  59588  59579  59563  59552  59565  59560  59580
  941.111   598825   638.04   599250   638.08  59919  59932  59922  59920  59915  59924  59911  59938  59940  59929  59870  59879  59876  59875  59898  59885  59873  59886  59884  59899
  946.111   601934   634.73   602360   633.72  60233  60246  60236  60235  60228  60238  60225  60219  60256  60244  60183  60191  60190  60188  60180  60201  60187  60201  60198  60215
  951.111   605177   632.48   605608   635.84  60563  60572  60564  60562  60557  60565  60554  60550  60550  60571  60512  60520  60516  60516  60510  60528  60513  60528  60524  60510
  956.113   608375   627.00   608801   627.00  60882  60892  60883  60881  60877  60885  60874  60868  60867  60892  60832  60840  60838  60835  60828  60847  60832  60850  60845  60828
  961.111   611597   632.85   612024   629.97  61211  61186  61211  61209  61206  61213  61204  61200  61199  61185  61160  61168  61166  61165  61159  61175  61161  61143  61141  61159
  966.111   614783   634.82   615305   635.12  61539  61515  61539  61537  61534  61541  61530  61527  61529  61514  61488  61493  61464  61495  61486  61471  61459  61472  61468  61487
  971.111   618066   642.75   618496   642.92  61843  61850  61843  61841  61838  61845  61863  61861  61863  61849  61792  61828  61798  61799  61820  61806  61793  61807  61802  61821
  976.111   621245   645.56   621723   647.24  62167  62174  62168  62167  62163  62171  62156  62190  62193  62174  62113  62121  62121  62122  62113  62129  62117  62134  62125  62150
  981.111   624434   645.19   624872   644.32  62489  62494  62490  62491  62484  62494  62479  62476  62481  62494  62438  62445  62444  62445  62438  62452  62438  62451  62447  62436
  986.111   627538   635.56   627978   638.51  62800  62807  62801  62800  62795  62804  62789  62785  62790  62807  62747  62755  62756  62756  62747  62764  62750  62762  62757  62744
  991.112   630767   634.70   631200   635.97  63123  63128  63123  63121  63118  63126  63111  63108  63114  63128  63070  63080  63078  63077  63072  63088  63073  63082  63080  63067
  996.112   633941   634.06   634384   632.48  63447  63421  63448  63444  63444  63452  63435  63434  63439  63420  63392  63405  63401  63401  63395  63413  63364  63374  63405  63391
 1001.111   637052   631.59   637526   631.96  63768  63742  63767  63764  63731  63740  63757  63755  63761  63741  63714  63727  63688  63721  63717  63700  63684  63695  63693  63713
 1006.111   640317   636.80   640767   635.83  64068  64075  64070  64067  64066  64074  64090  64088  64095  64074  64046  64028  64021  64022  64050  64033  64019  64028  64025  64045
 1011.111   643489   638.39   643937   638.69  64390  64398  64394  64391  64389  64397  64382  64412  64385  64399  64338  64351  64345  64346  64340  64357  64345  64350  64349  64368
 1016.111   646649   639.30   647100   639.66  64710  64717  64713  64710  64708  64716  64702  64700  64707  64717  64659  64671  64664  64666  64661  64676  64661  64668  64668  64655
 1021.111   649649   628.44   650104   628.14  65010  65018  65013  65010  65008  65016  65002  65002  65007  65018  64958  64972  64964  64965  64961  64977  64961  64969  64968  64954
 1026.111   652736   619.66   653193   620.17  65321  65327  65320  65318  65315  65327  65312  65308  65317  65328  65267  65280  65274  65273  65273  65286  65270  65279  65275  65259
 1031.111   655904   627.25   656389   625.47  65650  65623  65649  65647  65644  65625  65641  65639  65646  65625  65598  65609  65571  65603  65602  65583  65567  65575  65604  65592
 1036.111   659098   624.33   659547   624.36  65968  65943  65968  65965  65934  65945  65959  65956  65964  65945  65916  65928  65892  65921  65921  65904  65887  65895  65922  65912
 1041.112   662147   624.99   662598   625.09  66257  66262  66258  66255  66254  66265  66248  66281  66253  66265  66205  66218  66211  66211  66210  66224  66206  66214  66211  66237
 1046.111   665351   627.60   665802   626.50  66581  66585  66581  66578  66577  66590  66572  66570  66577  66591  66528  66543  66536  66534  66534  66547  66530  66539  66534  66526
 1051.111   668449   626.73   668901   628.68  66891  66895  66891  66888  66886  66901  66881  66880  66887  66901  66837  66854  66847  66845  66842  66857  66839  66850  66843  66835
 1056.111   671647   629.06   672097   631.04  67212  67215  67211  67208  67206  67220  67200  67199  67206  67220  67159  67173  67165  67164  67164  67176  67157  67169  67164  67156
 1061.111   674734   624.03   675158   624.03  67525  67526  67523  67520  67518  67502  67512  67512  67519  67501  67472  67483  67476  67476  67476  67488  67467  67451  67477  67468
 1066.111   677854   622.82   678344   623.05  67847  67815  67846  67843  67841  67822  67833  67835  67840  67822  67794  67804  67766  67798  67797  67779  67755  67772  67800  67789
 1071.111   680906   626.93   681402   627.14  68131  68132  68131  68130  68125  68141  68154  68154  68162  68142  68078  68088  68085  68081  68119  68096  68073  68092  68085  68109
 1076.111   684257   633.36   684750   633.69  68471  68472  68472  68469  68465  68479  68490  68489  68464  68479  68418  68429  68423  68422  68420  68433  68414  68430  68424  68444
 1081.111   687328   632.45   687787   632.65  68782  68782  68782  68779  68775  68789  68767  68768  68773  68790  68728  68740  68733  68732  68731  68742  68726  68741  68734  68721
 1086.111   690611   632.21   691078   633.86  69110  69112  69112  69109  69103  69118  69097  69097  69103  69117  69056  69068  69062  69059  69059  69071  69054  69068  69063  69051
 1091.111   693584   624.18   694015   626.60  69409  69409  69409  69407  69399  69415  69392  69394  69398  69383  69353  69366  69360  69356  69356  69368  69351  69365  69361  69348
 1096.111   696528   620.60   696970   619.93  69713  69683  69714  69682  69702  69688  69698  69700  69703  69687  69656  69671  69633  69659  69659  69670  69625  69638  69663  69654
 1101.111   699704   625.64   700143   624.80  70007  70007  70007  70005  70025  70010  70021  70025  70026  70010  69980  69966  69956  69983  69982  69964  69948  69961  69987  69977
 1106.111   702847   622.77   703374   621.77  70332  70332  70333  70331  70321  70336  70348  70352  70354  70335  70275  70292  70283  70280  70278  70290  70275  70288  70282  70304
 1111.111   705823   619.60   706287   620.81  70634  70632  70633  70632  70622  70636  70618  70621  70624  70635  70576  70592  70582  70582  70580  70590  70576  70589  70583  70573
 1116.111   708933   611.56   709398   613.68  70945  70943  70945  70942  70933  70946  70930  70932  70935  70947  70889  70903  70892  70894  70891  70902  70888  70899  70894  70881
 1121.112   712161   617.48   712633   618.72  71269  71266  71268  71265  71257  71269  71254  71256  71259  71270  71212  71227  71213  71217  71213  71224  71212  71221  71217  71205
 1126.111   715221   620.26   715750   620.16  71580  71577  71579  71576  71568  71580  71567  71570  71572  71581  71525  71538  71524  71528  71527  71535  71494  71502  71530  71518
 1131.111   718221   615.11   718636   616.39  71857  71854  71856  71853  71874  71856  71874  71876  71879  71857  71832  71813  71800  71835  71833  71841  71799  71807  71837  71824
 1136.111   721293   617.97   721869   616.50  72181  72177  72180  72177  72196  72180  72196  72198  72202  72182  72123  72136  72124  72126  72124  72132  72124  72131  72128  72145
 1141.111   724486   625.19   724934   625.76  72499  72498  72498  72496  72484  72499  72485  72486  72491  72498  72444  72456  72442  72445  72444  72451  72443  72449  72447  72465
 1146.111   727755   629.35   728250   632.64  72831  72829  72830  72828  72815  72831  72816  72817  72823  72830  72774  72786  72774  72775  72772  72782  72773  72780  72777  72762
 1151.111   730987   627.60   731492   626.63  73156  73153  73154  73152  73139  73156  73139  73143  73147  73153  73097  73110  73098  73098  73096  73106  73096  73101  73099  73086
 1156.111   733910   618.09   734388   618.49  73445  73441  73442  73441  73429  73446  73430  73434  73438  73442  73389  73401  73388  73391  73388  73398  73388  73392  73391  73384
 1161.111   737016   623.19   737495   625.34  73735  73762  73763  73730  73750  73765  73748  73752  73759  73731  73710  73721  73678  73712  73708  73716  73676  73680  73711  73704
 1166.111   740084   628.54   740586   625.09  74058  74051  74052  74051  74074  74054  74069  74076  74049  74052  74001  74011  74000  74002  74031  74008  73997  74002  74003  74029
 1171.111   742959   619.90   743462   620.74  74351  74345  74346  74345  74337  74348  74363  74338  74343  74346  74295  74305  74293  74294  74295  74303  74291  74295  74297  74291
 1176.111   745938   610.17   746410   609.40  74648  74645  74645  74643  74632  74647  74629  74635  74642  74644  74594  74604  74591  74593  74594  74599  74588  74593  74596  74586
 1181.111   749150   606.19   749625   606.30  74971  74968  74966  74964  74953  74969  74950  74956  74962  74966  74914  74926  74914  74914  74914  74920  74910  74916  74915  74907
 1186.111   752439   617.32   752912   614.90  75300  75298  75294  75292  75281  75297  75280  75284  75291  75295  75242  75255  75244  75242  75243  75249  75241  75245  75243  75235
 1191.111   755781   621.21   756293   623.46  75638  75635  75633  75630  75619  75636  75618  75623  75628  75633  75579  75592  75581  75579  75580  75586  75549  75581  75580  75574
 1196.111   758865   621.33   759312   620.73  75918  75914  75951  75948  75934  75916  75932  75940  75947  75912  75895  75909  75860  75896  75895  75903  75861  75860  75895  75891
