Test case: 
Description: 
	10 senders: persistent queues
	10 receivers: client acknowledge every 50 messages
Timestamp: 2011.11.2 1:48:41
Version: 
Setting up JMS benchmark connections... 

Start processing messages.
Fri Dec 02 01:48:41 EST 2011

  Seconds   Send   Send/Sec   Recv   Recv/Sec   RCV0   RCV1   RCV2   RCV3   RCV4   RCV5   RCV6   RCV7   RCV8   RCV9  SND10  SND11  SND12  SND13  SND14  SND15  SND16  SND17  SND18  SND19
  ------- -------- -------- -------- -------- ------ ------ ------ ------ ------ ------ ------ ------ ------ ------ ------ ------ ------ ------ ------ ------ ------ ------ ------ ------
    0.990        0     0.00        0     0.00      0      0      0      0      0      0      0      0      0      0      0      0      0      0      0      0      0      0      0      0
    5.990     2702   587.39     3103   674.57    309    319    309    311    310    305    314    305    310    311    271    272    272    272    270    269    270    268    269    269
   10.990     5948   619.58     6353   661.77    633    643    633    638    635    629    639    630    635    638    596    596    596    599    595    592    593    593    594    594
   15.990     9288   634.11     9695   661.99    967    977    967    971    969    963    974    965    970    972    931    929    930    932    928    927    927    927    927    930
   20.990    12387   616.68    12793   637.40   1277   1287   1278   1280   1278   1273   1283   1275   1279   1283   1242   1239   1240   1241   1237   1235   1238   1237   1236   1242
   25.990    15634   622.97    16043   639.59   1601   1613   1603   1605   1604   1598   1608   1599   1604   1608   1566   1564   1564   1566   1562   1559   1563   1561   1560   1569
   30.990    18560   621.76    18865   635.57   1904   1890   1880   1882   1881   1901   1885   1876   1881   1885   1869   1841   1867   1843   1865   1862   1840   1864   1863   1846
   35.990    21723   638.31    22133   638.61   2210   2223   2212   2214   2213   2207   2217   2208   2213   2216   2175   2171   2173   2176   2171   2167   2172   2170   2170   2178
   40.990    25104   642.82    25510   642.85   2547   2562   2549   2551   2550   2545   2554   2547   2550   2555   2513   2509   2511   2514   2510   2505   2510   2507   2508   2517
   45.990    28309   638.29    28719   637.08   2868   2884   2870   2872   2870   2866   2874   2867   2871   2877   2833   2829   2832   2834   2830   2826   2830   2828   2830   2837
   50.990    31593   636.54    32005   635.70   3197   3212   3198   3201   3198   3195   3203   3195   3200   3206   3162   3157   3160   3162   3159   3155   3158   3156   3158   3166
   55.991    35060   640.94    35471   641.07   3544   3558   3545   3547   3545   3541   3550   3542   3546   3553   3508   3504   3507   3509   3506   3501   3505   3503   3505   3512
   60.990    38416   655.57    38758   659.03   3879   3862   3880   3882   3880   3876   3885   3876   3881   3857   3843   3839   3842   3844   3841   3838   3841   3840   3840   3848
   65.990    41512   662.85    41885   662.82   4185   4200   4186   4188   4186   4182   4192   4183   4187   4196   4149   4145   4148   4150   4147   4180   4147   4146   4146   4154
   70.990    44776   660.16    45184   660.22   4515   4529   4516   4518   4517   4513   4522   4513   4517   4524   4478   4476   4478   4480   4478   4476   4477   4476   4475   4482
   75.990    48206   667.71    48618   667.77   4859   4872   4861   4861   4861   4856   4865   4856   4860   4867   4822   4818   4821   4822   4821   4819   4821   4818   4819   4825
   80.990    51431   665.70    51846   664.66   5183   5195   5184   5183   5184   5179   5188   5179   5182   5189   5145   5142   5142   5144   5142   5141   5145   5139   5142   5149
   85.990    54622   645.93    55029   645.86   5501   5512   5501   5503   5502   5497   5506   5497   5503   5507   5464   5460   5462   5463   5462   5462   5464   5459   5460   5466
   90.990    57959   645.49    58369   647.71   5835   5846   5835   5837   5836   5831   5840   5831   5837   5841   5798   5794   5796   5796   5796   5796   5798   5790   5795   5800
   95.990    60989   649.18    61464   650.39   6158   6168   6158   6159   6126   6154   6130   6121   6158   6132   6088   6116   6086   6119   6118   6086   6088   6113   6118   6090
  100.990    64230   652.82    64632   652.62   6461   6471   6461   6463   6462   6458   6468   6457   6463   6468   6425   6419   6423   6423   6422   6424   6426   6417   6423   6428
  105.990    67601   650.84    68004   650.54   6799   6809   6799   6801   6800   6795   6804   6794   6801   6802   6762   6758   6761   6761   6759   6761   6762   6752   6760   6765
  110.990    70730   647.62    71134   647.25   7112   7122   7112   7114   7113   7108   7117   7107   7114   7115   7075   7071   7074   7074   7072   7074   7075   7064   7073   7078
  115.990    74049   643.32    74454   642.18   7444   7454   7444   7445   7445   7440   7449   7440   7446   7447   7407   7402   7406   7407   7405   7406   7406   7397   7404   7409
  120.990    77285   638.86    77686   637.45   7767   7777   7768   7768   7768   7764   7772   7763   7769   7770   7731   7725   7730   7730   7729   7731   7729   7720   7727   7733
  125.990    80525   644.28    80924   642.67   8090   8100   8093   8091   8093   8087   8097   8088   8092   8093   8054   8049   8053   8056   8053   8054   8053   8044   8052   8057
  130.990    83438   640.64    83862   640.44   8398   8408   8373   8399   8373   8395   8377   8366   8372   8401   8334   8357   8334   8336   8333   8334   8361   8353   8331   8365
  135.990    86480   633.54    86871   633.14   8683   8693   8689   8683   8690   8682   8694   8681   8688   8688   8651   8641   8650   8652   8650   8651   8648   8637   8648   8652
  140.990    89839   641.26    90232   640.89   9020   9030   9023   9020   9027   9018   9030   9017   9023   9024   8989   8978   8984   8988   8985   8987   8983   8974   8983   8988
  145.990    93000   633.81    93390   634.38   9334   9345   9339   9337   9343   9335   9345   9331   9340   9341   9306   9294   9300   9304   9299   9305   9299   9291   9297   9305
  150.990    96363   632.07    96764   630.89   9671   9684   9675   9675   9681   9671   9684   9670   9676   9677   9642   9632   9636   9640   9635   9642   9635   9627   9633   9641
  155.990    99630   632.86   100096   631.62  10007  10017  10008  10009  10014  10003  10016  10003  10010  10009   9943   9966   9969   9973   9967   9944   9968   9960   9966   9974
  160.990   102787   641.54   103190   640.81  10322  10332  10323  10325  10300  10318  10302  10318  10325  10325  10261  10282  10284  10287  10282  10262  10283  10276  10281  10289
  165.990   105811   647.68   106183   648.05  10615  10625  10618  10618  10623  10611  10623  10611  10619  10620  10585  10576  10577  10580  10575  10585  10576  10598  10576  10583
  170.990   109027   643.89   109426   644.09  10938  10951  10943  10944  10947  10934  10947  10934  10943  10945  10908  10901  10900  10906  10898  10910  10903  10891  10900  10910
  175.990   112308   647.92   112709   648.29  11267  11279  11271  11272  11276  11262  11276  11262  11271  11273  11236  11229  11228  11234  11226  11237  11232  11219  11228  11239
  180.990   115630   644.43   116027   645.30  11597  11613  11603  11605  11606  11593  11608  11593  11604  11605  11568  11561  11559  11568  11556  11568  11565  11551  11562  11572
  185.990   118778   635.34   119169   632.75  11912  11927  11917  11919  11920  11908  11922  11908  11917  11919  11884  11876  11874  11882  11873  11883  11878  11866  11876  11886
  190.990   121747   629.03   122196   627.45  12213  12230  12220  12223  12223  12209  12225  12209  12221  12223  12157  12179  12175  12186  12174  12156  12182  12168  12180  12190
  195.990   124633   627.58   125023   628.22  12514  12501  12491  12494  12493  12509  12496  12510  12521  12494  12458  12479  12475  12456  12475  12457  12453  12469  12450  12461
  200.990   127574   619.43   127965   619.19  12810  12799  12788  12791  12791  12805  12793  12807  12790  12791  12755  12747  12772  12754  12772  12755  12750  12765  12746  12758
  205.990   130484   608.86   130909   609.73  13080  13100  13088  13092  13092  13104  13093  13077  13091  13092  13055  13049  13042  13052  13042  13058  13049  13035  13044  13058
  210.991   133736   605.34   134131   607.52  13403  13426  13411  13419  13418  13397  13420  13401  13417  13419  13381  13375  13366  13377  13366  13382  13376  13357  13370  13386
  215.990   136990   604.14   137380   604.04  13729  13752  13735  13744  13743  13721  13744  13726  13742  13744  13705  13701  13692  13703  13691  13706  13702  13683  13696  13711
  220.990   140129   611.24   140586   609.33  14051  14071  14056  14064  14062  14044  14065  14048  14062  14063  13993  14020  14013  14023  14012  13994  14022  14004  14017  14031
  225.990   143219   619.53   143638   618.42  14369  14387  14373  14350  14349  14364  14382  14365  14349  14350  14314  14308  14331  14339  14329  14314  14310  14323  14334  14317
  230.990   146351   626.78   146773   626.71  14689  14676  14693  14670  14669  14683  14671  14685  14669  14668  14634  14628  14652  14628  14648  14633  14628  14642  14623  14635
  235.990   149757   644.62   150183   643.55  15031  15021  15006  15015  15014  15026  15016  15027  15014  15013  14978  14972  14964  14973  14990  14976  14972  14984  14968  14980
  240.990   152920   640.77   153305   642.45  15320  15339  15327  15333  15332  15341  15334  15315  15332  15332  15298  15290  15285  15294  15279  15295  15291  15302  15288  15298
  245.990   156077   637.15   156460   635.84  15637  15658  15645  15653  15651  15627  15654  15633  15651  15651  15617  15609  15603  15613  15596  15616  15610  15589  15607  15617
  250.990   159206   633.10   159591   630.58  15953  15970  15958  15964  15963  15941  15966  15949  15963  15964  15927  15921  15918  15925  15913  15926  15924  15904  15919  15929
  255.990   162383   635.72   162827   634.44  16277  16294  16282  16287  16286  16264  16290  16273  16287  16287  16222  16244  16241  16247  16238  16221  16248  16227  16243  16252
  260.990   165619   640.00   166003   638.69  16604  16620  16609  16613  16582  16594  16586  16600  16582  16613  16549  16571  16568  16573  16565  16547  16544  16555  16569  16578
  265.990   168464   625.64   168879   624.23  16903  16889  16880  16882  16882  16895  16886  16898  16882  16882  16851  16839  16838  16842  16865  16847  16843  16856  16837  16846
  270.990   171476   620.60   171857   621.51  17175  17192  17185  17187  17186  17198  17190  17171  17186  17187  17155  17144  17143  17147  17139  17152  17147  17158  17141  17150
  275.990   174671   621.88   175050   623.83  17497  17514  17507  17509  17509  17489  17514  17494  17508  17509  17476  17467  17467  17471  17462  17474  17469  17450  17463  17472
  280.990   178043   627.32   178415   624.23  17832  17851  17844  17846  17847  17824  17853  17827  17845  17846  17815  17804  17804  17808  17799  17812  17807  17786  17799  17809
  285.990   181286   626.78   181715   626.34  18163  18182  18174  18176  18176  18154  18180  18159  18175  18176  18113  18134  18135  18138  18129  18111  18138  18118  18130  18140
  290.990   184683   631.53   185121   633.38  18504  18523  18516  18517  18517  18492  18521  18498  18516  18517  18449  18476  18475  18480  18468  18448  18479  18458  18471  18479
  295.990   188003   650.00   188338   649.56  18848  18865  18823  18825  18824  18835  18830  18840  18824  18824  18793  18784  18817  18787  18811  18792  18786  18800  18813  18820
  300.990   191361   666.03   191796   665.32  19197  19181  19171  19173  19174  19185  19180  19190  19172  19173  19143  19133  19131  19138  19126  19142  19133  19150  19129  19136
  305.990   194696   669.60   195132   670.37  19529  19515  19504  19507  19508  19519  19514  19523  19506  19507  19478  19466  19465  19471  19459  19475  19467  19482  19463  19470
  310.990   197907   664.50   198313   666.68  19820  19842  19830  19832  19833  19840  19839  19814  19831  19832  19800  19791  19790  19796  19784  19797  19793  19772  19788  19796
  315.990   200994   657.32   201391   656.24  20128  20151  20138  20140  20141  20146  20146  20122  20139  20140  20108  20099  20099  20106  20094  20106  20102  20081  20095  20104
  320.990   204140   645.19   204573   645.02  20450  20471  20460  20461  20462  20436  20468  20444  20460  20461  20398  20420  20421  20427  20415  20396  20422  20400  20416  20425
  325.990   207390   643.55   207821   646.73  20774  20795  20784  20786  20785  20764  20792  20770  20785  20786  20725  20742  20744  20753  20740  20723  20746  20726  20741  20750
  330.990   210627   640.13   211003   638.15  21104  21091  21111  21113  21081  21091  21087  21100  21112  21113  21053  21069  21070  21048  21067  21050  21072  21054  21067  21077
  335.990   213675   635.86   214105   633.68  21425  21415  21403  21405  21403  21414  21409  21421  21404  21406  21375  21361  21364  21371  21361  21373  21365  21376  21360  21369
  340.991   216833   631.98   217254   632.55  21740  21729  21719  21719  21718  21730  21724  21736  21719  21720  21692  21675  21680  21684  21677  21691  21681  21691  21677  21685
  345.991   219951   632.62   220312   633.76  22021  22041  22031  22031  22029  22043  22037  22018  22030  22031  22004  21987  21992  21997  21988  22004  21992  22004  21988  21995
  350.990   223115   634.53   223483   632.35  22341  22360  22353  22351  22349  22331  22358  22339  22350  22351  22322  22307  22312  22317  22309  22322  22312  22291  22307  22316
  355.990   226217   627.58   226651   625.50  22658  22677  22671  22668  22664  22648  22675  22656  22666  22668  22609  22624  22629  22634  22624  22608  22627  22608  22622  22632
  360.990   229413   622.81   229847   624.75  22976  22996  22991  22989  22984  22967  22995  22975  22985  22989  22927  22944  22949  22954  22944  22928  22947  22927  22942  22951
  365.990   232679   628.88   233041   626.63  23303  23321  23282  23315  23312  23291  23287  23302  23313  23315  23252  23270  23276  23279  23272  23253  23275  23252  23271  23279
  370.990   235642   630.26   236046   628.68  23617  23605  23602  23599  23596  23607  23607  23616  23597  23600  23570  23554  23560  23562  23556  23569  23559  23567  23555  23590
  375.990   238889   632.61   239292   634.99  23945  23932  23930  23926  23923  23934  23935  23916  23924  23927  23898  23883  23888  23890  23882  23897  23886  23894  23882  23889
  380.990   242016   631.24   242389   633.39  24227  24245  24243  24239  24236  24249  24247  24228  24236  24239  24212  24195  24200  24202  24195  24211  24198  24207  24195  24201
  385.991   245193   634.77   245567   632.68  24548  24567  24563  24560  24557  24540  24566  24549  24557  24560  24530  24516  24520  24524  24517  24501  24520  24526  24516  24523
  390.990   248254   623.79   248692   623.96  24859  24879  24877  24872  24869  24852  24881  24861  24870  24872  24811  24829  24833  24836  24829  24812  24832  24808  24828  24836
  395.990   251664   629.58   252031   630.82  25199  25220  25184  25212  25211  25193  25189  25199  25212  25212  25152  25168  25173  25177  25171  25152  25174  25151  25168  25178
  400.990   254708   638.79   255108   637.62  25522  25512  25507  25505  25504  25514  25511  25524  25504  25505  25475  25461  25465  25471  25464  25475  25466  25471  25490  25470
  405.990   257866   635.77   258298   634.70  25841  25831  25828  25824  25822  25834  25831  25840  25823  25824  25796  25779  25784  25788  25783  25794  25785  25790  25778  25789
  410.990   260882   630.08   261289   632.19  26143  26132  26131  26126  26124  26137  26134  26112  26124  26126  26098  26080  26087  26090  26084  26096  26086  26091  26080  26090
  415.990   264127   632.14   264471   632.17  26438  26456  26455  26449  26448  26431  26460  26436  26448  26450  26424  26403  26412  26414  26409  26421  26410  26416  26404  26414
  420.990   267178   632.91   267584   630.76  26749  26767  26766  26761  26760  26742  26771  26747  26758  26763  26703  26714  26725  26725  26720  26703  26721  26728  26715  26724
  425.991   270331   619.50   270718   622.08  27068  27086  27057  27080  27081  27058  27061  27066  27078  27083  27022  27033  27043  27043  27038  27020  27040  27014  27035  27043
  430.990   273581   625.97   273962   626.44  27393  27411  27383  27403  27404  27382  27388  27391  27401  27406  27348  27356  27366  27368  27362  27347  27363  27341  27361  27369
  435.990   276559   621.06   276915   619.52  27695  27711  27686  27703  27676  27684  27688  27694  27702  27676  27650  27657  27636  27668  27662  27649  27664  27643  27661  27669
  440.990   279537   623.86   279982   624.06  28011  27996  28002  27988  27992  28001  28006  28009  27987  27990  27967  27942  27951  27953  27947  27966  27949  27961  27947  27954
  445.990   282618   617.18   282999   618.42  28287  28304  28312  28297  28299  28309  28312  28285  28295  28299  28275  28250  28259  28261  28256  28274  28258  28270  28254  28261
  450.990   285782   621.03   286169   620.36  28605  28621  28628  28615  28615  28624  28629  28603  28614  28615  28590  28567  28574  28577  28573  28591  28575  28585  28572  28578
  455.990   288720   617.10   289133   615.93  28908  28924  28900  28918  28917  28895  28931  28905  28917  28918  28861  28871  28876  28880  28876  28864  28878  28858  28876  28880
  460.990   291958   608.69   292337   610.91  29233  29249  29221  29241  29243  29216  29222  29230  29240  29242  29184  29195  29201  29205  29201  29186  29202  29179  29200  29205
  465.991   295341   622.35   295715   622.95  29571  29586  29560  29578  29580  29553  29559  29568  29579  29581  29524  29532  29539  29543  29540  29525  29539  29518  29539  29542
  470.990   298709   636.85   299051   634.40  29911  29925  29901  29917  29889  29893  29901  29907  29918  29889  29864  29873  29879  29882  29879  29865  29880  29858  29847  29882
  475.990   301768   640.35   302209   642.33  30239  30218  30226  30210  30214  30216  30225  30235  30211  30215  30189  30166  30172  30175  30173  30190  30173  30182  30173  30175
  480.990   305111   645.23   305488   644.90  30539  30554  30560  30543  30548  30552  30561  30536  30544  30551  30524  30501  30506  30509  30506  30524  30507  30517  30506  30511
  485.990   308353   655.60   308730   654.40  30864  30879  30884  30868  30872  30875  30883  30860  30869  30876  30848  30826  30831  30833  30830  30847  30832  30841  30830  30835
  490.990   311610   658.26   312048   656.68  31199  31214  31185  31205  31207  31210  31218  31193  31205  31212  31150  31162  31166  31169  31165  31148  31168  31143  31167  31172
  495.990   314826   647.44   315259   648.28  31521  31535  31510  31526  31528  31530  31538  31513  31526  31532  31473  31483  31488  31490  31486  31470  31489  31466  31488  31493
  500.990   318241   648.04   318603   648.81  31863  31875  31853  31866  31867  31840  31847  31856  31866  31870  31817  31823  31828  31831  31828  31814  31828  31810  31829  31833
  505.990   321469   653.39   321768   651.95  32190  32200  32178  32192  32161  32166  32172  32182  32161  32166  32144  32149  32154  32156  32155  32140  32154  32135  32123  32159
  510.990   324572   649.73   324969   651.54  32487  32497  32507  32488  32490  32497  32503  32512  32491  32497  32472  32447  32452  32454  32453  32469  32452  32464  32452  32457
  515.990   327783   648.21   328147   650.32  32808  32817  32830  32806  32810  32818  32826  32799  32812  32821  32795  32767  32772  32774  32773  32792  32772  32789  32772  32777
  520.990   331013   647.89   331385   644.50  33131  33142  33150  33132  33135  33140  33148  33125  33137  33145  33115  33092  33095  33099  33096  33111  33098  33109  33097  33101
  525.990   334296   652.18   334740   649.03  33471  33480  33456  33470  33475  33480  33487  33464  33474  33483  33422  33430  33433  33437  33433  33416  33438  33414  33434  33439
  530.990   337773   648.99   338206   650.50  33819  33828  33804  33818  33822  33823  33831  33811  33822  33828  33771  33776  33780  33785  33781  33764  33786  33761  33781  33788
  535.990   341158   652.06   341495   654.51  34158  34167  34142  34158  34161  34127  34135  34151  34161  34135  34108  34116  34118  34124  34120  34102  34124  34098  34120  34128
  540.990   344294   656.64   344608   655.91  34447  34486  34462  34477  34449  34450  34458  34471  34448  34460  34429  34436  34439  34413  34439  34422  34442  34420  34438  34416
  545.990   347542   659.93   347949   662.45  34789  34795  34803  34815  34789  34790  34798  34781  34789  34800  34768  34745  34748  34753  34748  34763  34750  34760  34749  34758
  550.990   350839   662.10   351214   663.31  35118  35124  35134  35114  35118  35120  35129  35109  35119  35129  35099  35074  35079  35083  35076  35094  35079  35091  35078  35086
  555.990   354175   664.59   354599   661.30  35457  35461  35473  35450  35458  35459  35468  35445  35459  35469  35438  35411  35415  35423  35410  35396  35417  35429  35414  35422
  560.990   357250   652.57   357698   647.71  35771  35774  35753  35764  35773  35772  35780  35758  35772  35781  35720  35724  35727  35736  35726  35715  35730  35710  35728  35734
  565.990   360766   651.28   361184   653.89  36123  36126  36104  36117  36124  36124  36133  36110  36123  36100  36073  36076  36079  36087  36077  36066  36082  36061  36079  36086
  570.990   364218   662.01   364574   664.36  36466  36471  36450  36462  36467  36438  36449  36455  36468  36448  36418  36421  36424  36433  36423  36410  36427  36407  36424  36431
  575.990   367475   660.34   367781   661.88  36763  36804  36782  36794  36764  36765  36777  36787  36769  36776  36750  36719  36756  36732  36755  36743  36759  36739  36757  36765
  580.990   370655   660.53   371034   662.87  37096  37102  37113  37093  37096  37096  37110  37119  37101  37108  37083  37052  37052  37065  37088  37073  37056  37068  37055  37063
  585.990   374026   662.98   374411   661.63  37436  37443  37453  37435  37435  37438  37451  37428  37443  37449  37421  37392  37394  37408  37396  37412  37398  37409  37394  37402
  590.990   377246   667.99   377654   665.64  37763  37768  37776  37760  37759  37763  37774  37751  37766  37774  37715  37718  37720  37733  37721  37734  37724  37732  37720  37729
  595.990   380363   656.45   380769   652.63  38083  38084  38063  38076  38075  38082  38093  38068  38085  38060  38032  38036  38040  38052  38037  38022  38043  38018  38037  38046
  600.990   383701   646.01   384037   650.50  38420  38418  38395  38410  38409  38380  38391  38402  38421  38391  38365  38371  38375  38388  38371  38354  38377  38349  38371  38380
  605.990   386965   647.62   387286   650.23  38716  38748  38728  38740  38739  38716  38725  38732  38717  38725  38698  38701  38703  38683  38700  38686  38706  38680  38699  38709
  610.990   390314   655.50   390727   656.68  39060  39092  39073  39084  39083  39060  39069  39075  39062  39069  39042  39013  39017  39028  39044  39030  39050  39024  39044  39022
  615.990   393331   644.52   393742   646.46  39371  39370  39385  39361  39363  39371  39380  39387  39373  39381  39354  39323  39329  39339  39324  39342  39328  39337  39322  39333
  620.990   396473   643.11   396880   643.11  39689  39687  39701  39679  39680  39687  39696  39672  39691  39698  39640  39641  39647  39656  39642  39659  39647  39652  39639  39650
  625.990   399551   641.68   399950   638.12  39999  39995  39979  39989  39991  39998  40007  39981  40001  40010  39949  39953  39959  39966  39951  39939  39959  39965  39947  39963
  630.990   402713   633.67   403114   635.85  40318  40316  40300  40308  40311  40317  40326  40302  40319  40297  40268  40274  40278  40284  40271  40258  40278  40253  40267  40282
  635.991   405901   630.74   406249   633.52  40636  40636  40619  40628  40630  40607  40616  40621  40637  40619  40587  40592  40595  40602  40590  40577  40596  40575  40587  40600
  640.990   408971   619.77   409301   618.22  40915  40951  40932  40941  40944  40914  40925  40933  40916  40930  40900  40907  40875  40882  40902  40890  40911  40888  40902  40914
  645.990   412131   624.36   412537   625.30  41240  41272  41255  41264  41263  41240  41251  41256  41242  41254  41223  41195  41200  41209  41224  41213  41230  41212  41223  41202
  650.990   415351   629.56   415791   629.60  41569  41570  41582  41591  41589  41571  41580  41583  41573  41583  41550  41525  41527  41539  41552  41540  41528  41538  41520  41532
  655.990   418753   642.21   419157   640.10  41915  41915  41930  41905  41904  41917  41924  41899  41918  41930  41866  41872  41873  41885  41867  41888  41874  41885  41865  41878
  660.990   422046   648.76   422427   646.81  42254  42254  42234  42245  42243  42229  42237  42238  42258  42235  42205  42211  42212  42199  42206  42192  42212  42189  42205  42215
  665.991   425483   654.92   425864   656.06  42597  42598  42577  42590  42588  42573  42582  42582  42598  42579  42548  42556  42554  42543  42549  42535  42556  42535  42548  42559
  670.990   428872   663.27   429262   665.25  42938  42938  42916  42931  42928  42912  42920  42922  42939  42918  42886  42897  42893  42881  42888  42872  42895  42874  42887  42899
  675.990   432114   663.49   432459   663.83  43229  43266  43242  43258  43254  43238  43247  43248  43231  43246  43215  43190  43223  43207  43216  43200  43222  43201  43215  43225
  680.990   435319   663.80   435693   663.70  43554  43588  43566  43581  43575  43563  43570  43570  43556  43570  43538  43516  43514  43531  43541  43525  43543  43527  43537  43547
  685.990   438261   650.30   438629   649.13  43859  43862  43871  43855  43853  43869  43875  43848  43862  43875  43844  43823  43819  43837  43820  43830  43817  43834  43816  43821
  690.990   441511   649.77   441912   649.30  44188  44190  44198  44183  44181  44198  44203  44176  44191  44204  44138  44153  44148  44166  44147  44160  44145  44161  44143  44150
  695.990   444626   640.06   445026   638.34  44508  44508  44517  44501  44499  44481  44521  44494  44510  44487  44455  44471  44466  44484  44466  44444  44463  44447  44462  44468
  700.990   447848   634.97   448221   634.36  44831  44833  44811  44826  44824  44810  44815  44820  44835  44816  44781  44795  44789  44779  44791  44771  44789  44773  44787  44793
  705.990   451017   628.96   451385   629.73  45151  45153  45128  45145  45145  45130  45132  45140  45124  45137  45099  45084  45109  45099  45113  45092  45109  45092  45107  45113
  710.990   454114   624.09   454450   625.03  45429  45464  45438  45453  45455  45440  45440  45450  45435  45446  45407  45393  45419  45409  45422  45402  45419  45403  45417  45423
  715.990   457111   627.37   457481   629.55  45742  45745  45749  45765  45736  45751  45754  45731  45748  45760  45721  45704  45700  45722  45703  45714  45701  45715  45697  45734
  720.990   460347   627.68   460714   627.62  46070  46071  46076  46060  46062  46078  46081  46056  46073  46087  46048  46031  46026  46050  46029  46041  46026  46044  46023  46029
  725.990   463491   630.70   463895   628.52  46392  46391  46399  46380  46382  46400  46403  46376  46395  46377  46372  46353  46344  46340  46349  46364  46345  46333  46342  46349
  730.990   466829   635.76   467263   634.35  46732  46732  46739  46721  46723  46706  46742  46718  46733  46717  46676  46693  46685  46683  46691  46669  46686  46674  46683  46689
  735.990   469998   631.64   470370   631.78  47048  47050  47022  47038  47041  47025  47026  47037  47049  47034  46993  47008  47003  46999  47008  46986  47004  46990  47002  47005
  740.990   473265   635.81   473580   638.02  47345  47375  47350  47366  47366  47354  47355  47362  47346  47361  47322  47334  47329  47327  47333  47313  47329  47319  47327  47332
  745.990   476330   636.41   476670   637.48  47654  47685  47657  47677  47677  47663  47662  47672  47653  47670  47631  47613  47637  47637  47643  47621  47639  47630  47637  47642
  750.990   479352   633.67   479716   635.62  47971  47971  47972  47964  47963  47980  47979  47959  47971  47986  47947  47932  47923  47954  47931  47938  47926  47917  47925  47959
  755.990   482509   635.97   482941   636.91  48293  48294  48295  48286  48284  48303  48302  48282  48294  48308  48271  48253  48243  48244  48252  48263  48248  48240  48246  48249
  760.990   485794   633.94   486221   632.46  48624  48625  48627  48618  48615  48601  48634  48612  48625  48640  48569  48587  48575  48575  48582  48596  48581  48571  48577  48581
  765.990   488932   634.26   489352   632.48  48940  48943  48944  48933  48930  48920  48950  48928  48941  48923  48887  48903  48891  48895  48900  48879  48897  48887  48894  48899
  770.990   492051   624.79   492445   626.26  49252  49255  49256  49246  49242  49232  49229  49241  49256  49236  49199  49214  49203  49206  49212  49192  49209  49200  49206  49210
  775.990   495285   628.11   495605   630.86  49544  49582  49548  49573  49569  49559  49554  49568  49546  49562  49526  49505  49530  49534  49538  49520  49535  49527  49533  49537
  780.990   498462   634.70   498847   636.51  49872  49878  49875  49901  49895  49888  49879  49894  49874  49891  49853  49832  49858  49860  49834  49848  49831  49853  49829  49864
  785.990   501466   634.09   501917   633.66  50184  50193  50188  50183  50208  50201  50194  50175  50188  50203  50165  50145  50139  50143  50147  50161  50144  50134  50143  50145
  790.991   504640   630.27   505026   629.97  50502  50509  50505  50501  50492  50486  50510  50492  50507  50522  50482  50463  50456  50461  50464  50478  50462  50451  50461  50462
  795.990   507656   628.32   508071   625.07  50809  50816  50813  50808  50800  50792  50819  50800  50816  50798  50759  50770  50766  50770  50771  50752  50769  50758  50770  50771
  800.990   510715   622.01   511128   622.65  51114  51120  51119  51113  51106  51100  51124  51106  51122  51104  51066  51075  51073  51076  51077  51057  51075  51063  51075  51078
  805.990   513918   619.22   514302   621.40  51434  51441  51438  51434  51429  51420  51443  51427  51411  51425  51386  51394  51393  51397  51398  51378  51395  51383  51395  51399
  810.990   517080   615.97   517397   615.87  51751  51757  51722  51749  51746  51737  51727  51742  51726  51740  51699  51711  51710  51714  51715  51692  51712  51699  51712  51716
  815.990   520104   621.07   520588   620.03  52040  52079  52045  52071  52067  52059  52050  52064  52051  52062  52022  52000  51999  52004  52004  52014  52001  52022  52001  52037
  820.991   523214   621.36   523626   622.24  52357  52364  52361  52356  52352  52374  52367  52350  52368  52377  52338  52317  52317  52323  52321  52329  52319  52307  52319  52324
  825.990   526370   626.97   526748   625.73  52675  52682  52679  52674  52670  52663  52685  52668  52686  52666  52627  52635  52636  52641  52638  52650  52638  52625  52638  52642
  830.990   529572   632.79   529983   629.80  52998  53006  53001  52998  52995  52987  53008  52992  53008  52990  52951  52958  52959  52963  52960  52944  52961  52948  52961  52967
  835.990   532808   628.86   533220   628.79  53322  53330  53325  53323  53318  53310  53333  53314  53332  53313  53274  53282  53282  53287  53283  53267  53286  53271  53285  53291
  840.990   535801   621.20   536154   623.44  53621  53629  53623  53622  53617  53609  53602  53615  53601  53615  53575  53581  53582  53586  53583  53566  53585  53570  53584  53589
  845.990   538851   622.62   539231   619.06  53904  53945  53906  53936  53931  53923  53915  53932  53912  53927  53888  53864  53897  53869  53898  53880  53869  53882  53900  53904
  850.990   541887   623.52   542295   623.39  54220  54229  54222  54219  54247  54242  54231  54216  54228  54241  54208  54179  54181  54184  54183  54195  54185  54202  54182  54188
  855.990   545015   624.61   545431   625.89  54538  54547  54543  54539  54536  54531  54553  54532  54550  54562  54497  54498  54500  54503  54501  54516  54502  54491  54500  54507
  860.990   548299   628.40   548713   626.19  54869  54878  54874  54871  54868  54863  54885  54864  54882  54859  54830  54831  54830  54837  54833  54815  54833  54821  54830  54839
  865.990   551624   629.14   552036   628.07  55200  55210  55206  55204  55199  55195  55218  55195  55215  55194  55162  55165  55161  55170  55164  55149  55167  55154  55161  55171
  870.990   554919   637.40   555329   637.24  55530  55540  55535  55537  55528  55524  55545  55524  55542  55524  55491  55494  55490  55500  55493  55479  55496  55485  55490  55501
  875.990   557908   630.74   558256   631.78  55833  55843  55805  55840  55831  55827  55814  55826  55811  55826  55792  55765  55791  55803  55796  55778  55797  55788  55794  55804
  880.990   560948   633.28   561326   632.21  56142  56152  56117  56118  56142  56138  56124  56137  56121  56135  56103  56076  56101  56081  56107  56086  56075  56099  56106  56114
  885.990   563773   628.37   564186   628.27  56411  56421  56419  56422  56411  56407  56427  56406  56424  56438  56371  56379  56371  56384  56376  56389  56377  56368  56375  56383
  890.991   567093   629.70   567473   628.49  56742  56752  56751  56753  56743  56739  56759  56738  56755  56741  56704  56711  56704  56714  56709  56720  56709  56700  56706  56716
  895.990   570280   626.04   570700   621.71  57065  57075  57075  57076  57065  57060  57084  57060  57078  57062  57025  57032  57029  57036  57031  57010  57032  57019  57028  57038
  900.990   573513   621.95   573927   620.07  57388  57398  57396  57397  57388  57383  57406  57383  57401  57387  57350  57354  57351  57358  57354  57336  57354  57344  57351  57361
  905.990   576663   620.91   577054   622.32  57704  57714  57711  57713  57703  57697  57699  57697  57715  57701  57664  57668  57665  57673  57669  57653  57671  57658  57665  57677
  910.990   579989   628.96   580286   629.46  58036  58046  58012  58012  58036  58031  58033  58031  58015  58034  57997  57999  57998  58005  58002  57986  58003  57993  57998  58008
  915.990   583057   640.34   583423   639.90  58324  58334  58331  58333  58356  58352  58354  58351  58334  58354  58318  58286  58317  58293  58322  58307  58290  58311  58318  58295
  920.990   586221   639.82   586622   640.52  58654  58664  58661  58663  58653  58649  58682  58648  58665  58683  58615  58615  58614  58621  58621  58635  58619  58638  58617  58626
  925.990   589491   644.69   589896   644.18  58987  58997  58997  58999  58986  58982  58984  58980  58999  58985  58947  58948  58948  58955  58955  58938  58953  58940  58949  58958
  930.990   592686   643.39   593091   640.07  59306  59316  59316  59318  59306  59302  59305  59300  59317  59305  59266  59267  59267  59273  59274  59260  59272  59261  59269  59277
  935.990   595855   640.74   596259   641.04  59622  59633  59636  59638  59622  59618  59618  59615  59637  59620  59582  59587  59583  59589  59591  59577  59590  59576  59585  59595
  940.990   599079   632.74   599375   634.99  59943  59957  59923  59924  59944  59941  59941  59938  59923  59941  59903  59908  59906  59910  59917  59899  59913  59898  59907  59918
  945.990   602194   631.63   602521   633.85  60258  60272  60237  60238  60259  60256  60255  60253  60237  60256  60217  60223  60221  60225  60231  60214  60193  60214  60224  60232
  950.990   605338   636.34   605729   635.97  60584  60566  60565  60566  60586  60552  60583  60579  60566  60582  60544  60518  60547  60551  60526  60542  60522  60540  60522  60526
  955.990   608362   631.98   608793   631.58  60866  60880  60882  60883  60868  60866  60902  60861  60882  60903  60828  60832  60830  60836  60839  60825  60837  60860  60835  60840
  960.990   611650   636.40   612075   632.64  61200  61211  61213  61215  61201  61196  61230  61196  61215  61198  61162  61163  61163  61167  61172  61159  61168  61156  61168  61172
  965.990   614940   640.44   615336   637.15  61529  61540  61542  61544  61530  61525  61527  61525  61545  61529  61490  61491  61492  61496  61502  61488  61495  61486  61498  61502
  970.990   618290   640.64   618651   644.90  61864  61875  61876  61876  61864  61861  61862  61860  61850  61863  61826  61826  61826  61831  61838  61824  61831  61819  61832  61837
  975.991   621550   638.86   621827   641.98  62189  62201  62167  62167  62189  62186  62185  62185  62171  62187  62152  62151  62150  62156  62167  62150  62159  62143  62157  62165
  980.990   624710   640.49   625045   641.70  62509  62520  62490  62491  62510  62507  62507  62504  62497  62510  62473  62471  62470  62475  62454  62470  62475  62465  62475  62482
  985.990   627600   641.80   627962   640.83  62784  62794  62799  62798  62785  62781  62816  62780  62806  62819  62747  62783  62780  62750  62762  62745  62749  62777  62750  62757
  990.990   630763   641.40   631188   639.28  63112  63122  63123  63122  63113  63108  63140  63108  63130  63110  63074  63073  63071  63078  63087  63073  63076  63070  63077  63084
  995.990   634002   639.66   634404   637.65  63436  63446  63449  63448  63439  63432  63432  63433  63455  63434  63396  63398  63394  63403  63411  63395  63401  63395  63402  63407
 1000.990   637209   633.78   637611   632.94  63756  63766  63770  63770  63760  63753  63753  63753  63776  63754  63716  63718  63715  63723  63732  63716  63722  63715  63724  63728
 1005.990   640550   632.05   640882   636.14  64090  64102  64073  64103  64093  64086  64086  64086  64076  64087  64051  64051  64049  64058  64067  64051  64056  64048  64058  64061
 1010.991   643783   629.62   644090   633.24  64415  64426  64397  64395  64417  64411  64409  64411  64399  64410  64374  64374  64371  64383  64389  64373  64380  64371  64383  64385
 1015.990   646934   639.73   647275   641.04  64733  64743  64717  64715  64733  64729  64730  64728  64718  64729  64692  64693  64690  64700  64678  64692  64698  64689  64700  64702
 1020.990   649723   634.16   650123   632.35  65003  65013  65019  65012  65003  64999  65029  64998  65018  65029  64992  64963  64991  64971  64976  64962  64967  64959  64970  64972
 1025.990   652703   627.55   653171   624.97  65307  65317  65324  65316  65306  65302  65339  65301  65323  65336  65265  65267  65265  65276  65282  65266  65270  65263  65273  65276
 1030.990   656035   631.74   656427   629.26  65639  65650  65655  65648  65639  65636  65636  65635  65656  65633  65599  65601  65598  65609  65614  65599  65604  65596  65606  65609
 1035.990   659242   626.19   659629   626.05  65959  65971  65973  65970  65960  65957  65956  65955  65974  65954  65920  65921  65920  65929  65935  65919  65925  65916  65928  65929
 1040.990   662438   619.72   662758   623.31  66277  66290  66262  66291  66279  66277  66274  66274  66262  66272  66239  66240  66240  66249  66254  66238  66245  66235  66249  66249
 1045.990   665680   618.19   665970   621.95  66602  66614  66586  66584  66603  66602  66598  66598  66587  66596  66564  66563  66564  66573  66577  66563  66572  66559  66572  66573
 1050.991   668653   628.99   669077   629.73  66913  66926  66897  66895  66913  66912  66908  66909  66898  66906  66874  66874  66875  66852  66853  66873  66851  66869  66850  66882
 1055.990   671641   635.50   672108   633.19  67199  67211  67218  67215  67199  67198  67229  67195  67217  67227  67160  67159  67161  67170  67171  67160  67169  67155  67168  67168
 1060.990   674785   629.22   675247   627.74  67514  67526  67530  67528  67515  67512  67542  67511  67530  67539  67476  67474  67476  67484  67484  67476  67482  67469  67482  67482
 1065.990   677986   628.97   678393   626.35  67834  67847  67851  67849  67834  67833  67832  67831  67853  67829  67796  67795  67793  67804  67805  67797  67802  67788  67803  67803
 1070.991   681176   622.75   681586   626.78  68150  68168  68171  68169  68154  68153  68150  68152  68172  68147  68116  68111  68108  68124  68126  68117  68121  68106  68124  68123
 1075.990   684563   626.40   684904   630.16  68488  68508  68475  68505  68493  68493  68490  68489  68475  68488  68455  68449  68447  68463  68464  68457  68459  68445  68462  68462
 1080.990   687549   628.69   687911   627.75  68799  68787  68785  68782  68805  68773  68800  68799  68783  68798  68767  68759  68756  68774  68745  68737  68771  68756  68742  68742
 1085.990   690739   637.72   691165   635.27  69128  69115  69115  69111  69102  69101  69128  69126  69111  69128  69063  69088  69084  69069  69074  69065  69068  69085  69070  69073
 1090.990   693645   631.87   694067   628.48  69394  69411  69411  69408  69398  69397  69424  69392  69407  69425  69360  69355  69383  69367  69370  69362  69363  69350  69367  69368
 1095.990   696660   626.64   697051   625.07  69699  69717  69717  69712  69701  69703  69697  69696  69711  69698  69665  69660  69656  69673  69675  69667  69666  69655  69670  69673
 1100.990   699890   625.99   700254   624.45  70023  70039  70011  70035  70025  70025  70020  70020  70034  70022  69987  69983  69979  69996  69997  69991  69990  69979  69994  69994
 1105.990   703152   617.48   703518   619.36  70350  70365  70338  70362  70353  70351  70345  70346  70361  70347  70313  70309  70305  70324  70322  70317  70315  70305  70321  70321
 1110.990   706152   615.10   706465   616.44  70650  70666  70638  70632  70654  70651  70646  70647  70632  70649  70613  70608  70605  70624  70622  70616  70617  70605  70621  70621
 1115.990   709164   610.65   709540   610.08  70961  70944  70949  70941  70965  70961  70958  70959  70941  70961  70924  70918  70917  70904  70933  70895  70927  70916  70900  70930
 1120.991   712278   622.25   712685   620.77  71283  71269  71273  71266  71257  71253  71282  71252  71267  71283  71216  71242  71240  71228  71226  71220  71219  71240  71225  71222
 1125.991   715298   625.46   715741   624.18  71563  71580  71586  71577  71568  71563  71594  71563  71581  71566  71527  71523  71522  71539  71537  71531  71530  71521  71536  71532
 1130.990   718362   618.88   718767   619.22  71869  71886  71892  71881  71873  71869  71868  71869  71887  71873  71832  71830  71829  71846  71843  71838  71836  71828  71842  71838
 1135.990   721599   616.72   721975   616.02  72192  72210  72185  72205  72199  72195  72189  72194  72209  72197  72158  72154  72152  72170  72166  72162  72158  72152  72165  72162
 1140.990   724783   615.57   725127   620.87  72512  72528  72504  72523  72517  72512  72508  72512  72497  72514  72475  72473  72470  72488  72484  72480  72479  72472  72483  72479
 1145.991   728015   624.70   728440   626.21  72844  72858  72834  72854  72848  72844  72840  72844  72828  72846  72805  72803  72798  72786  72813  72778  72809  72802  72812  72809
 1150.990   731248   628.26   731548   628.83  73168  73180  73159  73144  73140  73136  73162  73135  73154  73170  73129  73128  73122  73110  73136  73100  73132  73125  73133  73133
 1155.990   733918   623.85   734368   622.10  73429  73441  73450  73435  73431  73427  73450  73427  73449  73429  73388  73385  73410  73400  73393  73389  73389  73382  73392  73390
 1160.990   737106   627.94   737555   627.27  73748  73759  73769  73754  73749  73745  73770  73746  73768  73747  73706  73704  73729  73718  73713  73709  73707  73700  73710  73710
 1165.990   740295   627.36   740680   627.66  74070  74080  74062  74076  74070  74066  74062  74067  74059  74068  74029  74026  74022  74040  74035  74030  74029  74021  74032  74031
 1170.991   743236   617.15   743619   619.50  74364  74375  74355  74371  74363  74359  74356  74361  74353  74362  74323  74320  74315  74335  74328  74325  74324  74315  74325  74326
 1175.990   746222   601.56   746600   602.10  74664  74676  74651  74669  74660  74656  74653  74660  74650  74661  74623  74619  74611  74636  74626  74623  74622  74615  74623  74624
 1180.990   749373   600.67   749811   605.30  74985  74996  74972  74989  74981  74979  74974  74981  74971  74983  74944  74939  74933  74927  74946  74914  74943  74939  74944  74944
 1185.990   752582   619.65   752935   617.44  75281  75291  75301  75284  75309  75276  75304  75276  75301  75312  75240  75265  75262  75254  75273  75241  75271  75234  75271  75271
 1190.990   755844   626.71   756258   624.49  75621  75630  75640  75623  75615  75616  75642  75614  75639  75618  75579  75572  75601  75593  75579  75582  75608  75574  75578  75578
 1195.991   758895   624.16   759347   623.89  75934  75942  75920  75933  75925  75928  75959  75925  75953  75928  75891  75883  75882  75907  75888  75896  75887  75884  75888  75889
