Test case: 
Description: 
	10 senders: persistent queues
	10 receivers: client acknowledge every 50 messages
Timestamp: 2011.11.2 1:48:41
Version: 
Setting up JMS benchmark connections... 

Start processing messages.
Fri Dec 02 01:48:41 EST 2011

  Seconds   Send   Send/Sec   Recv   Recv/Sec   RCV0   RCV1   RCV2   RCV3   RCV4   RCV5   RCV6   RCV7   RCV8   RCV9  SND10  SND11  SND12  SND13  SND14  SND15  SND16  SND17  SND18  SND19
  ------- -------- -------- -------- -------- ------ ------ ------ ------ ------ ------ ------ ------ ------ ------ ------ ------ ------ ------ ------ ------ ------ ------ ------ ------
    1.025        0     0.00        0     0.00      0      0      0      0      0      0      0      0      0      0      0      0      0      0      0      0      0      0      0      0
    6.025     2662   578.57     2979   647.47    300    295    301    294    295    298    301    300    297    298    265    266    265    267    266    267    267    267    266    266
   11.025     5915   616.15     6231   649.06    627    623    625    616    619    624    628    626    622    621    591    590    591    591    592    593    591    590    594    592
   16.025     9249   633.49     9567   655.27    960    955    960    949    952    957    961    960    956    957    925    924    925    923    924    924    927    925    928    924
   21.025    12348   620.82    12666   641.63   1271   1264   1269   1261   1261   1266   1273   1269   1266   1266   1236   1234   1234   1235   1232   1234   1237   1234   1237   1235
   26.025    15599   621.50    15915   634.39   1596   1588   1595   1585   1586   1592   1597   1594   1591   1591   1562   1559   1559   1559   1557   1560   1562   1559   1563   1559
   31.025    18604   620.59    18867   631.23   1873   1891   1898   1861   1889   1895   1875   1897   1894   1894   1840   1862   1862   1862   1860   1863   1865   1862   1866   1862
   36.025    21690   638.52    22006   638.49   2205   2197   2205   2193   2195   2201   2207   2203   2200   2200   2171   2169   2169   2167   2165   2168   2172   2168   2172   2169
   41.025    25072   642.85    25389   642.89   2543   2535   2544   2533   2532   2540   2546   2541   2537   2538   2509   2508   2508   2504   2503   2506   2510   2505   2511   2508
   46.025    28279   638.59    28596   638.56   2865   2855   2866   2853   2853   2862   2866   2861   2857   2858   2830   2828   2830   2823   2824   2826   2830   2827   2832   2829
   51.025    31562   641.34    31880   639.16   3193   3183   3195   3181   3181   3190   3195   3190   3186   3186   3158   3157   3159   3152   3152   3153   3159   3155   3160   3157
   56.025    35025   642.15    35347   643.42   3539   3529   3543   3528   3528   3536   3542   3537   3533   3532   3504   3503   3505   3498   3499   3500   3505   3502   3506   3503
   61.025    38376   652.82    38694   654.80   3873   3865   3877   3862   3863   3870   3876   3872   3868   3868   3839   3838   3840   3835   3834   3835   3840   3837   3840   3838
   66.025    41691   662.74    41977   662.94   4215   4207   4184   4170   4205   4177   4184   4214   4211   4210   4181   4180   4148   4175   4176   4177   4182   4179   4147   4146
   71.025    44763   659.66    45054   659.90   4508   4502   4512   4497   4499   4506   4511   4508   4506   4505   4475   4474   4477   4499   4471   4470   4475   4472   4475   4475
   76.025    48164   667.28    48488   667.52   4850   4846   4854   4841   4844   4848   4854   4851   4850   4850   4818   4818   4821   4810   4812   4814   4819   4816   4818   4818
   81.025    51397   665.60    51716   665.64   5171   5169   5177   5164   5167   5171   5177   5175   5172   5173   5142   5142   5144   5133   5134   5138   5142   5140   5141   5141
   86.025    54577   650.91    54898   649.83   5492   5487   5495   5482   5484   5489   5494   5494   5490   5491   5460   5460   5461   5451   5454   5456   5460   5458   5460   5457
   91.025    57916   646.40    58237   645.46   5826   5821   5829   5816   5818   5822   5828   5828   5824   5825   5792   5794   5796   5785   5787   5790   5795   5792   5794   5791
   96.025    61115   641.82    61434   642.93   6149   6144   6152   6107   6139   6144   6152   6152   6147   6148   6115   6117   6086   6108   6111   6113   6116   6116   6118   6115
  101.025    64286   651.91    64573   652.85   6454   6449   6456   6443   6475   6481   6456   6456   6451   6452   6451   6422   6422   6444   6416   6417   6451   6420   6423   6420
  106.025    67581   650.50    67867   650.30   6790   6785   6791   6777   6780   6786   6791   6791   6787   6789   6756   6758   6756   6779   6752   6754   6756   6755   6759   6756
  111.025    70679   647.05    70997   647.01   7103   7098   7104   7090   7093   7099   7104   7104   7100   7102   7069   7071   7069   7059   7065   7067   7069   7068   7072   7070
  116.025    73994   651.60    74314   651.57   7435   7430   7435   7421   7424   7432   7436   7436   7432   7433   7402   7402   7400   7391   7396   7398   7401   7400   7403   7401
  121.026    77232   639.62    77548   638.38   7758   7753   7759   7745   7748   7756   7759   7759   7755   7756   7725   7726   7724   7714   7720   7723   7726   7723   7726   7725
  126.025    80471   640.23    80784   638.99   8081   8076   8084   8069   8071   8080   8082   8082   8078   8081   8048   8050   8050   8040   8043   8046   8049   8046   8050   8049
  131.025    83529   637.97    83873   637.91   8389   8384   8393   8379   8380   8390   8390   8391   8388   8389   8357   8359   8330   8348   8352   8354   8357   8355   8359   8358
  136.025    86488   632.17    86774   633.38   8675   8670   8681   8666   8697   8678   8676   8678   8676   8677   8643   8647   8646   8667   8639   8641   8674   8640   8646   8645
  141.025    89811   641.01    90103   641.14   9011   9007   9018   9001   9002   9014   9012   9014   9012   9012   8978   8983   8982   9001   8974   8975   8979   8977   8982   8980
  146.025    92932   635.50    93260   635.77   9326   9324   9334   9316   9317   9331   9326   9331   9327   9328   9293   9298   9295   9288   9288   9289   9294   9292   9299   9296
  151.025    96300   638.75    96632   638.14   9664   9660   9672   9652   9655   9668   9664   9668   9664   9665   9631   9637   9632   9622   9626   9626   9631   9627   9635   9633
  156.025    99645   637.61    99970   634.59   9998   9995  10005   9987   9990  10001   9998  10002   9997   9997   9967   9972   9966   9956   9960   9961   9966   9962   9969   9966
  161.025   102795   637.87   103114   636.10  10313  10308  10320  10300  10306  10316  10314  10316  10310  10311  10281  10287  10280  10272  10275  10277  10282  10277  10285  10279
  166.025   105912   645.79   106230   646.87  10636  10631  10614  10595  10630  10610  10637  10610  10633  10634  10605  10581  10574  10595  10599  10572  10605  10599  10580  10602
  171.025   109040   643.22   109296   644.06  10929  10927  10937  10920  10924  10935  10930  10935  10929  10930  10900  10905  10899  10920  10895  10896  10901  10921  10905  10898
  176.025   112294   648.64   112580   648.30  11258  11256  11266  11249  11252  11262  11258  11263  11258  11258  11229  11232  11227  11249  11224  11224  11229  11220  11233  11227
  181.025   115580   646.98   115897   646.48  11588  11588  11596  11580  11586  11592  11590  11594  11591  11592  11561  11562  11558  11548  11558  11556  11562  11552  11564  11559
  186.025   118720   640.10   119041   637.89  11905  11901  11912  11894  11900  11906  11906  11907  11905  11905  11875  11875  11872  11864  11871  11870  11876  11868  11877  11872
  191.025   121749   627.79   122074   625.94  12209  12204  12214  12197  12203  12210  12210  12211  12208  12208  12177  12179  12175  12166  12174  12174  12178  12169  12181  12176
  196.025   124756   623.42   125073   622.55  12509  12504  12513  12497  12503  12509  12511  12511  12508  12508  12479  12479  12475  12467  12475  12474  12479  12471  12481  12476
  201.025   127491   618.19   127754   619.40  12777  12772  12782  12765  12771  12777  12779  12779  12776  12776  12746  12747  12744  12762  12743  12742  12747  12768  12748  12744
  206.025   130481   608.26   130752   609.80  13076  13072  13082  13066  13071  13078  13078  13078  13075  13076  13045  13045  13044  13062  13041  13042  13046  13068  13047  13041
  211.025   133709   607.21   134009   607.79  13401  13398  13409  13392  13398  13405  13403  13402  13400  13401  13371  13371  13370  13388  13367  13369  13374  13362  13371  13366
  216.025   136931   611.11   137263   609.13  13725  13724  13734  13718  13724  13730  13729  13726  13726  13727  13698  13697  13695  13679  13694  13695  13700  13687  13696  13690
  221.025   140137   610.37   140465   608.19  14045  14044  14053  14038  14044  14049  14050  14048  14047  14047  14018  14018  14016  14000  14014  14013  14020  14008  14017  14013
  226.025   143309   614.53   143630   612.62  14362  14360  14369  14355  14361  14366  14366  14364  14364  14363  14334  14335  14333  14319  14330  14330  14337  14326  14335  14330
  231.025   146360   628.76   146656   629.87  14683  14682  14660  14646  14649  14657  14656  14684  14654  14685  14655  14625  14623  14637  14620  14619  14628  14645  14657  14651
  236.025   149702   643.93   149976   645.10  14995  14994  15005  14992  14994  15003  15000  14997  14999  14997  14966  14970  14968  14980  14964  14964  14972  14987  14969  14962
  241.026   152892   641.74   153170   642.99  15317  15313  15323  15310  15313  15321  15320  15318  15318  15317  15286  15290  15286  15298  15284  15282  15290  15306  15288  15282
  246.025   156046   640.34   156362   638.62  15636  15631  15644  15631  15631  15640  15638  15637  15638  15636  15604  15609  15604  15616  15603  15601  15609  15595  15606  15599
  251.025   159173   632.72   159483   632.15  15948  15945  15954  15941  15944  15952  15951  15949  15950  15949  15915  15921  15918  15924  15916  15914  15922  15912  15919  15912
  256.025   162411   633.72   162722   630.17  16272  16267  16280  16266  16268  16277  16275  16272  16273  16272  16238  16246  16241  16248  16239  16237  16247  16236  16244  16235
  261.025   165623   637.58   165896   637.95  16598  16593  16576  16563  16594  16574  16602  16598  16600  16598  16565  16573  16568  16545  16566  16563  16545  16563  16572  16563
  266.026   168497   626.56   168777   627.81  16898  16893  16878  16865  16863  16876  16871  16898  16868  16867  16864  16841  16836  16846  16834  16833  16847  16861  16871  16864
  271.026   171436   621.26   171723   622.60  17171  17166  17182  17169  17168  17180  17176  17172  17169  17170  17136  17144  17141  17149  17137  17134  17151  17165  17143  17136
  276.025   174630   622.58   174947   622.62  17494  17489  17503  17490  17490  17503  17498  17495  17492  17493  17459  17467  17463  17469  17459  17457  17474  17457  17467  17458
  281.026   177999   629.33   178316   628.39  17831  17826  17840  17827  17827  17840  17835  17832  17829  17829  17795  17804  17801  17808  17797  17793  17811  17792  17804  17794
  286.025   181302   627.43   181619   627.70  18162  18158  18168  18156  18157  18169  18165  18163  18160  18161  18125  18134  18132  18139  18128  18123  18139  18122  18136  18124
  291.025   184680   631.25   184961   630.28  18503  18498  18510  18463  18499  18477  18506  18504  18500  18501  18466  18477  18474  18481  18468  18461  18447  18465  18475  18466
  296.025   188042   647.91   188360   649.18  18846  18841  18820  18808  18841  18822  18849  18847  18842  18844  18809  18786  18816  18791  18810  18804  18792  18807  18818  18809
  301.025   191476   666.47   191654   667.64  19161  19156  19172  19158  19157  19172  19165  19162  19192  19159  19159  19135  19132  19141  19127  19155  19142  19157  19168  19160
  306.026   194704   671.34   194963   671.68  19495  19490  19508  19493  19492  19507  19499  19496  19490  19493  19491  19467  19467  19475  19460  19453  19476  19489  19468  19458
  311.025   197882   666.20   198208   664.38  19820  19816  19830  19816  19817  19830  19824  19821  19815  19819  19782  19792  19791  19798  19787  19779  19798  19780  19794  19781
  316.025   200970   657.99   201294   656.17  20128  20125  20140  20125  20128  20138  20131  20128  20123  20128  20092  20100  20098  20107  20095  20087  20107  20089  20103  20092
  321.025   204180   647.79   204470   648.12  20449  20446  20462  20447  20447  20428  20451  20449  20442  20449  20412  20421  20418  20429  20415  20409  20429  20410  20424  20413
  326.026   207371   642.61   207661   641.63  20774  20770  20757  20742  20773  20756  20776  20773  20767  20773  20737  20746  20743  20725  20742  20735  20724  20734  20747  20738
  331.025   210615   634.85   210903   639.65  21102  21096  21084  21069  21070  21084  21104  21100  21094  21100  21066  21073  21071  21052  21038  21062  21051  21062  21075  21065
  336.026   213751   635.26   214064   637.10  21395  21417  21407  21391  21394  21407  21396  21422  21415  21420  21387  21365  21363  21377  21364  21384  21374  21382  21368  21387
  341.025   216820   633.48   217106   633.14  21709  21703  21724  21708  21713  21723  21710  21708  21702  21706  21675  21680  21678  21694  21680  21670  21692  21697  21682  21672
  346.025   219911   633.29   220230   630.77  22020  22014  22038  22022  22026  22035  22023  22020  22015  22017  21987  21993  21991  22007  21991  21981  22004  21978  21994  21985
  351.025   223106   632.97   223424   631.70  22339  22334  22357  22339  22344  22355  22344  22340  22335  22337  22307  22314  22310  22325  22309  22302  22323  22298  22313  22305
  356.025   226208   630.02   226525   629.85  22654  22649  22643  22657  22662  22640  22661  22657  22650  22652  22622  22630  22626  22612  22626  22619  22609  22615  22629  22620
  361.025   229405   622.94   229661   622.97  22974  22969  22962  22946  22949  22959  22981  22978  22971  22972  22943  22950  22945  22932  22945  22939  22928  22934  22948  22941
  366.025   232632   626.13   232923   625.39  23302  23297  23287  23269  23273  23283  23309  23304  23299  23300  23271  23243  23270  23257  23272  23267  23252  23258  23273  23269
  371.026   235746   629.36   236035   630.50  23614  23609  23602  23587  23592  23599  23592  23617  23611  23612  23584  23564  23582  23573  23556  23579  23568  23574  23585  23581
  376.026   238880   634.60   239168   635.50  23913  23908  23929  23915  23920  23926  23920  23916  23910  23911  23883  23893  23881  23900  23884  23878  23895  23902  23884  23880
  381.026   241980   631.31   242303   629.36  24225  24221  24244  24230  24235  24241  24232  24229  24222  24224  24195  24205  24194  24213  24198  24191  24210  24186  24196  24192
  386.026   245182   633.66   245448   632.99  24546  24542  24564  24521  24554  24532  24551  24549  24543  24546  24515  24525  24515  24533  24517  24511  24529  24506  24518  24513
  391.025   248247   629.90   248509   631.31  24859  24854  24846  24833  24835  24844  24863  24861  24856  24858  24828  24839  24826  24816  24832  24824  24810  24818  24830  24824
  396.025   251648   631.78   251918   630.97  25200  25196  25186  25174  25177  25185  25202  25201  25198  25199  25169  25177  25165  25158  25171  25165  25151  25158  25171  25163
  401.025   254814   634.69   255146   635.16  25524  25520  25507  25495  25500  25506  25525  25525  25521  25523  25492  25468  25489  25480  25461  25490  25472  25479  25495  25488
  406.025   257909   634.48   258153   636.06  25812  25807  25827  25814  25820  25826  25813  25813  25810  25811  25780  25789  25807  25799  25780  25778  25792  25798  25783  25803
  411.025   260870   630.89   261177   629.35  26113  26108  26129  26118  26124  26129  26115  26115  26113  26113  26081  26093  26079  26101  26083  26079  26095  26100  26084  26075
  416.026   264088   631.23   264424   632.61  26437  26432  26454  26443  26449  26454  26439  26439  26439  26438  26405  26418  26403  26426  26409  26404  26420  26394  26409  26400
  421.025   267140   631.81   267435   634.06  26747  26742  26765  26722  26728  26733  26750  26750  26749  26749  26715  26729  26714  26705  26722  26715  26701  26707  26720  26712
  426.025   270302   624.87   270585   624.40  27066  27061  27052  27039  27045  27050  27067  27067  27069  27069  27034  27050  27035  27022  27011  27033  27019  27027  27039  27032
  431.025   273516   622.40   273826   620.62  27390  27385  27379  27363  27369  27374  27391  27391  27392  27392  27358  27342  27359  27346  27337  27357  27345  27353  27363  27356
  436.026   276527   618.52   276813   620.97  27691  27686  27682  27665  27672  27676  27692  27692  27664  27693  27658  27644  27660  27648  27638  27658  27647  27654  27663  27657
  441.025   279635   624.36   279946   624.60  28008  28001  27999  27982  27989  27993  28009  28008  27979  27978  27975  27962  27977  27964  27955  27944  27965  27970  27949  27974
  446.025   282621   618.64   282903   615.69  28285  28278  28308  28290  28297  28302  28286  28286  28286  28285  28252  28268  28254  28272  28261  28251  28274  28279  28258  28252
  451.025   285764   620.54   286072   621.07  28603  28595  28625  28605  28614  28618  28604  28604  28602  28602  28569  28585  28570  28588  28579  28569  28593  28566  28576  28569
  456.025   288755   616.12   289035   617.09  28906  28896  28896  28907  28887  28919  28907  28907  28905  28905  28871  28885  28873  28889  28880  28873  28865  28868  28879  28872
  461.025   291968   613.58   292208   613.44  29229  29220  29218  29199  29210  29210  29231  29230  29230  29231  29194  29209  29197  29181  29204  29199  29188  29196  29203  29197
  466.025   295288   622.75   295590   624.43  29568  29558  29557  29538  29548  29549  29570  29567  29567  29568  29532  29514  29535  29522  29509  29536  29529  29536  29541  29534
  471.025   298693   633.05   298987   632.52  29907  29898  29897  29879  29889  29890  29910  29906  29905  29906  29873  29856  29874  29864  29852  29875  29869  29876  29880  29874
  476.025   301853   640.74   302120   640.27  30200  30225  30223  30204  30217  30214  30204  30234  30199  30200  30201  30180  30202  30189  30174  30168  30194  30204  30173  30168
  481.025   305097   646.48   305396   643.96  30534  30524  30558  30539  30549  30549  30540  30533  30535  30535  30501  30516  30501  30524  30509  30504  30527  30506  30507  30502
  486.026   308338   653.93   308633   653.36  30858  30848  30882  30861  30871  30873  30865  30857  30859  30859  30826  30840  30825  30847  30833  30828  30850  30831  30832  30826
  491.025   311625   657.28   311920   657.99  31194  31182  31184  31196  31172  31207  31202  31194  31194  31195  31162  31177  31160  31148  31167  31164  31151  31167  31166  31163
  496.025   314805   649.51   315072   650.48  31515  31502  31507  31487  31495  31498  31522  31515  31515  31516  31482  31466  31481  31470  31487  31485  31474  31488  31489  31483
  501.025   318192   647.99   318487   649.13  31855  31844  31851  31831  31838  31842  31861  31855  31855  31855  31823  31809  31824  31816  31797  31826  31818  31828  31828  31823
  506.025   321448   651.14   321719   651.21  32181  32170  32177  32158  32165  32167  32157  32182  32182  32180  32150  32134  32150  32142  32122  32151  32143  32154  32153  32149
  511.025   324651   650.74   324894   649.93  32479  32502  32508  32487  32495  32496  32487  32480  32482  32478  32480  32465  32478  32471  32453  32449  32473  32452  32482  32448
  516.025   327767   648.19   328043   647.55  32799  32789  32795  32810  32818  32820  32809  32800  32805  32798  32768  32787  32765  32794  32776  32770  32797  32772  32769  32769
  521.025   330963   646.77   331243   646.30  33123  33114  33120  33129  33105  33139  33134  33125  33130  33124  33092  33107  33089  33113  33098  33096  33084  33096  33094  33094
  526.025   334319   652.48   334603   651.91  33462  33454  33459  33436  33447  33478  33472  33464  33469  33462  33432  33445  33427  33417  33437  33434  33425  33436  33434  33432
  531.025   337784   651.14   338040   650.91  33811  33802  33806  33782  33795  33792  33817  33812  33814  33809  33779  33789  33774  33764  33781  33780  33773  33782  33783  33779
  536.026   341142   653.51   341398   653.04  34150  34141  34146  34122  34133  34130  34123  34152  34153  34148  34118  34095  34112  34102  34120  34119  34114  34121  34122  34119
  541.025   344301   652.18   344568   653.86  34468  34461  34467  34442  34453  34450  34445  34470  34445  34467  34437  34417  34432  34422  34408  34436  34434  34439  34440  34436
  546.025   347550   661.85   347876   661.44  34778  34800  34806  34782  34792  34791  34784  34781  34785  34777  34747  34757  34771  34762  34747  34746  34773  34749  34751  34747
  551.025   350854   664.23   351121   662.68  35108  35099  35105  35115  35123  35122  35115  35111  35116  35107  35078  35086  35102  35093  35078  35076  35104  35080  35080  35077
  556.026   354170   663.65   354468   662.91  35448  35435  35441  35452  35426  35461  35454  35450  35455  35446  35417  35425  35403  35432  35416  35415  35405  35419  35421  35417
  561.025   357284   648.99   357541   650.13  35762  35749  35755  35733  35741  35743  35767  35763  35768  35760  35730  35740  35718  35714  35731  35730  35722  35732  35735  35732
  566.025   360767   651.70   361024   654.05  36114  36100  36107  36083  36092  36094  36120  36115  36087  36112  36082  36059  36069  36065  36083  36081  36073  36083  36088  36084
  571.025   364208   662.51   364443   663.28  36457  36445  36453  36428  36437  36439  36435  36458  36435  36456  36425  36406  36416  36410  36423  36424  36418  36428  36430  36428
  576.025   367402   661.39   367661   661.49  36758  36777  36785  36760  36769  36772  36763  36758  36763  36756  36758  36735  36748  36743  36724  36724  36751  36761  36729  36729
  581.025   370655   661.07   370985   660.94  37090  37110  37119  37092  37102  37104  37094  37090  37096  37088  37059  37066  37079  37074  37057  37057  37083  37060  37060  37060
  586.025   374055   664.22   374323   663.14  37432  37418  37425  37431  37439  37443  37435  37433  37436  37431  37400  37406  37416  37414  37398  37398  37419  37402  37401  37401
  591.025   377239   667.62   377562   667.82  37755  37743  37750  37754  37762  37766  37759  37758  37759  37756  37724  37730  37711  37738  37721  37723  37713  37727  37726  37726
  596.025   380399   650.84   380655   653.05  38074  38062  38069  38040  38049  38053  38078  38077  38078  38075  38044  38047  38030  38025  38041  38042  38033  38047  38046  38044
  601.025   383754   646.78   384001   648.49  38411  38395  38404  38372  38381  38386  38414  38413  38414  38411  38381  38381  38364  38356  38378  38380  38368  38385  38383  38378
  606.026   386914   650.54   387164   651.28  38738  38724  38733  38705  38712  38717  38711  38709  38709  38706  38676  38678  38694  38688  38705  38677  38698  38713  38679  38706
  611.025   390268   656.07   390578   655.44  39051  39068  39077  39050  39056  39063  39055  39054  39053  39051  39020  39024  39040  39033  39018  39022  39042  39025  39024  39020
  616.025   393383   645.17   393662   644.56  39362  39380  39358  39362  39368  39375  39367  39365  39364  39361  39330  39336  39353  39346  39329  39332  39354  39336  39335  39332
  621.025   396523   645.05   396797   642.33  39680  39665  39674  39678  39684  39692  39684  39682  39681  39677  39647  39652  39668  39661  39646  39650  39641  39655  39653  39650
  626.025   399572   640.03   399878   639.50  39990  39975  39986  39989  39995  39971  39995  39994  39993  39990  39960  39964  39947  39940  39959  39962  39951  39966  39963  39960
  631.025   402764   630.40   403000   632.18  40308  40294  40304  40276  40284  40289  40312  40312  40312  40309  40279  40282  40267  40259  40278  40281  40271  40285  40284  40278
  636.025   405894   631.30   406160   632.77  40626  40614  40623  40596  40604  40607  40630  40630  40603  40627  40597  40574  40585  40578  40597  40598  40590  40604  40575  40596
  641.025   408888   622.34   409189   620.79  40942  40927  40938  40909  40917  40920  40909  40909  40912  40906  40876  40884  40898  40893  40876  40877  40905  40883  40884  40912
  646.025   412097   624.74   412386   626.19  41229  41248  41257  41232  41239  41243  41235  41235  41236  41232  41202  41209  41220  41215  41202  41204  41226  41210  41209  41200
  651.025   415350   629.80   415638   628.29  41558  41575  41556  41559  41566  41571  41564  41565  41564  41560  41530  41536  41547  41542  41532  41533  41525  41539  41536  41530
  656.025   418811   641.24   419068   639.60  41904  41890  41901  41907  41913  41918  41909  41910  41910  41906  41874  41883  41894  41889  41878  41879  41871  41885  41884  41874
  661.025   422188   645.47   422511   645.94  42242  42229  42238  42248  42254  42259  42262  42262  42258  42259  42212  42229  42200  42197  42228  42231  42211  42237  42231  42212
  666.025   425442   654.87   425687   655.27  42584  42572  42582  42554  42563  42565  42568  42568  42565  42566  42555  42535  42544  42541  42536  42539  42554  42545  42538  42555
  671.025   428836   665.97   429080   666.34  42926  42911  42921  42892  42903  42903  42907  42906  42905  42906  42896  42874  42883  42880  42874  42877  42896  42883  42878  42895
  676.025   432075   668.05   432345   666.24  43253  43239  43247  43219  43228  43230  43233  43233  43231  43232  43189  43200  43211  43208  43202  43204  43225  43209  43205  43222
  681.025   435243   665.49   435549   666.10  43543  43562  43570  43544  43551  43554  43557  43557  43555  43556  43514  43525  43533  43530  43525  43527  43516  43533  43528  43512
  686.025   438300   648.59   438540   650.20  43848  43838  43844  43849  43856  43859  43862  43862  43861  43861  43821  43830  43839  43837  43830  43832  43820  43839  43834  43818
  691.025   441556   643.02   441823   640.00  44176  44166  44172  44177  44185  44186  44190  44190  44190  44191  44151  44161  44167  44132  44158  44162  44147  44168  44164  44146
  696.025   444708   639.46   445005   640.03  44495  44484  44490  44495  44503  44503  44508  44508  44509  44510  44468  44481  44453  44451  44476  44481  44464  44487  44483  44464
  701.025   447824   635.37   448146   636.14  44817  44809  44816  44816  44797  44826  44830  44830  44802  44803  44790  44774  44779  44777  44798  44774  44789  44780  44775  44788
  706.025   450989   631.50   451223   631.36  45137  45130  45137  45105  45116  45116  45120  45119  45121  45122  45110  45094  45097  45096  45088  45093  45109  45100  45094  45108
  711.025   454057   628.05   454318   626.51  45449  45440  45447  45414  45425  45425  45429  45428  45430  45431  45388  45403  45409  45406  45397  45404  45420  45409  45403  45418
  716.026   457117   627.35   457409   631.11  45729  45752  45758  45726  45737  45737  45743  45740  45744  45743  45701  45717  45720  45718  45708  45717  45701  45721  45715  45699
  721.025   460391   625.47   460616   627.32  46056  46047  46053  46053  46065  46064  46070  46067  46072  46069  46029  46045  46047  46046  46035  46044  46029  46047  46042  46027
  726.025   463585   626.41   463838   623.79  46377  46368  46373  46376  46389  46387  46392  46390  46394  46392  46351  46370  46370  46335  46357  46367  46350  46369  46366  46350
  731.025   466876   635.91   467239   632.72  46720  46709  46714  46715  46727  46727  46733  46730  46732  46732  46690  46675  46674  46675  46696  46672  46690  46709  46705  46690
  736.025   469981   634.09   470246   635.13  47037  47026  47032  47001  47012  47042  47018  47045  47017  47016  47007  46992  46993  46991  47013  46990  47005  46994  46990  47006
  741.025   473225   640.30   473456   639.30  47363  47351  47357  47330  47341  47339  47346  47341  47345  47343  47333  47320  47322  47320  47309  47318  47331  47322  47318  47332
  746.025   476285   640.09   476548   639.08  47671  47662  47667  47639  47650  47648  47655  47650  47654  47652  47611  47629  47631  47630  47617  47628  47639  47632  47627  47641
  751.025   479398   631.80   479684   635.79  47958  47979  47985  47954  47966  47964  47972  47967  47971  47968  47929  47947  47949  47948  47935  47944  47927  47948  47943  47928
  756.025   482629   632.52   482848   633.49  48280  48269  48275  48277  48289  48287  48296  48290  48295  48290  48254  48270  48270  48270  48259  48269  48248  48272  48267  48250
  761.025   485785   632.08   486168   626.68  48610  48600  48606  48610  48623  48618  48629  48622  48628  48622  48586  48568  48568  48569  48592  48568  48579  48572  48601  48582
  766.025   488920   633.34   489227   632.54  48926  48916  48924  48924  48905  48934  48912  48938  48911  48937  48901  48886  48886  48887  48906  48888  48894  48891  48883  48898
  771.025   492049   628.36   492324   628.66  49239  49228  49237  49237  49219  49247  49225  49251  49224  49217  49214  49199  49200  49199  49219  49200  49207  49204  49197  49210
  776.025   495279   633.96   495487   632.11  49565  49555  49563  49529  49546  49540  49551  49543  49551  49544  49541  49525  49527  49525  49509  49527  49535  49531  49522  49537
  781.025   498490   634.13   498758   634.60  49891  49881  49890  49855  49875  49866  49877  49870  49881  49872  49837  49854  49855  49852  49836  49854  49863  49859  49849  49831
  786.025   501593   630.07   501834   632.95  50174  50195  50172  50170  50188  50182  50190  50184  50193  50186  50150  50166  50169  50167  50150  50168  50144  50172  50161  50146
  791.026   504670   630.50   504980   624.77  50492  50480  50491  50489  50504  50501  50506  50502  50511  50504  50467  50484  50454  50452  50468  50454  50461  50488  50479  50463
  796.025   507688   627.71   508028   624.55  50800  50788  50798  50796  50810  50808  50816  50811  50787  50814  50775  50760  50763  50762  50776  50762  50768  50762  50788  50772
  801.025   510717   623.26   511017   623.09  51106  51094  51104  51100  51085  51112  51120  51116  51093  51087  51079  51066  51070  51069  51081  51069  51073  51069  51063  51078
  806.025   513924   620.66   514096   622.47  51425  51415  51424  51390  51405  51402  51409  51405  51414  51407  51399  51388  51391  51390  51402  51388  51395  51389  51384  51398
  811.025   516992   615.36   517248   617.17  51742  51731  51741  51703  51720  51718  51724  51719  51730  51720  51683  51706  51708  51707  51684  51707  51712  51705  51698  51682
  816.025   520218   618.49   520439   619.97  52031  52052  52062  52026  52043  52041  52046  52043  52053  52042  52006  52029  52029  52029  52009  52028  52033  52028  52021  52006
  821.025   523229   620.86   523566   619.79  52348  52367  52349  52342  52358  52356  52362  52359  52367  52358  52323  52315  52316  52314  52325  52314  52319  52344  52336  52323
  826.025   526383   626.31   526698   621.31  52666  52655  52668  52661  52678  52676  52682  52679  52656  52677  52643  52634  52634  52631  52643  52631  52636  52634  52654  52643
  831.025   529613   630.20   529904   628.83  52990  52980  52990  52982  52971  53000  53006  53003  52981  53001  52965  52957  52958  52955  52966  52955  52959  52958  52976  52964
  836.026   532821   631.11   533020   632.01  53314  53302  53314  53308  53293  53294  53301  53297  53303  53294  53290  53281  53282  53278  53291  53276  53283  53282  53270  53288
  841.025   535816   623.75   536014   626.77  53613  53602  53612  53605  53593  53594  53601  53597  53604  53593  53590  53580  53582  53576  53589  53577  53582  53583  53570  53587
  846.026   538869   619.43   539120   622.52  53929  53916  53929  53888  53906  53906  53914  53909  53917  53906  53873  53895  53897  53892  53872  53892  53898  53898  53883  53869
  851.025   541960   624.40   542215   621.71  54212  54232  54212  54206  54222  54222  54230  54224  54233  54222  54188  54209  54181  54207  54188  54207  54183  54213  54199  54185
  856.025   545039   625.00   545359   622.05  54531  54521  54531  54527  54543  54543  54552  54545  54522  54544  54511  54497  54502  54495  54509  54494  54501  54503  54521  54506
  861.025   548355   627.79   548674   624.16  54862  54854  54864  54857  54873  54875  54882  54876  54856  54875  54843  54829  54834  54826  54840  54826  54832  54836  54852  54837
  866.025   551643   628.31   551932   630.26  55195  55185  55197  55190  55174  55207  55183  55207  55187  55207  55176  55160  55168  55157  55173  55157  55163  55167  55153  55169
  871.025   554932   637.32   555160   638.32  55525  55515  55527  55517  55504  55504  55513  55535  55516  55504  55503  55489  55498  55486  55501  55486  55493  55496  55482  55498
  876.025   557885   632.64   558141   632.77  55828  55816  55829  55818  55805  55804  55815  55803  55819  55804  55771  55792  55801  55787  55770  55788  55794  55798  55786  55798
  881.025   560923   630.13   561144   632.08  56106  56126  56107  56096  56115  56113  56126  56114  56130  56111  56082  56103  56079  56097  56081  56098  56103  56108  56096  56076
  886.025   563942   627.85   564172   627.01  56410  56427  56411  56399  56418  56417  56429  56417  56430  56414  56385  56404  56379  56399  56383  56401  56404  56409  56399  56379
  891.025   567105   628.22   567427   625.27  56741  56728  56742  56732  56749  56749  56759  56749  56730  56748  56717  56705  56712  56700  56713  56702  56705  56710  56731  56710
  896.026   570291   625.77   570596   621.54  57064  57050  57063  57057  57039  57075  57051  57073  57052  57072  57040  57028  57033  57024  57035  57022  57028  57028  57020  57033
  901.025   573520   620.72   573792   621.15  57385  57373  57385  57378  57364  57365  57377  57396  57375  57394  57361  57351  57356  57347  57356  57348  57351  57352  57344  57354
  906.025   576665   625.93   576872   626.43  57701  57688  57700  57672  57678  57683  57692  57685  57690  57683  57675  57666  57671  57662  57672  57662  57667  57663  57658  57669
  911.026   579989   631.03   580198   635.05  58032  58021  58031  58004  58012  58017  58024  58017  58023  58017  58006  57999  58004  57995  58004  57996  57999  57996  57990  58000
  916.025   583089   635.87   583362   636.11  58320  58340  58351  58323  58333  58337  58342  58336  58343  58337  58294  58319  58323  58314  58291  58316  58320  58315  58310  58287
  921.025   586321   639.65   586619   635.73  58652  58669  58647  58653  58662  58665  58670  58665  58671  58665  58625  58648  58619  58644  58623  58645  58618  58643  58638  58618
  926.025   589571   644.69   589906   641.03  58987  58971  58982  58987  58999  59002  59006  59000  58971  59001  58960  58951  58951  58945  58958  58946  58952  58981  58972  58955
  931.026   592722   642.35   592985   641.04  59305  59291  59301  59302  59283  59287  59293  59316  59291  59316  59279  59270  59270  59265  59276  59265  59269  59267  59288  59273
  936.025   595863   640.81   596050   642.45  59624  59607  59619  59587  59597  59601  59609  59601  59607  59598  59599  59587  59586  59582  59596  59579  59587  59583  59572  59592
  941.025   599079   635.05   599270   637.81  59945  59929  59942  59910  59919  59924  59930  59922  59928  59921  59919  59907  59910  59906  59914  59902  59907  59906  59895  59913
  946.025   602131   633.09   602381   634.70  60225  60244  60257  60224  60234  60238  60244  60237  60243  60235  60203  60223  60225  60220  60196  60217  60223  60220  60209  60195
  951.026   605407   634.30   605630   632.75  60554  60571  60551  60553  60562  60566  60571  60567  60571  60564  60531  60549  60552  60547  60526  60543  60551  60547  60538  60523
  956.025   608488   629.70   608816   624.36  60871  60891  60865  60872  60881  60884  60891  60886  60891  60884  60848  60869  60835  60831  60843  60863  60835  60867  60857  60840
  961.025   611726   635.52   612045   632.97  61204  61187  61196  61201  61209  61212  61220  61216  61187  61213  61180  61165  61166  61162  61175  61158  61166  61195  61186  61173
  966.026   614979   637.47   615173   639.72  61533  61516  61525  61528  61505  61510  61517  61513  61516  61510  61508  61494  61495  61491  61504  61488  61496  61491  61511  61501
  971.025   618266   641.88   618487   643.89  61866  61851  61858  61833  61840  61845  61852  61847  61850  61845  61840  61829  61830  61827  61811  61823  61830  61826  61816  61834
  976.025   621517   644.50   621737   645.94  62195  62176  62185  62157  62165  62170  62176  62171  62173  62169  62168  62153  62156  62155  62132  62148  62156  62149  62137  62163
  981.025   624662   640.79   624918   642.91  62482  62496  62502  62479  62486  62492  62499  62494  62496  62492  62455  62473  62476  62473  62457  62471  62473  62472  62462  62450
  986.026   627737   639.60   628026   634.56  62790  62809  62815  62787  62797  62803  62810  62804  62808  62803  62763  62786  62789  62749  62766  62783  62786  62782  62773  62760
  991.025   630872   638.22   631156   634.87  63115  63098  63103  63112  63120  63125  63133  63127  63098  63125  63088  63075  63078  63076  63090  63105  63073  63105  63098  63084
  996.025   634084   636.68   634336   637.52  63440  63423  63426  63439  63445  63418  63424  63451  63422  63448  63414  63400  63404  63398  63414  63397  63396  63430  63423  63408
 1001.025   637224   632.85   637408   633.83  63762  63743  63747  63726  63731  63738  63744  63739  63741  63737  63736  63720  63723  63718  63736  63717  63716  63717  63712  63729
 1006.025   640539   636.14   640744   636.74  64095  64076  64082  64058  64064  64072  64077  64072  64075  64073  64070  64055  64056  64051  64038  64054  64053  64052  64047  64063
 1011.025   643714   634.63   643948   637.42  64387  64399  64405  64382  64388  64395  64401  64396  64399  64396  64362  64378  64381  64376  64361  64377  64378  64376  64370  64355
 1016.025   646904   638.18   647139   637.37  64707  64716  64722  64702  64708  64714  64720  64716  64718  64716  64681  64694  64699  64696  64682  64696  64696  64695  64690  64675
 1021.025   649875   631.38   650142   626.68  65007  65016  65022  65003  65009  65014  65020  65017  65018  65016  64978  64996  65000  64965  64981  64997  64997  64995  64990  64976
 1026.025   652814   623.69   653152   622.92  65312  65289  65331  65311  65318  65322  65330  65325  65291  65323  65285  65271  65272  65271  65290  65269  65272  65304  65297  65283
 1031.025   656133   630.22   656389   630.52  65645  65623  65627  65640  65646  65651  65625  65654  65626  65652  65617  65604  65607  65604  65621  65602  65604  65633  65627  65614
 1036.025   659245   624.63   659439   626.34  65963  65944  65948  65929  65935  65941  65947  65943  65947  65942  65939  65924  65927  65926  65910  65923  65925  65923  65916  65932
 1041.025   662413   625.27   662635   625.94  66287  66263  66268  66248  66253  66261  66267  66261  66266  66261  66262  66244  66248  66245  66229  66242  66245  66242  66234  66222
 1046.025   665622   622.67   665842   625.49  66577  66588  66592  66572  66579  66583  66592  66585  66590  66584  66552  66568  66574  66570  66554  66567  66570  66565  66558  66544
 1051.025   668690   627.11   668944   626.78  66887  66898  66902  66882  66889  66893  66902  66896  66901  66894  66863  66878  66883  66848  66865  66877  66881  66874  66867  66854
 1056.025   671790   632.23   672142   627.09  67207  67217  67221  67202  67210  67213  67222  67216  67220  67214  67183  67165  67170  67168  67186  67196  67167  67194  67187  67174
 1061.025   674895   626.68   675171   624.43  67520  67498  67531  67514  67522  67525  67505  67528  67502  67526  67496  67480  67484  67482  67498  67479  67481  67507  67501  67487
 1066.025   678042   627.45   678191   628.15  67841  67817  67823  67804  67811  67815  67824  67818  67822  67816  67818  67801  67804  67803  67820  67798  67801  67797  67791  67809
 1071.026   681195   626.44   681374   627.55  68161  68133  68140  68123  68129  68133  68142  68136  68144  68133  68136  68121  68125  68125  68103  68115  68121  68112  68108  68129
 1076.025   684580   629.83   684764   632.85  68496  68473  68480  68463  68468  68472  68480  68477  68481  68474  68472  68458  68465  68461  68445  68453  68460  68454  68448  68464
 1081.025   687593   629.97   687833   630.70  68772  68783  68791  68773  68778  68783  68791  68787  68791  68784  68749  68771  68777  68739  68756  68764  68774  68765  68758  68740
 1086.025   690784   634.19   691120   627.32  69100  69112  69120  69103  69107  69111  69119  69117  69118  69113  69077  69068  69073  69068  69083  69093  69070  69095  69089  69068
 1091.025   693751   628.59   694062   625.60  69396  69409  69417  69400  69405  69410  69416  69414  69384  69411  69374  69364  69368  69366  69380  69389  69367  69392  69386  69365
 1096.025   696700   625.04   696862   626.48  69700  69682  69691  69675  69679  69684  69689  69689  69688  69685  69678  69668  69671  69670  69683  69663  69672  69666  69660  69669
 1101.025   699932   625.73   700099   627.37  70023  70006  70014  69999  70004  70008  70012  70012  70012  70009  70001  69992  69993  69994  70007  69986  69994  69990  69983  69992
 1106.025   703160   618.19   703355   622.79  70350  70331  70339  70324  70330  70333  70338  70338  70338  70334  70326  70318  70317  70321  70303  70311  70321  70316  70309  70318
 1111.025   706166   618.15   706364   619.80  70651  70632  70639  70626  70630  70635  70638  70639  70639  70635  70627  70619  70617  70621  70604  70612  70620  70616  70611  70619
 1116.025   709179   610.81   709448   605.34  70930  70944  70951  70936  70942  70947  70950  70950  70951  70947  70907  70929  70928  70899  70915  70923  70931  70926  70923  70898
 1121.025   712356   619.30   712652   615.77  71256  71267  71274  71259  71265  71270  71273  71273  71245  71270  71231  71221  71250  71224  71238  71246  71226  71250  71246  71224
 1126.025   715445   625.00   715764   626.24  71570  71578  71585  71570  71576  71581  71584  71584  71555  71581  71544  71532  71561  71536  71550  71558  71538  71562  71528  71536
 1131.025   718420   618.36   718592   619.56  71876  71856  71862  71847  71853  71858  71861  71861  71860  71858  71851  71837  71838  71841  71856  71835  71845  71840  71834  71843
 1136.025   721621   615.20   721828   618.86  72198  72180  72186  72171  72177  72182  72185  72185  72182  72182  72173  72160  72161  72163  72148  72158  72170  72164  72158  72166
 1141.025   724819   621.53   725017   624.85  72519  72499  72505  72489  72495  72500  72503  72503  72502  72502  72494  72479  72479  72484  72468  72477  72489  72485  72476  72488
 1146.025   728027   626.83   728299   622.37  72817  72830  72836  72820  72826  72832  72835  72835  72834  72834  72791  72809  72810  72784  72799  72805  72821  72817  72806  72785
 1151.025   731241   628.54   731539   624.45  73142  73154  73160  73145  73151  73156  73159  73159  73156  73157  73116  73134  73135  73111  73121  73129  73113  73140  73131  73111
 1156.025   734151   618.69   734435   616.58  73438  73442  73448  73434  73440  73446  73449  73447  73446  73445  73412  73420  73420  73408  73410  73417  73413  73428  73417  73406
 1161.025   737195   624.63   737357   628.62  73756  73731  73738  73724  73730  73735  73738  73735  73735  73735  73730  73710  73709  73727  73728  73707  73734  73717  73707  73726
 1166.025   740324   625.60   740571   627.95  74076  74053  74060  74046  74052  74056  74059  74057  74056  74056  74050  74033  74030  74020  74049  74029  74026  74039  74029  74019
 1171.025   743228   616.73   743506   619.42  74371  74347  74353  74339  74345  74349  74353  74351  74349  74349  74345  74326  74324  74314  74313  74322  74319  74332  74322  74311
 1176.025   746174   608.96   746458   609.36  74636  74646  74652  74637  74643  74648  74651  74649  74648  74648  74610  74624  74623  74609  74611  74621  74616  74630  74622  74608
 1181.025   749385   603.42   749676   598.83  74957  74969  74975  74958  74964  74970  74972  74971  74971  74969  74932  74944  74944  74931  74932  74941  74936  74952  74944  74929
 1186.025   752675   616.01   752966   611.85  75285  75299  75305  75287  75293  75300  75300  75300  75300  75297  75258  75271  75273  75261  75262  75270  75264  75282  75275  75259
 1191.028   755996   623.49   756225   627.89  75626  75606  75612  75625  75631  75606  75638  75638  75607  75636  75595  75609  75612  75600  75601  75608  75601  75590  75582  75598
 1196.025   759079   622.99   759173   623.02  75939  75918  75922  75903  75909  75916  75917  75917  75917  75915  75911  75926  75892  75917  75920  75890  75915  75901  75892  75915
