Test case: 
Description: 
	10 senders: persistent queues
	10 receivers: client acknowledge every 50 messages
Timestamp: 2011.11.2 1:48:41
Version: 
Setting up JMS benchmark connections... 

Start processing messages.
Fri Dec 02 01:48:41 EST 2011

  Seconds   Send   Send/Sec   Recv   Recv/Sec   RCV0   RCV1   RCV2   RCV3   RCV4   RCV5   RCV6   RCV7   RCV8   RCV9  SND10  SND11  SND12  SND13  SND14  SND15  SND16  SND17  SND18  SND19
  ------- -------- -------- -------- -------- ------ ------ ------ ------ ------ ------ ------ ------ ------ ------ ------ ------ ------ ------ ------ ------ ------ ------ ------ ------
    1.022        0     0.00        0     0.00      0      0      0      0      0      0      0      0      0      0      0      0      0      0      0      0      0      0      0      0
    6.022     2681   582.83     3026   657.83    300    305    304    303    304    305    297    300    306    302    268    270    266    270    268    268    266    266    267    272
   11.022     5932   617.92     6270   653.13    625    629    628    627    628    629    624    623    631    626    594    597    590    595    593    596    590    590    591    596
   16.022     9270   634.93     9610   658.22    960    963    962    961    962    963    957    956    966    960    929    930    925    928    928    929    923    924    924    930
   21.022    12367   618.72    12705   645.15   1269   1271   1272   1271   1272   1273   1266   1266   1275   1270   1240   1237   1233   1238   1238   1239   1234   1233   1234   1241
   26.022    15611   622.03    15954   635.93   1594   1596   1598   1596   1597   1598   1591   1591   1600   1593   1564   1562   1558   1562   1564   1564   1559   1555   1557   1566
   31.022    18564   621.01    18984   632.57   1897   1899   1901   1899   1900   1901   1894   1894   1903   1896   1867   1865   1861   1865   1842   1841   1862   1858   1860   1843
   36.022    21702   638.29    22071   638.12   2203   2205   2207   2205   2206   2207   2200   2227   2209   2202   2174   2171   2167   2171   2173   2172   2169   2164   2166   2175
   41.023    25083   642.67    25414   642.44   2540   2542   2544   2543   2543   2545   2537   2535   2546   2539   2513   2508   2505   2508   2512   2512   2507   2502   2503   2513
   46.022    28290   638.26    28619   637.89   2861   2863   2864   2864   2863   2866   2857   2855   2866   2860   2833   2828   2825   2829   2833   2833   2827   2823   2824   2835
   51.022    31575   640.10    31907   644.36   3190   3192   3193   3193   3192   3195   3186   3183   3194   3189   3161   3158   3154   3157   3161   3162   3154   3152   3153   3163
   56.023    35042   641.21    35372   642.82   3537   3539   3540   3540   3539   3541   3533   3529   3540   3534   3507   3505   3501   3504   3508   3509   3501   3499   3499   3509
   61.022    38392   654.87    38728   651.81   3872   3875   3875   3875   3874   3876   3868   3866   3876   3871   3842   3841   3838   3839   3842   3844   3835   3833   3833   3845
   66.023    41705   662.79    42147   661.61   4214   4217   4217   4217   4216   4218   4211   4206   4218   4213   4184   4183   4179   4180   4148   4152   4176   4175   4175   4153
   71.022    44749   659.96    45125   660.36   4508   4513   4512   4511   4511   4513   4506   4531   4513   4507   4478   4477   4473   4473   4477   4480   4469   4471   4470   4481
   76.022    48187   667.68    48524   667.95   4851   4855   4854   4854   4855   4855   4850   4843   4857   4850   4821   4819   4818   4818   4820   4823   4815   4815   4813   4825
   81.022    51418   662.38    51752   665.94   5174   5178   5176   5178   5179   5177   5172   5166   5180   5172   5144   5142   5141   5142   5144   5146   5137   5138   5137   5147
   86.022    54599   645.86    54938   649.25   5493   5497   5495   5495   5496   5497   5490   5485   5498   5492   5461   5461   5458   5459   5463   5465   5457   5455   5455   5465
   91.022    57939   645.57    58276   646.64   5827   5831   5828   5829   5830   5831   5824   5820   5832   5824   5793   5796   5792   5793   5797   5800   5792   5789   5788   5799
   96.022    61070   642.10    61501   638.41   6150   6154   6151   6151   6153   6154   6147   6141   6155   6145   6115   6119   6115   6116   6087   6091   6115   6112   6111   6089
  101.022    64242   653.08    64639   651.60   6455   6459   6487   6455   6456   6457   6451   6478   6460   6481   6451   6424   6420   6419   6424   6428   6419   6415   6416   6426
  106.022    67571   650.49    67935   650.32   6790   6795   6790   6793   6794   6794   6787   6813   6795   6784   6754   6760   6756   6757   6759   6763   6755   6752   6753   6762
  111.022    70696   646.93    71030   646.93   7103   7108   7103   7106   7107   7107   7100   7093   7108   7095   7065   7073   7069   7070   7071   7075   7068   7065   7066   7074
  116.022    74009   648.21    74346   651.30   7434   7438   7435   7438   7438   7439   7432   7425   7440   7427   7398   7404   7400   7402   7401   7404   7399   7398   7398   7405
  121.022    77247   638.28    77581   641.33   7757   7761   7759   7761   7762   7763   7755   7749   7763   7751   7723   7727   7723   7725   7725   7729   7722   7721   7724   7728
  126.022    80480   641.01    80820   637.82   8080   8083   8082   8084   8085   8086   8078   8077   8086   8079   8045   8051   8046   8047   8049   8054   8043   8045   8048   8052
  131.022    83451   638.70    83907   636.76   8389   8392   8392   8392   8393   8394   8387   8386   8394   8388   8354   8359   8355   8355   8329   8335   8351   8353   8327   8333
  136.022    86463   632.80    86887   631.46   8673   8709   8709   8677   8678   8679   8674   8704   8678   8706   8672   8646   8641   8640   8646   8650   8636   8640   8643   8649
  141.022    89792   640.81    90124   640.74   9011   9013   9013   9013   9015   9016   9009   9008   9016   9010   8976   8982   8977   8978   8981   8987   8973   8975   8978   8985
  146.023    92955   633.59    93281   635.40   9326   9330   9329   9328   9330   9331   9326   9324   9331   9326   9293   9299   9292   9295   9296   9306   9288   9291   9293   9302
  151.023    96322   634.33    96651   639.93   9664   9668   9667   9664   9669   9666   9662   9660   9669   9662   9627   9636   9629   9633   9633   9642   9626   9627   9631   9638
  156.022    99657   633.15    99994   636.38   9998  10003  10004   9996  10003  10001   9997   9993  10004   9995   9960   9969   9963   9966   9967   9978   9958   9959   9963   9974
  161.022   102748   639.87   103148   635.97  10314  10318  10319  10313  10318  10316  10310  10309  10319  10312  10276  10283  10278  10280  10281  10265  10274  10274  10277  10260
  166.022   105891   646.91   106320   644.06  10637  10641  10614  10635  10613  10638  10633  10632  10642  10635  10600  10577  10601  10603  10575  10588  10597  10597  10570  10583
  171.022   109014   644.03   109434   643.96  10929  10933  10938  10958  10937  10960  10929  10955  10938  10957  10923  10902  10896  10896  10899  10912  10893  10892  10895  10906
  176.022   112267   648.08   112610   648.65  11258  11262  11266  11259  11265  11261  11258  11256  11267  11258  11223  11230  11224  11224  11228  11240  11221  11219  11223  11235
  181.022   115582   644.22   115922   646.70  11589  11592  11598  11591  11598  11591  11589  11586  11600  11588  11553  11562  11556  11554  11559  11571  11553  11553  11555  11566
  186.022   118724   636.83   119071   638.11  11906  11908  11912  11906  11912  11906  11904  11901  11913  11903  11868  11876  11871  11869  11873  11886  11867  11866  11868  11880
  191.022   121725   629.63   122098   630.77  12210  12209  12215  12207  12215  12207  12208  12204  12217  12206  12171  12179  12175  12170  12175  12160  12170  12170  12172  12183
  196.022   124701   623.29   125104   620.40  12511  12510  12515  12508  12515  12508  12508  12505  12517  12507  12471  12481  12474  12471  12475  12461  12471  12471  12473  12453
  201.022   127497   618.29   127926   615.64  12779  12806  12783  12804  12783  12805  12776  12802  12785  12803  12767  12749  12742  12767  12742  12758  12739  12740  12741  12752
  206.022   130492   609.53   130865   609.56  13078  13076  13083  13104  13083  13105  13074  13072  13087  13103  13067  13049  13040  13067  13040  13057  13038  13041  13041  13052
  211.022   133687   606.43   134021   607.37  13403  13400  13407  13397  13410  13398  13400  13396  13414  13396  13360  13374  13366  13360  13365  13384  13365  13368  13367  13378
  216.022   136934   606.44   137277   609.77  13729  13726  13734  13722  13734  13724  13726  13722  13739  13721  13685  13699  13690  13685  13690  13709  13691  13692  13691  13702
  221.022   140135   610.00   140481   611.28  14050  14047  14053  14042  14054  14044  14047  14045  14058  14041  14005  14019  14012  14006  14010  14028  14011  14011  14011  14022
  226.023   143249   616.34   143656   616.51  14366  14364  14369  14361  14371  14363  14364  14363  14375  14360  14324  14335  14329  14324  14328  14316  14329  14328  14327  14309
  231.022   146328   628.59   146737   624.50  14655  14683  14691  14681  14661  14683  14654  14684  14665  14680  14643  14626  14651  14645  14648  14635  14619  14616  14617  14628
  236.022   149706   642.55   150112   641.48  14999  15026  15003  15024  15006  15026  14999  14996  15010  15023  14986  14970  14963  14988  14961  14980  14964  14960  14961  14973
  241.022   152891   641.44   153262   642.75  15319  15315  15322  15340  15323  15342  15316  15318  15328  15339  15304  15288  15282  15303  15282  15300  15282  15279  15280  15291
  246.022   156014   638.02   156347   639.93  15637  15633  15641  15625  15642  15627  15635  15636  15647  15624  15591  15608  15600  15588  15601  15618  15601  15597  15599  15611
  251.022   159143   631.85   159490   633.83  15949  15949  15955  15941  15957  15942  15948  15949  15960  15940  15905  15921  15914  15904  15915  15928  15911  15909  15913  15923
  256.022   162347   633.65   162723   633.61  16273  16273  16278  16264  16279  16264  16271  16273  16285  16263  16229  16244  16237  16226  16238  16222  16234  16233  16237  16247
  261.022   165587   639.72   165968   638.78  16600  16601  16605  16593  16606  16593  16597  16600  16581  16592  16558  16571  16564  16555  16565  16548  16561  16560  16563  16542
  266.022   168435   625.30   168877   624.43  16871  16902  16874  16894  16874  16891  16896  16899  16883  16893  16859  16839  16833  16855  16864  16850  16831  16829  16832  16843
  271.022   171443   620.47   171814   619.43  17174  17174  17177  17196  17177  17193  17169  17172  17187  17195  17162  17144  17139  17158  17136  17154  17135  17133  17136  17146
  276.022   174664   622.79   175036   624.09  17496  17497  17499  17517  17501  17513  17493  17495  17509  17516  17483  17467  17461  17480  17460  17475  17458  17455  17458  17467
  281.022   177969   629.33   178341   630.23  17833  17832  17836  17822  17838  17851  17829  17832  17846  17822  17788  17804  17798  17784  17796  17813  17795  17791  17795  17805
  286.022   181274   626.63   181618   627.64  18164  18162  18167  18155  18168  18149  18160  18163  18176  18154  18119  18134  18128  18115  18128  18143  18125  18122  18125  18135
  291.022   184649   631.53   184989   631.26  18504  18505  18508  18495  18510  18488  18500  18503  18483  18493  18457  18475  18468  18457  18469  18450  18467  18462  18467  18477
  296.022   188007   651.07   188416   648.83  18846  18848  18851  18837  18851  18834  18842  18845  18827  18835  18801  18817  18809  18800  18811  18794  18775  18805  18808  18787
  301.023   191332   664.89   191779   666.30  19162  19200  19167  19186  19167  19184  19158  19195  19177  19183  19152  19131  19124  19150  19126  19143  19125  19120  19123  19138
  306.022   194674   669.12   195049   667.98  19497  19499  19500  19519  19500  19519  19493  19492  19513  19517  19485  19466  19458  19483  19459  19478  19460  19454  19458  19473
  311.022   197911   665.08   198282   665.01  19822  19823  19825  19839  19826  19840  19818  19815  19836  19838  19805  19791  19784  19803  19785  19800  19783  19780  19783  19797
  316.022   200932   657.65   201304   658.59  20129  20131  20134  20117  20134  20146  20127  20125  20145  20116  20082  20099  20094  20081  20092  20108  20091  20089  20091  20105
  321.022   204140   645.27   204446   648.49  20450  20451  20455  20436  20455  20436  20448  20445  20435  20435  20403  20420  20414  20401  20414  20430  20411  20409  20411  20427
  326.022   207329   642.35   207700   642.11  20775  20775  20780  20762  20780  20764  20772  20769  20762  20761  20730  20743  20739  20728  20739  20724  20736  20733  20736  20721
  331.022   210579   640.63   210974   637.84  21102  21102  21107  21090  21107  21091  21099  21098  21090  21088  21059  21072  21066  21056  21066  21052  21033  21062  21063  21050
  336.022   213653   634.82   214077   636.56  21394  21422  21400  21412  21400  21414  21390  21422  21412  21411  21380  21365  21359  21380  21357  21374  21355  21353  21357  21373
  341.022   216806   632.01   217177   630.94  21709  21710  21714  21729  21714  21731  21705  21708  21729  21728  21695  21679  21673  21696  21673  21691  21669  21669  21671  21690
  346.023   219934   633.02   220297   632.75  22021  22022  22026  22041  22025  22043  22016  22020  22043  22040  22009  21992  21985  22009  21986  22004  21981  21982  21982  22004
  351.022   223068   632.99   223400   634.97  22340  22341  22346  22330  22345  22332  22336  22340  22361  22329  22296  22312  22306  22295  22307  22324  22301  22302  22302  22323
  356.022   226173   627.11   226530   630.84  22657  22657  22662  22646  22660  22649  22651  22656  22647  22645  22614  22628  22622  22612  22624  22610  22617  22618  22619  22609
  361.023   229368   624.09   229726   622.72  22977  22978  22982  22965  22979  22968  22971  22975  22967  22964  22934  22947  22942  22931  22943  22930  22936  22937  22940  22928
  366.022   232626   629.23   232988   627.05  23304  23306  23308  23289  23306  23293  23299  23303  23292  23288  23258  23274  23268  23255  23271  23255  23262  23264  23266  23253
  371.022   235647   629.40   236068   630.17  23589  23619  23592  23605  23618  23607  23611  23615  23608  23604  23573  23558  23552  23570  23555  23571  23574  23548  23577  23569
  376.022   238868   631.50   239227   631.36  23916  23918  23919  23933  23917  23934  23910  23914  23935  23931  23901  23885  23879  23898  23883  23899  23875  23876  23876  23896
  381.022   242001   631.24   242363   632.18  24229  24232  24232  24247  24230  24249  24222  24227  24249  24246  24213  24197  24192  24213  24198  24213  24186  24188  24190  24211
  386.022   245117   633.68   245477   634.82  24548  24552  24552  24538  24551  24540  24543  24547  24569  24537  24504  24517  24512  24504  24518  24504  24507  24511  24510  24530
  391.023   248211   627.57   248569   632.34  24860  24864  24864  24850  24864  24852  24856  24859  24851  24849  24815  24829  24825  24816  24832  24816  24820  24823  24822  24813
  396.022   251614   630.77   251982   630.97  25202  25206  25205  25191  25205  25193  25197  25201  25192  25190  25156  25170  25165  25157  25171  25157  25159  25161  25163  25155
  401.022   254807   637.76   255207   635.99  25525  25529  25528  25512  25528  25514  25521  25525  25514  25511  25477  25493  25488  25478  25462  25479  25483  25484  25487  25476
  406.022   257845   633.71   258216   633.07  25813  25817  25816  25832  25817  25834  25809  25813  25834  25831  25797  25782  25776  25797  25783  25798  25771  25773  25775  25793
  411.022   260865   629.05   261235   629.28  26115  26118  26117  26135  26118  26137  26111  26114  26136  26134  26099  26083  26078  26099  26088  26100  26073  26074  26076  26095
  416.022   264077   631.97   264478   633.44  26439  26442  26441  26460  26441  26462  26435  26438  26461  26459  26392  26407  26402  26424  26412  26425  26397  26398  26400  26420
  421.022   267091   632.50   267491   633.95  26749  26752  26752  26739  26752  26742  26747  26749  26770  26739  26702  26718  26715  26704  26722  26704  26708  26709  26710  26699
  426.022   270247   621.38   270650   625.44  27067  27071  27071  27059  27071  27061  27068  27067  27057  27058  27018  27037  27035  27022  27013  27021  27026  27028  27029  27018
  431.022   273493   621.85   273889   620.67  27390  27395  27394  27383  27394  27385  27391  27391  27384  27382  27343  27362  27358  27347  27340  27345  27350  27352  27352  27344
  436.022   276479   621.14   276903   620.84  27691  27696  27695  27685  27695  27687  27692  27692  27686  27684  27645  27663  27630  27649  27643  27647  27651  27652  27653  27646
  441.022   279521   622.84   280006   622.54  28007  28012  27981  28003  28011  28004  27978  28007  28002  28001  27962  27949  27946  27966  27959  27964  27937  27936  27939  27963
  446.022   282600   616.04   282966   615.97  28284  28290  28289  28312  28287  28313  28285  28286  28310  28310  28270  28256  28253  28274  28268  28272  28244  28245  28247  28271
  451.022   285761   621.06   286101   621.36  28601  28607  28606  28598  28604  28629  28601  28604  28625  28626  28586  28573  28570  28588  28584  28587  28561  28561  28563  28588
  456.022   288690   616.88   289064   616.91  28904  28911  28909  28899  28907  28900  28904  28907  28926  28897  28857  28875  28872  28888  28858  28888  28864  28865  28863  28860
  461.022   291869   612.08   292269   613.36  29227  29235  29233  29221  29231  29223  29230  29232  29217  29220  29181  29199  29196  29180  29184  29179  29188  29190  29188  29184
  466.022   295255   624.38   295652   622.44  29566  29574  29570  29560  29569  29562  29567  29570  29555  29559  29520  29537  29533  29518  29524  29519  29526  29529  29527  29522
  471.022   298655   636.78   299051   632.72  29906  29913  29910  29900  29910  29902  29906  29909  29896  29899  29860  29876  29873  29858  29864  29859  29867  29868  29867  29863
  476.022   301816   639.06   302218   639.09  30234  30207  30237  30226  30238  30228  30201  30202  30220  30225  30186  30204  30167  30180  30190  30184  30161  30161  30195  30188
  481.022   305091   644.15   305458   645.06  30533  30542  30537  30559  30539  30561  30536  30538  30555  30558  30522  30503  30502  30514  30523  30518  30496  30495  30496  30522
  486.022   308305   653.95   308699   654.62  30857  30866  30862  30882  30864  30884  30861  30862  30880  30881  30845  30829  30828  30838  30816  30842  30820  30820  30821  30846
  491.022   311597   658.49   311953   658.15  31194  31202  31198  31183  31199  31185  31197  31197  31216  31182  31146  31165  31164  31173  31153  31178  31156  31157  31158  31147
  496.022   314776   648.48   315140   647.44  31516  31523  31519  31506  31520  31508  31518  31519  31506  31505  31468  31485  31484  31493  31473  31468  31478  31478  31480  31469
  501.022   318153   649.13   318554   648.19  31856  31862  31860  31850  31860  31852  31857  31859  31850  31848  31812  31825  31822  31801  31814  31813  31817  31815  31821  31813
  506.022   321318   650.10   321752   650.10  32182  32187  32185  32177  32185  32179  32153  32154  32175  32175  32138  32150  32118  32125  32141  32139  32112  32140  32116  32139
  511.022   324581   648.55   324984   648.68  32480  32485  32514  32507  32513  32508  32483  32484  32505  32505  32468  32479  32448  32455  32470  32467  32442  32438  32445  32469
  516.022   327762   647.94   328132   647.14  32800  32806  32802  32829  32799  32831  32805  32805  32827  32828  32791  32768  32768  32776  32793  32790  32762  32757  32765  32792
  521.022   330887   645.16   331261   646.87  33125  33131  33126  33116  33124  33118  33130  33129  33147  33115  33078  33091  33093  33100  33081  33109  33088  33080  33088  33079
  526.023   334242   652.05   334624   651.48  33464  33469  33465  33459  33461  33460  33469  33468  33452  33457  33416  33428  33431  33438  33423  33414  33426  33420  33427  33419
  531.022   337716   652.25   338098   651.61  33811  33816  33813  33806  33808  33808  33814  33816  33801  33805  33765  33777  33776  33784  33770  33762  33773  33767  33775  33767
  536.022   341074   656.83   341424   656.43  34151  34155  34152  34146  34147  34148  34119  34122  34139  34145  34104  34116  34115  34089  34109  34100  34112  34107  34114  34108
  541.022   344238   653.36   344623   651.68  34468  34473  34471  34465  34466  34467  34445  34445  34459  34464  34424  34435  34433  34411  34429  34421  34401  34426  34431  34427
  546.022   347519   659.90   347931   660.30  34777  34783  34780  34805  34806  34807  34786  34784  34799  34804  34764  34744  34744  34750  34769  34762  34741  34736  34742  34767
  551.022   350753   664.50   351105   664.83  35105  35112  35109  35104  35104  35106  35116  35115  35131  35103  35094  35072  35073  35081  35067  35093  35069  35066  35072  35066
  556.022   354098   665.09   354467   663.38  35442  35448  35446  35438  35438  35440  35455  35453  35470  35437  35397  35408  35412  35420  35401  35431  35408  35406  35412  35403
  561.023   357207   649.85   357579   651.57  35755  35762  35760  35755  35753  35755  35768  35767  35752  35752  35713  35722  35726  35733  35718  35713  35721  35719  35726  35716
  566.022   360724   653.69   361064   657.92  36107  36113  36111  36108  36104  36107  36087  36120  36103  36104  36064  36075  36078  36084  36069  36065  36073  36071  36077  36068
  571.022   364160   662.90   364492   662.96  36453  36458  36456  36453  36449  36453  36437  36435  36448  36450  36410  36420  36420  36425  36413  36409  36417  36413  36421  36412
  576.022   367418   660.63   367808   659.69  36785  36790  36788  36784  36781  36786  36769  36763  36780  36782  36741  36753  36752  36726  36744  36742  36719  36745  36752  36744
  581.022   370636   661.51   371095   662.82  37117  37089  37120  37116  37113  37119  37099  37095  37114  37113  37072  37084  37051  37058  37075  37075  37050  37043  37051  37077
  586.022   373970   663.69   374391   663.42  37424  37429  37427  37453  37452  37427  37438  37437  37454  37450  37412  37391  37390  37400  37412  37413  37391  37385  37390  37386
  591.022   377185   668.41   377520   667.17  37749  37754  37752  37748  37747  37753  37761  37761  37749  37746  37706  37717  37717  37723  37734  37737  37715  37711  37714  37711
  596.022   380304   652.54   380697   656.60  38065  38071  38068  38065  38066  38070  38080  38080  38068  38064  38025  38033  38036  38041  38020  38024  38032  38032  38033  38028
  601.022   383656   647.68   384010   653.69  38400  38404  38404  38400  38399  38405  38382  38414  38403  38399  38358  38366  38374  38378  38353  38358  38369  38369  38369  38362
  606.022   386887   648.01   387280   645.89  38729  38735  38734  38730  38729  38735  38715  38711  38733  38729  38689  38697  38701  38674  38684  38690  38665  38696  38699  38692
  611.023   390238   653.61   390717   650.16  39074  39078  39077  39074  39073  39079  39058  39055  39076  39073  39033  39041  39015  39018  39028  39035  39010  39008  39013  39037
  616.022   393319   644.80   393832   642.35  39385  39389  39389  39385  39385  39389  39371  39368  39387  39384  39344  39320  39326  39328  39341  39348  39321  39320  39324  39347
  621.022   396459   643.69   396864   642.99  39669  39673  39676  39699  39701  39673  39686  39686  39702  39699  39660  39638  39643  39646  39656  39664  39638  39639  39643  39632
  626.022   399508   641.11   399839   640.13  39979  39980  39987  39977  39980  39981  39999  39997  39981  39978  39940  39951  39954  39958  39968  39943  39949  39951  39953  39941
  631.023   402668   631.54   403003   636.28  40298  40299  40307  40298  40300  40301  40286  40315  40301  40298  40260  40271  40273  40277  40254  40263  40267  40271  40272  40260
  636.022   405855   630.87   406164   632.75  40618  40618  40624  40616  40620  40619  40607  40606  40620  40616  40580  40589  40591  40595  40577  40582  40585  40588  40588  40580
  641.022   408893   622.24   409293   620.83  40929  40931  40938  40931  40933  40933  40919  40915  40934  40930  40893  40906  40907  40874  40889  40896  40864  40867  40905  40892
  646.022   412025   624.46   412525   618.69  41253  41255  41258  41254  41256  41256  41243  41239  41258  41253  41214  41194  41195  41200  41212  41220  41190  41193  41194  41213
  651.022   415309   628.56   415795   626.24  41579  41581  41585  41581  41583  41583  41570  41567  41585  41581  41542  41523  41522  41530  41539  41547  41519  41523  41524  41540
  656.022   418681   642.30   419042   641.16  41893  41929  41899  41896  41898  41899  41918  41915  41900  41895  41857  41869  41868  41875  41888  41864  41864  41870  41870  41856
  661.023   422110   647.37   422406   648.61  42231  42235  42238  42234  42237  42238  42259  42262  42239  42233  42195  42208  42207  42227  42229  42202  42217  42219  42209  42197
  666.022   425397   654.66   425771   657.95  42575  42579  42580  42578  42580  42582  42567  42570  42583  42577  42541  42550  42550  42533  42535  42546  42523  42526  42551  42542
  671.022   428792   664.36   429153   666.44  42913  42916  42918  42915  42918  42921  42906  42909  42922  42915  42880  42888  42891  42870  42875  42886  42862  42865  42893  42882
  676.022   432028   667.72   432422   665.34  43238  43244  43246  43241  43246  43248  43233  43234  43250  43242  43207  43216  43218  43198  43202  43213  43188  43191  43186  43209
  681.022   435256   664.23   435656   658.22  43562  43566  43568  43566  43568  43571  43557  43560  43572  43566  43529  43537  43537  43524  43526  43534  43512  43515  43512  43530
  686.022   438195   649.46   438658   649.63  43868  43871  43874  43873  43874  43849  43862  43866  43849  43872  43807  43812  43812  43829  43831  43840  43818  43820  43819  43807
  691.022   441477   644.25   441938   646.36  44196  44199  44201  44201  44202  44177  44191  44194  44177  44200  44135  44138  44141  44158  44162  44166  44147  44147  44149  44134
  696.022   444592   639.45   444849   640.22  44481  44483  44485  44485  44486  44495  44476  44479  44495  44484  44453  44456  44460  44476  44481  44450  44432  44466  44466  44452
  701.025   447775   635.17   448110   636.14  44807  44810  44812  44811  44812  44820  44802  44806  44820  44810  44778  44781  44783  44769  44774  44776  44759  44787  44790  44778
  706.022   450942   630.40   451301   632.45  45126  45130  45129  45129  45130  45141  45122  45126  45140  45128  45098  45101  45103  45089  45095  45094  45078  45076  45110  45098
  711.022   454013   625.03   454406   626.98  45435  45441  45441  45441  45441  45450  45432  45438  45450  45437  45408  45411  45413  45400  45407  45404  45389  45385  45388  45408
  716.022   457108   627.38   457532   623.02  45748  45753  45754  45753  45754  45762  45745  45750  45763  45750  45719  45722  45695  45712  45720  45718  45702  45699  45701  45720
  721.022   460290   626.93   460738   622.20  46076  46080  46080  46080  46081  46056  46072  46077  46058  46078  46014  46017  46023  46040  46048  46045  46030  46027  46028  46018
  726.022   463438   628.87   463797   632.29  46366  46370  46403  46369  46403  46375  46397  46367  46379  46368  46334  46337  46345  46365  46336  46368  46353  46349  46350  46336
  731.023   466767   635.03   467096   637.18  46707  46711  46708  46709  46708  46716  46701  46708  46721  46707  46676  46678  46686  46670  46677  46672  46657  46687  46689  46675
  736.022   469940   634.30   470269   636.51  47025  47029  47025  47026  47025  47032  47018  47025  47039  47025  46995  46996  47002  46988  46994  46991  46974  47003  47005  46992
  741.022   473177   638.20   473550   641.42  47354  47358  47353  47353  47353  47360  47346  47353  47366  47354  47320  47321  47328  47316  47321  47319  47302  47301  47332  47317
  746.022   476209   636.68   476640   635.87  47662  47666  47664  47661  47663  47671  47655  47662  47674  47662  47630  47632  47606  47625  47631  47627  47611  47610  47610  47627
  751.022   479355   633.62   479782   629.87  47981  47985  47979  47977  47979  47989  47971  47980  47962  47979  47918  47950  47925  47943  47949  47943  47928  47926  47927  47946
  756.022   482521   634.83   482974   634.90  48302  48307  48302  48300  48302  48280  48294  48301  48284  48302  48240  48241  48248  48264  48271  48267  48252  48251  48249  48238
  761.022   485706   634.32   486166   635.12  48600  48607  48635  48634  48635  48611  48628  48599  48615  48602  48571  48572  48579  48563  48569  48567  48551  48584  48581  48569
  766.022   488873   632.00   489203   635.39  48917  48925  48918  48917  48918  48927  48911  48917  48932  48921  48888  48888  48896  48882  48886  48884  48870  48899  48896  48884
  771.022   491967   627.15   492325   628.89  49230  49237  49230  49229  49230  49239  49223  49230  49244  49233  49201  49200  49210  49195  49199  49196  49184  49178  49208  49196
  776.022   495199   632.68   495593   633.72  49557  49562  49557  49556  49557  49567  49550  49557  49570  49560  49528  49527  49502  49522  49526  49523  49510  49503  49534  49524
  781.022   498437   632.71   498868   631.77  49886  49889  49886  49885  49883  49895  49876  49885  49896  49887  49853  49855  49829  49849  49854  49852  49838  49829  49828  49850
  786.022   501509   631.88   501939   628.02  50201  50203  50199  50198  50195  50177  50188  50199  50178  50201  50135  50137  50143  50161  50166  50167  50152  50144  50140  50164
  791.022   504588   630.37   504979   627.01  50486  50487  50515  50515  50512  50493  50505  50484  50496  50486  50454  50454  50461  50478  50482  50452  50437  50463  50458  50449
  796.022   507603   626.41   507992   628.32  50794  50795  50790  50789  50820  50801  50814  50792  50803  50794  50760  50761  50770  50754  50756  50761  50745  50774  50765  50757
  801.022   510665   624.23   510988   626.28  51100  51102  51097  51096  51094  51105  51087  51097  51109  51101  51065  51068  51077  51060  51063  51067  51052  51079  51071  51063
  806.022   513803   621.28   514197   623.29  51421  51424  51417  51417  51414  51424  51409  51419  51430  51422  51385  51388  51367  51380  51383  51386  51372  51368  51391  51383
  811.022   516961   614.99   517351   613.68  51738  51741  51731  51733  51728  51739  51722  51734  51747  51738  51702  51705  51680  51696  51698  51703  51689  51681  51708  51699
  816.022   520121   618.07   520542   617.74  52061  52062  52052  52057  52050  52061  52045  52058  52036  52060  51992  52026  52004  52018  52022  52025  52010  52004  51998  52022
  821.022   523161   621.33   523582   619.42  52346  52349  52368  52372  52365  52376  52361  52344  52354  52347  52310  52311  52319  52333  52337  52311  52297  52320  52315  52308
  826.022   526289   626.03   526711   625.05  52664  52665  52687  52662  52685  52664  52682  52663  52674  52665  52628  52628  52638  52623  52626  52630  52613  52641  52635  52627
  831.022   529518   630.67   529858   633.22  52987  52991  52981  52985  52980  52987  52975  52987  52996  52989  52950  52952  52960  52945  52949  52954  52938  52964  52956  52950
  836.022   532718   631.71   533094   633.12  53309  53313  53305  53308  53304  53311  53298  53312  53321  53313  53274  53273  53285  53268  53272  53278  53260  53257  53280  53271
  841.022   535684   622.30   536088   623.78  53609  53612  53604  53608  53604  53611  53597  53611  53620  53612  53574  53574  53555  53568  53571  53576  53560  53556  53579  53571
  846.022   538820   620.95   539202   619.61  53925  53926  53917  53922  53917  53926  53910  53927  53903  53929  53890  53889  53865  53880  53883  53892  53873  53869  53894  53885
  851.022   541908   622.92   542294   623.76  54239  54242  54231  54241  54231  54242  54224  54211  54220  54213  54174  54203  54182  54198  54197  54206  54189  54184  54176  54199
  856.022   544950   624.15   545367   622.94  54528  54531  54550  54530  54550  54530  54545  54531  54540  54532  54492  54491  54502  54487  54518  54495  54477  54505  54496  54487
  861.022   548268   626.93   548683   628.31  54859  54863  54881  54861  54881  54862  54878  54863  54872  54863  54825  54823  54834  54821  54848  54826  54809  54836  54827  54819
  866.023   551559   630.03   551971   630.13  55190  55194  55213  55192  55213  55193  55178  55196  55205  55197  55158  55154  55167  55152  55149  55158  55141  55169  55161  55150
  871.022   554818   638.98   555201   638.28  55519  55523  55508  55521  55510  55523  55508  55527  55535  55527  55486  55483  55495  55481  55479  55488  55470  55466  55491  55479
  876.022   557801   631.41   558188   630.57  55820  55826  55808  55823  55811  55825  55809  55830  55806  55830  55787  55786  55765  55782  55781  55790  55772  55766  55793  55779
  881.022   560860   629.73   561222   631.01  56130  56136  56117  56133  56121  56135  56117  56108  56116  56109  56097  56095  56075  56089  56088  56100  56082  56076  56071  56087
  886.022   563816   627.68   564241   627.95  56432  56437  56420  56435  56422  56437  56420  56410  56419  56409  56367  56396  56377  56391  56390  56369  56384  56379  56372  56391
  891.022   567035   626.81   567436   626.31  56733  56737  56752  56736  56755  56738  56750  56741  56751  56743  56698  56696  56707  56721  56721  56702  56684  56711  56702  56693
  896.022   570194   624.15   570665   622.54  57053  57057  57078  57059  57081  57058  57076  57063  57075  57065  57020  57018  57028  57013  57012  57023  57006  57037  57023  57014
  901.022   573396   622.42   573823   620.87  57377  57381  57398  57382  57371  57382  57364  57385  57396  57387  57343  57340  57350  57338  57338  57347  57330  57326  57346  57338
  906.023   576543   624.63   576938   625.97  57691  57695  57690  57698  57690  57697  57682  57701  57691  57703  57657  57654  57666  57652  57652  57663  57645  57644  57659  57651
  911.022   579866   630.09   580261   632.24  58024  58028  58022  58030  58022  58030  58014  58032  58025  58034  57989  57987  57997  57985  57984  57994  57978  57978  57990  57984
  916.022   583029   635.77   583392   637.01  58344  58346  58341  58350  58341  58350  58333  58321  58345  58321  58309  58306  58284  58303  58303  58314  58297  58297  58311  58305
  921.022   586202   637.99   586622   637.58  58672  58675  58670  58647  58670  58649  58662  58652  58674  58651  58607  58636  58615  58634  58634  58610  58596  58627  58608  58635
  926.022   589450   643.83   589903   640.97  58976  58977  59004  58980  59003  58982  58997  58988  59011  58985  58940  58939  58950  58936  58970  58945  58929  58963  58942  58936
  931.022   592570   642.42   593056   641.38  59295  59299  59320  59300  59320  59302  59313  59307  59296  59304  59258  59256  59269  59257  59255  59262  59248  59250  59259  59256
  936.022   595734   642.90   596123   641.59  59610  59613  59605  59616  59605  59618  59598  59627  59609  59622  59578  59570  59589  59571  59569  59578  59565  59565  59579  59570
  941.022   598955   637.27   599340   638.08  59932  59935  59928  59935  59928  59939  59921  59946  59933  59943  59901  59892  59910  59893  59893  59897  59886  59887  59902  59894
  946.023   602070   629.63   602447   634.73  60247  60248  60242  60250  60241  60253  60234  60227  60247  60258  60216  60207  60194  60208  60206  60212  60201  60202  60215  60209
  951.022   605276   632.89   605691   632.72  60573  60575  60571  60576  60571  60578  60563  60557  60575  60552  60510  60534  60522  60536  60534  60539  60527  60529  60510  60535
  956.022   608424   629.08   608877   626.53  60892  60894  60891  60895  60891  60897  60883  60874  60894  60866  60825  60852  60839  60857  60853  60821  60847  60849  60825  60856
  961.022   611561   636.20   612068   631.36  61187  61223  61219  61191  61219  61192  61212  61206  61222  61197  61158  61148  61171  61152  61182  61155  61142  61145  61156  61152
  966.022   614816   639.35   615255   639.01  61516  61520  61544  61521  61544  61522  61509  61534  61519  61526  61485  61477  61499  61481  61479  61484  61470  61475  61485  61481
  971.022   618164   641.61   618545   642.48  61851  61855  61849  61856  61849  61857  61844  61868  61854  61862  61820  61812  61833  61815  61814  61819  61805  61810  61820  61816
  976.023   621416   644.38   621752   646.63  62176  62180  62171  62180  62171  62181  62168  62159  62177  62189  62147  62136  62161  62138  62139  62144  62129  62133  62148  62141
  981.022   624554   639.40   624977   641.81  62499  62502  62496  62501  62496  62503  62491  62483  62500  62506  62464  62460  62447  62459  62460  62462  62450  62453  62436  62463
  986.022   627628   635.56   628043   633.21  62810  62813  62808  62811  62805  62813  62801  62791  62810  62781  62739  62772  62755  62771  62770  62775  62762  62764  62744  62776
  991.022   630730   640.01   631243   635.92  63101  63135  63131  63135  63130  63135  63123  63115  63132  63106  63064  63063  63079  63063  63092  63063  63085  63086  63068  63067
  996.022   633872   639.46   634389   636.54  63425  63427  63455  63426  63455  63427  63448  63440  63456  63430  63387  63387  63405  63385  63385  63386  63377  63377  63391  63392
 1001.023   637076   633.54   637466   633.85  63745  63748  63742  63746  63743  63748  63735  63761  63745  63753  63707  63708  63726  63705  63706  63707  63697  63698  63711  63711
 1006.022   640421   635.59   640805   638.31  64081  64082  64076  64080  64076  64082  64069  64095  64078  64086  64042  64042  64061  64038  64041  64042  64034  64033  64044  64044
 1011.022   643631   633.05   644006   637.38  64404  64405  64401  64402  64400  64404  64392  64387  64401  64410  64367  64365  64352  64361  64364  64368  64359  64357  64369  64369
 1016.022   646786   634.83   647199   637.79  64723  64723  64721  64721  64720  64723  64713  64706  64721  64728  64685  64684  64670  64681  64683  64686  64677  64676  64659  64685
 1021.022   649754   631.07   650167   626.78  65024  65023  65021  65021  65021  65023  65012  65003  65021  64998  64955  64985  64969  64981  64983  64987  64977  64976  64956  64985
 1026.022   652645   627.55   653211   623.05  65297  65331  65331  65328  65329  65330  65322  65308  65331  65304  65258  65257  65274  65288  65290  65260  65249  65249  65262  65258
 1031.022   655905   630.79   656293   631.80  65631  65628  65628  65626  65627  65628  65620  65641  65628  65636  65591  65590  65607  65585  65588  65592  65581  65583  65595  65593
 1036.022   659111   626.14   659502   626.38  65951  65948  65950  65946  65947  65947  65943  65963  65949  65958  65912  65910  65927  65906  65909  65912  65902  65904  65915  65914
 1041.022   662306   623.42   662666   625.10  66270  66267  66270  66264  66265  66267  66263  66254  66268  66278  66232  66229  66249  66225  66226  66231  66221  66224  66235  66234
 1046.023   665512   620.83   665905   624.52  66594  66590  66594  66588  66587  66591  66589  66578  66592  66602  66556  66553  66539  66548  66548  66555  66548  66549  66557  66559
 1051.022   668581   625.49   668976   628.07  66905  66901  66905  66897  66896  66901  66901  66888  66902  66880  66866  66863  66849  66856  66857  66865  66858  66861  66836  66870
 1056.022   671674   632.95   672174   627.32  67224  67221  67225  67219  67216  67221  67220  67208  67222  67198  67152  67182  67168  67176  67179  67185  67144  67179  67153  67156
 1061.022   674714   629.26   675206   628.89  67506  67533  67507  67531  67528  67533  67502  67521  67534  67511  67467  67464  67481  67489  67490  67466  67459  67461  67466  67471
 1066.022   677885   627.79   678288   628.19  67826  67822  67827  67821  67849  67823  67822  67842  67824  67832  67786  67784  67803  67779  67812  67786  67779  67781  67786  67789
 1071.022   681042   627.45   681442   628.79  68145  68138  68145  68139  68133  68141  68144  68162  68143  68152  68106  68102  68123  68096  68094  68104  68100  68100  68107  68110
 1076.022   684433   629.72   684804   632.14  68483  68480  68482  68480  68476  68482  68483  68465  68482  68491  68443  68441  68459  68437  68437  68443  68437  68439  68446  68451
 1081.022   687512   627.64   687909   631.03  68794  68790  68793  68790  68786  68792  68795  68775  68792  68802  68755  68751  68737  68747  68747  68756  68748  68749  68759  68763
 1086.022   690702   633.29   691133   629.83  69122  69117  69122  69120  69114  69122  69093  69104  69121  69098  69052  69080  69066  69077  69075  69084  69076  69077  69056  69059
 1091.022   693544   629.80   694070   626.78  69388  69413  69419  69417  69411  69419  69389  69401  69419  69394  69349  69345  69363  69374  69371  69350  69342  69343  69352  69355
 1096.022   696552   625.37   696990   624.53  69692  69716  69691  69692  69714  69694  69693  69705  69693  69700  69653  69649  69667  69646  69674  69654  69646  69646  69656  69661
 1101.022   699783   626.85   700195   627.25  70015  70009  70015  70017  70038  70018  70015  70029  70017  70022  69974  69973  69990  69971  69997  69977  69970  69970  69978  69983
 1106.022   703017   618.41   703425   621.73  70342  70336  70340  70344  70333  70343  70341  70356  70342  70348  70301  70301  70317  70296  70291  70302  70297  70296  70305  70311
 1111.022   705995   613.01   706402   616.50  70642  70637  70641  70644  70635  70645  70641  70625  70643  70649  70602  70602  70587  70598  70592  70603  70597  70598  70605  70611
 1116.022   709098   608.56   709511   609.16  70952  70949  70953  70955  70946  70955  70952  70935  70955  70959  70912  70912  70895  70909  70901  70915  70908  70910  70915  70921
 1121.022   712155   622.52   712679   617.42  71274  71272  71276  71277  71270  71278  71245  71257  71278  71252  71205  71205  71221  71233  71226  71238  71201  71203  71208  71215
 1126.022   715240   625.10   715700   623.83  71555  71584  71586  71557  71582  71559  71555  71570  71589  71563  71516  71516  71533  71544  71540  71519  71512  71514  71520  71526
 1131.023   718268   618.28   718672   618.01  71862  71859  71863  71863  71888  71866  71861  71876  71866  71868  71821  71821  71839  71822  71847  71824  71817  71820  71825  71832
 1136.023   721478   617.32   721876   618.12  72185  72183  72186  72187  72178  72190  72186  72199  72190  72192  72146  72146  72162  72145  72139  72149  72142  72144  72148  72157
 1141.022   724665   618.96   725030   622.95  72503  72502  72504  72506  72497  72508  72504  72487  72510  72509  72463  72464  72485  72463  72459  72468  72460  72463  72465  72475
 1146.022   727942   623.24   728342   625.12  72835  72833  72833  72838  72828  72840  72835  72818  72841  72841  72795  72795  72782  72796  72789  72799  72789  72794  72797  72806
 1151.022   731143   629.87   731581   626.04  73159  73157  73157  73162  73153  73164  73157  73144  73165  73163  73117  73117  73108  73120  73114  73122  73112  73118  73119  73096
 1156.022   733827   621.71   734368   620.40  73447  73448  73448  73450  73445  73425  73418  73438  73425  73424  73376  73375  73402  73380  73404  73381  73371  73376  73377  73385
 1161.022   737006   626.67   737466   627.47  73735  73767  73737  73740  73765  73743  73737  73757  73743  73742  73694  73690  73722  73698  73724  73698  73688  73693  73695  73704
 1166.022   740201   627.30   740622   628.07  74057  74058  74060  74062  74058  74064  74058  74077  74064  74064  74017  74012  74044  74021  74017  74022  74010  74015  74017  74026
 1171.022   743111   617.95   743556   620.64  74351  74351  74353  74355  74352  74357  74351  74371  74357  74358  74310  74306  74308  74315  74311  74317  74303  74309  74311  74321
 1176.022   746096   603.99   746506   608.52  74650  74647  74652  74654  74650  74656  74648  74636  74656  74657  74607  74605  74605  74616  74610  74615  74601  74607  74611  74619
 1181.022   749313   601.04   749720   602.18  74972  74968  74972  74975  74970  74979  74971  74957  74977  74979  74928  74927  74927  74936  74931  74937  74924  74929  74934  74940
 1186.022   752497   619.83   753003   615.34  75300  75297  75301  75303  75298  75307  75300  75284  75306  75307  75257  75256  75254  75265  75259  75233  75252  75257  75229  75235
 1191.022   755755   625.95   756290   625.28  75638  75637  75639  75641  75637  75613  75607  75622  75643  75613  75566  75562  75593  75572  75597  75573  75589  75563  75567  75573
 1196.022   758813   623.29   759254   622.72  75917  75918  75918  75920  75955  75924  75920  75937  75921  75924  75875  75873  75910  75885  75877  75885  75868  75874  75880  75886
