Test case: 
Description: 
	10 senders: persistent queues
	10 receivers: client acknowledge every 50 messages
Timestamp: 2011.11.2 0:47:31
Version: 
Setting up JMS benchmark connections... 

Start processing messages.
Fri Dec 02 00:47:31 EST 2011

  Seconds   Send   Send/Sec   Recv   Recv/Sec   RCV0   RCV1   RCV2   RCV3   RCV4   RCV5   RCV6   RCV7   RCV8   RCV9  SND10  SND11  SND12  SND13  SND14  SND15  SND16  SND17  SND18  SND19
  ------- -------- -------- -------- -------- ------ ------ ------ ------ ------ ------ ------ ------ ------ ------ ------ ------ ------ ------ ------ ------ ------ ------ ------ ------
    1.298        0     0.00        0     0.00      0      0      0      0      0      0      0      0      0      0      0      0      0      0      0      0      0      0      0      0
    6.298     1157   251.52     1156   251.30    116    116    116    114    116    116    116    116    114    116    117    117    116    115    116    114    115    117    116    114
   11.298     2786   270.42     2780   267.50    278    278    278    277    278    278    278    280    277    278    280    280    279    279    279    277    275    281    281    275
   16.298     4484   303.15     4537   302.12    455    455    455    454    455    455    455    444    454    455    444    443    456    446    444    454    453    446    446    452
   21.298     6382   325.60     6396   326.31    643    642    643    628    643    643    642    642    628    642    638    637    636    651    637    632    626    646    651    628
   26.298    11967   480.00    11960   486.18   1200   1198   1200   1183   1199   1199   1200   1199   1183   1199   1199   1194   1196   1212   1191   1179   1176   1210   1234   1176
   31.298    20598   690.07    20570   694.93   2060   2059   2061   2045   2060   2060   2060   2060   2045   2060   2062   2056   2056   2078   2055   2041   2041   2074   2099   2036
   36.298    29234   936.27    29209   941.41   2924   2924   2926   2907   2925   2924   2924   2924   2907   2924   2930   2917   2917   2946   2917   2902   2905   2942   2963   2895
   41.298    37831  1173.05    37871  1177.55   3790   3792   3792   3771   3791   3791   3791   3792   3771   3790   3798   3788   3781   3811   3785   3770   3774   3812   3744   3768
   46.298    54242  1658.49    54177  1659.66   5421   5422   5422   5402   5422   5421   5422   5422   5402   5421   5433   5436   5442   5453   5431   5425   5430   5447   5348   5397
   51.298    62212  1865.54    62086  1847.58   6211   6212   6212   6196   6213   6211   6212   6212   6196   6211   6225   6230   6238   6239   6227   6216   6226   6240   6175   6196
   56.299    70021  1934.70    69891  1926.01   6992   6994   6994   6972   6994   6993   6994   6994   6972   6992   7007   7007   7016   7020   7010   6999   7009   7019   6960   6974
   61.298    78049  1911.28    77948  1902.62   7799   7800   7800   7775   7800   7799   7800   7800   7775   7800   7812   7804   7816   7825   7812   7801   7811   7825   7765   7778
   66.299    86091  1884.33    85963  1884.09   8600   8601   8600   8580   8600   8600   8601   8601   8580   8600   8616   8611   8620   8622   8618   8601   8619   8627   8573   8584
   71.298    93746  1852.38    93719  1843.82   9377   9379   9375   9353   9375   9375   9379   9378   9353   9375   9391   9385   9398   9311   9390   9374   9389   9404   9345   9359
   76.298   101749  1572.85   101679  1567.58  10172  10174  10171  10150  10171  10171  10174  10174  10150  10172  10191  10185  10200  10115  10190  10171  10184  10200  10155  10158
   81.298   109941  1581.04   109879  1578.09  10993  10993  10991  10971  10991  10991  10993  10993  10971  10992  11011  11004  11019  10936  11008  10988  11005  11020  10975  10975
   86.298   117942  1589.68   117335  1586.83  11723  11722  11721  11780  11721  11722  11722  11722  11781  11721  11813  11810  11827  11744  11816  11797  11810  11750  11789  11786
   91.298   125546  1582.55   125153  1578.42  12505  12503  12501  12566  12501  12503  12503  12503  12566  12502  12519  12518  12613  12522  12520  12583  12595  12532  12571  12573
   96.298   133353  1575.96   133067  1575.62  13298  13296  13293  13352  13294  13296  13296  13296  13352  13294  13316  13306  13397  13310  13310  13291  13382  13325  13360  13356
  101.298   141303  1588.15   141083  1584.30  14099  14097  14094  14155  14095  14099  14097  14097  14155  14095  14119  14107  14124  14113  14112  14094  14186  14127  14162  14159
  106.298   149331  1591.48   149030  1588.96  14908  14906  14902  14890  14906  14910  14906  14906  14890  14906  14929  14917  14939  14924  14922  14903  14995  14939  14972  14891
  111.298   157222  1583.61   157000  1581.29  15706  15703  15700  15684  15704  15707  15703  15703  15687  15703  15724  15716  15730  15718  15720  15705  15713  15736  15774  15686
  116.298   165046  1578.10   164838  1594.01  16489  16487  16484  16468  16488  16490  16487  16487  16471  16487  16505  16499  16516  16498  16505  16489  16497  16518  16549  16470
  121.298   173071  1592.27   172867  1601.19  17292  17290  17288  17271  17290  17292  17289  17290  17275  17290  17308  17304  17319  17297  17304  17294  17299  17322  17354  17270
  126.299   181154  1601.48   180956  1607.01  18101  18099  18098  18079  18099  18100  18098  18099  18084  18099  18117  18113  18126  18101  18115  18100  18110  18125  18165  18082
  131.298   189082  1600.36   188968  1606.93  18901  18901  18901  18877  18901  18902  18901  18901  18882  18901  18919  18916  18922  18906  18920  18902  18907  18928  18884  18878
  136.299   196763  1589.13   196638  1577.21  19668  19667  19667  19649  19666  19668  19667  19667  19652  19667  19685  19684  19693  19672  19687  19670  19677  19692  19655  19648
  141.298   204779  1585.64   204666  1579.09  20470  20470  20470  20452  20467  20471  20470  20470  20456  20470  20489  20484  20494  20473  20487  20474  20475  20494  20455  20454
  146.298   212817  1590.54   212696  1585.84  21273  21273  21273  21255  21272  21274  21273  21273  21258  21272  21297  21285  21296  21276  21290  21277  21279  21298  21263  21256
  151.298   220910  1590.07   220793  1587.58  22082  22083  22082  22065  22082  22085  22082  22083  22068  22081  22107  22098  22104  22086  22099  22085  22088  22106  22075  22062
  156.298   228538  1569.38   228405  1566.50  22843  22844  22843  22826  22843  22846  22843  22844  22831  22842  22869  22862  22864  22850  22862  22851  22848  22872  22834  22826
  161.298   236167  1559.80   236028  1554.13  23605  23606  23605  23589  23605  23608  23605  23608  23593  23604  23634  23619  23630  23610  23624  23614  23611  23634  23600  23591
  166.299   243824  1559.05   243759  1555.79  24379  24380  24379  24361  24378  24382  24378  24380  24365  24377  24409  24392  24399  24305  24399  24388  24384  24410  24375  24363
  171.298   251403  1546.61   251335  1542.85  25144  25145  25144  25126  25144  25072  25144  25145  25129  25142  25176  25156  25164  25070  25163  25152  25153  25100  25142  25127
  176.298   259190  1540.96   258659  1537.37  25853  25855  25852  25912  25854  25858  25853  25855  25915  25852  25889  25941  25951  25856  25950  25938  25938  25885  25930  25912
  181.298   267026  1532.21   266566  1530.97  26644  26646  26642  26703  26645  26649  26644  26646  26705  26642  26679  26658  26743  26650  26740  26733  26728  26672  26722  26701
  186.298   274520  1532.92   274218  1532.32  27409  27412  27406  27468  27410  27415  27409  27412  27471  27406  27444  27419  27510  27416  27430  27423  27494  27434  27486  27464
  191.299   282004  1533.05   281701  1532.65  28172  28175  28170  28157  28172  28179  28172  28175  28159  28170  28212  28183  28198  28181  28193  28184  28258  28198  28249  28148
  196.298   289659  1533.00   289386  1531.16  28940  28943  28940  28926  28941  28947  28940  28943  28927  28939  28979  28946  28962  28948  28957  28950  29023  28962  29016  28916
  201.298   297406  1541.26   297206  1539.35  29722  29727  29722  29708  29722  29728  29722  29727  29708  29720  29758  29731  29746  29731  29741  29732  29729  29745  29800  29693
  206.298   305246  1542.89   305047  1556.64  30506  30509  30506  30494  30506  30512  30506  30511  30494  30503  30542  30513  30529  30516  30523  30518  30514  30527  30588  30476
  211.298   312893  1536.70   312719  1548.81  31274  31277  31274  31259  31274  31280  31274  31277  31259  31271  31305  31280  31294  31283  31288  31282  31279  31291  31348  31243
  216.298   320576  1540.34   320395  1549.56  32041  32045  32041  32026  32042  32048  32042  32045  32026  32039  32071  32044  32062  32053  32057  32051  32046  32063  32115  32014
  221.298   328310  1551.31   328203  1555.37  32822  32825  32821  32807  32822  32829  32822  32827  32807  32821  32850  32825  32840  32837  32836  32828  32832  32844  32821  32797
  226.298   336151  1557.62   336043  1545.54  33606  33610  33605  33592  33606  33611  33606  33610  33592  33605  33633  33608  33623  33622  33621  33615  33615  33625  33607  33582
  231.299   343827  1550.03   343720  1540.37  34373  34379  34372  34360  34373  34379  34373  34379  34360  34372  34404  34376  34390  34391  34388  34383  34378  34395  34373  34349
  236.298   351440  1537.23   351331  1532.53  35133  35140  35134  35122  35134  35140  35133  35140  35122  35133  35166  35142  35148  35153  35151  35142  35138  35160  35131  35109
  241.298   362543  1615.81   362539  1589.13  36251  36281  36255  36220  36255  36278  36255  36273  36220  36251  36303  36267  36255  36304  36272  36243  36228  36292  36177  36202
  246.298   382989  2076.41   382595  2061.64  38260  38267  38260  38249  38259  38267  38260  38265  38250  38258  38327  38286  38304  38310  38317  38291  38302  38302  38304  38246
  251.298   390615  2073.19   390216  2055.64  39022  39030  39022  39011  39021  39030  39022  39027  39011  39020  39088  39048  39065  39076  39083  39055  39065  39064  39065  39006
  256.298   398135  2059.66   397801  2046.98  39781  39787  39781  39770  39780  39787  39781  39785  39770  39779  39846  39812  39822  39758  39844  39814  39825  39824  39823  39767
  261.298   405789  2058.89   405231  2046.34  40546  40476  40546  40536  40546  40476  40546  40476  40537  40546  40608  40577  40588  40526  40615  40577  40588  40591  40586  40533
  266.298   413525  2065.84   412762  2053.86  41255  41260  41254  41319  41328  41259  41255  41260  41320  41252  41389  41355  41372  41304  41395  41357  41369  41298  41368  41318
  271.298   421216  1953.56   420463  1938.72  42034  42035  42033  42096  42029  42037  42034  42035  42097  42033  42166  42133  42149  42083  42092  42134  42148  42074  42145  42092
  276.299   428725  1522.08   428118  1522.65  42800  42801  42800  42859  42796  42801  42800  42801  42860  42800  42862  42824  42914  42845  42858  42900  42914  42839  42910  42859
  281.298   436181  1521.09   435588  1522.60  43562  43564  43562  43543  43559  43564  43562  43564  43544  43564  43623  43581  43595  43606  43616  43588  43678  43598  43675  43621
  286.298   443921  1531.31   443401  1530.20  44342  44345  44342  44327  44339  44344  44344  44345  44329  44344  44407  44366  44378  44386  44397  44371  44461  44378  44453  44324
  291.298   451631  1535.87   451174  1541.71  45119  45122  45119  45106  45116  45121  45121  45121  45106  45123  45189  45145  45160  45165  45177  45147  45165  45158  45226  45099
  296.298   459269  1532.60   458829  1545.92  45885  45888  45885  45870  45881  45887  45886  45886  45870  45891  45950  45909  45921  45930  45937  45912  45930  45925  45992  45863
  301.299   466879  1529.77   466430  1542.52  46645  46648  46645  46630  46642  46647  46646  46646  46631  46650  46711  46671  46682  46687  46700  46673  46695  46686  46752  46622
  306.298   474648  1538.37   474180  1545.76  47420  47424  47420  47405  47417  47422  47420  47420  47406  47426  47493  47445  47457  47457  47474  47447  47473  47462  47535  47405
  311.299   482485  1553.83   482095  1558.09  48212  48214  48213  48198  48208  48213  48211  48211  48199  48216  48284  48240  48249  48251  48265  48236  48267  48252  48246  48195
  316.298   490101  1547.18   489708  1536.28  48973  48975  48975  48958  48969  48975  48972  48972  48961  48978  49049  49003  49008  49012  49026  48996  49029  49013  49009  48956
  321.298   497722  1539.01   497333  1528.34  49735  49738  49737  49721  49732  49737  49734  49734  49725  49740  49811  49767  49772  49779  49786  49760  49790  49773  49771  49713
  326.298   505650  1543.76   505269  1535.20  50529  50532  50529  50514  50525  50531  50528  50528  50519  50534  50602  50557  50567  50573  50578  50555  50584  50562  50562  50510
  331.298   513500  1551.73   513099  1543.17  51311  51316  51311  51299  51309  51314  51310  51310  51302  51317  51388  51342  51353  51356  51361  51343  51371  51346  51345  51295
  336.298   521525  1552.45   521128  1549.90  52113  52120  52113  52100  52112  52117  52113  52113  52106  52121  52187  52140  52162  52162  52160  52144  52173  52150  52150  52097
  341.298   529560  1559.62   529179  1554.85  52918  52924  52918  52907  52918  52921  52918  52918  52911  52926  52991  52944  52966  52961  52968  52946  52980  52952  52956  52896
  346.298   537379  1558.93   536923  1556.58  53702  53707  53702  53691  53701  53704  53701  53702  53696  53617  53774  53730  53750  53748  53752  53725  53759  53735  53732  53674
  351.298   545266  1574.95   544656  1572.67  54497  54424  54497  54487  54421  54421  54496  54497  54490  54426  54570  54523  54549  54465  54547  54523  54556  54531  54532  54470
  356.298   553169  1578.76   552404  1576.41  55226  55228  55225  55294  55227  55227  55225  55225  55297  55230  55376  55254  55353  55268  55356  55329  55359  55262  55334  55278
  361.298   561126  1585.13   560374  1583.79  56031  56033  56030  56097  56032  56032  56030  56030  56024  56035  56105  56058  56156  56073  56158  56129  56161  56066  56137  56083
  366.298   568845  1575.42   568030  1573.95  56804  56807  56802  56791  56806  56806  56803  56803  56797  56811  56876  56831  56949  56842  56855  56916  56951  56843  56918  56864
  371.299   576548  1571.71   576021  1571.88  57604  57605  57602  57591  57606  57604  57602  57602  57597  57608  57676  57632  57658  57642  57653  57621  57664  57643  57710  57649
  376.298   584689  1582.48   584183  1585.91  58421  58422  58418  58405  58423  58421  58418  58418  58411  58426  58491  58447  58473  58457  58466  58434  58478  58457  58523  58463
  381.299   592618  1586.38   592193  1595.20  59223  59223  59219  59204  59223  59223  59219  59219  59213  59227  59292  59247  59271  59259  59270  59235  59280  59254  59322  59188
  386.298   600596  1588.39   600187  1603.46  60023  60024  60017  60000  60023  60023  60018  60021  60011  60027  60086  60046  60068  60058  60064  60033  60080  60052  60129  59980
  391.298   608297  1580.40   607874  1593.96  60790  60792  60786  60772  60791  60790  60788  60789  60782  60794  60854  60816  60839  60829  60836  60810  60851  60824  60888  60750
  396.298   616390  1592.89   615953  1605.64  61598  61600  61593  61581  61598  61598  61596  61596  61591  61602  61662  61623  61653  61639  61645  61618  61659  61633  61698  61560
  401.298   624378  1605.09   624013  1597.77  62403  62407  62400  62386  62403  62403  62401  62401  62399  62410  62471  62430  62459  62442  62453  62422  62468  62440  62429  62364
  406.298   632400  1598.52   632040  1585.67  63205  63210  63202  63189  63206  63206  63203  63206  63201  63212  63274  63233  63257  63241  63259  63226  63269  63243  63234  63164
  411.299   640113  1581.66   639794  1570.02  63981  63985  63978  63961  63981  63982  63979  63982  63977  63988  64051  64009  64024  64014  64030  63995  64037  64015  64004  63934
  416.298   647974  1577.25   647625  1568.96  64763  64766  64760  64749  64763  64765  64763  64765  64760  64771  64834  64799  64813  64798  64815  64779  64824  64798  64794  64720
  421.298   656059  1590.15   655710  1582.44  65572  65576  65567  65556  65572  65573  65572  65573  65569  65580  65638  65608  65623  65602  65628  65588  65633  65607  65604  65528
  426.298   664143  1587.35   663786  1579.40  66379  66383  66376  66362  66379  66379  66381  66380  66379  66388  66446  66415  66432  66410  66438  66400  66437  66414  66416  66335
  431.298   672049  1578.48   671639  1571.03  67173  67178  67168  67154  67173  67173  67176  67175  67175  67094  67238  67205  67222  67203  67232  67190  67226  67207  67202  67124
  436.298   679807  1567.52   679303  1565.07  67945  67872  67942  67930  67946  67945  67948  67948  67948  67879  68015  67979  67998  67972  68010  67966  67999  67982  67985  67901
  441.299   687768  1578.34   687102  1574.55  68747  68677  68746  68732  68748  68747  68675  68674  68673  68683  68814  68787  68802  68703  68813  68766  68805  68784  68789  68705
  446.298   695801  1584.50   694835  1581.68  69474  69481  69474  69536  69476  69474  69477  69479  69477  69487  69618  69591  69602  69510  69616  69567  69609  69583  69595  69510
  451.298   703531  1572.92   702632  1572.08  70254  70261  70254  70315  70257  70254  70258  70258  70255  70266  70402  70374  70378  70290  70396  70346  70387  70291  70377  70290
  456.298   710965  1557.48   710279  1557.32  71018  71025  71017  71087  71021  71020  71021  71022  71020  71028  71090  71063  71150  71053  71083  71116  71157  71054  71141  71058
  461.299   718654  1553.59   717987  1555.30  71796  71803  71796  71783  71801  71799  71801  71801  71801  71806  71870  71841  71920  71834  71862  71812  71935  71835  71913  71832
  466.298   726221  1549.93   725637  1554.83  72560  72567  72560  72550  72566  72564  72566  72566  72566  72572  72631  72608  72611  72597  72626  72574  72702  72599  72676  72597
  471.298   734101  1549.66   733584  1559.80  73354  73361  73356  73346  73360  73358  73361  73361  73360  73367  73427  73403  73406  73394  73421  73371  73496  73396  73473  73314
  476.298   741662  1536.44   741217  1556.44  74117  74125  74120  74108  74123  74121  74124  74126  74124  74129  74193  74169  74170  74157  74183  74138  74181  74159  74235  74077
  481.298   749533  1540.97   749090  1558.99  74905  74912  74907  74893  74912  74907  74913  74913  74912  74916  74983  74954  74956  74945  74975  74926  74965  74945  75024  74860
  486.298   757362  1554.36   756905  1564.63  75687  75692  75689  75675  75694  75689  75694  75694  75693  75698  75768  75732  75745  75726  75757  75711  75748  75724  75807  75644
  491.299   764941  1550.76   764544  1559.85  76451  76457  76453  76442  76457  76453  76457  76457  76457  76460  76534  76499  76511  76491  76520  76476  76513  76488  76498  76411
  496.298   772938  1565.07   772536  1558.29  77251  77256  77251  77242  77256  77252  77256  77256  77256  77260  77338  77303  77312  77293  77320  77270  77311  77289  77295  77207
  501.299   780559  1551.38   780155  1539.93  78014  78018  78014  78001  78019  78014  78018  78018  78018  78021  78097  78066  78071  78055  78079  78032  78075  78053  78060  77971
  506.298   788323  1555.40   787911  1543.76  78789  78794  78789  78778  78794  78790  78794  78793  78793  78797  78874  78843  78848  78830  78856  78811  78850  78828  78836  78747
  511.298   796170  1552.32   795742  1542.55  79572  79578  79572  79561  79578  79573  79578  79576  79574  79580  79661  79627  79634  79613  79642  79594  79633  79611  79622  79533
  516.298   803824  1540.91   803409  1534.43  80339  80344  80339  80327  80345  80339  80345  80344  80340  80347  80424  80394  80403  80378  80406  80360  80397  80380  80388  80294
  521.298   811683  1550.72   811266  1542.17  81123  81131  81123  81112  81131  81123  81131  81131  81126  81135  81205  81181  81192  81165  81190  81150  81183  81168  81174  81075
  526.298   819479  1541.41   818967  1535.37  81901  81907  81901  81892  81909  81901  81907  81907  81905  81837  81985  81965  81971  81944  81972  81931  81961  81944  81954  81852
  531.298   827173  1543.07   826406  1540.02  82692  82608  82692  82678  82610  82692  82608  82608  82606  82612  82683  82757  82756  82646  82761  82719  82745  82735  82737  82634
  536.299   834893  1547.52   834102  1545.03  83393  83398  83393  83457  83400  83466  83398  83398  83397  83402  83472  83454  83533  83433  83539  83494  83525  83510  83517  83416
  541.298   842830  1550.23   842028  1550.64  84192  84197  84193  84258  84201  84192  84197  84197  84197  84204  84273  84254  84332  84233  84342  84294  84327  84235  84320  84220
  546.298   850722  1563.64   850056  1562.87  84995  85000  84995  85059  85005  84994  85000  85000  85000  85008  85082  85057  85134  85034  85072  85022  85130  85042  85125  85024
  551.298   858716  1565.65   857931  1565.89  85790  85797  85790  85774  85801  85789  85796  85794  85796  85804  85879  85850  85944  85831  85860  85816  85934  85834  85933  85835
  556.298   866309  1566.48   865708  1568.49  86569  86574  86569  86553  86578  86568  86572  86571  86572  86582  86656  86627  86633  86607  86641  86600  86705  86613  86701  86526
  561.298   874291  1578.62   873771  1589.43  87375  87383  87375  87360  87385  87373  87378  87378  87377  87387  87463  87433  87441  87414  87452  87406  87433  87414  87504  87331
  566.298   882344  1589.82   881817  1601.23  88181  88188  88179  88165  88190  88178  88182  88182  88181  88191  88272  88241  88246  88224  88257  88209  88234  88218  88308  88135
  571.298   890440  1595.07   889895  1606.28  88989  88996  88987  88974  88997  88986  88989  88989  88989  88999  89082  89049  89058  89037  89069  89019  89040  89028  89116  88942
  576.298   898075  1589.03   897627  1593.39  89761  89769  89760  89747  89773  89759  89761  89761  89761  89775  89857  89820  89833  89807  89839  89794  89809  89797  89806  89713
  581.298   906018  1582.28   905538  1590.00  90552  90561  90551  90541  90562  90551  90551  90552  90552  90565  90649  90614  90626  90600  90638  90584  90603  90594  90606  90504
  586.298   914036  1596.60   913552  1597.97  91355  91360  91352  91341  91363  91354  91352  91355  91354  91366  91450  91415  91426  91402  91444  91383  91403  91399  91410  91304
  591.298   922055  1595.27   921574  1581.48  92157  92162  92154  92144  92165  92157  92154  92157  92156  92168  92250  92220  92231  92203  92244  92185  92204  92198  92211  92109
  596.298   930046  1588.42   929581  1575.34  92958  92963  92953  92943  92969  92958  92953  92957  92957  92970  93052  93022  93030  93003  93046  92981  93002  92995  93008  92907
  601.298   937735  1571.90   937246  1566.09  93726  93729  93719  93710  93735  93725  93719  93724  93724  93735  93820  93789  93799  93772  93816  93751  93770  93764  93781  93673
  606.298   945828  1587.05   945342  1575.20  94535  94539  94528  94520  94544  94535  94529  94533  94535  94544  94627  94599  94611  94586  94625  94561  94579  94573  94587  94480
  611.298   953824  1586.33   953347  1581.16  95343  95348  95337  95328  95276  95343  95337  95341  95343  95351  95362  95406  95420  95394  95428  95369  95388  95377  95394  95286
  616.298   961912  1590.34   961368  1586.04  96160  96088  96155  96148  96093  96160  96155  96158  96160  96091  96174  96222  96242  96132  96242  96183  96209  96199  96210  96099
  621.298   969663  1576.95   968959  1575.03  96851  96858  96937  96925  96861  96941  96937  96939  96851  96859  96946  97005  97020  96900  97020  96954  96983  96978  96983  96874
  626.298   977494  1577.11   976591  1575.00  97652  97658  97649  97712  97660  97651  97649  97650  97652  97658  97745  97715  97809  97701  97808  97742  97772  97765  97777  97660
  631.298   985505  1585.39   984599  1586.56  98453  98457  98449  98513  98461  98451  98449  98451  98455  98460  98544  98514  98608  98506  98612  98543  98576  98566  98577  98459
  636.298   993449  1585.36   992699  1586.66  99261  99268  99259  99324  99273  99261  99259  99259  99265  99270  99353  99321  99419  99317  99348  99354  99384  99301  99384  99268
  641.299  1001218  1578.22  1000451  1580.67 100043 100052 100040 100027 100058 100045 100042 100042 100048 100054 100138 100103 100119 100098 100128 100140 100174 100081 100178 100059
  646.298  1009098  1573.36  1008353  1576.68 100832 100841 100831 100821 100846 100835 100832 100834 100838 100843 100927 100899 100912 100890 100920 100922 100957 100876 100958 100837
  651.298  1016988  1585.50  1016463  1594.09 101643 101651 101642 101633 101654 101647 101643 101646 101650 101654 101737 101710 101724 101702 101728 101659 101696 101687 101774 101571
  656.298  1025083  1591.93  1024558  1609.68 102452 102461 102451 102443 102464 102457 102451 102455 102459 102465 102544 102523 102534 102509 102539 102472 102505 102496 102582 102379
  661.298  1033088  1593.50  1032574  1609.85 103252 103264 103251 103240 103268 103259 103251 103258 103262 103269 103349 103325 103335 103309 103337 103269 103302 103298 103393 103171
  666.298  1040804  1586.44  1040356  1593.99 104032 104042 104030 104020 104043 104039 104029 104036 104041 104044 104127 104105 104114 104087 104117 104050 104085 104077 104088 103954
  671.298  1048886  1597.10  1048432  1597.13 104839 104850 104838 104829 104849 104846 104836 104844 104849 104852 104934 104913 104919 104895 104923 104863 104897 104885 104897 104760
  676.298  1056986  1599.38  1056504  1600.59 105646 105657 105645 105638 105658 105651 105643 105650 105656 105660 105743 105727 105731 105704 105734 105672 105703 105697 105709 105566
  681.298  1065030  1604.26  1064542  1595.10 106450 106460 106448 106441 106462 106456 106447 106455 106460 106463 106546 106532 106534 106511 106538 106477 106506 106500 106514 106372
  686.299  1072753  1587.62  1072292  1574.83 107224 107236 107222 107213 107239 107231 107221 107230 107236 107240 107330 107307 107304 107283 107315 107248 107275 107269 107280 107142
  691.298  1080727  1586.14  1080247  1574.46 108020 108032 108018 108012 108032 108025 108017 108025 108032 108034 108119 108101 108106 108077 108111 108045 108073 108065 108087 107943
  696.298  1088745  1596.16  1088280  1582.74 108822 108836 108822 108815 108836 108828 108822 108827 108836 108836 108919 108904 108906 108881 108912 108846 108874 108869 108887 108747
  701.298  1096691  1586.43  1096308  1580.96 109626 109638 109626 109618 109638 109631 109626 109629 109638 109638 109643 109705 109707 109682 109714 109653 109678 109668 109694 109547
  706.298  1104628  1573.72  1103929  1572.72 110426 110346 110426 110413 110345 110428 110426 110427 110346 110346 110425 110509 110503 110478 110511 110444 110474 110463 110483 110338
  711.298  1112389  1568.56  1111618  1566.81 111196 111131 111196 111187 111130 111122 111196 111197 111132 111131 111211 111281 111280 111252 111283 111220 111251 111234 111261 111116
  716.298  1120271  1579.08  1119415  1576.19 111922 111934 111998 111990 111934 111925 111922 111922 111934 111934 112014 112006 112083 111975 112087 112026 112058 112036 112067 111919
  721.298  1128365  1580.62  1127429  1580.76 112730 112744 112730 112798 112744 112735 112730 112730 112744 112744 112824 112819 112892 112784 112894 112837 112867 112846 112875 112727
  726.298  1136280  1581.58  1135412  1581.61 113536 113550 113536 113529 113550 113541 113536 113535 113549 113550 113629 113629 113697 113592 113616 113648 113674 113577 113683 113535
  731.298  1143887  1572.28  1143055  1568.69 114299 114317 114299 114294 114317 114302 114299 114298 114313 114317 114394 114396 114471 114353 114379 114339 114449 114343 114456 114307
  736.298  1151887  1575.48  1151078  1582.13 115101 115118 115101 115096 115120 115108 115101 115101 115114 115118 115195 115204 115263 115157 115181 115143 115243 115145 115252 115104
  741.298  1159729  1586.04  1159159  1595.34 115909 115928 115908 115904 115928 115916 115909 115908 115922 115927 116002 116013 115996 115962 115990 115947 115972 115951 116060 115836
  746.298  1167725  1589.95  1167158  1602.17 116709 116728 116708 116703 116728 116715 116709 116709 116721 116728 116801 116811 116801 116758 116790 116749 116776 116746 116859 116634
  751.298  1175350  1574.09  1174790  1589.30 117472 117491 117471 117468 117491 117478 117472 117472 117484 117491 117566 117577 117565 117519 117552 117513 117536 117505 117622 117395
  756.299  1182928  1560.30  1182375  1568.29 118232 118250 118230 118226 118248 118236 118232 118231 118242 118248 118322 118341 118320 118275 118309 118273 118296 118265 118378 118149
  761.298  1190554  1560.94  1189990  1567.55 118995 119011 118992 118986 119010 118998 118995 118993 119002 119008 119088 119103 119083 119037 119072 119031 119058 119028 119139 118915
  766.298  1198105  1545.87  1197611  1551.34 119755 119775 119752 119749 119774 119760 119755 119755 119764 119772 119852 119862 119846 119802 119837 119793 119820 119793 119826 119674
  771.298  1205906  1540.32  1205430  1537.53 120538 120558 120534 120527 120557 120542 120536 120535 120548 120555 120636 120644 120621 120586 120619 120572 120599 120577 120602 120450
  776.298  1213850  1537.53  1213349  1529.31 121331 121348 121326 121322 121347 121334 121329 121328 121338 121346 121426 121431 121418 121376 121412 121363 121398 121375 121405 121246
  781.298  1221947  1550.60  1221437  1539.56 122139 122156 122135 122132 122156 122143 122137 122136 122147 122156 122236 122243 122226 122184 122224 122173 122208 122189 122207 122057
  786.298  1230030  1562.57  1229525  1552.27 122947 122965 122945 122941 122965 122951 122946 122945 122955 122965 123045 123049 123036 122993 123032 122984 123017 122998 123013 122863
  791.298  1237694  1561.50  1236947  1557.94 123711 123653 123710 123707 123653 123717 123711 123710 123722 123653 123810 123810 123799 123763 123797 123751 123787 123762 123784 123631
  796.298  1245432  1563.42  1244765  1560.40 124496 124426 124496 124492 124426 124504 124496 124495 124507 124427 124504 124598 124582 124546 124577 124535 124573 124546 124558 124413
  801.299  1253172  1570.84  1252509  1566.91 125281 125224 125283 125278 125225 125215 125281 125281 125216 125225 125300 125307 125369 125257 125363 125325 125362 125332 125352 125205
  806.298  1260795  1562.21  1260197  1558.99 126050 125993 126050 126048 125994 125983 126050 126050 125984 125995 126068 126077 126140 126026 126134 126099 126132 126024 126120 125975
  811.298  1268645  1554.31  1268048  1551.43 126834 126780 126834 126832 126781 126769 126834 126834 126770 126780 126852 126866 126928 126811 126921 126878 126916 126809 126904 126760
  816.298  1276424  1543.76  1275590  1543.22 127543 127564 127543 127617 127566 127553 127543 127543 127554 127564 127639 127652 127713 127594 127628 127662 127704 127595 127690 127547
  821.298  1284012  1543.93  1283178  1551.38 128309 128331 128309 128308 128335 128318 128309 128309 128319 128331 128405 128419 128401 128359 128395 128432 128471 128361 128457 128312
  826.298  1291425  1540.85  1290847  1546.32 129077 129097 129077 129074 129101 129084 129077 129076 129086 129098 129168 129183 129160 129124 129158 129120 129161 129129 129222 129000
  831.298  1299247  1543.61  1298656  1548.61 129858 129877 129858 129853 129886 129865 129858 129857 129866 129878 129947 129966 129944 129909 129936 129901 129945 129910 130005 129784
  836.298  1307121  1552.03  1306531  1552.37 130647 130663 130647 130641 130673 130651 130647 130645 130652 130665 130732 130750 130732 130697 130725 130690 130731 130699 130796 130569
  841.299  1314777  1545.50  1314176  1545.34 131411 131429 131411 131404 131438 131417 131411 131409 131417 131429 131498 131516 131492 131461 131492 131457 131497 131466 131562 131336
  846.298  1322401  1540.39  1321807  1543.24 132173 132194 132173 132167 132201 132181 132173 132171 132181 132193 132265 132279 132254 132221 132256 132219 132259 132227 132325 132096
  851.298  1330019  1543.86  1329495  1546.64 132942 132961 132942 132938 132971 132949 132942 132939 132950 132961 133030 133046 133021 132988 133028 132988 133035 133001 133015 132867
  856.298  1337890  1551.61  1337364  1548.22 133728 133748 133728 133724 133759 133737 133728 133725 133738 133749 133818 133832 133806 133776 133816 133774 133820 133787 133806 133655
  861.298  1345656  1547.26  1345133  1546.89 134504 134525 134505 134501 134538 134514 134505 134502 134515 134524 134593 134608 134586 134552 134592 134553 134596 134561 134581 134434
  866.298  1353269  1538.36  1352683  1538.42 135267 135289 135267 135264 135223 135278 135267 135265 135276 135287 135354 135368 135348 135312 135354 135317 135355 135320 135345 135196
  871.298  1360893  1531.86  1360321  1525.02 136030 136054 136030 136028 135986 136044 136030 136027 136041 136051 136117 136129 136109 136078 136118 136082 136116 136084 136104 135956
  876.298  1368778  1535.89  1368190  1533.47 136818 136840 136818 136817 136774 136828 136818 136816 136825 136836 136907 136918 136900 136863 136907 136869 136907 136868 136891 136748
  881.299  1376605  1540.20  1375867  1538.26 137601 137548 137601 137600 137556 137610 137601 137599 137607 137544 137688 137701 137688 137643 137689 137651 137689 137652 137673 137531
  886.298  1384259  1533.32  1383528  1531.54 138367 138314 138367 138366 138321 138378 138367 138365 138374 138309 138455 138469 138453 138407 138453 138415 138451 138419 138442 138295
  891.298  1391755  1528.96  1391104  1527.15 139131 139081 139131 139131 139088 139066 139131 139131 139139 139075 139143 139236 139221 139172 139217 139179 139214 139108 139206 139059
  896.298  1399403  1530.22  1398734  1530.45 139906 139849 139906 139906 139856 139830 139906 139907 139826 139842 139910 140011 139995 139863 139989 139960 139989 139871 139980 139835
  901.299  1407266  1537.99  1406591  1540.74 140699 140644 140699 140699 140651 140626 140699 140614 140621 140639 140705 140715 140793 140659 140783 140754 140780 140668 140780 140629
  906.298  1414755  1535.17  1413992  1536.98 141389 141414 141389 141389 141425 141400 141389 141392 141396 141409 141483 141496 141484 141437 141478 141441 141545 141445 141553 141393
  911.298  1422373  1530.82  1421693  1537.84 142159 142185 142159 142159 142196 142169 142159 142162 142165 142180 142251 142263 142257 142210 142249 142208 142313 142217 142319 142086
  916.298  1430029  1530.79  1429340  1534.85 142924 142949 142924 142924 142960 142933 142924 142926 142930 142946 143019 143029 143022 142975 143012 142975 143083 142979 143085 142850
  921.298  1437762  1541.38  1437147  1542.52 143704 143730 143704 143704 143741 143713 143704 143708 143711 143728 143798 143810 143807 143754 143800 143755 143787 143755 143866 143630
  926.299  1445567  1546.54  1444953  1548.52 144486 144509 144486 144486 144517 144494 144486 144489 144492 144508 144578 144594 144585 144535 144578 144538 144565 144536 144646 144412
  931.298  1453218  1539.51  1452608  1536.56 145251 145275 145251 145251 145285 145259 145251 145254 145257 145274 145341 145359 145351 145299 145345 145306 145328 145302 145412 145175
  936.298  1460761  1543.88  1460225  1543.74 146012 146036 146012 146012 146048 146022 146012 146015 146019 146037 146104 146118 146113 146061 146105 146070 146091 146063 146098 145938
  941.298  1468635  1547.38  1468107  1549.77 146800 146824 146800 146800 146836 146809 146801 146804 146806 146827 146889 146905 146902 146847 146894 146857 146882 146845 146887 146727
  946.298  1476430  1549.23  1475896  1552.05 147578 147603 147578 147578 147613 147590 147581 147585 147585 147605 147672 147685 147682 147630 147670 147641 147656 147625 147666 147503
  951.298  1484091  1544.56  1483563  1542.32 148346 148369 148346 148346 148378 148355 148349 148352 148351 148371 148440 148447 148450 148396 148435 148409 148421 148388 148434 148271
  956.298  1491725  1531.19  1491112  1526.09 149109 149133 149109 149109 149065 149117 149110 149115 149112 149133 149206 149211 149214 149158 149199 149171 149183 149152 149197 149034
  961.298  1499510  1532.37  1498914  1526.66 149890 149913 149890 149890 149837 149898 149893 149898 149894 149911 149985 149992 149994 149939 149978 149949 149958 149930 149968 149817
  966.298  1507155  1536.64  1506402  1531.95 150652 150600 150653 150653 150611 150661 150655 150660 150657 150600 150748 150756 150757 150704 150743 150715 150722 150693 150735 150582
  971.298  1515036  1536.38  1514277  1531.24 151439 151389 151439 151439 151397 151448 151443 151449 151444 151390 151537 151544 151546 151491 151534 151503 151510 151481 151521 151369
  976.298  1522908  1535.34  1522215  1532.92 152236 152175 152236 152236 152185 152244 152240 152246 152241 152176 152245 152339 152339 152289 152336 152298 152306 152280 152312 152164
  981.298  1530633  1541.44  1529953  1538.86 153009 152956 153007 153007 152963 153015 153011 153016 153012 152957 153035 153107 153107 153058 153105 153066 153079 153048 153091 152937
  986.298  1538539  1553.12  1537858  1556.04 153814 153763 153814 153812 153770 153744 153815 153746 153817 153763 153842 153915 153911 153789 153911 153870 153884 153777 153897 153743
  991.298  1546387  1560.44  1545567  1563.02 154539 154563 154539 154613 154571 154547 154539 154550 154543 154563 154645 154638 154711 154587 154636 154668 154684 154579 154695 154544
  996.298  1554053  1565.44  1553293  1573.52 155319 155343 155320 155319 155351 155325 155319 155331 155324 155342 155427 155418 155418 155369 155414 155372 155472 155355 155479 155329
 1001.299  1561899  1564.97  1561155  1573.09 156105 156129 156105 156105 156139 156112 156104 156117 156110 156129 156214 156204 156204 156154 156203 156157 156252 156139 156262 156110
 1006.298  1569904  1572.01  1569219  1574.73 156911 156934 156912 156912 156945 156919 156911 156925 156916 156934 157026 157013 157012 156961 157008 156960 157063 156950 157070 156841
 1011.298  1577899  1580.87  1577200  1582.72 157708 157732 157710 157710 157743 157718 157709 157724 157714 157732 157828 157809 157809 157761 157810 157760 157864 157750 157870 157638
 1016.298  1585520  1573.58  1584901  1575.82 158475 158502 158478 158478 158519 158490 158475 158498 158484 158502 158601 158575 158576 158530 158577 158531 158552 158521 158655 158402
 1021.298  1593487  1580.54  1592942  1584.60 159283 159304 159285 159285 159318 159293 159283 159299 159289 159303 159399 159383 159383 159330 159383 159335 159363 159323 159377 159211
 1026.298  1601503  1592.23  1600945  1591.39 160084 160105 160084 160084 160118 160093 160084 160100 160089 160104 160204 160185 160186 160129 160183 160138 160161 160125 160179 160013
 1031.298  1609611  1598.61  1609060  1597.40 160896 160917 160896 160896 160930 160902 160896 160910 160901 160916 161013 160993 160998 160941 160991 160953 160974 160935 160986 160827
 1036.298  1617425  1588.54  1616887  1584.42 161677 161701 161677 161677 161715 161686 161677 161694 161683 161700 161794 161775 161778 161731 161773 161733 161751 161718 161767 161605
 1041.298  1625317  1583.49  1624680  1580.34 162465 162489 162465 162465 162423 162472 162465 162480 162469 162487 162582 162558 162565 162518 162561 162524 162546 162510 162559 162394
 1046.298  1633373  1590.34  1632748  1582.42 163271 163295 163271 163271 163231 163279 163271 163288 163276 163295 163386 163366 163369 163322 163367 163333 163350 163317 163364 163199
 1051.298  1641455  1591.61  1640830  1583.86 164080 164103 164079 164080 164039 164087 164081 164095 164084 164102 164192 164175 164178 164127 164181 164142 164156 164126 164171 164007
 1056.298  1649126  1579.16  1648324  1570.97 164846 164790 164844 164846 164800 164851 164846 164861 164850 164790 164959 164943 164942 164895 164948 164910 164928 164891 164939 164771
 1061.298  1657102  1569.95  1656298  1564.14 165643 165585 165642 165644 165597 165651 165643 165659 165649 165585 165756 165741 165736 165691 165744 165711 165728 165689 165740 165566
 1066.298  1664737  1567.18  1663944  1563.79 166412 166364 166411 166413 166373 166423 166412 166354 166418 166364 166452 166515 166505 166461 166516 166479 166496 166461 166513 166339
 1071.298  1672352  1558.07  1671569  1560.69 167181 167136 167181 167181 167142 167116 167181 167125 167190 167136 167219 167284 167275 167232 167285 167253 167267 167151 167281 167105
 1076.298  1680234  1554.60  1679463  1557.28 167978 167932 167980 167978 167938 167913 167980 167922 167908 167934 168011 168083 168073 167949 168082 168046 168063 167944 168079 167904
 1081.298  1687641  1539.65  1687023  1542.40 168742 168696 168666 168741 168701 168677 168742 168687 168672 168699 168781 168771 168760 168714 168845 168731 168826 168704 168842 168667
 1086.298  1695314  1539.13  1694443  1547.62 169429 169461 169431 169430 169468 169443 169429 169451 169438 169463 169548 169539 169525 169479 169617 169495 169590 169471 169614 169436
 1091.298  1703247  1540.77  1702464  1549.19 170231 170263 170232 170232 170270 170245 170231 170255 170241 170264 170351 170339 170328 170283 170341 170297 170387 170274 170416 170231
 1096.298  1710894  1541.60  1710134  1547.47 170997 171031 170997 170997 171037 171012 170997 171023 171010 171033 171118 171102 171095 171048 171107 171061 171151 171036 171178 170998
 1101.298  1718482  1547.99  1717923  1547.68 171775 171810 171775 171775 171817 171791 171775 171802 171790 171813 171899 171886 171874 171827 171885 171842 171861 171814 171887 171707
 1106.298  1726368  1548.12  1725806  1547.42 172563 172600 172563 172562 172604 172580 172563 172593 172577 172601 172688 172677 172668 172615 172672 172630 172649 172600 172675 172494
 1111.298  1734012  1556.02  1733462  1548.24 173331 173364 173331 173329 173369 173344 173331 173358 173341 173364 173453 173439 173432 173379 173440 173396 173414 173360 173442 173257
 1116.299  1741882  1562.74  1741359  1563.01 174116 174159 174116 174115 174163 174133 174116 174152 174130 174159 174241 174228 174219 174169 174222 174186 174198 174149 174227 174043
 1121.298  1749691  1558.58  1749148  1556.43 174899 174935 174899 174898 174937 174910 174900 174927 174909 174934 175011 175008 175003 174951 175002 174968 174979 174931 175012 174826
 1126.298  1757320  1550.17  1756770  1549.46 175662 175697 175662 175658 175700 175672 175663 175690 175671 175695 175772 175769 175768 175713 175765 175732 175742 175695 175773 175591
 1131.298  1765261  1562.37  1764622  1554.45 176454 176490 176454 176450 176417 176466 176459 176482 176463 176487 176567 176560 176561 176511 176562 176525 176535 176488 176567 176385
 1136.298  1772932  1546.98  1772131  1544.19 177220 177179 177220 177215 177182 177232 177225 177249 177232 177177 177338 177326 177331 177282 177328 177294 177296 177255 177331 177151
 1141.298  1780948  1557.58  1780054  1548.72 178022 177977 178022 178016 177980 178033 178027 177968 178033 177976 178140 178127 178133 178087 178130 178097 178099 178055 178131 177949
 1146.298  1788559  1548.54  1787694  1539.58 178784 178744 178784 178779 178747 178793 178788 178738 178793 178744 178897 178887 178896 178845 178891 178858 178864 178814 178895 178712
 1151.298  1796606  1556.44  1795751  1548.39 179591 179549 179591 179583 179551 179598 179594 179545 179599 179550 179702 179692 179706 179649 179694 179660 179669 179621 179697 179516
 1156.298  1804614  1566.61  1803821  1563.52 180399 180355 180399 180392 180357 180405 180401 180351 180407 180355 180507 180501 180516 180382 180504 180470 180475 180430 180504 180325
 1161.298  1812549  1566.38  1811820  1568.42 181199 181155 181200 181191 181157 181204 181201 181151 181207 181155 181235 181303 181316 181184 181304 181270 181276 181230 181305 181126
 1166.298  1820118  1567.99  1819474  1576.38 181987 181933 181987 181975 181936 181901 181989 181928 181906 181932 182009 182001 182014 181958 182089 182062 182057 181927 182088 181913
 1171.298  1827945  1566.88  1827285  1577.28 182769 182724 182769 182760 182726 182698 182695 182720 182701 182723 182806 182797 182807 182754 182874 182766 182845 182724 182875 182697
 1176.298  1836056  1583.79  1835245  1593.15 183504 183535 183505 183571 183536 183508 183506 183531 183514 183535 183618 183606 183617 183566 183689 183575 183651 183534 183690 183510
 1181.298  1844125  1584.70  1843297  1592.99 184311 184339 184312 184376 184340 184314 184313 184334 184319 184339 184422 184415 184422 184375 184498 184381 184455 184346 184493 184318
 1186.298  1851911  1580.84  1851164  1588.69 185101 185137 185102 185092 185142 185104 185104 185133 185110 185139 185213 185209 185212 185167 185210 185172 185260 185135 185207 185126
 1191.298  1859626  1577.16  1858954  1576.49 185883 185912 185885 185874 185915 185886 185886 185907 185892 185914 185991 185994 185995 185945 185997 185951 186030 185919 185988 185816
 1196.298  1867638  1592.08  1866968  1586.21 186685 186714 186686 186676 186715 186688 186688 186708 186693 186715 186794 186795 186792 186745 186799 186753 186830 186722 186789 186619
