Test case: 
Description: 
	10 senders: persistent queues
	10 receivers: client acknowledge every 50 messages
Timestamp: 2011.11.2 0:47:31
Version: 
Setting up JMS benchmark connections... 

Start processing messages.
Fri Dec 02 00:47:31 EST 2011

  Seconds   Send   Send/Sec   Recv   Recv/Sec   RCV0   RCV1   RCV2   RCV3   RCV4   RCV5   RCV6   RCV7   RCV8   RCV9  SND10  SND11  SND12  SND13  SND14  SND15  SND16  SND17  SND18  SND19
  ------- -------- -------- -------- -------- ------ ------ ------ ------ ------ ------ ------ ------ ------ ------ ------ ------ ------ ------ ------ ------ ------ ------ ------ ------
    1.269        0     0.00        0     0.00      0      0      0      0      0      0      0      0      0      0      0      0      0      0      0      0      0      0      0      0
    6.269     1142   248.26     1154   244.78    115    115    117    115    115    115    115    115    117    115    116    113    113    115    114    114    113    115    116    113
   11.269     2770   266.35     2780   266.88    278    278    278    278    278    278    278    278    278    278    277    276    276    278    277    277    277    278    279    275
   16.269     4420   301.78     4418   302.60    441    442    442    442    442    441    442    442    442    442    441    452    439    440    441    442    440    443    442    440
   21.269     6340   323.47     6394   326.22    633    641    641    641    641    633    641    641    641    641    638    629    624    629    640    641    635    640    633    631
   26.269    11859   482.07    11954   485.93   1188   1198   1195   1198   1198   1188   1198   1195   1198   1198   1190   1182   1172   1170   1193   1197   1185   1201   1185   1184
   31.269    20469   691.52    20570   694.93   2050   2060   2056   2060   2060   2050   2060   2054   2060   2060   2051   2043   2030   2034   2053   2058   2045   2064   2044   2047
   36.269    29115   938.69    29216   941.68   2914   2924   2922   2924   2924   2914   2924   2919   2926   2925   2920   2908   2893   2898   2916   2922   2911   2930   2911   2906
   41.269    37789  1172.22    37869  1159.70   3779   3789   3788   3790   3789   3779   3789   3783   3792   3791   3791   3777   3763   3762   3783   3789   3779   3794   3776   3775
   46.269    54469  1666.28    54177  1625.94   5410   5419   5419   5420   5420   5410   5420   5414   5422   5423   5453   5463   5433   5436   5437   5451   5438   5461   5448   5449
   51.270    62391  1870.20    62082  1847.48   6202   6208   6208   6210   6211   6202   6211   6206   6212   6212   6246   6256   6225   6230   6228   6240   6233   6250   6242   6241
   56.269    70185  1941.41    69887  1921.41   6981   6988   6989   6990   6992   6981   6992   6986   6994   6994   7031   7035   7003   7009   7006   7021   7011   7026   7018   7025
   61.269    78195  1915.40    77931  1896.98   7783   7793   7793   7794   7799   7783   7798   7788   7800   7800   7829   7839   7807   7805   7810   7826   7813   7828   7813   7825
   66.269    86231  1889.80    85960  1878.09   8590   8595   8594   8598   8601   8589   8599   8593   8600   8601   8635   8642   8613   8611   8608   8630   8614   8631   8618   8629
   71.269    93947  1854.73    93724  1843.92   9365   9371   9371   9374   9379   9364   9374   9369   9378   9379   9407   9417   9383   9380   9380   9403   9387   9400   9390   9400
   76.269   101937  1566.22   101461  1568.10  10165  10168  10169  10171  10095  10163  10171  10168  10095  10096  10206  10218  10183  10178  10177  10201  10188  10198  10191  10197
   81.269   110077  1577.17   109434  1578.71  10985  10988  10912  10914  10916  10983  10914  10987  10917  10918  11029  11040  11000  11004  10997  10946  11010  11015  11016  11020
   86.270   117773  1586.43   117189  1587.37  11714  11717  11718  11722  11722  11714  11721  11715  11722  11724  11758  11851  11808  11815  11732  11750  11742  11749  11742  11826
   91.269   125609  1579.80   125008  1579.77  12497  12500  12500  12503  12504  12497  12501  12497  12503  12506  12541  12637  12588  12601  12512  12534  12525  12533  12526  12612
   96.270   133337  1575.64   132923  1575.94  13287  13292  13293  13295  13295  13287  13293  13287  13296  13298  13332  13346  13369  13384  13302  13324  13317  13325  13314  13324
  101.269   141280  1585.81   140934  1584.23  14088  14093  14094  14097  14096  14088  14093  14089  14097  14099  14137  14146  14095  14184  14104  14130  14119  14122  14117  14126
  106.269   149305  1589.53   149034  1596.41  14899  14902  14902  14906  14907  14899  14902  14900  14906  14911  14945  14955  14905  14917  14917  14942  14926  14930  14928  14940
  111.269   157271  1583.64   157006  1596.32  15696  15700  15699  15703  15704  15696  15699  15697  15703  15709  15745  15742  15696  15713  15713  15744  15728  15725  15728  15737
  116.269   165117  1588.78   164837  1598.98  16478  16484  16482  16488  16487  16478  16482  16480  16486  16492  16528  16530  16478  16501  16495  16530  16511  16508  16514  16522
  121.269   173127  1594.56   172871  1606.14  17281  17288  17286  17291  17290  17281  17286  17284  17289  17295  17325  17332  17283  17296  17301  17332  17310  17311  17317  17320
  126.269   181216  1606.73   180957  1609.38  18089  18098  18094  18100  18099  18089  18094  18093  18098  18103  18131  18137  18094  18105  18108  18144  18120  18119  18125  18133
  131.269   189201  1608.14   188965  1596.63  18887  18901  18896  18901  18899  18887  18896  18894  18899  18905  18931  18939  18892  18901  18905  18943  18921  18917  18923  18929
  136.270   196888  1591.61   196626  1579.19  19655  19667  19662  19667  19664  19653  19662  19660  19665  19671  19698  19712  19661  19673  19674  19714  19688  19685  19685  19698
  141.269   204929  1588.99   204650  1578.29  20458  20470  20463  20470  20466  20456  20465  20463  20466  20473  20506  20514  20462  20479  20478  20518  20492  20486  20492  20502
  146.269   212967  1590.72   212676  1580.19  21260  21273  21266  21273  21268  21258  21268  21264  21269  21277  21309  21315  21268  21278  21282  21321  21296  21291  21297  21310
  151.269   221063  1588.27   220770  1581.83  22069  22084  22075  22082  22076  22067  22076  22075  22078  22088  22117  22127  22076  22084  22092  22134  22105  22100  22109  22119
  156.269   228681  1567.21   228396  1566.07  22833  22845  22837  22844  22840  22829  22840  22838  22841  22849  22879  22889  22839  22844  22852  22896  22867  22866  22873  22876
  161.269   236317  1555.60   235945  1553.93  23596  23607  23600  23608  23602  23592  23602  23602  23601  23535  23642  23654  23602  23608  23616  23659  23625  23629  23640  23642
  166.269   244046  1557.20   243454  1556.26  24368  24304  24374  24306  24377  24363  24377  24376  24301  24308  24413  24427  24375  24381  24384  24433  24398  24407  24413  24415
  171.269   251616  1543.66   250873  1543.36  25134  25068  25139  25072  25065  25128  25064  25064  25067  25072  25178  25191  25139  25143  25152  25195  25088  25172  25177  25181
  176.269   259244  1537.62   258661  1538.05  25920  25855  25849  25858  25853  25915  25850  25850  25854  25857  25890  25974  25928  25932  25862  25904  25876  25955  25959  25964
  181.269   266990  1530.94   266491  1531.74  26635  26646  26639  26649  26645  26705  26639  26640  26645  26648  26679  26762  26717  26727  26651  26695  26666  26670  26671  26752
  186.269   274503  1532.72   274069  1532.65  27400  27412  27404  27415  27411  27395  27404  27406  27410  27412  27442  27525  27408  27492  27419  27459  27432  27438  27441  27447
  191.270   281995  1532.87   281705  1535.62  28165  28175  28167  28181  28174  28157  28167  28170  28174  28175  28205  28216  28168  28184  28183  28225  28196  28205  28201  28212
  196.269   289675  1531.17   289386  1541.34  28934  28943  28935  28949  28941  28926  28935  28939  28941  28943  28974  28984  28936  28946  28954  28996  28966  28974  28967  28978
  201.269   297487  1539.30   297200  1554.60  29716  29723  29716  29731  29722  29707  29717  29720  29722  29726  29756  29763  29717  29725  29737  29776  29750  29755  29747  29761
  206.269   305339  1546.81   305037  1556.24  30500  30507  30500  30514  30505  30493  30501  30503  30506  30508  30540  30544  30501  30510  30523  30563  30539  30537  30532  30550
  211.269   312994  1543.81   312699  1550.66  31266  31275  31266  31279  31272  31259  31266  31268  31273  31275  31305  31306  31264  31276  31290  31330  31306  31300  31297  31320
  216.269   320680  1549.56   320374  1548.69  32034  32042  32034  32047  32038  32025  32034  32035  32042  32043  32070  32078  32033  32044  32060  32098  32073  32069  32066  32089
  221.270   328496  1555.45   328179  1549.45  32815  32822  32815  32828  32818  32805  32815  32816  32822  32823  32852  32859  32809  32829  32842  32881  32853  32855  32847  32869
  226.269   336356  1553.86   336021  1547.25  33599  33606  33601  33611  33602  33590  33599  33601  33606  33606  33640  33645  33594  33613  33626  33667  33642  33640  33632  33657
  231.269   344023  1548.93   343693  1537.18  34366  34373  34368  34379  34370  34358  34366  34368  34373  34372  34405  34410  34363  34381  34390  34430  34409  34407  34403  34425
  236.269   351650  1538.58   351313  1527.10  35130  35135  35130  35140  35133  35120  35128  35130  35134  35133  35170  35172  35127  35143  35154  35190  35176  35169  35162  35187
  241.269   362768  1602.23   362476  1587.60  36243  36256  36247  36279  36251  36211  36233  36250  36255  36251  36303  36255  36215  36244  36280  36311  36314  36296  36248  36302
  246.269   383365  2080.30   382578  2061.85  38255  38260  38256  38267  38259  38249  38253  38259  38260  38260  38343  38332  38316  38313  38313  38365  38355  38355  38315  38358
  251.270   390995  2072.02   390119  2055.94  39017  39022  39017  38952  39021  39010  39015  39021  39022  39022  39111  39095  39080  39073  39073  39126  39119  39120  39077  39121
  256.269   398509  2062.92   397711  2047.25  39778  39780  39777  39711  39781  39770  39775  39779  39779  39781  39871  39853  39840  39830  39829  39883  39805  39878  39838  39882
  261.269   406017  2062.48   404919  2046.85  40469  40470  40544  40476  40471  40537  40542  40469  40470  40471  40561  40617  40605  40595  40518  40646  40572  40644  40610  40649
  266.269   413775  2069.63   412596  2053.96  41252  41252  41250  41259  41254  41319  41250  41253  41253  41254  41343  41399  41389  41378  41303  41432  41356  41351  41393  41431
  271.269   421400  1957.32   420294  1940.20  42031  42030  42026  42037  42031  42020  42028  42030  42030  42031  42124  42177  42171  42157  42079  42130  42132  42127  42172  42131
  276.269   428984  1523.36   427952  1522.62  42797  42796  42792  42801  42797  42786  42794  42796  42796  42797  42889  42943  42935  42923  42847  42900  42898  42891  42861  42897
  281.269   436436  1522.27   435557  1524.82  43556  43556  43552  43563  43556  43544  43556  43559  43559  43556  43647  43704  43621  43610  43612  43658  43658  43649  43623  43654
  286.270   444195  1533.09   443369  1532.15  44337  44336  44334  44343  44337  44329  44337  44340  44339  44337  44430  44407  44403  44397  44393  44445  44441  44430  44406  44443
  291.269   451965  1541.88   451139  1551.01  45114  45112  45111  45119  45115  45106  45115  45117  45116  45114  45207  45185  45185  45175  45165  45222  45217  45209  45184  45216
  296.269   459620  1538.47   458782  1549.92  45879  45875  45875  45885  45879  45870  45880  45881  45881  45877  45969  45946  45947  45939  45936  45990  45984  45978  45948  45983
  301.270   467221  1537.62   466394  1546.98  46641  46637  46637  46644  46641  46630  46642  46642  46642  46638  46731  46705  46704  46697  46694  46748  46748  46740  46710  46744
  306.269   474978  1540.92   474142  1550.05  47415  47411  47411  47419  47415  47405  47418  47417  47418  47413  47506  47483  47481  47472  47469  47521  47526  47516  47483  47521
  311.269   482883  1550.97   482062  1550.37  48205  48204  48204  48210  48207  48199  48211  48209  48209  48204  48294  48274  48275  48265  48262  48308  48314  48304  48274  48313
  316.269   490501  1546.39   489678  1536.43  48967  48965  48966  48971  48969  48961  48973  48970  48971  48965  49054  49036  49037  49025  49022  49070  49079  49069  49035  49074
  321.269   498128  1536.17   497308  1523.52  49729  49727  49729  49736  49730  49725  49735  49733  49735  49729  49821  49798  49799  49787  49784  49834  49843  49832  49794  49836
  326.270   506055  1542.89   505245  1533.62  50522  50522  50522  50529  50525  50518  50529  50528  50528  50522  50612  50592  50590  50581  50575  50628  50635  50627  50587  50628
  331.269   513889  1548.07   513079  1541.16  51306  51306  51305  51311  51310  51302  51311  51311  51310  51307  51393  51374  51374  51365  51355  51409  51424  51414  51370  51411
  336.269   521836  1551.69   521108  1550.48  52108  52109  52109  52115  52112  52106  52113  52114  52112  52110  52197  52174  52176  52169  52156  52213  52154  52215  52169  52213
  341.269   529888  1554.26   529153  1555.07  52913  52915  52914  52919  52915  52911  52918  52919  52915  52914  53005  52982  52981  52973  52963  53017  52957  53018  52972  53020
  346.269   537519  1556.56   536714  1556.50  53699  53698  53696  53611  53699  53695  53610  53609  53699  53698  53699  53763  53761  53754  53658  53801  53723  53806  53752  53802
  351.270   545450  1572.82   544331  1572.85  54418  54417  54491  54421  54418  54490  54421  54420  54418  54417  54507  54562  54556  54550  54469  54602  54533  54522  54550  54599
  356.269   553439  1577.07   552223  1576.50  55222  55221  55220  55224  55224  55218  55226  55224  55222  55222  55310  55371  55361  55363  55272  55329  55343  55328  55356  55406
  361.269   561491  1584.36   560279  1583.89  56028  56028  56025  56029  56029  56024  56031  56030  56027  56028  56115  56174  56170  56167  56075  56135  56146  56138  56161  56210
  366.269   569179  1576.11   568010  1573.89  56801  56801  56800  56801  56802  56797  56804  56803  56800  56801  56887  56954  56959  56953  56847  56906  56920  56912  56940  56901
  371.269   576891  1574.73   576008  1572.32  57601  57601  57599  57601  57602  57598  57604  57601  57600  57601  57685  57665  57746  57666  57644  57703  57719  57708  57653  57702
  376.269   584983  1592.75   584169  1592.45  58418  58416  58412  58418  58419  58414  58421  58418  58416  58417  58502  58484  58483  58484  58463  58520  58534  58525  58468  58520
  381.269   592971  1594.66   592179  1605.64  59219  59217  59214  59218  59219  59214  59223  59221  59217  59217  59300  59281  59280  59283  59260  59319  59339  59324  59266  59319
  386.270   600948  1594.26   600173  1609.06  60021  60014  60014  60018  60021  60013  60022  60021  60014  60015  60104  60076  60074  60074  60061  60118  60142  60124  60063  60112
  391.269   608660  1580.36   607862  1596.80  60789  60783  60783  60786  60789  60783  60789  60788  60787  60785  60870  60848  60848  60850  60831  60890  60911  60895  60833  60884
  396.269   616742  1593.52   615946  1598.26  61597  61592  61592  61594  61597  61592  61597  61597  61595  61593  61678  61658  61657  61654  61642  61695  61720  61706  61640  61692
  401.269   624807  1600.26   624007  1585.09  62403  62399  62399  62400  62402  62399  62403  62402  62400  62400  62485  62464  62463  62460  62450  62501  62527  62511  62446  62500
  406.269   632828  1595.37   632031  1580.74  63206  63201  63201  63201  63206  63201  63206  63205  63202  63202  63290  63271  63262  63263  63249  63304  63327  63311  63250  63301
  411.269   640554  1584.53   639785  1566.98  63982  63976  63975  63976  63981  63977  63982  63981  63978  63977  64067  64042  64033  64035  64026  64074  64103  64084  64019  64071
  416.269   648421  1580.32   647612  1566.46  64765  64759  64759  64759  64763  64759  64765  64763  64760  64760  64851  64831  64816  64827  64814  64858  64887  64868  64812  64857
  421.269   656498  1592.70   655695  1579.92  65573  65567  65566  65566  65572  65568  65573  65572  65570  65568  65661  65637  65620  65639  65622  65667  65695  65675  65620  65662
  426.269   664494  1582.21   663778  1579.46  66382  66376  66373  66374  66380  66378  66381  66380  66378  66376  66469  66446  66431  66444  66431  66475  66426  66483  66423  66466
  431.269   672421  1570.17   671446  1570.77  67087  67170  67167  67166  67174  67171  67086  67085  67171  67169  67265  67238  67227  67241  67223  67270  67209  67273  67216  67259
  436.269   680020  1565.70   678979  1564.97  67871  67944  67941  67942  67868  67944  67870  67869  67866  67942  67961  68013  68003  68017  67919  68043  67993  68047  67988  68036
  441.269   688072  1576.51   686779  1574.36  68676  68669  68743  68667  68671  68669  68675  68672  68669  68668  68768  68820  68806  68825  68727  68851  68797  68849  68790  68839
  446.269   696107  1582.42   694753  1581.91  69481  69474  69471  69472  69476  69474  69479  69478  69474  69474  69571  69623  69610  69625  69526  69657  69605  69655  69595  69640
  451.270   703769  1573.83   702550  1572.32  70261  70254  70251  70251  70256  70254  70258  70258  70253  70254  70355  70402  70394  70407  70305  70361  70384  70366  70375  70420
  456.269   711285  1561.91   710189  1557.42  71025  71018  71014  71014  71021  71017  71022  71021  71017  71020  71120  71093  71169  71179  71070  71127  71148  71124  71144  71111
  461.269   718982  1557.33   717979  1561.56  71802  71797  71793  71792  71801  71796  71802  71801  71796  71799  71897  71873  71867  71949  71851  71909  71927  71904  71915  71890
  466.269   726490  1559.40   725625  1562.68  72567  72561  72558  72556  72567  72559  72567  72566  72561  72563  72666  72643  72631  72637  72617  72674  72693  72666  72606  72657
  471.270   734440  1555.97   733574  1570.30  73361  73357  73352  73351  73362  73356  73362  73360  73356  73357  73462  73442  73427  73432  73413  73466  73485  73462  73398  73453
  476.269   742054  1541.85   741204  1558.76  74124  74120  74114  74112  74125  74120  74125  74123  74120  74121  74224  74206  74186  74190  74175  74227  74247  74223  74158  74218
  481.269   749901  1545.39   749081  1561.50  74913  74907  74902  74900  74912  74907  74913  74912  74907  74908  75010  74993  74968  74973  74958  75012  75031  75011  74941  75004
  486.269   757720  1553.01   756896  1559.55  75694  75688  75685  75680  75694  75689  75694  75692  75690  75690  75791  75777  75748  75756  75740  75794  75811  75791  75725  75787
  491.269   765380  1551.98   764546  1542.52  76458  76453  76450  76447  76458  76455  76457  76457  76456  76455  76554  76541  76517  76522  76504  76558  76576  76558  76496  76554
  496.269   773365  1565.13   772537  1553.56  77256  77253  77249  77247  77257  77255  77256  77255  77255  77254  77354  77339  77311  77320  77309  77354  77376  77357  77293  77352
  501.269   780999  1554.78   780155  1537.77  78018  78016  78010  78007  78018  78017  78018  78017  78017  78017  78114  78103  78076  78085  78077  78115  78139  78119  78056  78115
  506.269   788759  1556.98   787910  1541.64  78793  78791  78786  78784  78793  78793  78793  78792  78793  78792  78891  78880  78855  78860  78853  78890  78914  78894  78833  78889
  511.269   796597  1551.61   795741  1540.40  79576  79574  79570  79568  79574  79576  79576  79575  79576  79576  79678  79663  79639  79643  79639  79674  79695  79678  79617  79671
  516.269   804110  1541.21   803409  1534.66  80343  80340  80337  80334  80340  80343  80343  80343  80343  80343  80366  80432  80406  80408  80409  80442  80385  80442  80383  80437
  521.269   811967  1542.92   811110  1542.11  81128  81124  81123  81121  81123  81128  81128  81053  81054  81128  81153  81215  81190  81195  81195  81230  81174  81222  81169  81224
  526.269   819691  1536.58   818590  1535.34  81831  81902  81901  81899  81901  81831  81831  81832  81833  81829  81933  81995  81976  81971  81900  82009  81957  82000  81947  82003
  531.269   827524  1540.30   826050  1540.10  82607  82603  82602  82601  82602  82607  82607  82608  82608  82605  82711  82785  82767  82751  82678  82794  82737  82786  82728  82787
  536.269   835357  1545.97   833957  1545.20  83397  83393  83393  83392  83393  83397  83397  83400  83399  83396  83498  83565  83548  83533  83468  83573  83526  83567  83512  83567
  541.269   843054  1551.17   841960  1550.97  84197  84194  84193  84192  84193  84197  84197  84200  84201  84196  84305  84287  84272  84329  84266  84293  84331  84289  84314  84368
  546.269   851083  1568.50   849990  1563.07  85000  84996  84995  84995  84996  85000  85000  85005  85005  84998  85109  85089  85072  85131  85071  85096  85138  85090  85117  85170
  551.269   858962  1570.67   857945  1571.64  85796  85790  85790  85789  85790  85796  85798  85801  85801  85794  85904  85877  85862  85935  85869  85885  85938  85884  85924  85884
  556.269   866655  1573.49   865721  1581.58  86573  86569  86569  86568  86569  86572  86574  86578  86578  86571  86679  86655  86644  86698  86646  86671  86717  86661  86617  86667
  561.270   874724  1581.36   873782  1601.80  87381  87373  87373  87373  87373  87379  87383  87385  87384  87378  87487  87463  87448  87505  87457  87480  87518  87465  87424  87477
  566.269   882699  1586.04   881831  1606.51  88186  88179  88179  88178  88178  88183  88188  88190  88189  88181  88291  88267  88256  88230  88265  88286  88327  88267  88229  88281
  571.269   890784  1596.32   889908  1608.94  88993  88986  88988  88986  88986  88991  88996  88997  88996  88989  89102  89076  89065  89037  89073  89091  89133  89077  89036  89094
  576.269   898513  1582.82   897638  1590.23  89766  89757  89760  89759  89759  89765  89768  89773  89769  89762  89879  89847  89839  89804  89846  89866  89911  89847  89808  89866
  581.269   906455  1586.14   905551  1584.93  90556  90551  90552  90551  90551  90555  90559  90563  90561  90552  90669  90641  90635  90607  90639  90663  90697  90641  90602  90661
  586.269   914465  1596.74   913565  1580.10  91356  91352  91355  91354  91352  91357  91359  91365  91360  91355  91472  91439  91435  91406  91440  91467  91497  91444  91403  91462
  591.269   922486  1595.22   921584  1578.98  92158  92153  92157  92156  92153  92159  92162  92168  92162  92156  92275  92241  92237  92207  92245  92265  92302  92241  92207  92266
  596.269   930486  1591.21   929591  1572.15  92958  92953  92957  92956  92953  92959  92963  92973  92963  92956  93082  93041  93032  92999  93048  93068  93107  93039  93003  93067
  601.269   938087  1566.95   937179  1563.42  93726  93719  93724  93723  93719  93726  93729  93660  93730  93723  93843  93805  93805  93773  93811  93836  93796  93807  93773  93838
  606.269   946098  1578.93   945275  1575.13  94535  94530  94535  94533  94530  94535  94539  94468  94539  94531  94572  94613  94613  94580  94622  94646  94610  94616  94578  94648
  611.269   954103  1583.62   953204  1581.01  95343  95338  95343  95342  95338  95343  95272  95276  95270  95339  95379  95420  95419  95389  95353  95456  95420  95424  95389  95454
  616.270   962276  1587.89   961060  1585.94  96082  96156  96082  96081  96156  96082  96088  96091  96086  96156  96196  96238  96239  96203  96171  96270  96234  96241  96207  96277
  621.269   970034  1574.97   968523  1575.13  96850  96848  96851  96850  96847  96852  96858  96862  96857  96848  96968  97014  97016  96977  96941  97050  97004  97019  96989  97056
  626.269   977878  1574.97   976529  1575.10  97651  97650  97652  97651  97650  97652  97657  97661  97655  97650  97766  97802  97806  97769  97737  97762  97803  97808  97779  97846
  631.269   985738  1588.86   984539  1589.26  98453  98451  98453  98452  98451  98453  98458  98461  98456  98451  98564  98606  98610  98566  98545  98561  98604  98533  98502  98647
  636.269   993843  1592.07   992627  1589.05  99262  99261  99261  99260  99260  99260  99267  99272  99265  99259  99373  99420  99423  99378  99354  99367  99411  99346  99313  99458
  641.269  1001419  1584.66  1000455  1585.60 100046 100044 100043 100042 100042 100040 100051 100058 100049 100040 100152 100123 100123 100166 100140 100147 100191 100126 100090 100161
  646.269  1009329  1576.46  1008354  1587.10 100837 100832 100832 100832 100834 100832 100842 100847 100837 100829 100943 100918 100917 100952 100926 100939 100979 100919 100883 100953
  651.270  1017432  1588.04  1016467  1608.91 101649 101643 101643 101643 101646 101643 101653 101658 101649 101640 101753 101730 101727 101763 101735 101749 101789 101731 101691 101764
  656.269  1025473  1597.20  1024561  1609.35 102459 102451 102452 102452 102454 102451 102463 102469 102460 102450 102566 102543 102538 102498 102548 102564 102598 102541 102500 102577
  661.269  1033454  1591.85  1032576  1602.55 103261 103251 103253 103253 103254 103251 103265 103274 103264 103250 103368 103338 103336 103288 103348 103364 103402 103342 103297 103371
  666.269  1041269  1583.62  1040366  1591.54 104042 104031 104034 104032 104034 104031 104042 104049 104041 104030 104149 104125 104120 104076 104128 104143 104179 104119 104076 104154
  671.269  1049348  1600.54  1048441  1594.77 104850 104838 104841 104839 104841 104838 104850 104857 104849 104838 104958 104928 104929 104885 104938 104954 104987 104924 104886 104959
  676.269  1057418  1603.49  1056516  1590.50 105658 105645 105649 105646 105649 105645 105657 105664 105658 105645 105765 105736 105738 105689 105744 105764 105793 105736 105690 105763
  681.269  1065454  1598.24  1064553  1587.17 106462 106449 106452 106450 106452 106448 106461 106468 106462 106449 106568 106542 106546 106495 106546 106569 106595 106537 106489 106567
  686.269  1073184  1583.27  1072217  1572.33 107239 107224 107227 107223 107227 107222 107237 107155 107239 107224 107348 107312 107318 107262 107324 107342 107370 107308 107263 107337
  691.270  1081164  1583.29  1080187  1574.93 108033 108020 108024 108019 108024 108018 108033 107964 108032 108020 108143 108112 108119 108066 108119 108137 108164 108103 108064 108137
  696.269  1089039  1587.92  1087991  1582.92 108759 108823 108829 108822 108829 108822 108759 108767 108759 108822 108868 108916 108923 108870 108919 108937 108891 108908 108866 108941
  701.269  1096992  1583.62  1096026  1581.41 109561 109629 109632 109628 109632 109627 109561 109569 109562 109625 109672 109719 109725 109675 109645 109740 109690 109711 109670 109745
  706.269  1104908  1571.83  1103675  1573.14 110346 110334 110338 110424 110339 110426 110345 110354 110346 110423 110453 110515 110520 110468 110427 110537 110475 110509 110469 110535
  711.269  1112622  1567.26  1111256  1567.16 111131 111120 111125 111118 111125 111119 111131 111140 111130 111117 111243 111291 111292 111246 111213 111306 111265 111206 111249 111311
  716.269  1120644  1577.25  1119292  1579.70 111934 111922 111929 111921 111927 111922 111934 111948 111934 111921 112046 112093 112091 112050 112015 112109 112068 112008 112051 112113
  721.269  1128580  1580.89  1127386  1583.91 112745 112730 112739 112731 112736 112730 112745 112756 112744 112730 112857 112902 112899 112861 112824 112840 112877 112814 112782 112924
  726.269  1136657  1587.03  1135449  1592.60 113551 113536 113546 113537 113543 113537 113551 113562 113550 113536 113664 113711 113704 113671 113630 113644 113684 113625 113592 113732
  731.269  1144169  1577.43  1143094  1579.41 114318 114299 114308 114300 114306 114300 114317 114331 114316 114299 114431 114398 114391 114442 114395 114406 114450 114389 114362 114505
  736.269  1152120  1581.68  1151115  1589.36 115121 115102 115110 115103 115109 115103 115119 115129 115117 115102 115236 115202 115194 115240 115195 115212 115259 115190 115171 115221
  741.270  1160192  1593.79  1159198  1606.21 115929 115911 115917 115912 115917 115912 115928 115936 115925 115911 116045 116006 116003 116045 116002 116016 116069 115998 115980 116028
  746.269  1168109  1590.29  1167189  1604.75 116727 116711 116716 116711 116717 116711 116727 116735 116723 116711 116843 116803 116804 116771 116804 116817 116864 116796 116781 116826
  751.269  1175749  1577.68  1174818  1581.38 117490 117475 117478 117474 117479 117473 117490 117499 117488 117472 117608 117567 117569 117534 117569 117579 117626 117560 117546 117591
  756.269  1183335  1558.72  1182400  1565.37 118248 118233 118236 118232 118237 118233 118248 118255 118247 118231 118367 118320 118328 118293 118328 118335 118387 118318 118306 118353
  761.269  1190949  1562.38  1190014  1559.46 119008 118995 118998 118994 118999 118995 119008 119015 119009 118993 119125 119081 119090 119054 119087 119096 119146 119085 119071 119114
  766.269  1198568  1551.01  1197635  1540.81 119771 119755 119760 119756 119760 119756 119770 119779 119774 119754 119888 119844 119849 119815 119853 119857 119908 119845 119834 119875
  771.269  1206363  1534.38  1205460  1522.37 120555 120538 120544 120536 120544 120538 120554 120560 120556 120535 120671 120619 120626 120587 120637 120635 120693 120625 120617 120653
  776.269  1214224  1534.63  1213302  1524.13 121347 121331 121334 121329 121335 121331 121345 121275 121347 121328 121384 121418 121421 121384 121427 121431 121484 121420 121408 121447
  781.269  1222322  1549.93  1221237  1539.60 122081 122139 122142 122137 122145 122139 122153 122085 122080 122136 122196 122225 122227 122197 122234 122242 122299 122229 122217 122256
  786.269  1230321  1558.50  1229213  1552.70 122880 122949 122951 122946 122956 122948 122875 122885 122879 122944 122999 123033 123037 123004 122960 123053 123111 123037 123027 123060
  791.269  1238012  1563.93  1236904  1558.19 123654 123714 123717 123712 123721 123713 123651 123659 123653 123710 123773 123806 123807 123778 123736 123815 123873 123804 123791 123829
  796.269  1245738  1564.45  1244622  1561.06 124427 124501 124502 124497 124413 124500 124425 124435 124426 124496 124547 124591 124592 124556 124508 124603 124564 124591 124578 124608
  801.269  1253565  1568.69  1252315  1567.15 125226 125208 125212 125283 125215 125209 125222 125234 125225 125281 125344 125381 125382 125345 125304 125385 125365 125300 125361 125398
  806.269  1261102  1562.65  1259922  1561.81 125995 125975 125981 125972 125985 125978 125991 126001 125995 126049 126112 126149 126152 126116 126074 126076 126136 126070 126051 126166
  811.269  1268971  1555.28  1267702  1559.18 126780 126760 126768 126758 126770 126765 126777 126789 126779 126756 126897 126934 126936 126901 126861 126866 126920 126860 126841 126955
  816.269  1276745  1549.90  1275547  1554.83 127564 127545 127553 127543 127556 127549 127561 127573 127563 127540 127676 127722 127640 127689 127646 127652 127702 127650 127626 127742
  821.269  1284325  1549.15  1283216  1554.15 128332 128311 128318 128310 128322 128316 128327 128342 128330 128308 128442 128414 128408 128451 128411 128417 128469 128416 128392 128505
  826.269  1291981  1546.61  1290875  1549.60 129097 129077 129084 129076 129089 129083 129093 129106 129096 129074 129206 129181 129174 129214 129178 129183 129233 129182 129157 129273
  831.269  1299793  1546.21  1298688  1553.56 129877 129858 129866 129856 129869 129865 129875 129889 129879 129854 129990 129966 129955 129997 129953 129965 130013 129966 129935 130053
  836.269  1307514  1557.45  1306564  1557.48 130664 130647 130652 130644 130656 130651 130663 130678 130666 130643 130774 130751 130745 130709 130741 130753 130799 130755 130724 130763
  841.270  1315170  1547.75  1314209  1550.30 131429 131409 131417 131408 131420 131416 131429 131443 131431 131407 131541 131515 131512 131474 131505 131515 131570 131521 131487 131530
  846.269  1322798  1542.90  1321843  1543.34 132194 132171 132181 132171 132183 132179 132193 132205 132195 132171 132304 132277 132277 132240 132267 132273 132334 132282 132251 132293
  851.269  1330488  1538.86  1329532  1536.21 132961 132941 132950 132941 132952 132949 132961 132975 132963 132939 133068 133044 133049 133009 133040 133045 133103 133047 133020 133063
  856.269  1338358  1543.52  1337325  1543.36 133748 133726 133738 133726 133740 133736 133748 133689 133749 133725 133857 133828 133833 133793 133829 133831 133896 133834 133805 133852
  861.269  1346141  1542.74  1345094  1537.10 134524 134504 134515 134503 134516 134513 134523 134466 134528 134502 134635 134604 134612 134571 134611 134608 134674 134610 134584 134632
  866.269  1353764  1536.64  1352724  1525.97 135286 135266 135279 135266 135279 135276 135288 135228 135291 135265 135393 135365 135371 135334 135375 135372 135438 135374 135348 135394
  871.269  1361387  1532.64  1360279  1525.05 136051 136027 136043 136028 136043 136041 136052 135991 135976 136027 136157 136123 136132 136096 136141 136133 136202 136140 136108 136155
  876.269  1369127  1539.26  1367994  1533.32 136759 136816 136829 136817 136828 136826 136760 136779 136765 136815 136866 136916 136925 136889 136928 136925 136911 136924 136900 136943
  881.269  1376813  1544.19  1375749  1538.15 137543 137599 137537 137601 137610 137608 137544 137560 137548 137599 137651 137700 137711 137674 137632 137709 137695 137629 137684 137728
  886.270  1384479  1532.48  1383255  1533.72 138307 138365 138302 138368 138301 138300 138309 138327 138313 138363 138417 138466 138476 138442 138397 138473 138463 138398 138451 138496
  891.269  1392045  1527.65  1390901  1529.40 139071 139131 139066 139133 139065 139064 139074 139091 139078 139128 139180 139225 139239 139209 139162 139237 139228 139164 139141 139260
  896.269  1399755  1528.76  1398491  1529.87 139836 139906 139830 139820 139829 139828 139838 139858 139844 139902 139945 140002 140016 139985 139926 140013 139995 139929 139907 140037
  901.269  1407728  1540.03  1406276  1543.52 140634 140611 140626 140616 140623 140626 140635 140657 140641 140607 140747 140797 140809 140784 140724 140812 140793 140726 140700 140836
  906.269  1415289  1541.39  1414027  1542.20 141407 141391 141400 141395 141399 141400 141406 141428 141413 141388 141518 141562 141498 141555 141498 141505 141569 141504 141477 141603
  911.269  1422903  1541.54  1421721  1540.10 142176 142162 142169 142164 142169 142168 142175 142198 142183 142157 142285 142254 142264 142322 142270 142274 142337 142276 142248 142373
  916.269  1430477  1540.99  1429367  1544.92 142941 142926 142933 142929 142933 142932 142940 142963 142948 142922 143050 143018 143028 143009 143035 143040 143103 143044 143011 143139
  921.269  1438209  1549.13  1437173  1550.17 143719 143708 143712 143712 143712 143713 143720 143744 143729 143704 143830 143804 143808 143790 143813 143825 143884 143822 143792 143841
  926.269  1446005  1552.01  1444975  1554.73 144499 144488 144492 144493 144492 144494 144500 144522 144508 144487 144611 144582 144592 144565 144591 144606 144667 144602 144571 144618
  931.269  1453669  1539.04  1452625  1550.15 145263 145252 145257 145256 145257 145258 145265 145291 145274 145252 145377 145348 145360 145334 145358 145373 145431 145365 145339 145384
  936.269  1461295  1533.46  1460247  1540.77 146026 146014 146018 146019 146018 146021 146027 146054 146036 146014 146139 146111 146119 146094 146121 146133 146197 146131 146102 146148
  941.269  1469194  1543.27  1468046  1544.38 146814 146804 146806 146805 146804 146808 146815 146765 146823 146802 146932 146901 146908 146888 146914 146923 146983 146918 146891 146936
  946.269  1476962  1546.88  1475844  1538.86 147594 147585 147585 147585 147584 147589 147594 147546 147601 147581 147714 147679 147679 147663 147693 147700 147759 147692 147670 147713
  951.269  1484636  1545.32  1483506  1531.86 148360 148351 148352 148351 148351 148355 148359 148310 148368 148349 148478 148446 148447 148429 148461 148467 148529 148461 148436 148482
  956.270  1492263  1537.05  1491053  1525.94 149123 149113 149114 149114 149113 149117 149120 149072 149057 149110 149243 149208 149208 149193 149225 149232 149289 149226 149195 149244
  961.269  1500055  1535.54  1498853  1526.74 149904 149896 149896 149898 149896 149898 149901 149846 149826 149892 150025 149985 149986 149969 150007 150016 150069 150008 149974 150016
  966.269  1507495  1537.57  1506504  1532.20 150668 150659 150660 150660 150660 150661 150664 150617 150601 150654 150715 150753 150754 150737 150697 150781 150760 150773 150736 150789
  971.269  1515280  1536.14  1514299  1534.03 151378 151447 151448 151448 151448 151448 151451 151402 151389 151440 151502 151540 151540 151522 151479 151569 151546 151483 151522 151577
  976.269  1523181  1533.09  1521778  1535.27 152160 152243 152153 152154 152153 152154 152158 152191 152177 152235 152286 152334 152333 152314 152264 152363 152331 152268 152316 152372
  981.269  1530892  1539.28  1529514  1541.29 152944 152938 152940 152939 152940 152939 152943 152968 152958 153005 153071 153108 153107 153091 153048 153134 153115 153057 153014 153147
  986.270  1538941  1553.51  1537573  1558.58 153750 153744 153746 153745 153746 153745 153750 153774 153764 153809 153873 153909 153911 153900 153855 153940 153918 153866 153819 153950
  991.269  1546881  1561.23  1545511  1565.76 154552 154544 154548 154547 154548 154548 154551 154574 154565 154534 154675 154710 154711 154704 154658 154666 154720 154666 154620 154751
  996.269  1554630  1573.42  1553306  1567.75 155332 155324 155326 155326 155326 155327 155332 155354 155344 155315 155456 155417 155500 155492 155440 155448 155500 155442 155400 155535
 1001.269  1562413  1576.61  1561171  1570.30 156118 156110 156113 156113 156113 156114 156117 156142 156129 156102 156242 156204 156204 156274 156231 156234 156287 156231 156185 156321
 1006.269  1570487  1582.38  1569237  1590.00 156925 156917 156920 156920 156920 156920 156924 156949 156934 156908 157046 157011 157013 157080 157042 157044 157097 157036 156988 157130
 1011.269  1578410  1591.91  1577230  1595.64 157725 157714 157719 157719 157719 157719 157724 157749 157735 157707 157845 157812 157813 157802 157844 157845 157899 157832 157788 157930
 1016.269  1586020  1577.03  1584945  1584.01 158498 158484 158489 158491 158491 158490 158495 158526 158507 158474 158618 158578 158580 158565 158616 158615 158669 158601 158559 158619
 1021.269  1594067  1575.62  1592972  1584.85 159300 159289 159293 159293 159294 159293 159297 159325 159308 159280 159424 159387 159390 159368 159420 159417 159471 159403 159361 159426
 1026.269  1602071  1584.26  1600902  1589.46 160100 160089 160093 160094 160094 160093 160098 160049 160109 160083 160226 160188 160191 160171 160217 160217 160272 160206 160163 160220
 1031.269  1610190  1593.07  1609006  1587.33 160910 160901 160902 160905 160903 160902 160908 160861 160920 160894 161040 161000 161007 160983 161025 161026 161084 161014 160979 161032
 1036.269  1618014  1579.40  1616832  1572.68 161694 161684 161684 161690 161686 161685 161693 161636 161705 161675 161827 161781 161783 161760 161812 161806 161871 161802 161762 161810
 1041.269  1625893  1580.44  1624703  1569.90 162480 162470 162471 162475 162472 162471 162478 162432 162491 162463 162613 162569 162570 162556 162597 162592 162658 162588 162548 162602
 1046.269  1633958  1590.54  1632687  1581.51 163287 163275 163276 163283 163279 163276 163283 163239 163220 163269 163421 163373 163378 163364 163402 163398 163468 163395 163352 163407
 1051.269  1641971  1592.08  1640770  1583.29 164094 164084 164084 164091 164087 164084 164091 164047 164029 164079 164227 164182 164186 164174 164137 164208 164278 164206 164160 164213
 1056.269  1649469  1576.88  1648339  1572.92 164781 164850 164849 164857 164852 164849 164857 164808 164791 164845 164914 164949 164953 164942 164900 164977 164965 164969 164923 164977
 1061.269  1657441  1570.44  1656141  1566.74 165574 165648 165649 165569 165651 165649 165569 165604 165585 165643 165709 165748 165755 165737 165695 165776 165753 165770 165724 165774
 1066.269  1665092  1566.98  1663810  1566.24 166354 166417 166419 166350 166346 166418 166350 166382 166362 166412 166486 166515 166528 166510 166473 166545 166529 166466 166493 166547
 1071.269  1672723  1561.38  1671280  1560.44 167125 167110 167113 167120 167116 167112 167120 167150 167133 167181 167257 167289 167296 167279 167240 167320 167298 167236 167187 167321
 1076.269  1680612  1555.23  1679246  1557.05 167920 167908 167909 167916 167913 167908 167916 167948 167930 167978 168054 168085 168093 168073 168034 168041 168095 168031 167986 168120
 1081.269  1688247  1542.65  1686812  1542.48 168685 168671 168673 168681 168679 168671 168682 168712 168694 168664 168816 168846 168856 168836 168801 168807 168861 168793 168748 168883
 1086.269  1695840  1548.11  1694464  1545.29 169450 169438 169438 169447 169444 169437 169446 169477 169458 169429 169580 169536 169625 169606 169566 169577 169624 169559 169516 169651
 1091.269  1703775  1549.66  1702487  1552.62 170251 170241 170241 170249 170247 170240 170247 170279 170259 170233 170380 170339 170347 170404 170366 170381 170426 170362 170318 170452
 1096.269  1711454  1550.64  1710155  1550.00 171019 171007 171011 171015 171013 171007 171013 171044 171028 170998 171148 171108 171117 171168 171135 171145 171196 171131 171086 171220
 1101.269  1719277  1556.78  1717957  1561.04 171799 171788 171790 171795 171794 171787 171792 171829 171807 171776 171930 171887 171897 171958 171920 171931 171976 171909 171865 172004
 1106.269  1727086  1551.71  1725840  1555.81 172589 172576 172577 172586 172581 172575 172580 172614 172598 172564 172716 172677 172688 172664 172711 172723 172765 172698 172655 172789
 1111.269  1734667  1550.03  1733480  1555.81 173353 173340 173341 173350 173345 173339 173345 173376 173360 173331 173481 173441 173456 173426 173475 173487 173532 173468 173426 173475
 1116.270  1742552  1558.99  1741297  1557.42 174148 174127 174127 174141 174135 174127 174135 174086 174154 174117 174273 174227 174244 174214 174269 174275 174322 174262 174211 174255
 1121.269  1750361  1553.07  1749088  1543.31 174922 174907 174907 174921 174913 174907 174913 174868 174930 174900 175051 175011 175029 174999 175043 175055 175101 175044 174990 175038
 1126.269  1757989  1545.97  1756706  1541.44 175684 175668 175668 175683 175675 175669 175675 175629 175692 175663 175815 175774 175795 175759 175804 175818 175866 175806 175753 175799
 1131.269  1765921  1550.03  1764641  1543.66 176478 176462 176461 176478 176467 176464 176467 176422 176484 176458 176605 176569 176593 176552 176597 176609 176656 176600 176546 176594
 1136.269  1773593  1542.40  1772238  1536.22 177247 177228 177228 177247 177233 177232 177235 177189 177175 177224 177372 177336 177358 177321 177366 177379 177426 177365 177315 177355
 1141.269  1781446  1555.17  1780077  1546.14 177965 178030 178031 177964 178034 178033 178035 177987 177972 178026 178090 178139 178159 178121 178084 178184 178230 178168 178118 178153
 1146.269  1789095  1546.49  1787714  1542.33 178735 178790 178791 178734 178796 178793 178794 178752 178741 178788 178864 178901 178926 178887 178855 178946 178992 178928 178878 178918
 1151.269  1797164  1555.29  1795772  1551.16 179539 179597 179598 179540 179601 179598 179599 179558 179547 179595 179675 179712 179735 179691 179663 179750 179795 179731 179684 179728
 1156.269  1805105  1568.22  1803697  1566.78 180345 180403 180406 180349 180333 180332 180407 180366 180354 180402 180481 180524 180546 180500 180475 180561 180525 180539 180416 180538
 1161.270  1812953  1570.50  1811471  1568.93 181144 181127 181130 181149 181134 181132 181131 181168 181154 181202 181282 181326 181349 181303 181273 181284 181322 181263 181218 181333
 1166.269  1820649  1569.66  1819146  1570.91 181919 181900 181902 181927 181907 181906 181903 181950 181933 181899 182061 182022 182137 182081 182050 182061 182099 182033 181990 182115
 1171.269  1828575  1573.78  1827091  1575.05 182712 182697 182699 182718 182704 182701 182700 182740 182724 182696 182853 182819 182921 182873 182841 182863 182892 182830 182782 182901
 1176.269  1836695  1589.82  1835209  1591.33 183524 183509 183509 183529 183517 183515 183511 183552 183535 183508 183666 183633 183733 183684 183651 183681 183705 183643 183591 183708
 1181.270  1844685  1589.70  1843270  1591.44 184331 184314 184317 184331 184325 184322 184319 184358 184339 184314 184474 184440 184466 184488 184458 184487 184511 184449 184398 184514
 1186.269  1852643  1588.99  1851220  1588.52 185129 185105 185108 185132 185119 185114 185109 185160 185139 185105 185272 185230 185253 185292 185258 185280 185307 185240 185192 185319
 1191.269  1860413  1584.95  1859011  1587.64 185905 185889 185890 185908 185899 185896 185891 185933 185914 185886 186047 186010 186033 186063 186033 186058 186089 186021 185969 186090
 1196.269  1868427  1592.97  1867022  1596.40 186707 186691 186691 186709 186700 186698 186692 186733 186714 186687 186847 186810 186838 186861 186836 186860 186893 186820 186768 186894
