Test case: 
Description: 
	10 senders: persistent queues
	10 receivers: client acknowledge every 50 messages
Timestamp: 2011.11.2 0:47:30
Version: 
Setting up JMS benchmark connections... 

Start processing messages.
Fri Dec 02 00:47:30 EST 2011

  Seconds   Send   Send/Sec   Recv   Recv/Sec   RCV0   RCV1   RCV2   RCV3   RCV4   RCV5   RCV6   RCV7   RCV8   RCV9  SND10  SND11  SND12  SND13  SND14  SND15  SND16  SND17  SND18  SND19
  ------- -------- -------- -------- -------- ------ ------ ------ ------ ------ ------ ------ ------ ------ ------ ------ ------ ------ ------ ------ ------ ------ ------ ------ ------
    0.984        0     0.00        0     0.00      0      0      0      0      0      0      0      0      0      0      0      0      0      0      0      0      0      0      0      0
    5.984     1073   228.70     1105   233.26    112    110    110    110    110    112    111    110    110    110    105    108    111    107    106    106    109    106    110    105
   10.984     2613   267.37     2676   263.93    256    269    271    269    271    256    271    271    271    271    262    263    254    263    265    261    269    263    252    261
   15.984     4416   294.66     4366   296.30    443    433    436    433    436    443    435    435    436    436    445    449    435    449    447    430    433    448    434    446
   20.984     6156   311.28     6260   308.78    638    623    623    623    623    638    623    623    623    623    612    614    624    614    614    613    619    615    619    612
   25.984    11437   455.61    11596   446.63   1116   1173   1170   1171   1170   1116   1170   1170   1170   1170   1122   1125   1180   1136   1135   1147   1163   1134   1167   1128
   30.984    20009   667.20    20192   658.68   1969   2035   2033   2032   2028   1969   2031   2032   2032   2031   1978   1985   2038   1989   1993   2003   2023   1991   2024   1985
   35.984    28642   916.41    28829   906.82   2833   2899   2897   2894   2891   2833   2894   2897   2897   2894   2842   2847   2901   2852   2854   2862   2889   2854   2890   2851
   40.984    37210  1155.17    37475  1144.23   3697   3765   3762   3758   3754   3697   3760   3762   3762   3758   3706   3710   3681   3717   3722   3733   3753   3716   3755   3717
   45.984    52762  1607.75    53454  1587.25   5211   5391   5385   5373   5365   5211   5380   5382   5382   5374   5227   5239   5180   5273   5282   5288   5366   5259   5364   5284
   50.984    61390  1845.63    61337  1840.46   6125   6110   6108   6184   6180   6125   6107   6107   6107   6184   6112   6118   6106   6135   6145   6147   6167   6137   6173   6150
   55.984    69178  1927.05    69098  1927.42   6916   6903   6902   6899   6960   6916   6901   6901   6901   6899   6908   6914   6899   6927   6942   6942   6883   6931   6888   6944
   60.985    77057  1903.99    76919  1903.65   7704   7692   7691   7689   7680   7704   7690   7690   7690   7689   7697   7698   7692   7715   7729   7728   7669   7718   7678   7733
   65.984    85129  1877.28    84961  1883.62   8511   8496   8493   8492   8484   8511   8496   8493   8493   8492   8505   8512   8496   8525   8532   8537   8469   8530   8482   8541
   70.984    92784  1846.51    92629  1850.81   9276   9262   9260   9260   9252   9276   9262   9259   9262   9260   9266   9276   9263   9290   9299   9300   9237   9296   9252   9305
   75.984   100854  1595.69   100725  1586.33  10085  10072  10071  10070  10059  10085  10072  10068  10072  10071  10074  10078  10072  10097  10102  10111  10047  10103  10059  10111
   80.985   109091  1582.75   108967  1598.32  10907  10898  10895  10893  10883  10907  10898  10892  10898  10896  10895  10898  10896  10923  10925  10935  10871  10930  10886  10932
   85.984   117163  1592.01   117027  1603.19  11714  11704  11701  11700  11689  11713  11703  11698  11703  11702  11701  11704  11701  11728  11734  11748  11679  11738  11691  11739
   90.984   124864  1586.71   124821  1601.28  12494  12485  12481  12480  12465  12494  12481  12476  12484  12481  12482  12482  12483  12424  12510  12524  12455  12516  12470  12518
   95.984   132649  1581.78   132754  1593.26  13286  13278  13274  13273  13261  13286  13274  13270  13278  13274  13271  13274  13281  13225  13305  13235  13253  13307  13265  13233
  100.984   140435  1593.76   140764  1594.56  14086  14079  14076  14075  14060  14086  14076  14071  14079  14076  14071  13998  14084  14023  14029  14034  14055  14035  14067  14039
  105.984   148465  1592.45   148873  1592.08  14897  14890  14887  14887  14870  14897  14887  14881  14890  14887  14804  14811  14894  14830  14843  14843  14864  14846  14880  14850
  110.984   156348  1579.53   156817  1577.68  15694  15685  15681  15681  15665  15693  15681  15671  15685  15681  15589  15595  15686  15616  15630  15630  15657  15635  15672  15638
  115.984   164258  1572.25   164666  1572.21  16480  16469  16465  16465  16453  16477  16465  16458  16469  16465  16385  16386  16472  16408  16423  16420  16444  16431  16460  16429
  120.984   172286  1583.79   172615  1581.04  17207  17273  17267  17267  17256  17281  17267  17260  17270  17267  17187  17191  17276  17209  17224  17226  17245  17239  17261  17228
  125.984   180379  1593.89   180612  1585.40  18014  18082  18074  18074  18064  18011  18074  18068  18078  18073  17994  18002  18085  18022  18031  18034  18058  18048  18067  18038
  130.984   188208  1597.08   188555  1579.53  18801  18878  18871  18871  18856  18798  18872  18863  18876  18869  18779  18790  18794  18811  18819  18827  18851  18843  18864  18830
  135.984   195991  1589.63   196140  1570.57  19583  19572  19641  19642  19630  19582  19643  19638  19569  19640  19561  19569  19578  19588  19598  19607  19622  19624  19636  19608
  140.984   203920  1593.79   203928  1573.05  20387  20374  20365  20366  20432  20384  20367  20440  20372  20441  20359  20371  20378  20392  20400  20407  20422  20424  20359  20408
  145.984   211962  1593.09   211822  1579.83  21191  21180  21171  21171  21237  21188  21172  21167  21178  21167  21160  21173  21186  21197  21206  21211  21225  21226  21166  21212
  150.984   219964  1591.38   219910  1584.40  22001  21989  21978  21978  22046  21997  21981  21975  21989  21976  21968  21985  21995  22006  22014  22016  21954  22033  21972  22021
  155.985   227594  1568.64   227456  1572.00  22763  22751  22742  22741  22731  22759  22742  22738  22751  22738  22730  22748  22756  22773  22779  22776  22717  22795  22735  22785
  160.984   235232  1562.35   235097  1561.81  23529  23514  23505  23504  23497  23523  23505  23503  23514  23503  23496  23509  23515  23540  23547  23540  23479  23557  23501  23548
  165.984   242961  1557.62   242835  1564.19  24302  24289  24279  24278  24269  24297  24279  24277  24289  24276  24270  24277  24285  24315  24321  24313  24253  24330  24274  24323
  170.984   250615  1548.74   250476  1559.45  25067  25053  25043  25043  25033  25060  25043  25041  25052  25041  25037  25044  25053  25079  25085  25081  25017  25093  25039  25087
  175.984   258405  1541.68   258347  1555.20  25855  25840  25830  25830  25818  25847  25830  25827  25840  25830  25825  25827  25842  25783  25874  25867  25804  25879  25829  25875
  180.984   266223  1538.62   266249  1543.46  26645  26631  26620  26619  26608  26638  26619  26619  26631  26619  26616  26618  26627  26571  26664  26576  26596  26670  26620  26665
  185.984   273878  1537.90   273910  1548.47  27410  27396  27387  27384  27375  27403  27387  27385  27396  27387  27380  27382  27392  27336  27426  27343  27366  27436  27387  27430
  190.984   281362  1534.98   281541  1548.20  28174  28159  28149  28148  28140  28167  28149  28147  28159  28149  28149  28145  28153  28100  28190  28104  28131  28125  28149  28116
  195.984   288954  1533.12   289219  1533.39  28942  28927  28917  28916  28907  28936  28916  28914  28928  28916  28915  28913  28921  28866  28882  28870  28898  28893  28911  28885
  200.984   296628  1538.98   296971  1539.48  29649  29709  29701  29699  29691  29718  29699  29697  29709  29699  29624  29619  29702  29648  29666  29654  29680  29675  29694  29666
  205.984   304457  1537.48   304727  1535.30  30432  30494  30485  30481  30474  30425  30481  30479  30495  30481  30405  30401  30487  30432  30447  30437  30462  30459  30477  30450
  210.984   312102  1531.61   312377  1526.78  31196  31259  31251  31246  31239  31191  31246  31242  31261  31246  31166  31166  31253  31194  31216  31203  31226  31225  31239  31214
  215.984   319772  1531.88   319896  1526.98  31965  31947  32019  32014  32005  31958  32014  32009  31951  32014  31931  31934  32022  31963  31981  31971  31994  31989  32006  31981
  220.984   327521  1543.49   327719  1533.12  32748  32731  32800  32795  32788  32742  32795  32791  32734  32795  32714  32724  32723  32743  32765  32756  32773  32773  32788  32762
  225.984   335379  1552.70   335480  1539.48  33532  33515  33506  33579  33573  33525  33578  33575  33519  33578  33493  33509  33513  33525  33553  33547  33560  33561  33571  33547
  230.984   342976  1547.48   343080  1536.95  34298  34285  34275  34345  34340  34292  34270  34341  34289  34345  34260  34277  34284  34293  34319  34312  34327  34327  34262  34315
  235.984   350594  1540.44   350539  1532.18  35060  35047  35037  35029  35101  35053  35033  35101  35051  35027  35020  35038  35044  35056  35083  35073  35089  35087  35029  35075
  240.984   359982  1590.25   359453  1579.68  36012  35971  35942  35915  35897  35993  35930  35897  35989  35907  35956  35993  35957  36047  36056  36060  35883  36056  35931  36043
  245.984   381651  2065.87   381652  2072.35  38187  38173  38163  38157  38151  38178  38160  38151  38178  38154  38138  38168  38172  38160  38193  38189  38113  38191  38125  38202
  250.984   389280  2059.36   389286  2065.94  38950  38936  38927  38920  38915  38941  38923  38915  38942  38917  38905  38932  38935  38921  38954  38953  38875  38953  38885  38967
  255.984   396863  2047.72   396876  2057.65  39708  39695  39686  39679  39674  39700  39683  39674  39701  39676  39662  39690  39695  39680  39709  39709  39633  39711  39647  39727
  260.984   404519  2046.95   404534  2054.36  40473  40460  40453  40444  40439  40466  40449  40441  40467  40442  40425  40456  40459  40448  40475  40478  40397  40478  40412  40491
  265.984   412282  2054.56   412365  2064.23  41254  41245  41235  41226  41221  41251  41234  41225  41251  41223  41212  41241  41244  41232  41255  41184  41178  41264  41197  41275
  270.984   419978  2000.47   420140  2026.01  42033  42021  42013  42004  41998  42028  42010  42003  42029  42001  41988  42018  42021  41932  42033  41962  41958  42041  41972  42053
  275.984   427629  1527.42   427797  1538.02  42799  42786  42780  42770  42762  42794  42776  42768  42795  42767  42755  42784  42787  42698  42799  42728  42722  42807  42737  42812
  280.984   435229  1523.52   435399  1531.58  43562  43545  43539  43529  43522  43555  43538  43527  43556  43526  43517  43546  43546  43458  43559  43484  43482  43568  43495  43574
  285.985   442805  1531.16   443221  1539.38  44342  44328  44321  44312  44304  44336  44320  44311  44338  44309  44295  44330  44329  44242  44259  44267  44265  44270  44274  44274
  290.984   450523  1535.97   450931  1538.66  45044  45107  45100  45090  45084  45114  45100  45089  45115  45088  45075  45031  45110  45016  45041  45047  45045  45049  45058  45051
  295.984   458078  1529.11   458415  1529.85  45808  45871  45861  45854  45848  45803  45861  45853  45804  45852  45763  45791  45874  45779  45810  45808  45809  45810  45819  45815
  300.984   465666  1525.40   466020  1521.44  46567  46632  46623  46616  46607  46563  46623  46613  46564  46612  46521  46553  46630  46539  46568  46570  46571  46565  46578  46571
  305.984   473425  1529.03   473709  1525.07  47345  47331  47400  47392  47382  47340  47400  47390  47341  47388  47297  47333  47405  47313  47345  47341  47347  47344  47353  47347
  310.985   481239  1538.83   481613  1535.40  48136  48122  48191  48182  48172  48130  48191  48181  48130  48178  48084  48123  48198  48100  48136  48129  48136  48134  48065  48134
  315.984   488778  1540.19   489091  1529.01  48898  48886  48878  48944  48937  48893  48878  48943  48893  48941  48843  48886  48885  48862  48898  48891  48898  48894  48826  48895
  320.984   496386  1536.56   496703  1525.79  49660  49647  49638  49706  49698  49656  49638  49704  49654  49702  49605  49647  49646  49624  49656  49651  49662  49653  49589  49653
  325.984   504239  1543.94   504412  1540.99  50454  50439  50430  50424  50493  50451  50430  50421  50450  50420  50397  50440  50439  50420  50447  50445  50377  50445  50383  50446
  330.984   512069  1551.86   512167  1548.51  51238  51222  51213  51207  51202  51234  51213  51204  51232  51202  51180  51222  51220  51202  51233  51230  51159  51229  51163  51231
  335.984   520090  1558.12   520195  1559.93  52041  52024  52015  52010  52004  52037  52015  52007  52036  52006  51984  52025  52020  52008  52035  52029  51962  52029  51964  52034
  340.984   528147  1562.57   528236  1561.53  52847  52831  52819  52812  52807  52841  52819  52810  52842  52808  52793  52829  52823  52817  52843  52835  52762  52832  52772  52841
  345.984   535825  1562.67   535918  1563.54  53612  53597  53589  53583  53578  53606  53589  53578  53608  53578  53558  53598  53591  53589  53608  53604  53530  53601  53537  53609
  350.984   543841  1579.46   544038  1580.57  54423  54409  54401  54396  54390  54419  54401  54390  54419  54390  54369  54408  54401  54319  54415  54409  54341  54408  54350  54421
  355.984   551881  1583.22   552085  1589.40  55229  55214  55206  55200  55195  55223  55205  55195  55223  55195  55176  55210  55204  55124  55222  55215  55145  55211  55152  55222
  360.984   559851  1589.80   560137  1598.79  56034  56017  56010  56006  56001  56029  56009  56001  56029  56001  55983  56013  56008  55927  56028  55940  55949  56019  55957  56027
  365.984   567551  1575.46   567832  1584.21  56806  56789  56778  56775  56768  56802  56777  56768  56801  56768  56755  56786  56778  56690  56802  56706  56717  56794  56726  56797
  370.985   575421  1573.31   575864  1579.89  57604  57589  57583  57581  57574  57601  57581  57575  57601  57575  57555  57587  57582  57503  57522  57514  57523  57515  57526  57594
  375.984   583491  1586.41   584020  1587.82  58419  58404  58399  58397  58391  58416  58397  58392  58414  58391  58370  58325  58396  58313  58336  58323  58342  58335  58345  58406
  380.984   591402  1585.60   591863  1583.99  59144  59203  59198  59197  59190  59140  59195  59191  59215  59190  59167  59120  59198  59110  59134  59121  59139  59135  59145  59133
  385.984   599273  1578.22   599689  1576.17  59926  59998  59992  59992  59984  59922  59990  59984  59920  59981  59963  59902  59990  59891  59915  59905  59934  59918  59939  59916
  390.984   606996  1574.28   607471  1570.38  60712  60769  60766  60766  60760  60708  60765  60760  60708  60757  60661  60687  60764  60677  60699  60683  60711  60700  60711  60703
  395.984   615087  1587.58   615472  1583.39  61520  61502  61574  61574  61567  61516  61573  61566  61515  61565  61472  61497  61575  61485  61506  61492  61518  61514  61517  61511
  400.984   623060  1593.58   623382  1584.42  62327  62306  62304  62304  62375  62323  62379  62372  62322  62370  62275  62302  62378  62293  62312  62296  62325  62323  62241  62315
  405.984   631015  1592.11   631329  1579.53  63132  63107  63106  63106  63178  63126  63103  63174  63125  63172  63075  63107  63102  63099  63118  63097  63129  63128  63040  63120
  410.984   638548  1579.30   638798  1572.11  63893  63869  63869  63869  63862  63885  63865  63858  63886  63942  63837  63862  63865  63864  63878  63858  63812  63890  63801  63881
  415.984   646512  1579.87   646698  1577.48  64691  64668  64669  64666  64660  64684  64663  64658  64685  64654  64637  64664  64661  64654  64672  64656  64608  64683  64605  64672
  420.985   654600  1592.25   654786  1587.75  65500  65480  65477  65475  65469  65492  65471  65467  65493  65462  65449  65470  65467  65464  65478  65470  65415  65490  65418  65479
  425.984   662675  1589.18   662860  1590.25  66306  66290  66285  66284  66276  66299  66278  66274  66300  66268  66259  66278  66275  66274  66283  66277  66225  66294  66227  66283
  430.984   670457  1578.15   670623  1582.11  67088  67066  67059  67059  67051  67079  67053  67047  67079  67042  67037  67058  67050  67055  67065  67060  66999  67074  66998  67061
  435.984   678332  1572.45   678528  1576.11  67872  67856  67850  67852  67844  67866  67846  67841  67866  67835  67824  67844  67845  67841  67847  67844  67788  67858  67789  67852
  440.984   686292  1586.51   686567  1595.17  68674  68660  68654  68655  68648  68670  68651  68644  68671  68640  68628  68645  68647  68568  68651  68652  68589  68665  68592  68655
  445.984   694258  1589.30   694614  1597.58  69478  69466  69458  69458  69451  69475  69456  69450  69476  69446  69430  69449  69455  69369  69458  69377  69395  69472  69398  69455
  450.984   702066  1577.23   702420  1588.11  70257  70249  70239  70239  70232  70255  70237  70230  70256  70226  70210  70229  70240  70153  70237  70159  70174  70249  70180  70235
  455.985   709693  1562.27   710046  1573.11  71020  71012  71001  71000  70994  71018  70999  70992  71020  70990  70972  70992  71004  70914  71002  70924  70936  71013  70942  70994
  460.984   717470  1559.13   717824  1565.34  71799  71792  71777  71776  71772  71797  71776  71769  71798  71768  71751  71772  71780  71689  71779  71703  71710  71792  71719  71775
  465.984   724972  1551.54   725492  1548.62  72563  72558  72545  72544  72540  72561  72544  72538  72562  72537  72517  72536  72547  72455  72468  72469  72477  72480  72484  72539
  470.984   732766  1548.91   733442  1546.80  73356  73352  73341  73340  73335  73355  73340  73335  73356  73332  73237  73329  73339  73253  73265  73264  73272  73276  73276  73255
  475.984   740391  1537.68   740847  1533.02  74045  74113  74104  74102  74098  74044  74102  74098  74045  74096  74003  74089  74099  74013  74031  74025  74035  74043  74034  74019
  480.985   748160  1538.86   748609  1533.99  74828  74820  74890  74887  74882  74828  74887  74880  74829  74878  74785  74795  74885  74799  74820  74811  74817  74828  74818  74802
  485.984   756006  1546.46   756453  1541.80  75611  75607  75673  75671  75666  75613  75671  75666  75612  75663  75569  75581  75669  75583  75603  75597  75607  75610  75599  75588
  490.984   763581  1542.20   764039  1537.87  76379  76374  76362  76436  76431  76380  76436  76432  76380  76429  76332  76347  76435  76347  76367  76364  76372  76373  76286  76358
  495.984   771476  1557.95   771856  1548.19  77176  77171  77159  77156  77229  77177  77156  77229  77176  77227  77128  77147  77229  77142  77165  77162  77097  77168  77082  77156
  500.984   779029  1547.28   779262  1537.58  77941  77935  77923  77919  77915  77940  77919  77915  77941  77914  77895  77910  77918  77901  77927  77925  77859  77930  77845  77919
  505.985   786765  1550.81   787021  1549.46  78717  78710  78701  78696  78690  78714  78696  78691  78717  78689  78666  78682  78693  78674  78701  78698  78631  78710  78621  78689
  510.984   794598  1553.07   794862  1552.17  79501  79495  79485  79481  79473  79498  79481  79476  79500  79472  79450  79465  79479  79458  79481  79482  79411  79494  79407  79471
  515.984   802246  1543.84   802508  1545.52  80265  80258  80251  80247  80238  80260  80246  80242  80264  80237  80212  80230  80241  80221  80245  80250  80176  80259  80170  80242
  520.984   810113  1548.49   810377  1554.97  81052  81047  81038  81033  81024  81049  81033  81027  81052  81022  81001  81022  81025  81006  81031  81036  80963  81044  80957  81028
  525.984   817910  1539.70   818159  1548.56  81831  81824  81815  81811  81803  81826  81811  81807  81830  81801  81782  81804  81805  81783  81813  81814  81741  81823  81736  81809
  530.984   825655  1543.32   825886  1552.35  82607  82599  82586  82581  82573  82603  82581  82579  82606  82571  82556  82578  82577  82563  82588  82591  82514  82598  82506  82584
  535.985   833488  1552.17   833813  1559.65  83397  83389  83378  83375  83369  83394  83374  83373  83396  83368  83348  83369  83371  83273  83370  83380  83307  83390  83306  83374
  540.984   841414  1557.87   841813  1564.99  84196  84190  84179  84175  84168  84194  84175  84174  84195  84167  84145  84170  84172  84074  84170  84105  84105  84192  84107  84174
  545.984   849432  1565.12   849841  1575.15  84998  84992  84983  84978  84972  84996  84979  84977  84997  84969  84949  84968  84973  84877  84971  84905  84910  84994  84910  84975
  550.984   857150  1562.72   857752  1564.66  85793  85786  85772  85767  85758  85791  85768  85767  85792  85758  85742  85765  85760  85658  85673  85686  85694  85700  85699  85773
  555.984   864927  1564.73   865569  1567.48  86571  86565  86553  86550  86544  86570  86551  86550  86571  86544  86518  86541  86544  86446  86473  86478  86481  86493  86480  86473
  560.984   872900  1575.00   873397  1576.04  87300  87372  87360  87354  87350  87299  87356  87354  87301  87351  87248  87346  87348  87250  87280  87281  87284  87302  87287  87274
  565.984   880858  1581.73   881365  1579.89  88104  88100  88164  88160  88154  88103  88160  88160  88106  88154  88051  88072  88153  88061  88087  88085  88081  88101  88090  88077
  570.984   888897  1584.48   889421  1579.65  88906  88901  88974  88968  88962  88904  88968  88969  88907  88962  88854  88869  88960  88868  88893  88889  88888  88908  88895  88873
  575.984   896584  1573.83   897130  1570.03  89678  89674  89746  89739  89730  89675  89739  89740  89679  89730  89623  89642  89729  89629  89665  89653  89655  89679  89667  89642
  580.984   904422  1583.69   905021  1573.05  90478  90475  90461  90533  90525  90476  90533  90534  90481  90525  90424  90445  90445  90430  90469  90450  90451  90481  90384  90443
  585.984   912424  1591.24   912799  1579.66  91280  91276  91260  91257  91327  91277  91256  91257  91281  91328  91229  91246  91246  91231  91266  91248  91252  91282  91186  91238
  590.984   920363  1590.15   920817  1586.23  92082  92078  92061  92059  92128  92079  92059  92059  92084  92128  92032  92048  92051  92032  92067  92053  91976  92081  91983  92040
  595.984   928215  1583.02   928488  1581.31  92865  92861  92843  92840  92833  92862  92841  92841  92870  92832  92819  92832  92831  92820  92850  92843  92762  92870  92764  92824
  600.984   936030  1573.84   936326  1574.05  93646  93644  93628  93624  93617  93645  93626  93627  93652  93617  93604  93614  93611  93595  93632  93622  93549  93650  93549  93604
  605.984   944119  1584.54   944410  1586.52  94454  94451  94439  94434  94426  94453  94434  94434  94459  94426  94411  94425  94421  94409  94440  94429  94360  94455  94359  94410
  610.984   952220  1590.74   952501  1593.29  95263  95260  95248  95243  95236  95262  95243  95243  95268  95235  95220  95238  95232  95220  95251  95240  95172  95264  95165  95218
  615.984   960362  1587.11   960632  1598.93  96078  96076  96059  96054  96046  96080  96054  96054  96084  96047  96038  96053  96038  96033  96071  96057  95980  96080  95978  96034
  620.984   968058  1582.23   968357  1584.92  96849  96847  96832  96829  96820  96850  96829  96828  96853  96820  96804  96818  96807  96809  96842  96826  96752  96850  96749  96801
  625.984   975972  1586.78   976367  1596.04  97651  97649  97634  97630  97620  97651  97629  97629  97654  97620  97604  97618  97605  97525  97644  97621  97552  97653  97550  97600
  630.984   983974  1590.70   984377  1602.01  98452  98450  98437  98430  98422  98451  98430  98430  98455  98420  98407  98418  98408  98324  98440  98421  98353  98453  98350  98400
  635.984   991993  1590.91   992459  1599.40  99261  99256  99247  99238  99231  99258  99238  99238  99262  99230  99220  99226  99218  99133  99249  99155  99164  99262  99160  99206
  640.984   999596  1574.31  1000231  1586.40 100041 100037 100023 100013 100004 100039 100014 100012 100044 100004 100008 100008  99995  99902  99941  99920  99941  99954  99938  99989
  645.984  1007576  1568.76  1008106  1574.73 100831 100831 100818 100811 100803 100832 100811 100807 100759 100803 100800 100801 100788 100706 100747 100724 100737 100761 100732 100780
  650.984  1015440  1582.08  1016215  1582.42 101643 101641 101629 101623 101614 101641 101623 101617 101571 101613 101536 101536 101596 101517 101558 101533 101548 101569 101538 101509
  655.984  1023536  1588.27  1024084  1585.58 102374 102372 102440 102435 102424 102373 102435 102426 102383 102422 102347 102343 102404 102326 102367 102343 102360 102378 102350 102318
  660.984  1031397  1581.95  1031983  1578.66 103157 103155 103234 103229 103218 103156 103229 103220 103168 103217 103126 103123 103200 103112 103150 103129 103150 103162 103148 103097
  665.984  1039222  1579.68  1039870  1575.29 103953 103951 104017 104012 104002 103953 104012 104004 103964 104002 103920 103919 103981 103902 103946 103922 103934 103953 103851 103894
  670.984  1047297  1595.50  1047874  1585.67 104759 104757 104749 104822 104810 104762 104822 104812 104772 104809 104726 104728 104785 104710 104755 104727 104739 104762 104665 104700
  675.984  1055365  1598.30  1055793  1592.13 105567 105566 105556 105550 105618 105569 105550 105619 105580 105618 105531 105535 105591 105518 105562 105538 105544 105568 105472 105506
  680.984  1063279  1599.23  1063799  1588.05 106365 106366 106354 106350 106420 106369 106348 106422 106385 106420 106326 106332 106307 106328 106365 106339 106345 106368 106264 106305
  685.984  1070938  1585.20  1071230  1582.08 107133 107133 107124 107119 107106 107137 107118 107106 107148 107106 107094 107101 107078 107089 107128 107103 107114 107132 107031 107068
  690.984  1078958  1593.48  1079325  1588.71 107943 107944 107933 107928 107916 107945 107927 107916 107957 107916 107908 107915 107886 107900 107933 107913 107841 107940 107842 107880
  695.984  1086982  1594.90  1087360  1591.04 108748 108747 108737 108733 108718 108749 108731 108718 108760 108719 108711 108716 108689 108699 108733 108719 108644 108742 108646 108683
  700.984  1095011  1588.12  1095380  1591.58 109551 109549 109539 109536 109520 109551 109532 109520 109562 109520 109512 109518 109492 109501 109536 109526 109447 109545 109448 109486
  705.984  1102800  1573.46  1103158  1583.26 110329 110329 110314 110311 110296 110334 110306 110296 110347 110296 110293 110297 110263 110285 110321 110308 110223 110325 110223 110262
  710.984  1110597  1572.30  1111060  1575.59 111117 111118 111105 111102 111088 111121 111100 111088 111133 111088 111080 111085 111054 110992 111104 111091 111014 111111 111017 111049
  715.984  1118633  1584.92  1119093  1595.86 111919 111921 111909 111904 111892 111924 111903 111892 111937 111892 111880 111884 111858 111798 111911 111894 111820 111915 111824 111849
  720.984  1126734  1584.63  1127187  1595.47 112729 112732 112717 112713 112701 112734 112711 112701 112747 112702 112691 112698 112669 112608 112719 112702 112629 112727 112632 112659
  725.984  1134775  1581.58  1135131  1590.27 113536 113536 113523 113516 113503 113539 113514 113501 113461 113502 113499 113502 113472 113402 113528 113511 113429 113528 113433 113471
  730.984  1142276  1573.15  1142820  1576.24 114299 114299 114289 114286 114274 114301 114283 114272 114244 114273 114261 114264 114239 114176 114215 114197 114199 114292 114199 114234
  735.984  1150156  1578.72  1150847  1584.46 115101 115102 115092 115088 115077 115105 115086 115074 115047 115075 114983 115070 115038 114981 115018 115002 115005 115018 115002 115039
  740.984  1158073  1588.04  1158847  1588.01 115908 115909 115899 115894 115885 115838 115893 115883 115855 115883 115790 115800 115843 115788 115828 115809 115813 115825 115808 115769
  745.984  1166082  1584.46  1166771  1581.71 116706 116633 116700 116694 116685 116637 116693 116683 116656 116684 116592 116601 116644 116589 116626 116612 116615 116623 116607 116573
  750.984  1173704  1568.29  1174327  1566.07 117392 117396 117463 117456 117449 117400 117456 117448 117419 117448 117355 117363 117404 117354 117388 117375 117379 117383 117371 117332
  755.984  1181203  1552.85  1181911  1554.60 118152 118155 118221 118216 118205 118158 118216 118204 118180 118204 118112 118117 118160 118113 118144 118135 118139 118137 118054 118092
  760.984  1188828  1554.28  1189451  1551.83 118913 118916 118907 118978 118965 118919 118978 118966 118943 118966 118875 118882 118923 118874 118907 118897 118903 118899 118814 118854
  765.984  1196456  1546.01  1196917  1538.32 119676 119679 119671 119663 119726 119681 119663 119727 119704 119727 119642 119644 119686 119637 119668 119657 119662 119664 119576 119620
  770.984  1204155  1537.53  1204612  1526.93 120443 120447 120437 120428 120502 120449 120428 120502 120474 120502 120408 120412 120458 120414 120437 120427 120436 120431 120344 120388
  775.984  1212123  1539.66  1212668  1529.63 121251 121251 121245 121241 121302 121255 121239 121302 121279 121303 121216 121219 121181 121216 121243 121232 121232 121237 121155 121192
  780.984  1220117  1552.13  1220513  1547.20 122060 122059 122052 122049 122031 122063 122047 122032 122088 122032 122019 122026 121987 122022 122056 122035 121961 122047 121963 122001
  785.985  1228076  1560.44  1228441  1558.26 122854 122853 122846 122842 122818 122859 122840 122820 122889 122820 122815 122820 122773 122827 122856 122834 122748 122850 122756 122797
  790.984  1235861  1567.72  1236258  1568.09 123636 123634 123625 123622 123606 123639 123621 123607 123661 123607 123595 123603 123558 123598 123631 123610 123535 123624 123533 123574
  795.984  1243465  1563.69  1243948  1575.37 124403 124402 124394 124389 124375 124407 124392 124375 124435 124376 124363 124369 124327 124287 124405 124379 124299 124394 124298 124344
  800.984  1251490  1572.79  1251985  1581.78 125206 125207 125196 125193 125182 125211 125194 125181 125234 125181 125165 125172 125132 125094 125204 125177 125100 125193 125105 125148
  805.984  1259178  1563.11  1259664  1566.60 125974 125973 125964 125960 125952 125980 125962 125949 126001 125949 125936 125945 125895 125863 125971 125950 125867 125964 125871 125916
  810.984  1267029  1558.46  1267451  1567.25 126761 126760 126751 126748 126738 126766 126749 126736 126708 126734 126719 126731 126681 126652 126755 126734 126652 126748 126654 126703
  815.984  1274797  1551.80  1275288  1561.39 127546 127545 127534 127529 127520 127551 127532 127519 127495 127517 127505 127514 127460 127435 127467 127522 127433 127536 127435 127490
  820.984  1282383  1547.92  1282965  1551.34 128313 128311 128304 128297 128287 128318 128301 128288 128261 128285 128269 128280 128229 128205 128234 128287 128200 128225 128200 128254
  825.985  1289961  1549.73  1290626  1550.64 129079 129078 129069 129060 129053 129085 129066 129054 129031 129051 129037 129045 128993 128970 129001 128975 128967 128991 128963 129019
  830.984  1297629  1543.17  1298371  1538.37 129860 129858 129853 129844 129835 129790 129850 129836 129812 129833 129742 129828 129774 129751 129781 129758 129751 129779 129742 129723
  835.984  1305415  1543.69  1306163  1542.01 130570 130646 130641 130630 130622 130574 130637 130623 130600 130620 130531 130535 130558 130537 130567 130544 130538 130567 130529 130509
  840.984  1313066  1536.81  1313730  1536.85 131334 131330 131406 131395 131388 131337 131403 131388 131363 131386 131296 131298 131328 131299 131335 131314 131302 131330 131291 131273
  845.984  1320713  1530.27  1321289  1530.60 132100 132095 132094 132156 132150 132103 132166 132150 132127 132148 132064 132068 132088 132064 132096 132077 132065 132095 132054 132042
  850.985  1328308  1533.19  1328891  1530.57 132866 132863 132861 132925 132918 132871 132854 132918 132897 132918 132828 132832 132855 132832 132863 132845 132833 132867 132742 132811
  855.984  1336191  1543.34  1336773  1535.42 133655 133651 133651 133713 133705 133658 133646 133704 133685 133705 133614 133620 133645 133623 133652 133632 133623 133651 133533 133598
  860.984  1343964  1547.03  1344472  1536.46 134433 134429 134428 134412 134482 134437 134424 134483 134461 134483 134391 134400 134423 134400 134430 134412 134401 134428 134308 134371
  865.984  1351503  1538.66  1351942  1530.97 135195 135192 135191 135173 135245 135200 135188 135167 135224 135167 135154 135163 135107 135163 135191 135174 135161 135191 135071 135128
  870.984  1359115  1534.98  1359478  1532.60 135956 135952 135951 135935 135928 135960 135950 135931 135987 135928 135913 135924 135871 135926 135948 135935 135920 135957 135832 135889
  875.985  1366912  1542.48  1367359  1543.36 136745 136742 136738 136724 136715 136748 136738 136720 136774 136715 136702 136711 136662 136710 136736 136723 136625 136742 136618 136683
  880.984  1374665  1547.74  1375196  1551.33 137527 137526 137520 137508 137500 137532 137520 137506 137557 137500 137486 137491 137447 137415 137515 137504 137412 137526 137402 137467
  885.984  1382315  1534.80  1382867  1541.61 138296 138294 138288 138275 138267 138298 138288 138272 138322 138267 138252 138257 138213 138180 138278 138269 138179 138292 138163 138232
  890.984  1389944  1527.21  1390418  1533.96 139059 139057 139051 139037 139029 139062 139051 139034 139009 139029 139013 139018 138981 138941 139041 139032 138942 139055 138926 138995
  895.984  1397575  1530.45  1398060  1539.88 139823 139821 139815 139801 139792 139826 139815 139798 139776 139793 139776 139777 139745 139703 139807 139795 139705 139820 139687 139760
  900.984  1405408  1538.96  1405974  1546.04 140618 140614 140610 140591 140581 140621 140610 140586 140562 140581 140570 140572 140532 140488 140604 140590 140492 140527 140478 140555
  905.985  1413121  1537.40  1413786  1544.58 141397 141393 141391 141370 141364 141397 141391 141367 141351 141365 141349 141349 141312 141273 141296 141365 141275 141313 141256 141333
  910.984  1420825  1535.89  1421493  1540.56 142167 142163 142161 142142 142138 142166 142162 142139 142120 142135 142121 142121 142079 142046 142066 142137 142046 142082 142026 142101
  915.984  1428386  1535.60  1429137  1537.21 142932 142927 142926 142906 142901 142931 142926 142902 142887 142899 142886 142882 142840 142809 142831 142822 142810 142852 142790 142864
  920.984  1436118  1541.58  1436794  1540.13 143636 143709 143706 143688 143684 143635 143706 143684 143667 143679 143593 143662 143622 143590 143614 143600 143591 143634 143570 143642
  925.984  1443750  1541.56  1444497  1542.27 144412 144407 144486 144467 144461 144411 144488 144461 144446 144458 144371 144361 144402 144370 144395 144379 144372 144414 144348 144338
  930.985  1451427  1533.72  1452000  1533.96 145179 145175 145172 145234 145227 145178 145173 145227 145211 145224 145138 145129 145167 145136 145161 145147 145140 145185 145116 145108
  935.984  1459048  1530.69  1459631  1527.90 145942 145939 145935 145995 145989 145942 145937 145989 145974 145989 145903 145892 145929 145898 145922 145907 145901 145944 145878 145874
  940.984  1466911  1536.11  1467506  1530.91 146729 146727 146723 146784 146777 146728 146724 146776 146762 146776 146691 146675 146715 146686 146711 146690 146686 146737 146660 146660
  945.984  1474601  1542.89  1475295  1535.77 147509 147507 147501 147561 147555 147508 147503 147555 147541 147555 147467 147452 147489 147466 147488 147466 147464 147516 147354 147439
  950.984  1482262  1540.82  1482887  1536.53 148277 148274 148269 148251 148321 148276 148271 148321 148307 148320 148234 148218 148254 148231 148252 148233 148229 148282 148120 148209
  955.984  1489896  1535.40  1490518  1533.79 149040 149037 149033 149013 149083 149040 149036 149083 149070 149083 148997 148982 149020 148999 149015 148995 148990 149047 148882 148969
  960.984  1497416  1535.05  1497955  1539.31 149806 149803 149800 149779 149771 149808 149803 149771 149843 149771 149766 149750 149706 149771 149781 149760 149680 149815 149651 149736
  965.984  1505137  1541.34  1505744  1544.83 150586 150584 150578 150558 150550 150590 150581 150550 150616 150551 150546 150530 150486 150468 150563 150541 150462 150595 150431 150515
  970.984  1513003  1536.21  1513611  1541.95 151372 151370 151365 151346 151339 151375 151365 151339 151402 151338 151336 151316 151271 151255 151348 151323 151250 151381 151218 151305
  975.984  1520833  1537.21  1521350  1537.05 152156 152152 152148 152127 152120 152158 152148 152120 152103 152118 152120 152102 152051 152034 152138 152107 152033 152162 152000 152086
  980.984  1528683  1541.71  1529210  1543.83 152942 152939 152932 152914 152907 152943 152932 152908 152888 152905 152903 152888 152841 152821 152918 152891 152819 152942 152785 152875
  985.984  1536732  1555.94  1537264  1555.44 153748 153746 153737 153718 153711 153750 153736 153714 153694 153710 153709 153693 153648 153628 153725 153695 153623 153746 153588 153677
  990.984  1544645  1571.71  1545274  1574.73 154550 154548 154538 154518 154511 154551 154537 154514 154496 154511 154507 154488 154445 154430 154525 154496 154421 154465 154390 154478
  995.984  1552325  1571.34  1553065  1572.75 155329 155328 155317 155299 155290 155330 155317 155294 155271 155290 155288 155263 155224 155207 155216 155273 155196 155234 155170 155254
 1000.984  1560198  1570.86  1560947  1575.52 156116 156115 156104 156086 156079 156117 156104 156083 156064 156079 156074 156044 156007 155994 156010 156059 155987 156030 155954 156039
 1005.984  1568107  1578.46  1568782  1583.76 156845 156843 156911 156894 156885 156846 156911 156891 156871 156885 156800 156852 156812 156798 156818 156788 156796 156837 156760 156846
 1010.984  1576056  1580.60  1576731  1582.45 157636 157633 157709 157693 157680 157638 157709 157689 157664 157680 157589 157654 157608 157592 157611 157577 157590 157631 157560 157644
 1015.984  1583594  1564.48  1584432  1566.56 158413 158409 158477 158459 158449 158409 158477 158454 158436 158449 158367 158340 158381 158363 158382 158348 158359 158399 158325 158330
 1020.984  1591667  1567.35  1592352  1569.19 159222 159220 159203 159268 159255 159220 159203 159262 159243 159256 159177 159152 159189 159168 159190 159156 159162 159206 159131 159136
 1025.984  1599684  1578.98  1600368  1577.07 160024 160023 160004 160069 160055 160023 160005 160063 160044 160058 159984 159954 159988 159970 159992 159956 159967 160006 159930 159937
 1030.985  1607806  1587.08  1608481  1582.08 160836 160837 160815 160879 160866 160837 160815 160874 160854 160868 160797 160766 160803 160780 160803 160765 160777 160818 160743 160754
 1035.984  1615530  1578.96  1616204  1575.91 161604 161606 161583 161657 161643 161604 161583 161651 161627 161646 161567 161532 161584 161558 161574 161531 161557 161589 161519 161519
 1040.984  1623431  1581.73  1624102  1578.97 162405 162406 162387 162371 162435 162404 162387 162444 162424 162439 162369 162332 162377 162350 162379 162332 162353 162387 162230 162322
 1045.984  1631490  1596.81  1632097  1591.64 163211 163211 163195 163182 163241 163211 163196 163172 163232 163246 163177 163137 163183 163150 163189 163137 163158 163190 163039 163130
 1050.984  1639498  1592.20  1640103  1594.65 164019 164020 164004 163992 164049 164019 164004 163980 164040 163976 163985 163945 163990 163883 164000 163944 163968 164000 163846 163937
 1055.984  1646964  1578.62  1647649  1576.04 164781 164784 164766 164753 164733 164782 164766 164743 164801 164740 164750 164706 164674 164649 164763 164704 164657 164762 164602 164697
 1060.984  1654864  1570.62  1655545  1568.01 165573 165575 165554 165541 165520 165575 165554 165530 165595 165528 165545 165496 165461 165437 165552 165497 165438 165562 165387 165489
 1065.984  1662678  1568.79  1663360  1571.88 166354 166354 166337 166325 166304 166353 166337 166312 166372 166312 166323 166274 166245 166219 166333 166277 166221 166340 166172 166274
 1070.984  1670385  1562.38  1670987  1565.47 167124 167124 167108 167095 167074 167122 167107 167085 167063 167085 167098 167042 167017 166991 167108 167046 166988 167110 166943 167042
 1075.984  1678272  1556.28  1678945  1558.62 167919 167920 167906 167891 167869 167918 167904 167883 167857 167878 167898 167838 167815 167786 167905 167840 167784 167825 167741 167840
 1080.984  1685751  1544.30  1686591  1546.74 168684 168684 168669 168654 168636 168683 168666 168648 168623 168644 168580 168601 168584 168550 168589 168601 168549 168586 168504 168607
 1085.984  1693411  1550.55  1694243  1550.12 169450 169449 169436 169417 169401 169449 169431 169413 169390 169407 169346 169366 169347 169315 169355 169366 169316 169355 169269 169376
 1090.985  1701420  1551.60  1702028  1551.83 170173 170171 170239 170218 170204 170172 170235 170214 170192 170210 170144 170168 170149 170118 170152 170167 170119 170155 170068 170180
 1095.984  1709082  1546.70  1709696  1544.41 170940 170938 171006 170985 170970 170940 171002 170981 170959 170975 170912 170934 170915 170885 170920 170936 170883 170919 170832 170946
 1100.984  1716703  1548.98  1717491  1547.23 171718 171716 171785 171767 171750 171717 171783 171760 171739 171756 171687 171629 171696 171666 171696 171632 171660 171697 171614 171726
 1105.984  1724608  1544.46  1725238  1545.57 172510 172508 172495 172556 172540 172510 172494 172550 172529 172546 172480 172420 172485 172459 172493 172421 172448 172487 172402 172513
 1110.984  1732159  1547.01  1732879  1542.95 173274 173273 173257 173323 173304 173273 173257 173314 173294 173310 173246 173180 173245 173219 173258 173181 173211 173253 173166 173200
 1115.984  1740002  1552.95  1740729  1549.30 174059 174057 174042 174107 174089 174058 174042 174100 174079 174096 174033 173961 174024 174002 174047 173966 173995 174037 173951 173986
 1120.984  1747838  1547.20  1748573  1548.78 174845 174847 174824 174891 174872 174843 174826 174883 174863 174879 174818 174745 174807 174784 174833 174746 174777 174823 174735 174770
 1125.984  1755463  1543.27  1756113  1547.00 175607 175608 175585 175572 175634 175606 175589 175645 175625 175642 175585 175508 175564 175547 175595 175506 175543 175585 175495 175535
 1130.984  1763316  1546.76  1763974  1551.29 176402 176402 176378 176366 176428 176401 176385 176356 176420 176436 176377 176303 176357 176341 176390 176303 176337 176378 176203 176327
 1135.985  1770979  1540.37  1771571  1546.95 177168 177170 177144 177135 177195 177166 177153 177128 177188 177124 177143 177067 177124 177106 177156 177069 177104 177147 176971 177092
 1140.984  1778811  1549.85  1779489  1548.37 177966 177966 177934 177921 177993 177959 177943 177913 177985 177909 177937 177860 177923 177904 177947 177859 177807 177941 177751 177882
 1145.984  1786531  1548.12  1787132  1546.58 178735 178736 178708 178699 178680 178729 178715 178692 178751 178687 178711 178632 178682 178670 178719 178632 178591 178708 178532 178654
 1150.984  1794498  1555.34  1795191  1553.83 179542 179541 179515 179504 179487 179535 179519 179500 179555 179493 179518 179434 179485 179400 179523 179438 179394 179510 179336 179460
 1155.984  1802411  1570.40  1803198  1572.18 180350 180348 180324 180312 180296 180344 180328 180308 180287 180301 180325 180239 180217 180210 180329 180246 180201 180240 180140 180264
 1160.984  1810412  1569.63  1811201  1573.86 181150 181147 181125 181112 181097 181144 181128 181109 181086 181103 181127 181042 181012 181009 181127 181050 181003 181041 180940 181061
 1165.984  1817914  1566.16  1818903  1573.27 181928 181923 181898 181881 181859 181918 181901 181878 181848 181869 181815 181816 181770 181767 181816 181822 181764 181802 181706 181836
 1170.984  1825942  1573.71  1826730  1577.44 182642 182638 182695 182680 182666 182711 182698 182676 182653 182671 182619 182612 182581 182576 182623 182615 182567 182610 182507 182632
 1175.984  1834068  1587.48  1834774  1593.56 183454 183449 183508 183492 183479 183447 183509 183488 183464 183484 183433 183425 183393 183391 183433 183421 183383 183424 183322 183443
 1180.985  1842126  1590.56  1842838  1593.78 184260 184254 184315 184298 184288 184253 184316 184294 184269 184291 184236 184233 184201 184197 184237 184229 184188 184229 184128 184248
 1185.984  1849979  1584.46  1850695  1584.97 185046 185039 185106 185082 185071 185040 185107 185077 185053 185074 185017 185023 184986 184982 185021 185017 184969 185016 184912 185036
 1190.985  1857850  1581.40  1858562  1576.29 185836 185828 185888 185867 185860 185828 185888 185863 185844 185860 185809 185804 185776 185773 185813 185798 185754 185804 185700 185819
 1195.984  1865716  1596.31  1866422  1584.40 186637 186630 186611 186669 186662 186629 186611 186665 186646 186662 186610 186527 186576 186572 186616 186599 186558 186609 186504 186545
