Test case: 
Description: 
	10 senders: persistent queues
	10 receivers: client acknowledge every 50 messages
Timestamp: 2011.11.2 0:47:31
Version: 
Setting up JMS benchmark connections... 

Start processing messages.
Fri Dec 02 00:47:31 EST 2011

  Seconds   Send   Send/Sec   Recv   Recv/Sec   RCV0   RCV1   RCV2   RCV3   RCV4   RCV5   RCV6   RCV7   RCV8   RCV9  SND10  SND11  SND12  SND13  SND14  SND15  SND16  SND17  SND18  SND19
  ------- -------- -------- -------- -------- ------ ------ ------ ------ ------ ------ ------ ------ ------ ------ ------ ------ ------ ------ ------ ------ ------ ------ ------ ------
    1.282        0     0.00        0     0.00      0      0      0      0      0      0      0      0      0      0      0      0      0      0      0      0      0      0      0      0
    6.282     1155   251.09     1148   249.57    116    114    114    116    114    114    114    116    116    114    116    115    117    115    114    118    116    115    114    115
   11.282     2776   273.54     2776   266.56    279    277    276    279    277    277    277    279    278    277    279    279    279    278    274    282    276    277    275    277
   16.282     4500   302.26     4533   301.85    455    455    455    441    454    454    455    455    455    454    443    454    442    456    453    446    454    456    451    445
   21.282     6353   324.13     6380   325.51    643    643    643    643    625    625    643    643    643    629    638    631    643    630    627    650    636    632    623    643
   26.282    11898   483.66    11912   484.23   1191   1199   1197   1193   1180   1177   1199   1194   1199   1183   1183   1185   1201   1184   1181   1215   1185   1185   1179   1200
   31.282    20524   693.38    20521   693.28   2051   2060   2058   2054   2042   2037   2060   2054   2060   2045   2044   2050   2065   2043   2047   2079   2045   2045   2042   2064
   36.283    29171   937.21    29166   940.20   2918   2925   2925   2918   2905   2900   2925   2918   2925   2907   2911   2909   2933   2905   2914   2943   2911   2910   2902   2933
   41.282    37813  1169.91    37815  1175.84   3783   3790   3790   3784   3769   3765   3790   3781   3790   3773   3774   3771   3799   3768   3780   3804   3777   3775   3767   3798
   46.282    54202  1650.13    54117  1657.79   5414   5420   5420   5415   5398   5397   5420   5411   5420   5402   5413   5420   5422   5404   5433   5449   5409   5421   5400   5431
   51.282    62117  1863.42    62036  1851.81   6204   6210   6210   6206   6192   6193   6210   6203   6210   6198   6205   6213   6209   6197   6224   6241   6204   6217   6190   6217
   56.282    69929  1938.32    69839  1928.09   6985   6991   6991   6988   6972   6972   6991   6982   6991   6976   6987   6996   6991   6975   7006   7025   6985   6995   6969   7000
   61.282    77978  1908.69    77887  1905.30   7792   7797   7797   7794   7774   7775   7797   7784   7799   7778   7789   7799   7798   7780   7810   7836   7786   7799   7775   7806
   66.282    86015  1883.69    85916  1883.72   8592   8600   8598   8594   8579   8580   8599   8590   8600   8584   8595   8601   8603   8586   8615   8635   8589   8601   8583   8607
   71.282    93692  1847.95    93669  1844.06   9370   9377   9373   9369   9351   9352   9375   9367   9377   9358   9372   9372   9386   9362   9388   9329   9365   9377   9356   9385
   76.282   101698  1569.77   101642  1568.32  10165  10173  10170  10165  10150  10150  10171  10165  10173  10160  10171  10170  10182  10164  10190  10136  10166  10179  10156  10184
   81.282   109760  1580.67   109689  1578.56  10985  10917  10990  10985  10971  10971  10990  10985  10917  10978  10991  10994  10926  10985  11011  10960  10983  11002  10979  10929
   86.282   117840  1589.35   117450  1587.23  11715  11723  11720  11715  11777  11780  11719  11792  11723  11786  11797  11806  11730  11794  11819  11767  11792  11810  11790  11735
   91.282   125529  1581.54   125201  1579.26  12497  12505  12501  12496  12562  12566  12501  12496  12504  12573  12585  12509  12510  12580  12606  12547  12497  12602  12578  12515
   96.282   133182  1577.77   133105  1575.96  13290  13297  13294  13290  13348  13351  13294  13289  13296  13356  13288  13301  13304  13365  13314  13340  13290  13307  13363  13310
  101.282   141134  1589.46   141119  1584.60  14090  14097  14096  14091  14150  14155  14096  14090  14097  14157  14091  14103  14105  14095  14118  14141  14096  14108  14168  14109
  106.282   149168  1593.01   149065  1588.88  14899  14906  14906  14903  14961  14889  14906  14898  14906  14891  14903  14914  14915  14903  14929  14955  14905  14918  14906  14920
  111.282   157151  1590.30   157037  1585.84  15696  15701  15703  15701  15766  15683  15703  15695  15702  15687  15701  15711  15717  15701  15729  15756  15702  15715  15701  15718
  116.282   164978  1581.87   164785  1588.48  16479  16484  16487  16485  16462  16466  16488  16477  16486  16471  16483  16492  16496  16488  16512  16539  16488  16496  16486  16498
  121.282   173013  1593.42   172816  1597.82  17283  17288  17289  17287  17264  17270  17291  17280  17289  17275  17286  17297  17300  17293  17315  17339  17292  17301  17290  17300
  126.283   181097  1605.42   180900  1603.91  18091  18097  18098  18095  18071  18077  18099  18089  18098  18085  18092  18105  18108  18107  18124  18147  18097  18109  18096  18112
  131.282   189108  1606.85   188904  1600.50  18893  18899  18899  18899  18869  18872  18901  18889  18899  18884  18894  18909  18911  18908  18926  18952  18897  18909  18892  18910
  136.283   196771  1592.37   196576  1586.73  19659  19665  19665  19664  19641  19643  19667  19655  19665  19652  19662  19671  19678  19677  19690  19715  19662  19675  19661  19680
  141.282   204790  1593.49   204592  1580.47  20463  20466  20466  20466  20441  20444  20471  20457  20466  20452  20463  20473  20481  20476  20492  20513  20467  20482  20463  20480
  146.282   212822  1590.46   212627  1587.84  21266  21268  21269  21270  21246  21249  21274  21261  21269  21255  21266  21276  21284  21279  21298  21317  21268  21287  21265  21282
  151.282   220930  1584.90   220721  1589.50  22079  22076  22079  22080  22051  22056  22085  22071  22079  22065  22076  22085  22094  22090  22110  22131  22079  22098  22075  22092
  156.283   228557  1569.38   228342  1571.43  22840  22839  22842  22842  22813  22818  22846  22834  22842  22826  22835  22848  22858  22854  22877  22891  22843  22860  22836  22855
  161.282   236196  1554.66   235972  1559.36  23605  23602  23602  23605  23578  23584  23608  23598  23602  23588  23597  23613  23623  23617  23642  23652  23612  23622  23600  23618
  166.282   243780  1557.30   243553  1558.68  24303  24376  24376  24303  24351  24355  24382  24372  24376  24359  24371  24384  24321  24387  24415  24351  24388  24395  24375  24393
  171.282   251436  1544.63   251124  1543.52  25067  25141  25140  25068  25115  25120  25072  25138  25141  25122  25136  25155  25088  25150  25181  25113  25154  25158  25139  25162
  176.282   259240  1540.02   258760  1537.94  25853  25851  25925  25854  25903  25908  25858  25849  25851  25908  25847  25945  25877  25937  25968  25900  25941  25947  25928  25950
  181.282   266910  1532.92   266587  1531.38  26643  26642  26639  26644  26694  26698  26648  26639  26642  26698  26638  26657  26669  26725  26684  26695  26724  26733  26720  26665
  186.282   274427  1534.35   274234  1532.50  27407  27406  27405  27410  27460  27462  27413  27404  27406  27461  27403  27423  27434  27416  27453  27465  27416  27499  27487  27431
  191.282   281920  1534.36   281868  1532.55  28170  28170  28169  28175  28222  28225  28176  28168  28170  28223  28164  28190  28200  28182  28217  28230  28179  28185  28177  28196
  196.282   289601  1537.62   289555  1536.01  28938  28939  28939  28943  28991  28995  28945  28936  28939  28990  28932  28956  28966  28950  28988  29001  28945  28955  28947  28961
  201.282   297428  1543.41   297306  1544.55  29720  29721  29721  29725  29776  29700  29728  29718  29721  29776  29716  29738  29745  29732  29772  29782  29726  29741  29730  29746
  206.282   305277  1544.87   304981  1551.04  30503  30503  30504  30509  30481  30485  30511  30501  30503  30481  30501  30523  30529  30518  30558  30567  30511  30529  30513  30528
  211.282   312939  1542.13   312643  1545.56  31269  31270  31271  31276  31246  31250  31277  31267  31270  31247  31270  31288  31295  31283  31326  31331  31275  31295  31281  31295
  216.282   320635  1548.05   320322  1543.99  32038  32039  32039  32043  32012  32018  32045  32036  32038  32014  32037  32058  32062  32055  32097  32101  32044  32066  32049  32066
  221.282   328449  1556.14   328134  1544.90  32819  32820  32820  32825  32793  32799  32827  32817  32819  32795  32818  32839  32845  32833  32876  32883  32826  32850  32833  32846
  226.282   336299  1561.98   335973  1545.07  33602  33604  33604  33607  33577  33584  33610  33601  33604  33580  33605  33626  33630  33618  33663  33666  33610  33635  33617  33629
  231.282   343979  1556.91   343645  1537.01  34371  34370  34371  34375  34343  34350  34379  34367  34371  34348  34374  34392  34402  34386  34430  34435  34376  34403  34385  34396
  236.282   351604  1539.08   351258  1534.85  35132  35130  35134  35136  35106  35110  35140  35129  35133  35108  35137  35154  35163  35149  35192  35197  35136  35169  35147  35160
  241.282   362736  1612.85   362353  1610.27  36270  36241  36255  36281  36174  36185  36273  36247  36255  36172  36246  36275  36322  36252  36297  36349  36223  36263  36234  36275
  246.282   383048  2071.38   382518  2069.26  38258  38254  38259  38263  38234  38238  38265  38254  38259  38234  38265  38318  38318  38298  38335  38357  38257  38307  38277  38316
  251.282   390667  2062.72   390142  2063.06  39020  39015  39021  39026  38997  39001  39028  39016  39021  38997  39030  39080  39083  39059  39095  39119  39018  39069  39036  39078
  256.283   398096  2053.52   397651  2051.91  39778  39775  39779  39707  39754  39761  39785  39775  39781  39756  39789  39836  39765  39818  39854  39802  39775  39824  39795  39838
  261.282   405752  2052.52   405160  2046.48  40467  40542  40545  40474  40520  40528  40475  40542  40546  40521  40553  40601  40532  40586  40618  40568  40538  40589  40561  40606
  266.282   413582  2059.90   412767  2054.03  41251  41327  41253  41255  41305  41311  41259  41248  41253  41305  41336  41377  41314  41371  41398  41350  41320  41375  41348  41393
  271.282   421364  1946.81   420467  1942.48  42028  42028  42030  42031  42083  42089  42037  42027  42030  42084  42113  42154  42093  42149  42180  42127  42102  42150  42124  42172
  276.283   428797  1522.87   428122  1522.80  42793  42794  42796  42795  42848  42855  42802  42793  42796  42850  42802  42846  42860  42910  42873  42892  42869  42912  42893  42940
  281.282   436119  1522.58   435747  1522.48  43557  43556  43555  43559  43612  43617  43566  43552  43559  43614  43561  43609  43627  43597  43631  43659  43554  43675  43582  43624
  286.282   443873  1536.19   443476  1532.64  44337  44336  44337  44339  44393  44321  44346  44332  44340  44395  44346  44392  44413  44381  44412  44436  44335  44379  44366  44413
  291.282   451658  1540.47   451102  1541.68  45115  45113  45114  45116  45096  45100  45124  45109  45117  45098  45121  45172  45193  45160  45190  45218  45113  45157  45144  45190
  296.282   459314  1534.58   458751  1543.04  45883  45877  45878  45884  45859  45862  45891  45874  45883  45860  45886  45936  45961  45924  45957  45982  45877  45922  45912  45957
  301.282   466932  1529.13   466359  1540.00  46642  46639  46639  46643  46620  46623  46650  46637  46645  46621  46649  46696  46720  46688  46723  46743  46636  46683  46675  46719
  306.282   474693  1540.19   474115  1543.44  47418  47413  47413  47419  47397  47400  47426  47411  47420  47398  47426  47471  47497  47466  47496  47518  47411  47462  47451  47495
  311.282   482615  1555.22   482021  1545.22  48209  48204  48204  48209  48187  48189  48216  48203  48212  48188  48216  48268  48286  48257  48289  48308  48206  48256  48241  48288
  316.283   490224  1550.34   489637  1538.83  48972  48965  48966  48971  48949  48950  48978  48964  48972  48950  48974  49030  49048  49017  49055  49069  48965  49015  49004  49047
  321.282   497852  1544.97   497259  1533.39  49734  49729  49731  49733  49712  49710  49740  49725  49734  49711  49737  49793  49809  49782  49819  49828  49730  49778  49768  49808
  326.282   505798  1549.60   505198  1540.67  50528  50523  50525  50527  50505  50504  50534  50518  50528  50506  50531  50588  50601  50576  50614  50624  50526  50573  50563  50602
  331.282   513645  1546.86   513037  1548.58  51311  51307  51309  51308  51291  51289  51317  51303  51310  51292  51319  51372  51384  51359  51394  51404  51312  51361  51351  51389
  336.282   521677  1550.79   521068  1557.70  52114  52110  52112  52113  52094  52091  52121  52106  52113  52094  52119  52178  52188  52163  52198  52205  52113  52165  52153  52195
  341.282   529735  1556.01   529043  1557.55  52843  52914  52917  52920  52899  52896  52926  52910  52918  52900  52922  52987  52998  52969  53007  53010  52916  52969  52959  52998
  346.282   537476  1557.94   536672  1556.93  53614  53699  53701  53610  53679  53675  53617  53695  53701  53681  53708  53775  53690  53750  53786  53798  53695  53752  53741  53781
  351.282   545371  1574.28   544595  1573.21  54421  54494  54496  54418  54476  54472  54427  54491  54421  54479  54505  54569  54495  54549  54581  54514  54492  54546  54540  54580
  356.282   553434  1577.38   552415  1576.61  55224  55222  55225  55224  55282  55278  55232  55219  55225  55284  55312  55378  55296  55354  55389  55318  55298  55351  55349  55389
  361.283   561241  1584.06   560461  1583.56  56028  56028  56030  56028  56086  56082  56036  56025  56030  56088  56039  56105  56099  56156  56113  56123  56103  56156  56152  56195
  366.282   568847  1573.49   568232  1573.32  56804  56801  56805  56801  56870  56866  56811  56798  56803  56873  56815  56876  56873  56940  56885  56897  56890  56936  56847  56888
  371.283   576650  1571.81   576187  1574.30  57601  57601  57603  57600  57659  57656  57608  57598  57601  57660  57614  57675  57675  57650  57682  57696  57598  57720  57649  57691
  376.282   584820  1586.21   584126  1592.42  58418  58418  58421  58416  58398  58397  58425  58415  58418  58400  58431  58491  58494  58470  58497  58515  58416  58536  58464  58506
  381.282   592827  1589.99   592129  1595.15  59218  59219  59223  59219  59197  59196  59225  59215  59219  59198  59231  59293  59297  59272  59294  59320  59212  59337  59265  59306
  386.282   600729  1587.08   600120  1600.84  60018  60021  60024  60020  59992  59991  60027  60016  60018  59993  60030  60090  60097  60068  60093  60123  60009  60053  60063  60103
  391.282   608435  1583.74   607810  1588.95  60785  60788  60792  60786  60765  60764  60793  60783  60788  60766  60797  60860  60860  60837  60865  60896  60778  60829  60834  60879
  396.282   616526  1597.36   615887  1596.59  61593  61596  61599  61593  61574  61572  61600  61590  61596  61574  61605  61666  61666  61645  61681  61706  61590  61635  61643  61689
  401.282   624598  1603.95   623951  1592.67  62400  62401  62405  62399  62382  62380  62406  62396  62401  62381  62414  62473  62473  62454  62488  62511  62395  62442  62451  62497
  406.282   632633  1599.40   631977  1587.99  63202  63205  63209  63201  63185  63181  63209  63198  63203  63184  63220  63281  63279  63255  63290  63312  63201  63241  63254  63300
  411.282   640356  1585.81   639726  1575.94  63978  63981  63985  63978  63958  63952  63985  63973  63979  63957  63994  64053  64055  64025  64060  64090  63972  64009  64025  64073
  416.282   648224  1583.62   647573  1574.53  64761  64765  64767  64760  64747  64740  64768  64758  64762  64745  64777  64844  64837  64816  64845  64873  64759  64798  64815  64860
  421.282   656317  1586.48   655660  1585.37  65570  65575  65576  65569  65555  65549  65576  65567  65569  65554  65589  65651  65643  65628  65658  65684  65567  65606  65623  65668
  426.282   664386  1583.32   663742  1582.75  66379  66383  66384  66378  66363  66356  66384  66375  66378  66362  66395  66457  66448  66438  66466  66491  66377  66410  66430  66474
  431.282   672324  1574.38   671513  1571.76  67087  67178  67091  67175  67157  67149  67181  67169  67173  67153  67189  67251  67246  67235  67259  67290  67169  67198  67221  67266
  436.282   680011  1568.86   679034  1566.07  67871  67872  67874  67868  67934  67925  67874  67941  67944  67931  67962  68026  67941  68016  68031  68066  67948  67978  68000  68043
  441.282   687980  1579.93   687076  1575.97  68675  68678  68681  68674  68736  68729  68681  68743  68747  68732  68768  68831  68749  68820  68835  68789  68757  68781  68805  68845
  446.282   695940  1583.46   694960  1582.52  69479  69482  69484  69478  69540  69530  69485  69470  69476  69536  69495  69637  69554  69623  69643  69594  69559  69579  69606  69650
  451.282   703752  1574.23   702756  1572.95  70258  70261  70264  70256  70321  70309  70264  70250  70258  70315  70277  70417  70335  70401  70427  70373  70341  70364  70387  70430
  456.282   711290  1559.92   710330  1557.84  71021  71025  71029  71020  71009  71077  71027  71014  71021  71087  71041  71191  71101  71174  71115  71137  71114  71137  71161  71119
  461.282   718742  1555.03   718020  1558.05  71798  71802  71807  71797  71787  71850  71803  71793  71801  71782  71826  71887  71879  71867  71893  71923  71809  71910  71851  71897
  466.282   726417  1554.75   725669  1562.47  72563  72567  72573  72561  72551  72614  72568  72557  72566  72549  72593  72659  72644  72637  72662  72688  72575  72676  72618  72665
  471.282   734383  1554.58   733549  1559.44  73359  73361  73368  73356  73348  73336  73364  73351  73361  73345  73388  73457  73439  73433  73458  73484  73373  73472  73415  73464
  476.282   741935  1543.46   741179  1550.97  74121  74124  74133  74120  74108  74099  74127  74114  74125  74108  74151  74221  74201  74193  74223  74251  74138  74161  74172  74224
  481.282   749811  1545.60   749052  1553.56  74909  74912  74920  74908  74896  74884  74915  74903  74912  74893  74935  75005  74992  74978  75010  75039  74927  74952  74962  75011
  486.282   757629  1555.00   756873  1556.64  75691  75694  75700  75690  75679  75668  75698  75686  75692  75675  75718  75787  75776  75759  75788  75819  75712  75734  75743  75793
  491.282   765280  1561.73   764517  1550.29  76455  76457  76463  76453  76446  76433  76461  76450  76457  76442  76483  76551  76541  76526  76555  76584  76477  76499  76505  76559
  496.282   773279  1567.26   772507  1556.22  77255  77256  77263  77251  77245  77230  77260  77249  77256  77242  77281  77349  77347  77322  77357  77385  77276  77298  77303  77361
  501.282   780906  1551.01   780123  1545.13  78017  78019  78022  78012  78006  77994  78021  78012  78019  78001  78043  78109  78112  78087  78121  78149  78037  78059  78067  78122
  506.282   788674  1555.60   787876  1546.54  78792  78794  78797  78788  78782  78768  78797  78789  78793  78776  78821  78882  78888  78866  78900  78925  78816  78833  78843  78900
  511.282   796506  1549.19   795713  1545.30  79578  79578  79580  79572  79567  79552  79580  79572  79574  79560  79603  79666  79674  79645  79682  79710  79603  79618  79622  79683
  516.283   804154  1543.14   803375  1537.10  80343  80345  80347  80339  80332  80317  80347  80340  80340  80325  80365  80429  80439  80410  80447  80479  80369  80383  80384  80449
  521.282   812014  1545.34   811162  1544.53  81052  81131  81133  81126  81119  81102  81137  81127  81126  81109  81150  81218  81227  81199  81232  81263  81152  81171  81170  81232
  526.282   819739  1538.66   818711  1535.34  81831  81834  81835  81901  81898  81881  81839  81903  81902  81887  81930  81997  82005  81983  82011  81967  81932  81947  81952  82015
  531.282   827519  1543.14   826372  1539.92  82608  82610  82611  82602  82690  82666  82614  82604  82695  82672  82720  82782  82702  82772  82803  82745  82721  82732  82739  82803
  536.282   835261  1545.59   834074  1545.12  83397  83400  83401  83392  83391  83448  83405  83394  83395  83451  83497  83563  83495  83552  83504  83536  83498  83516  83519  83581
  541.282   843124  1551.41   842075  1550.60  84198  84199  84201  84191  84191  84250  84204  84193  84196  84252  84223  84362  84300  84349  84306  84334  84227  84319  84319  84385
  546.282   851009  1564.75   850102  1563.04  85001  85001  85005  84994  84994  85051  85007  84996  84998  85055  85024  85161  85101  85153  85110  85138  85038  85124  85051  85109
  551.282   859001  1567.28   858082  1568.26  85797  85798  85801  85791  85788  85858  85803  85791  85793  85862  85815  85965  85896  85964  85908  85934  85832  85933  85847  85907
  556.282   866671  1569.83   865753  1576.07  86573  86575  86578  86567  86567  86623  86580  86568  86571  86551  86596  86729  86670  86655  86688  86711  86610  86698  86625  86689
  561.282   874725  1578.93   873740  1589.53  87378  87383  87385  87374  87372  87353  87386  87374  87379  87356  87402  87535  87475  87460  87497  87517  87411  87501  87433  87494
  566.282   882707  1589.60   881788  1601.14  88182  88188  88190  88179  88177  88157  88191  88179  88184  88161  88207  88263  88277  88261  88307  88324  88216  88306  88242  88304
  571.282   890727  1597.47   889866  1603.78  88990  88995  88997  88986  88986  88965  88999  88987  88991  88970  89016  89075  89087  89068  89116  89131  89029  89039  89052  89114
  576.282   898463  1592.42   897603  1588.09  89766  89769  89771  89759  89759  89735  89775  89760  89766  89743  89789  89848  89862  89841  89888  89904  89804  89807  89829  89891
  581.282   906395  1587.85   905514  1581.61  90555  90561  90560  90549  90550  90530  90564  90550  90558  90537  90584  90646  90653  90635  90678  90693  90595  90603  90623  90685
  586.282   914404  1594.07   913527  1585.42  91357  91361  91359  91350  91353  91333  91366  91352  91358  91338  91385  91447  91458  91434  91478  91494  91396  91402  91423  91487
  591.282   922429  1590.70   921550  1584.23  92159  92163  92162  92152  92156  92134  92168  92155  92161  92140  92189  92250  92259  92235  92279  92298  92196  92207  92224  92292
  596.282   930430  1583.11   929554  1578.51  92961  92964  92963  92952  92957  92929  92972  92957  92962  92937  92989  93046  93062  93032  93079  93101  92999  93004  93028  93090
  601.283   938130  1572.89   937223  1568.59  93726  93729  93730  93720  93724  93700  93736  93723  93728  93707  93758  93824  93830  93802  93846  93869  93769  93778  93794  93860
  606.282   946236  1582.38   945320  1577.89  94535  94539  94539  94529  94534  94510  94546  94532  94538  94518  94568  94635  94638  94615  94658  94680  94580  94586  94602  94674
  611.282   954327  1587.82   953326  1583.83  95342  95348  95348  95338  95342  95318  95277  95340  95348  95325  95379  95444  95445  95421  95464  95492  95390  95398  95413  95481
  616.282   962430  1590.13   961348  1586.07  96081  96088  96164  96156  96161  96138  96093  96161  96164  96142  96199  96265  96259  96236  96283  96233  96210  96214  96228  96303
  621.282   970206  1576.80   968668  1575.35  96852  96856  96855  96847  96851  96916  96863  96851  96856  96921  96978  97041  97039  97012  97063  97004  96991  96990  97006  97082
  626.282   977880  1577.05   976642  1575.10  97651  97655  97655  97647  97651  97706  97662  97651  97655  97709  97767  97833  97752  97800  97773  97805  97705  97780  97795  97870
  631.282   985822  1587.87   984649  1586.50  98452  98456  98456  98446  98451  98508  98461  98453  98456  98510  98568  98635  98551  98602  98575  98602  98511  98584  98523  98671
  636.282   993846  1587.47   992741  1586.26  99262  99265  99265  99254  99260  99317  99271  99261  99265  99321  99375  99447  99363  99413  99383  99412  99321  99394  99334  99404
  641.282  1001611  1577.52  1000592  1580.00 100047 100049 100049 100036 100044 100109 100055 100044 100048 100111 100077 100239 100144 100208 100167 100194 100097 100187 100116 100182
  646.282  1009329  1571.21  1008386  1575.91 100835 100838 100837 100826 100833 100888 100844 100833 100837 100815 100871 100943 100934 100910 100957 100983 100885 100967 100905 100974
  651.282  1017442  1582.52  1016420  1602.42 101645 101650 101648 101637 101645 101622 101654 101645 101648 101626 101678 101760 101746 101719 101771 101792 101699 101778 101714 101785
  656.282  1025481  1597.40  1024516  1606.56 102456 102459 102456 102446 102452 102434 102464 102454 102457 102438 102492 102574 102558 102533 102578 102601 102510 102513 102524 102598
  661.282  1033484  1599.40  1032522  1606.48 103259 103261 103260 103247 103253 103227 103267 103256 103259 103233 103292 103375 103359 103328 103382 103405 103312 103308 103322 103401
  666.282  1041291  1589.53  1040312  1591.11 104034 104039 104038 104026 104033 104010 104042 104035 104039 104016 104070 104157 104140 104111 104166 104179 104092 104093 104107 104176
  671.282  1049377  1600.30  1048388  1593.46 104841 104846 104845 104833 104842 104819 104850 104843 104845 104824 104874 104966 104951 104921 104969 104988 104907 104904 104911 104986
  676.282  1057459  1612.55  1056449  1595.00 105648 105651 105650 105640 105648 105626 105657 105647 105650 105632 105681 105769 105760 105731 105778 105795 105716 105712 105721 105796
  681.283  1065489  1604.35  1064487  1592.07 106452 106455 106455 106443 106450 106430 106461 106451 106455 106435 106484 106576 106562 106534 106582 106595 106519 106511 106523 106603
  686.282  1073230  1587.28  1072232  1577.25 107229 107230 107230 107217 107225 107201 107237 107227 107230 107206 107254 107346 107340 107303 107359 107374 107295 107284 107296 107379
  691.282  1081225  1586.95  1080197  1579.63 108024 108025 108025 108014 108022 108001 108032 108022 108025 108007 108062 108146 108141 108102 108153 108173 108093 108084 108097 108174
  696.282  1089263  1592.18  1088230  1584.97 108828 108828 108828 108817 108825 108805 108836 108825 108828 108810 108866 108951 108947 108905 108958 108980 108895 108886 108900 108975
  701.282  1097216  1587.65  1096260  1580.70 109629 109631 109632 109622 109627 109608 109637 109629 109632 109613 109669 109751 109748 109708 109763 109705 109700 109692 109702 109778
  706.282  1105170  1575.93  1104051  1572.44 110336 110430 110431 110420 110424 110400 110343 110429 110431 110407 110464 110543 110550 110503 110559 110485 110502 110483 110502 110579
  711.283  1112920  1571.03  1111485  1566.83 111120 111124 111124 111189 111194 111177 111129 111122 111125 111181 111239 111317 111322 111277 111331 111271 111275 111259 111277 111352
  716.282  1120811  1578.62  1119361  1576.34 111925 111927 111927 111915 111920 111980 111929 111925 111930 111983 112045 112121 112126 112082 112061 112075 112001 112063 112082 112155
  721.282  1128754  1582.07  1127452  1580.62 112735 112735 112736 112725 112730 112789 112738 112734 112739 112791 112855 112933 112861 112892 112872 112885 112809 112870 112890 112887
  726.282  1136748  1582.68  1135522  1581.61 113540 113543 113543 113531 113536 113596 113546 113542 113546 113599 113662 113738 113669 113702 113681 113694 113613 113674 113620 113695
  731.282  1144343  1572.71  1143179  1568.59 114305 114307 114308 114293 114300 114369 114310 114307 114309 114371 114348 114511 114431 114477 114446 114458 114378 114446 114388 114460
  736.282  1152282  1575.77  1151190  1576.74 115106 115110 115111 115097 115104 115162 115113 115110 115113 115164 115155 115302 115236 115194 115251 115259 115181 115247 115196 115261
  741.282  1160282  1586.87  1159114  1598.34 115914 115917 115919 115906 115912 115891 115921 115918 115921 115895 115964 116033 116046 116005 116057 116063 115989 116052 116004 116069
  746.282  1168302  1591.14  1167117  1602.55 116714 116717 116718 116706 116711 116694 116722 116719 116721 116695 116767 116838 116849 116808 116858 116864 116790 116851 116806 116871
  751.282  1175937  1580.79  1174751  1587.16 117480 117479 117482 117469 117473 117455 117487 117484 117486 117456 117531 117598 117612 117570 117622 117626 117553 117618 117570 117637
  756.282  1183458  1567.50  1182336  1565.89 118238 118236 118241 118228 118231 118215 118244 118243 118244 118216 118291 118357 118370 118334 118383 118389 118311 118299 118327 118397
  761.282  1191090  1568.74  1189951  1557.10 118999 118998 119002 118989 118992 118978 119005 119004 119005 118979 119051 119120 119131 119098 119146 119154 119076 119064 119089 119161
  766.282  1198712  1553.04  1197574  1543.98 119761 119760 119765 119750 119753 119740 119768 119767 119768 119742 119810 119886 119894 119861 119910 119916 119837 119825 119850 119923
  771.282  1206517  1542.40  1205384  1534.24 120544 120542 120548 120531 120534 120515 120551 120549 120551 120519 120588 120663 120670 120642 120694 120702 120622 120601 120628 120707
  776.282  1214455  1538.36  1213313  1529.53 121336 121333 121338 121324 121327 121313 121343 121341 121342 121316 121382 121463 121461 121439 121484 121491 121414 121401 121420 121500
  781.282  1222558  1554.13  1221397  1544.70 122144 122142 122148 122132 122134 122121 122151 122149 122151 122125 122192 122273 122275 122244 122291 122302 122226 122212 122229 122314
  786.282  1230647  1562.40  1229487  1558.41 122954 122950 122958 122940 122943 122928 122960 122959 122960 122935 123001 123085 123082 123051 123101 123108 123036 123025 123034 123124
  791.282  1238315  1564.18  1237066  1560.55 123717 123715 123724 123706 123708 123697 123725 123648 123725 123701 123766 123852 123852 123822 123865 123870 123803 123794 123798 123893
  796.282  1246159  1564.19  1244548  1560.67 124414 124501 124419 124491 124493 124481 124421 124422 124422 124484 124550 124634 124637 124607 124655 124655 124585 124575 124583 124678
  801.282  1254028  1571.24  1252474  1567.32 125212 125288 125218 125277 125279 125268 125220 125220 125220 125272 125335 125425 125423 125394 125443 125440 125371 125364 125369 125464
  806.283  1261568  1560.29  1260085  1559.15 125981 125978 125985 126045 126048 126038 125989 125990 125989 126042 126106 126196 126192 126164 126132 126211 126061 126133 126141 126232
  811.282  1269293  1552.95  1267859  1551.51 126766 126765 126770 126755 126831 126822 126774 126776 126774 126826 126893 126986 126982 126953 126918 126922 126850 126919 126927 126943
  816.282  1277077  1544.87  1275707  1543.22 127551 127549 127554 127541 127615 127607 127558 127562 127559 127611 127681 127771 127693 127739 127706 127707 127636 127703 127709 127732
  821.282  1284593  1545.30  1283300  1546.31 128317 128316 128321 128306 128305 128374 128324 128331 128327 128379 128450 128537 128460 128428 128476 128472 128400 128468 128400 128502
  826.282  1292180  1539.25  1290880  1552.23 129082 129082 129087 129072 129072 129139 129090 129097 129092 129067 129137 129309 129228 129193 129244 129239 129163 129232 129165 129270
  831.282  1299993  1537.26  1298612  1548.20 129862 129863 129866 129853 129851 129846 129870 129878 129874 129849 129922 130089 130009 129973 130029 130015 129946 130015 129947 130048
  836.282  1307795  1548.68  1306482  1557.00 130649 130650 130651 130641 130641 130632 130656 130665 130662 130635 130707 130802 130798 130763 130818 130803 130733 130803 130735 130833
  841.282  1315374  1546.34  1314130  1550.13 131413 131414 131416 131404 131405 131399 131420 131430 131428 131401 131477 131565 131560 131527 131585 131566 131497 131500 131501 131596
  846.283  1323006  1541.24  1321762  1540.30 132176 132177 132179 132167 132168 132161 132182 132195 132193 132164 132238 132330 132322 132289 132351 132328 132261 132265 132260 132362
  851.282  1330715  1547.77  1329458  1541.36 132945 132947 132949 132937 132939 132930 132951 132964 132961 132935 133011 133101 133092 133060 133122 133096 133028 133040 133031 133134
  856.282  1338597  1555.07  1337328  1545.87 133734 133732 133737 133723 133724 133716 133741 133751 133748 133722 133798 133888 133880 133849 133911 133884 133815 133830 133820 133922
  861.283  1346380  1551.61  1345099  1547.32 134510 134509 134514 134500 134504 134492 134517 134530 134523 134500 134575 134669 134656 134627 134690 134662 134590 134609 134604 134698
  866.282  1354003  1540.47  1352730  1531.41 135273 135271 135279 135263 135266 135255 135280 135294 135287 135262 135337 135430 135415 135387 135457 135423 135352 135372 135366 135464
  871.282  1361650  1542.38  1360282  1530.27 136038 136033 136043 136026 136029 136015 136047 135979 136051 136021 136103 136193 136185 136150 136223 136185 136118 136135 136129 136229
  876.283  1369533  1543.44  1368154  1536.26 136825 136821 136829 136814 136816 136804 136832 136767 136836 136810 136894 136984 136975 136935 137009 136973 136905 136927 136917 137014
  881.282  1377372  1547.80  1375906  1540.99 137607 137603 137612 137596 137599 137588 137614 137551 137543 137593 137675 137769 137760 137720 137793 137758 137688 137710 137702 137797
  886.282  1385039  1538.26  1383416  1531.48 138298 138368 138378 138362 138367 138355 138305 138316 138307 138360 138440 138533 138531 138488 138559 138523 138456 138476 138467 138566
  891.282  1392608  1528.21  1390990  1527.17 139063 139134 139066 139127 139132 139119 139071 139080 139072 139126 139205 139295 139293 139254 139247 139288 139224 139240 139232 139330
  896.283  1400270  1529.09  1398692  1527.42 139826 139911 139830 139904 139909 139891 139836 139848 139836 139901 139979 140073 140070 140033 140009 140064 139911 140015 140008 140108
  901.282  1408041  1538.59  1406386  1541.11 140622 140615 140628 140609 140615 140687 140634 140646 140632 140698 140774 140866 140863 140826 140806 140772 140705 140815 140802 140812
  906.282  1415537  1535.97  1414045  1537.42 141396 141394 141403 141387 141394 141452 141407 141417 141406 141389 141544 141632 141555 141515 141581 141554 141485 141583 141496 141592
  911.282  1423235  1531.56  1421743  1535.69 142166 142164 142172 142158 142163 142221 142176 142189 142175 142159 142311 142400 142325 142284 142352 142324 142255 142353 142268 142363
  916.282  1430889  1530.87  1429390  1540.17 142931 142929 142937 142923 142928 142985 142941 142952 142940 142924 143080 143165 143090 143046 143116 143089 143025 143118 143033 143127
  921.282  1438555  1539.30  1437123  1545.54 143711 143711 143717 143705 143710 143690 143721 143733 143719 143706 143786 143949 143876 143829 143898 143869 143807 143822 143810 143909
  926.282  1446367  1544.38  1444925  1548.94 144491 144491 144497 144485 144490 144470 144501 144513 144499 144488 144562 144728 144660 144610 144681 144649 144588 144602 144593 144694
  931.282  1453952  1540.64  1452582  1547.62 145256 145255 145262 145250 145255 145239 145267 145282 145264 145252 145331 145419 145429 145377 145446 145410 145353 145369 145360 145458
  936.282  1461596  1545.60  1460205  1543.83 146018 146017 146025 146011 146016 146001 146031 146045 146028 146013 146094 146183 146191 146138 146213 146177 146116 146138 146125 146221
  941.282  1469477  1549.23  1468087  1542.35 146807 146802 146814 146800 146804 146792 146819 146832 146816 146801 146882 146972 146974 146929 146996 146968 146905 146925 146918 147008
  946.282  1477267  1553.69  1475878  1547.08 147586 147581 147593 147580 147584 147569 147599 147609 147597 147580 147661 147747 147755 147711 147777 147745 147685 147705 147698 147783
  951.283  1484926  1543.41  1483470  1540.05 148353 148349 148359 148346 148350 148336 148364 148301 148363 148349 148431 148509 148520 148474 148545 148511 148450 148471 148463 148552
  956.282  1492556  1537.35  1491098  1529.06 149117 149110 149122 149109 149113 149099 149128 149065 149125 149110 149193 149274 149284 149238 149309 149271 149213 149232 149226 149316
  961.282  1500345  1538.49  1498897  1529.83 149897 149893 149903 149892 149896 149874 149908 149835 149906 149893 149967 150048 150067 150019 150087 150049 149998 150001 150010 150099
  966.282  1508011  1539.95  1506537  1534.78 150662 150654 150667 150654 150658 150640 150671 150607 150670 150654 150736 150817 150830 150786 150850 150814 150767 150772 150773 150866
  971.282  1515871  1538.76  1514327  1533.79 151447 151441 151452 151442 151446 151425 151383 151394 151456 151441 151520 151604 151614 151573 151634 151603 151556 151555 151557 151655
  976.282  1523740  1535.12  1522091  1532.47 152156 152237 152249 152239 152243 152217 152166 152182 152165 152237 152313 152396 152412 152368 152343 152403 152353 152345 152356 152451
  981.282  1531405  1541.80  1529769  1540.92 152940 153009 152943 153009 153014 152990 152949 152960 152949 153006 153088 153176 153184 153141 153125 153173 153049 153121 153127 153221
  986.282  1539313  1556.33  1537673  1555.35 153745 153814 153749 153739 153744 153794 153755 153766 153755 153812 153893 153982 153986 153949 153934 153978 153857 153925 153856 153953
  991.282  1547247  1561.07  1545533  1562.38 154545 154540 154551 154541 154546 154593 154555 154568 154555 154539 154695 154783 154786 154752 154735 154698 154656 154728 154659 154755
  996.282  1555006  1565.81  1553334  1567.65 155325 155319 155332 155319 155324 155379 155334 155349 155334 155319 155482 155569 155489 155543 155516 155479 155439 155515 155440 155534
 1001.283  1562768  1566.17  1561192  1570.13 156111 156104 156119 156106 156111 156159 156121 156136 156120 156105 156262 156348 156278 156248 156302 156266 156223 156296 156226 156319
 1006.282  1570839  1572.95  1569266  1577.95 156918 156912 156926 156913 156917 156967 156931 156943 156928 156911 157069 157159 157081 157056 157110 157070 157030 157101 157033 157130
 1011.282  1578765  1584.05  1577250  1588.07 157716 157710 157725 157712 157716 157766 157729 157741 157727 157708 157793 157955 157884 157856 157914 157870 157830 157901 157833 157929
 1016.282  1586388  1576.71  1584877  1581.17 158486 158478 158496 158484 158486 158456 158502 158514 158499 158476 158555 158737 158653 158625 158685 158641 158602 158589 158603 158698
 1021.282  1594374  1581.44  1592915  1584.83 159290 159285 159299 159287 159290 159265 159303 159313 159300 159283 159366 159462 159458 159427 159491 159452 159400 159396 159414 159508
 1026.282  1602386  1589.93  1600921  1589.19 160092 160085 160099 160087 160090 160067 160105 160113 160099 160084 160169 160264 160261 160228 160291 160256 160202 160193 160213 160309
 1031.282  1610496  1596.56  1609036  1592.81 160903 160896 160912 160896 160900 160879 160917 160927 160910 160896 160984 161076 161073 161038 161103 161065 161010 161005 161024 161118
 1036.282  1618304  1583.64  1616869  1576.06 161688 161678 161697 161681 161684 161657 161701 161712 161694 161677 161764 161852 161855 161821 161891 161848 161790 161781 161801 161901
 1041.282  1626189  1581.17  1624665  1575.57 162474 162466 162485 162467 162470 162450 162487 162420 162481 162465 162555 162644 162640 162609 162677 162634 162579 162574 162587 162690
 1046.282  1634263  1591.05  1632735  1585.22 163281 163275 163291 163275 163275 163257 163294 163228 163287 163272 163360 163452 163445 163412 163486 163445 163388 163382 163397 163496
 1051.282  1642339  1593.99  1640816  1586.78 164089 164084 164099 164084 164084 164065 164100 164036 164094 164081 164168 164259 164254 164220 164295 164252 164195 164187 164205 164304
 1056.282  1650012  1579.38  1648388  1574.11 164854 164850 164865 164849 164849 164831 164787 164797 164860 164846 164934 165028 165019 164993 165057 165024 164958 164953 164976 165070
 1061.283  1657986  1569.75  1656192  1567.74 165566 165649 165578 165648 165648 165630 165578 165593 165658 165644 165730 165820 165818 165792 165853 165823 165756 165751 165775 165868
 1066.282  1665554  1570.13  1663852  1563.83 166346 166418 166357 166419 166419 166401 166357 166369 166354 166412 166497 166593 166592 166564 166551 166594 166455 166526 166546 166636
 1071.282  1673191  1561.81  1671471  1560.37 167115 167190 167125 167113 167189 167170 167126 167138 167124 167181 167265 167364 167365 167333 167322 167365 167226 167298 167242 167411
 1076.282  1681083  1555.60  1679275  1556.61 167911 167908 167920 167909 167907 167965 167922 167935 167920 167978 168061 168158 168161 168127 168119 168162 168024 168100 168041 168130
 1081.282  1688576  1541.29  1686921  1542.00 168676 168671 168686 168675 168670 168729 168687 168698 168687 168742 168830 168923 168852 168892 168881 168846 168787 168866 168804 168895
 1086.282  1696169  1540.91  1694497  1544.60 169441 169437 169450 169441 169437 169495 169451 169465 169451 169429 169603 169688 169620 169578 169648 169616 169553 169628 169569 169666
 1091.282  1704176  1542.30  1702512  1549.28 170243 170240 170251 170242 170239 170292 170253 170267 170253 170232 170401 170489 170420 170380 170448 170417 170351 170430 170372 170468
 1096.282  1711840  1545.74  1710187  1549.77 171011 171006 171019 171008 171009 171057 171021 171036 171021 170999 171165 171255 171185 171146 171216 171183 171121 171196 171137 171236
 1101.282  1719591  1551.51  1717917  1555.97 171791 171786 171799 171789 171789 171765 171802 171817 171801 171778 171870 172046 171967 171929 171994 171963 171904 171983 171918 172017
 1106.282  1727399  1551.73  1725812  1556.56 172581 172575 172589 172580 172578 172553 172594 172605 172592 172565 172656 172835 172755 172716 172786 172752 172693 172691 172707 172808
 1111.282  1734980  1557.18  1733454  1548.86 173344 173339 173353 173344 173342 173319 173358 173369 173355 173331 173420 173525 173520 173481 173552 173517 173459 173455 173475 173576
 1116.282  1742857  1566.66  1741367  1555.69 174139 174127 174148 174137 174131 174104 174151 174164 174150 174116 174205 174313 174308 174268 174345 174300 174248 174240 174266 174364
 1121.282  1750666  1555.00  1749140  1549.53 174913 174906 174921 174916 174909 174889 174924 174938 174924 174900 174987 175092 175092 175052 175126 175084 175025 175021 175045 175142
 1126.282  1758293  1551.01  1756689  1544.97 175676 175667 175683 175681 175671 175650 175687 175623 175688 175663 175745 175859 175853 175817 175889 175849 175787 175784 175807 175903
 1131.282  1766224  1552.35  1764623  1549.50 176469 176460 176477 176473 176465 176443 176480 176417 176480 176459 176540 176649 176646 176612 176680 176640 176578 176579 176600 176700
 1136.283  1773887  1544.43  1772297  1539.19 177238 177226 177246 177241 177232 177209 177247 177184 177249 177225 177302 177414 177414 177378 177449 177405 177342 177346 177368 177469
 1141.282  1781915  1557.42  1780307  1549.36 178040 178029 178048 178044 178032 178008 178050 177981 178050 178025 178104 178217 178222 178174 178254 178209 178145 178143 178170 178277
 1146.282  1789538  1548.39  1787543  1541.88 178725 178790 178732 178729 178792 178772 178735 178747 178734 178787 178867 178980 178985 178937 179016 178971 178907 178909 178929 179037
 1151.282  1797592  1556.81  1795596  1551.17 179529 179596 179540 179535 179597 179576 179540 179550 179539 179594 179674 179789 179794 179742 179820 179777 179710 179711 179736 179839
 1156.282  1805679  1572.40  1803677  1566.63 180337 180403 180349 180343 180406 180384 180349 180357 180348 180401 180485 180600 180600 180549 180629 180584 180518 180520 180544 180650
 1161.283  1813459  1572.21  1811673  1568.69 181136 181202 181149 181143 181206 181184 181149 181156 181147 181201 181284 181402 181400 181349 181354 181384 181242 181321 181268 181455
 1166.282  1821084  1568.48  1819397  1571.40 181911 181991 181927 181921 181904 181966 181928 181935 181925 181989 182067 182179 182095 182138 182123 182176 182015 182101 182038 182152
 1171.282  1828928  1567.18  1827133  1568.76 182705 182696 182718 182712 182699 182750 182719 182724 182716 182694 182856 182967 182893 182924 182915 182883 182814 182892 182833 182951
 1176.282  1837038  1583.86  1835249  1598.36 183516 183507 183529 183523 183513 183561 183531 183537 183527 183505 183662 183778 183704 183736 183727 183692 183627 183699 183645 183768
 1181.282  1845044  1585.05  1843298  1598.34 184321 184313 184333 184327 184318 184367 184334 184343 184330 184312 184469 184583 184511 184468 184538 184503 184436 184504 184459 184573
 1186.282  1853002  1578.54  1851274  1590.89 185120 185104 185134 185128 185111 185169 185133 185143 185129 185103 185274 185391 185302 185256 185330 185291 185234 185308 185253 185363
 1191.282  1860789  1580.52  1859040  1584.45 185896 185885 185909 185903 185893 185940 185907 185916 185906 185885 186048 186161 186082 186041 186111 186074 186012 186080 186034 186146
 1196.282  1868735  1593.93  1866976  1588.96 186697 186686 186710 186704 186694 186665 186709 186717 186708 186686 186775 186959 186885 186845 186914 186877 186813 186880 186837 186950
