Test case: 
Description: 
	10 senders: persistent queues
	10 receivers: client acknowledge every 50 messages
Timestamp: 2011.11.2 0:47:31
Version: 
Setting up JMS benchmark connections... 

Start processing messages.
Fri Dec 02 00:47:31 EST 2011

  Seconds   Send   Send/Sec   Recv   Recv/Sec   RCV0   RCV1   RCV2   RCV3   RCV4   RCV5   RCV6   RCV7   RCV8   RCV9  SND10  SND11  SND12  SND13  SND14  SND15  SND16  SND17  SND18  SND19
  ------- -------- -------- -------- -------- ------ ------ ------ ------ ------ ------ ------ ------ ------ ------ ------ ------ ------ ------ ------ ------ ------ ------ ------ ------
    1.003        0     0.00        0     0.00      0      0      0      0      0      0      0      0      0      0      0      0      0      0      0      0      0      0      0      0
    6.003     1110   231.74     1097   238.48    109    111    110    109    110    109    110    110    110    109    110    112    109    111    112    113    109    112    109    113
   11.003     2585   263.96     2664   262.71    268    254    270    270    270    269    269    253    273    268    251    256    268    254    270    255    268    255    254    254
   16.003     4370   299.32     4378   299.86    438    440    438    437    437    437    437    438    438    438    435    441    434    440    433    438    432    440    441    436
   21.003     6226   312.40     6270   309.69    627    627    627    627    627    627    627    627    627    627    620    630    619    625    617    622    616    625    630    622
   26.003    11696   450.33    11810   448.37   1181   1181   1181   1181   1181   1181   1181   1181   1181   1181   1180   1178   1168   1185   1144   1175   1147   1169   1181   1169
   31.003    20336   663.31    20417   660.34   2042   2041   2044   2042   2041   2041   2041   2042   2041   2042   2045   2044   2033   2050   2004   2037   2003   2038   2049   2033
   36.003    28964   911.41    29048   908.89   2904   2905   2906   2904   2906   2905   2905   2905   2904   2904   2909   2903   2897   2918   2867   2898   2864   2897   2911   2900
   41.004    37620  1152.18    37697  1146.41   3768   3770   3771   3769   3770   3770   3771   3770   3769   3769   3775   3767   3760   3781   3734   3763   3736   3762   3775   3767
   46.003    53500  1590.70    54003  1591.21   5399   5401   5401   5401   5401   5400   5400   5401   5400   5399   5374   5371   5356   5380   5286   5341   5305   5353   5372   5362
   51.003    61320  1830.44    61869  1841.58   6194   6195   6195   6195   6195   6195   6195   6116   6195   6194   6171   6086   6159   6094   6124   6153   6142   6147   6084   6160
   56.003    69051  1913.15    69065  1921.31   6906   6907   6906   6906   6906   6907   6907   6908   6906   6906   6881   6879   6938   6889   6918   6940   6931   6859   6876   6940
   61.003    76932  1888.36    76978  1898.02   7695   7700   7696   7696   7696   7700   7700   7700   7698   7697   7673   7672   7746   7674   7718   7662   7730   7651   7666   7740
   66.003    84809  1868.39    85008  1877.85   8499   8503   8499   8499   8499   8503   8503   8502   8501   8500   8476   8479   8467   8479   8522   8465   8535   8454   8470   8462
   71.003    92476  1835.40    92672  1844.86   9265   9269   9265   9265   9265   9270   9270   9269   9268   9266   9243   9244   9232   9245   9293   9232   9306   9218   9236   9227
   76.003   100545  1573.48   100759  1569.05  10074  10077  10074  10074  10074  10080  10078  10079  10075  10074  10051  10053  10040  10052  10093  10039  10110  10028  10044  10035
   81.003   108622  1587.32   109001  1581.61  10898  10903  10898  10898  10898  10903  10902  10903  10900  10898  10877  10880  10867  10873  10838  10859  10852  10855  10863  10858
   86.004   116685  1598.46   117058  1610.50  11703  11710  11703  11703  11703  11710  11710  11709  11704  11703  11681  11686  11675  11675  11646  11665  11661  11662  11670  11664
   91.003   124470  1595.23   124862  1606.85  12483  12491  12484  12481  12481  12492  12492  12490  12485  12483  12465  12468  12455  12456  12416  12441  12435  12442  12451  12441
   96.003   132411  1597.44   132797  1603.71  13277  13285  13277  13275  13275  13285  13285  13282  13279  13277  13258  13260  13249  13255  13210  13231  13232  13237  13242  13237
  101.003   140423  1603.76   140809  1607.58  14079  14085  14079  14076  14076  14085  14086  14082  14082  14079  14062  14061  14049  14060  14010  14034  14030  14036  14044  14037
  106.003   148537  1602.70   148915  1603.11  14889  14895  14890  14888  14888  14895  14897  14891  14893  14889  14874  14874  14861  14868  14818  14848  14842  14846  14856  14850
  111.003   156475  1593.46   156872  1575.50  15684  15693  15685  15682  15682  15692  15694  15687  15689  15684  15671  15674  15649  15667  15605  15644  15637  15639  15649  15640
  116.003   164332  1577.97   164716  1573.31  16469  16479  16469  16465  16465  16478  16478  16471  16473  16469  16455  16458  16435  16453  16389  16430  16426  16425  16430  16431
  121.003   172367  1587.01   172751  1581.61  17272  17284  17272  17267  17267  17283  17284  17273  17277  17272  17256  17261  17237  17258  17194  17230  17227  17231  17238  17235
  126.003   180449  1591.38   180833  1585.94  18081  18092  18079  18074  18074  18091  18092  18082  18087  18081  18064  18075  18041  18067  18006  18039  18035  18041  18042  18039
  131.003   188417  1586.46   188629  1580.59  18878  18801  18875  18871  18871  18889  18801  18879  18886  18878  18861  18874  18832  18864  18802  18833  18830  18841  18843  18837
  136.003   195969  1573.64   196204  1571.26  19649  19583  19646  19643  19642  19582  19582  19650  19578  19649  19632  19566  19601  19637  19574  19609  19601  19608  19536  19605
  141.003   203909  1573.50   204146  1573.24  20450  20386  20449  20444  20443  20385  20385  20376  20378  20450  20431  20364  20404  20362  20374  20411  20404  20410  20340  20409
  146.003   211791  1579.70   211961  1580.23  21178  21190  21176  21247  21246  21191  21191  21181  21184  21177  21155  21169  21207  21162  21180  21214  21212  21211  21143  21138
  151.003   219732  1581.41   220054  1582.25  21988  22001  21986  22053  22053  22001  22001  21990  21993  21988  21966  21974  21941  21972  21991  21949  22020  22022  21950  21947
  156.003   227274  1566.13   227518  1566.66  22750  22762  22748  22740  22740  22762  22762  22751  22753  22750  22725  22739  22702  22730  22754  22711  22787  22711  22710  22705
  161.003   234907  1555.03   235159  1561.41  23512  23530  23511  23504  23504  23527  23527  23515  23517  23512  23489  23503  23466  23491  23516  23475  23549  23476  23476  23466
  166.003   242643  1561.11   242894  1566.78  24286  24302  24284  24278  24278  24301  24301  24288  24290  24286  24263  24278  24240  24263  24285  24247  24323  24249  24255  24240
  171.003   250209  1551.11   250532  1556.58  25050  25066  25048  25041  25041  25064  25066  25053  25053  25050  25028  25042  25001  25027  25050  25009  25016  25014  25020  25002
  176.003   258005  1550.86   258407  1555.69  25837  25853  25836  25829  25829  25851  25854  25841  25840  25837  25812  25828  25790  25813  25759  25797  25802  25804  25809  25791
  181.003   265900  1549.21   266306  1546.39  26627  26644  26626  26619  26619  26639  26644  26631  26628  26629  26602  26613  26585  26605  26551  26585  26590  26591  26600  26578
  186.003   273553  1547.85   273963  1550.91  27395  27408  27392  27386  27386  27403  27410  27396  27392  27395  27369  27380  27350  27373  27314  27351  27357  27355  27362  27342
  191.003   281190  1548.05   281593  1550.54  28158  28172  28154  28149  28149  28167  28174  28158  28154  28158  28135  28144  28116  28135  28079  28111  28124  28115  28124  28107
  196.003   288869  1543.61   289278  1541.23  28927  28941  28922  28917  28917  28936  28943  28927  28922  28926  28898  28917  28883  28906  28843  28879  28892  28885  28889  28877
  201.003   296703  1550.07   297105  1542.72  29712  29723  29704  29700  29700  29718  29724  29712  29704  29708  29682  29699  29671  29690  29624  29663  29673  29669  29671  29661
  206.003   304543  1543.22   304943  1535.74  30496  30505  30490  30483  30483  30502  30505  30496  30490  30493  30466  30483  30454  30474  30406  30445  30460  30453  30455  30447
  211.003   312197  1532.55   312606  1527.72  31262  31272  31255  31249  31249  31269  31272  31263  31255  31260  31232  31243  31221  31241  31176  31210  31225  31218  31221  31210
  216.003   319864  1532.74   320052  1528.07  32030  31962  32023  32017  32017  31961  31962  32030  32023  32027  32002  32010  31988  32011  31941  31977  31990  31979  31985  31981
  221.004   327605  1536.14   327863  1534.43  32810  32744  32803  32799  32799  32744  32744  32810  32803  32807  32784  32713  32772  32789  32724  32758  32774  32763  32767  32761
  226.003   335374  1542.25   335559  1539.97  33519  33527  33590  33585  33585  33527  33527  33519  33588  33592  33569  33496  33556  33497  33507  33542  33557  33549  33556  33545
  231.003   342897  1537.21   343006  1535.20  34288  34293  34283  34351  34351  34295  34293  34288  34280  34284  34339  34263  34324  34268  34274  34306  34321  34318  34250  34234
  236.004   350417  1526.63   350470  1527.80  35050  35055  35045  35037  35037  35056  35055  35050  35040  35045  35026  35025  35079  35029  35035  35062  35080  35078  35010  34993
  241.003   359729  1570.37   359741  1581.71  35978  36003  35970  35943  35943  36004  35998  35978  35953  35971  35935  35952  35907  35959  36048  36102  36104  35888  35932  35902
  246.003   381304  2054.16   381731  2069.77  38174  38181  38173  38163  38163  38182  38180  38174  38168  38173  38142  38116  38113  38128  38150  38163  38183  38103  38106  38100
  251.003   388854  2050.27   389367  2063.89  38937  38944  38938  38927  38927  38945  38943  38937  38932  38937  38904  38881  38874  38893  38912  38848  38945  38861  38874  38862
  256.003   396463  2044.80   396958  2060.37  39696  39702  39696  39688  39688  39703  39703  39696  39690  39696  39664  39639  39636  39655  39673  39610  39708  39624  39632  39622
  261.003   404116  2049.19   404614  2064.87  40460  40469  40461  40454  40454  40471  40470  40460  40454  40461  40425  40405  40406  40418  40438  40377  40475  40389  40394  40389
  266.003   411872  2059.70   412443  2079.70  41243  41252  41243  41238  41238  41253  41252  41243  41238  41243  41210  41189  41191  41201  41222  41158  41180  41171  41175  41175
  271.003   419641  2007.92   420217  2021.54  42021  42031  42019  42015  42014  42032  42029  42021  42014  42021  41988  41969  41969  41975  41999  41939  41960  41945  41947  41950
  276.004   427237  1538.72   427879  1540.81  42787  42797  42785  42782  42780  42798  42795  42788  42780  42787  42762  42738  42737  42742  42689  42704  42726  42713  42715  42711
  281.003   434832  1537.62   435475  1531.44  43546  43559  43544  43541  43539  43558  43553  43550  43539  43546  43517  43493  43497  43502  43449  43466  43485  43473  43476  43474
  286.003   442676  1540.29   443298  1533.91  44330  44339  44328  44324  44321  44338  44335  44332  44321  44330  44300  44275  44280  44284  44236  44254  44273  44263  44253  44258
  291.003   450465  1539.88   451085  1534.08  45108  45116  45106  45104  45102  45116  45113  45110  45102  45108  45081  45052  45056  45065  45015  45033  45046  45045  45029  45043
  296.003   458110  1534.06   458723  1527.89  45872  45879  45871  45869  45865  45880  45877  45874  45864  45872  45847  45819  45819  45833  45778  45798  45811  45803  45794  45808
  301.003   465724  1528.36   466340  1521.74  46634  46641  46631  46631  46626  46641  46640  46638  46624  46634  46607  46584  46578  46596  46540  46555  46572  46563  46560  46569
  306.004   473469  1531.09   473861  1525.35  47409  47340  47405  47405  47401  47340  47340  47412  47400  47409  47380  47357  47354  47371  47314  47329  47346  47342  47332  47344
  311.003   481309  1541.53   481695  1535.62  48201  48131  48197  48196  48191  48129  48129  48129  48191  48201  48169  48076  48147  48166  48102  48120  48138  48131  48123  48137
  316.003   488785  1534.56   489166  1529.19  48888  48894  48957  48957  48953  48893  48892  48891  48953  48888  48856  48839  48910  48853  48866  48887  48898  48891  48887  48898
  321.003   496259  1529.09   496629  1523.29  49651  49654  49644  49644  49714  49653  49654  49651  49714  49650  49619  49603  49673  49616  49630  49649  49661  49652  49571  49585
  326.003   504037  1536.09   504421  1533.54  50446  50450  50437  50437  50432  50448  50450  50446  50432  50443  50413  50398  50385  50408  50421  50445  50456  50369  50364  50378
  331.003   511859  1540.37   512251  1540.64  51229  51233  51219  51220  51216  51229  51234  51229  51216  51226  51194  51180  51163  51189  51205  51232  51238  51152  51147  51159
  336.003   519793  1549.41   520279  1557.70  52032  52036  52021  52023  52018  52032  52038  52032  52018  52029  51998  51985  51965  51988  52006  51956  52036  51953  51949  51957
  341.003   527849  1556.07   528346  1565.47  52840  52840  52826  52832  52825  52839  52845  52839  52825  52835  52803  52793  52767  52794  52814  52759  52841  52758  52758  52762
  346.003   535533  1563.10   536011  1571.93  53605  53605  53596  53598  53593  53603  53611  53605  53593  53602  53567  53554  53537  53560  53586  53531  53617  53527  53525  53529
  351.003   543637  1584.70   544133  1594.09  54418  54418  54408  54410  54405  54416  54422  54418  54405  54413  54375  54367  54348  54377  54391  54344  54421  54337  54338  54339
  356.003   551683  1593.69   552177  1597.35  55223  55223  55211  55215  55208  55220  55229  55223  55208  55217  55183  55171  55150  55182  55194  55155  55225  55142  55141  55140
  361.003   559723  1601.03   560226  1596.33  56029  56028  56016  56019  56013  56026  56034  56029  56011  56021  55988  55979  55952  55988  55995  55957  56030  55945  55943  55946
  366.003   567254  1586.71   567950  1582.18  56803  56801  56790  56790  56783  56801  56806  56803  56781  56792  56759  56751  56717  56760  56684  56725  56715  56710  56716  56717
  371.004   575296  1581.41   575956  1576.78  57603  57601  57590  57590  57587  57600  57605  57603  57585  57592  57561  57551  57523  57560  57492  57534  57521  57516  57518  57520
  376.003   583455  1595.03   584118  1588.56  58420  58416  58406  58406  58404  58414  58423  58420  58402  58407  58375  58363  58340  58374  58309  58353  58336  58335  58332  58338
  381.003   591451  1589.15   592040  1584.68  59220  59215  59204  59204  59204  59214  59150  59220  59202  59207  59176  59161  59139  59173  59109  59152  59135  59136  59134  59136
  386.003   599367  1575.72   599810  1576.90  59928  60014  59999  59999  59999  60011  59933  59928  59996  60003  59972  59956  59932  59964  59894  59941  59919  59926  59930  59933
  391.003   607115  1569.98   607564  1570.79  60713  60783  60771  60770  60770  60783  60717  60713  60769  60775  60742  60727  60706  60738  60674  60718  60702  60698  60702  60708
  396.003   615186  1588.09   615497  1582.72  61522  61515  61580  61578  61578  61514  61526  61522  61577  61585  61550  61532  61514  61546  61482  61520  61512  61504  61507  61519
  401.003   623167  1588.36   623485  1584.46  62328  62323  62386  62385  62385  62320  62332  62328  62385  62313  62352  62260  62322  62348  62287  62330  62317  62307  62317  62327
  406.003   631041  1583.71   631440  1580.09  63131  63126  63111  63188  63188  63126  63136  63131  63188  63115  63075  63063  63125  63073  63088  63136  63127  63107  63120  63127
  411.003   638543  1571.44   638815  1569.63  63891  63887  63873  63873  63873  63885  63896  63891  63871  63875  63837  63827  63898  63833  63847  63908  63892  63883  63803  63815
  416.003   646424  1573.93   646800  1576.85  64688  64685  64673  64673  64673  64684  64692  64688  64670  64674  64639  64628  64685  64633  64646  64696  64683  64595  64605  64614
  421.003   654377  1583.39   654896  1588.32  65497  65495  65483  65482  65482  65493  65501  65499  65481  65483  65448  65441  65415  65443  65459  65430  65494  65406  65413  65428
  426.004   662447  1580.84   662970  1593.05  66303  66302  66291  66291  66289  66301  66308  66305  66289  66291  66257  66245  66223  66249  66265  66237  66302  66212  66218  66239
  431.003   670216  1572.65   670763  1586.51  67083  67083  67069  67067  67067  67082  67090  67087  67066  67069  67035  67020  66999  67020  67050  67015  67083  66986  66994  67014
  436.003   678116  1574.50   678636  1583.76  67868  67868  67859  67857  67857  67867  67874  67871  67856  67859  67827  67805  67792  67810  67837  67809  67869  67776  67784  67807
  441.003   686145  1592.21   686673  1600.74  68671  68671  68662  68661  68661  68670  68679  68676  68660  68662  68631  68609  68596  68614  68642  68613  68670  68578  68584  68608
  446.003   694188  1597.70   694725  1597.81  69477  69476  69468  69466  69466  69474  69483  69482  69466  69467  69438  69413  69395  69418  69452  69421  69472  69378  69390  69411
  451.003   702000  1593.02   702532  1582.99  70256  70255  70250  70248  70248  70254  70262  70260  70248  70251  70223  70199  70176  70197  70233  70198  70251  70162  70167  70194
  456.003   709558  1575.69   710168  1557.94  71021  71018  71013  71011  71011  71018  71026  71023  71011  71016  70982  70964  70941  70960  70999  70961  70939  70928  70930  70954
  461.003   717267  1573.52   717959  1557.25  71800  71796  71793  71791  71791  71797  71803  71803  71791  71794  71763  71743  71719  71740  71699  71740  71718  71706  71707  71732
  466.003   724929  1557.11   725606  1549.50  72564  72560  72558  72555  72555  72562  72568  72568  72556  72560  72528  72511  72487  72509  72463  72503  72485  72470  72476  72497
  471.004   732888  1552.77   733554  1547.54  73358  73353  73353  73351  73351  73357  73362  73363  73351  73355  73326  73305  73281  73306  73264  73296  73279  73263  73275  73293
  476.003   740501  1538.69   741102  1533.62  74122  74117  74114  74111  74111  74121  74125  74051  74111  74119  74090  74069  74044  74066  74027  74056  74039  74025  74032  74053
  481.003   748353  1534.04   748808  1534.01  74830  74905  74902  74896  74896  74908  74834  74833  74896  74908  74880  74856  74824  74852  74813  74837  74823  74811  74818  74839
  486.003   756191  1544.26   756397  1541.07  75615  75609  75682  75678  75677  75613  75617  75616  75677  75613  75664  75636  75609  75636  75596  75622  75607  75594  75600  75627
  491.003   763781  1542.77   763997  1537.20  76383  76377  76373  76445  76445  76382  76383  76383  76444  76382  76429  76328  76377  76403  76364  76390  76373  76359  76368  76390
  496.003   771685  1553.52   771741  1548.15  77180  77176  77169  77166  77167  77178  77180  77180  77165  77180  77225  77127  77178  77120  77162  77190  77171  77157  77168  77187
  501.003   779171  1542.80   779377  1537.74  77944  77940  77933  77928  77931  77942  77943  77944  77928  77944  77989  77889  77942  77884  77927  77952  77935  77926  77855  77872
  506.003   786780  1545.20   787123  1544.33  78718  78714  78709  78703  78706  78716  78718  78718  78703  78718  78690  78662  78717  78661  78703  78732  78712  78625  78627  78651
  511.003   794621  1544.66   794964  1548.86  79501  79498  79495  79488  79491  79500  79502  79500  79488  79501  79474  79445  79504  79445  79488  79519  79496  79404  79411  79435
  516.003   802123  1536.09   802604  1550.62  80267  80261  80258  80252  80254  80263  80267  80263  80252  80267  80237  80212  80193  80204  80260  80209  80262  80170  80177  80199
  521.004   809991  1545.50   810478  1559.77  81054  81048  81044  81039  81042  81051  81055  81051  81040  81054  81026  80996  80980  80988  81047  80993  81050  80958  80965  80988
  526.003   817784  1541.76   818269  1561.39  81834  81825  81822  81817  81819  81832  81836  81832  81818  81834  81804  81773  81760  81771  81825  81772  81829  81738  81742  81770
  531.003   825524  1549.36   826015  1555.84  82609  82600  82597  82590  82592  82608  82612  82608  82590  82609  82573  82548  82530  82545  82603  82543  82608  82513  82516  82545
  536.003   833459  1561.31   833931  1557.52  83399  83390  83389  83385  83385  83398  83402  83399  83385  83399  83367  83341  83328  83337  83393  83341  83392  83310  83311  83339
  541.003   841457  1564.05   841922  1559.92  84198  84190  84188  84183  84183  84198  84203  84198  84183  84198  84169  84140  84127  84137  84194  84142  84193  84109  84108  84138
  546.003   849341  1579.19   849955  1570.50  85001  84992  84991  84987  84986  85001  85007  85002  84986  85002  84970  84947  84926  84942  84922  84947  84919  84912  84912  84944
  551.003   857228  1575.86   857902  1559.95  85799  85786  85783  85778  85778  85799  85803  85799  85778  85799  85759  85739  85717  85735  85707  85737  85701  85698  85700  85735
  556.003   865063  1576.14   865683  1565.47  86575  86565  86564  86558  86558  86575  86580  86575  86558  86575  86543  86512  86501  86515  86500  86524  86491  86480  86485  86512
  561.003   873131  1581.91   873668  1575.57  87382  87370  87370  87363  87363  87383  87309  87382  87363  87383  87351  87322  87309  87320  87306  87332  87297  87288  87287  87319
  566.004   881187  1583.29   881411  1580.34  88110  88175  88175  88168  88168  88111  88115  88110  88168  88111  88153  88125  88110  88128  88114  88138  88105  88094  88094  88126
  571.003   889272  1581.17   889464  1581.07  88911  88984  88985  88977  88977  88912  88917  88911  88977  88913  88961  88933  88919  88938  88919  88944  88914  88905  88902  88937
  576.003   896973  1575.84   897173  1570.40  89681  89754  89757  89749  89749  89682  89688  89681  89749  89683  89731  89706  89689  89712  89682  89712  89679  89674  89677  89711
  581.003   904761  1579.43   905001  1572.75  90485  90472  90474  90543  90543  90484  90489  90485  90542  90484  90525  90421  90484  90426  90481  90506  90477  90467  90473  90501
  586.003   912695  1585.32   913005  1580.18  91284  91272  91277  91343  91343  91285  91290  91285  91343  91283  91325  91221  91290  91228  91281  91309  91278  91266  91272  91225
  591.003   920729  1584.40   920795  1581.44  92086  92075  92079  92068  92068  92087  92092  92087  92068  92085  92128  92028  92091  92029  92082  92112  92082  92069  92075  92033
  596.003   928454  1577.07   928639  1584.89  92871  92859  92862  92852  92852  92871  92878  92871  92852  92871  92920  92810  92795  92816  92874  92908  92871  92867  92777  92816
  601.004   936169  1565.84   936462  1577.11  93652  93641  93645  93637  93637  93652  93658  93652  93636  93652  93693  93594  93580  93597  93648  93680  93648  93562  93566  93601
  606.003   944104  1576.28   944546  1589.70  94459  94450  94453  94446  94446  94461  94468  94459  94445  94459  94418  94405  94389  94406  94458  94408  94460  94370  94379  94411
  611.004   952211  1586.98   952632  1598.36  95268  95259  95262  95254  95255  95269  95276  95268  95253  95268  95227  95214  95198  95216  95269  95220  95269  95183  95192  95223
  616.003   960345  1592.95   960793  1600.57  96086  96074  96079  96068  96069  96086  96092  96086  96067  96086  96037  96029  96012  96027  96082  96035  96087  95992  96004  96040
  621.003   968061  1582.83   968491  1587.50  96854  96843  96849  96838  96840  96855  96864  96855  96838  96855  96810  96800  96781  96796  96857  96807  96857  96763  96775  96815
  626.003   976071  1592.68   976491  1592.68  97653  97643  97650  97640  97640  97655  97662  97654  97639  97655  97617  97605  97578  97597  97651  97608  97651  97568  97579  97617
  631.003   984088  1600.46   984503  1596.63  98454  98444  98451  98441  98441  98457  98463  98455  98440  98457  98421  98404  98378  98400  98454  98409  98452  98372  98379  98419
  636.003   992115  1605.89   992594  1594.14  99262  99251  99260  99251  99251  99266  99274  99263  99250  99266  99235  99211  99189  99213  99187  99219  99261  99183  99187  99230
  641.003   999876  1587.17  1000409  1572.20 100044 100030 100043 100029 100029 100049 100060 100047 100029 100049 100012  99992  99959  99993  99956  99991 100046  99961  99957 100009
  646.004  1007747  1582.89  1008245  1568.99 100833 100823 100834 100823 100823 100839 100772 100836 100823 100839 100809 100784 100752 100785 100760 100787 100756 100755 100754 100805
  651.003  1015847  1593.05  1016353  1582.48 101644 101633 101644 101634 101634 101650 101582 101647 101635 101650 101621 101593 101566 101594 101568 101596 101565 101564 101563 101617
  656.003  1023970  1591.44  1024300  1586.11 102452 102443 102453 102444 102444 102384 102393 102457 102446 102384 102434 102401 102376 102407 102379 102409 102376 102380 102379 102429
  661.003  1031905  1579.36  1032061  1580.20 103251 103240 103160 103242 103242 103167 103179 103166 103246 103168 103227 103201 103169 103205 103164 103205 103160 103170 103176 103228
  666.003  1039733  1577.15  1039857  1575.81 103952 104021 103956 104022 104022 103963 103972 103960 104026 103963 104008 103979 103952 103983 103952 103990 103951 103950 103960 104008
  671.003  1047744  1588.21  1047861  1584.58 104759 104831 104764 104831 104829 104771 104780 104769 104756 104771 104819 104711 104759 104793 104761 104799 104760 104760 104767 104815
  676.003  1055751  1595.05  1055783  1592.67 105567 105561 105571 105562 105636 105579 105589 105576 105564 105578 105625 105519 105568 105524 105567 105612 105567 105571 105574 105624
  681.003  1063699  1591.63  1063701  1588.91 106366 106359 106370 106360 106355 106380 106390 106379 106363 106379 106431 106316 106372 106324 106371 106413 106369 106380 106380 106343
  686.003  1071219  1577.00  1071365  1579.42 107134 107127 107137 107128 107125 107144 107152 107143 107132 107143 107206 107084 107144 107096 107135 107183 107130 107063 107068 107110
  691.003  1079207  1579.60  1079464  1590.70 107944 107938 107946 107939 107937 107953 107962 107952 107941 107952 108006 107892 107868 107909 107947 107983 107935 107874 107875 107918
  696.003  1087238  1586.41  1087500  1598.76 108748 108743 108749 108742 108742 108756 108765 108756 108744 108755 108809 108695 108667 108711 108753 108786 108735 108676 108681 108725
  701.003  1095107  1586.81  1095526  1596.91 109551 109546 109551 109545 109545 109558 109566 109558 109548 109558 109536 109499 109469 109514 109558 109509 109539 109478 109481 109524
  706.003  1102890  1575.70  1103340  1592.75 110334 110327 110332 110322 110322 110343 110350 110340 110327 110343 110313 110282 110244 110290 110342 110283 110322 110254 110259 110301
  711.003  1110799  1575.27  1111214  1583.93 111119 111115 111120 111112 111112 111129 111135 111126 111117 111129 111110 111073 111038 111080 111126 111077 111109 111043 111050 111093
  716.003  1118832  1592.55  1119242  1596.17 111922 111918 111922 111916 111916 111931 111938 111928 111920 111931 111912 111877 111838 111885 111929 111882 111912 111849 111852 111896
  721.004  1126920  1595.91  1127334  1585.13 112731 112728 112733 112724 112725 112739 112748 112736 112730 112740 112722 112688 112647 112695 112736 112692 112719 112656 112659 112706
  726.003  1134892  1589.58  1135398  1582.07 113537 113535 113539 113530 113530 113547 113553 113544 113537 113546 113523 113495 113450 113509 113459 113494 113527 113462 113459 113514
  731.003  1142576  1582.45  1143039  1568.39 114300 114298 114301 114295 114297 114310 114321 114307 114300 114310 114290 114265 114215 114273 114234 114267 114295 114230 114228 114279
  736.003  1150610  1590.84  1150990  1575.50 115103 115101 115103 115097 115100 115114 115047 115110 115102 115113 115090 115068 115020 115077 115036 115069 115098 115036 115034 115082
  741.004  1158696  1594.36  1159068  1582.72 115912 115909 115910 115905 115906 115922 115856 115917 115910 115921 115896 115878 115829 115885 115847 115881 115907 115844 115839 115890
  746.003  1166615  1587.99  1166989  1581.78 116712 116709 116708 116706 116706 116646 116657 116716 116710 116719 116697 116675 116630 116684 116647 116679 116632 116641 116641 116689
  751.003  1174247  1569.90  1174470  1566.28 117475 117472 117472 117470 117470 117411 117420 117403 117473 117404 117462 117439 117392 117445 117412 117443 117394 117403 117405 117452
  756.003  1181757  1554.95  1181981  1550.49 118158 118231 118229 118228 118228 118170 118180 118163 118232 118162 118221 118120 118152 118205 118169 118202 118151 118165 118164 118208
  761.003  1189314  1552.89  1189442  1549.40 118919 118916 118990 118989 118988 118933 118942 118925 118917 118923 118984 118883 118916 118887 118935 118966 118914 118932 118929 118968
  766.003  1196938  1538.94  1196837  1538.44 119681 119680 119676 119675 119674 119695 119702 119689 119679 119686 119745 119645 119678 119647 119697 119729 119675 119698 119693 119731
  771.003  1204586  1525.12  1204513  1525.05 120450 120448 120444 120441 120441 120464 120472 120455 120447 120451 120517 120412 120454 120416 120471 120507 120443 120474 120468 120424
  776.003  1212434  1527.21  1212567  1529.46 121255 121252 121251 121249 121249 121268 121275 121259 121252 121257 121312 121215 121174 121221 121273 121306 121243 121198 121263 121229
  781.003  1220439  1542.11  1220648  1549.60 122062 122060 122060 122057 122057 122076 122084 122067 122060 122065 122125 122026 121979 122027 122080 122115 122049 122006 121993 122039
  786.003  1228224  1556.11  1228609  1564.70 122857 122855 122854 122852 122852 122876 122883 122865 122854 122861 122836 122824 122770 122821 122882 122825 122847 122799 122785 122835
  791.003  1236018  1564.53  1236398  1573.09 123638 123635 123635 123633 123632 123651 123657 123643 123635 123639 123620 123602 123553 123598 123653 123612 123620 123579 123566 123615
  796.003  1243716  1566.81  1244094  1580.17 124404 124401 124403 124401 124401 124424 124433 124415 124403 124409 124389 124370 124322 124368 124427 124380 124390 124353 124332 124385
  801.004  1251746  1577.32  1252112  1592.01 125208 125204 125208 125203 125203 125222 125231 125216 125208 125209 125192 125173 125126 125171 125229 125184 125189 125161 125133 125188
  806.003  1259430  1569.13  1259791  1576.64 125976 125973 125974 125970 125970 125994 125999 125983 125976 125976 125961 125946 125893 125941 125997 125952 125963 125926 125898 125953
  811.003  1267304  1564.85  1267650  1569.35 126761 126760 126759 126757 126757 126781 126783 126770 126761 126761 126754 126732 126684 126726 126785 126738 126750 126710 126687 126738
  816.003  1275070  1564.03  1275497  1554.73 127546 127545 127544 127541 127541 127566 127568 127554 127546 127546 127537 127520 127464 127512 127489 127521 127536 127491 127470 127530
  821.004  1282749  1557.78  1283160  1542.98 128311 128311 128310 128308 128308 128333 128337 128319 128312 128311 128305 128288 128232 128278 128255 128291 128309 128259 128236 128296
  826.003  1290403  1553.52  1290673  1542.08 129078 129077 129078 129075 129075 129021 129027 129085 129079 129078 129070 129055 128997 129045 129020 129051 129076 129026 129002 129061
  831.003  1298211  1546.46  1298487  1535.69 129859 129858 129858 129857 129857 129803 129811 129867 129859 129858 129848 129838 129780 129827 129798 129834 129857 129807 129783 129839
  836.003  1306009  1544.68  1306366  1541.83 130648 130645 130646 130645 130645 130591 130600 130653 130647 130646 130630 130625 130566 130617 130584 130621 130568 130597 130572 130629
  841.003  1313575  1533.98  1313925  1534.24 131410 131407 131410 131409 131410 131355 131363 131341 131410 131410 131399 131309 131330 131381 131347 131387 131339 131358 131330 131395
  846.003  1321143  1530.57  1321551  1527.58 132172 132169 132172 132172 132172 132119 132127 132104 132172 132172 132161 132074 132095 132068 132114 132148 132106 132124 132093 132160
  851.003  1328842  1530.72  1328999  1527.53 132862 132939 132862 132942 132941 132888 132895 132871 132939 132940 132929 132843 132864 132835 132881 132919 132876 132898 132865 132932
  856.003  1336629  1538.24  1336571  1540.25 133651 133649 133651 133651 133651 133676 133683 133660 133649 133650 133721 133628 133646 133625 133665 133709 133663 133606 133650 133716
  861.003  1344330  1537.08  1344355  1539.19 134430 134428 134432 134430 134430 134454 134458 134439 134427 134427 134497 134405 134419 134407 134440 134487 134441 134384 134431 134419
  866.003  1351947  1531.01  1351982  1530.74 135192 135190 135194 135193 135193 135217 135221 135200 135191 135191 135257 135171 135182 135169 135200 135250 135202 135147 135191 135178
  871.003  1359420  1530.64  1359592  1529.83 135954 135950 135954 135953 135954 135978 135985 135961 135951 135952 135945 135934 135944 135931 135965 136008 135964 135909 135875 135945
  876.003  1367155  1541.38  1367477  1535.91 136743 136737 136743 136743 136744 136767 136773 136749 136738 136740 136737 136721 136657 136719 136752 136718 136754 136703 136661 136733
  881.003  1375000  1546.39  1375306  1546.06 137526 137519 137527 137527 137529 137550 137554 137532 137520 137522 137519 137502 137445 137501 137540 137502 137539 137488 137447 137517
  886.003  1382667  1542.32  1382978  1552.18 138293 138287 138295 138294 138296 138316 138320 138299 138289 138289 138285 138268 138211 138266 138312 138269 138306 138257 138212 138281
  891.003  1390290  1537.01  1390608  1546.78 139055 139051 139058 139055 139058 139080 139086 139062 139051 139052 139052 139027 138970 139026 139076 139033 139068 139021 138974 139043
  896.003  1397938  1535.37  1398250  1547.21 139818 139814 139822 139819 139822 139847 139853 139825 139815 139815 139816 139792 139733 139792 139842 139797 139832 139789 139740 139805
  901.003  1405782  1547.01  1406112  1549.40 140612 140607 140618 140613 140618 140645 140561 140620 140609 140609 140606 140591 140520 140587 140547 140587 140630 140583 140532 140599
  906.003  1413579  1549.87  1413906  1541.95 141392 141387 141396 141393 141397 141417 141350 141397 141388 141389 141389 141365 141297 141363 141337 141368 141408 141360 141314 141378
  911.004  1421278  1542.50  1421518  1529.85 142163 142155 142165 142163 142166 142108 142119 142166 142156 142157 142158 142134 142069 142135 142108 142139 142176 142126 142085 142148
  916.003  1428930  1539.48  1429172  1529.51 142927 142920 142931 142928 142931 142875 142885 142931 142922 142922 142922 142900 142832 142903 142877 142901 142940 142895 142847 142913
  921.003  1436756  1546.13  1436983  1535.32 143708 143702 143713 143709 143713 143655 143664 143713 143703 143703 143708 143679 143614 143685 143661 143684 143721 143680 143630 143694
  926.003  1444465  1542.48  1444790  1539.80 144488 144484 144493 144490 144493 144437 144444 144494 144482 144485 144483 144382 144392 144466 144445 144462 144499 144461 144407 144468
  931.003  1452128  1533.83  1452363  1533.32 145253 145250 145258 145253 145258 145202 145210 145181 145247 145251 145250 145149 145162 145232 145213 145227 145262 145226 145175 145232
  936.004  1459684  1528.96  1459829  1528.12 146014 146011 145944 146016 145944 145961 145973 145946 146008 146012 146012 145908 145925 145995 145979 145988 145948 145991 145943 145995
  941.003  1467401  1534.51  1467474  1536.86 146723 146722 146730 146728 146730 146749 146759 146733 146799 146801 146802 146695 146714 146704 146763 146776 146735 146697 146730 146785
  946.003  1475183  1539.01  1475182  1541.39 147502 147501 147509 147508 147509 147527 147538 147512 147575 147501 147577 147475 147489 147481 147540 147552 147518 147479 147510 147562
  951.003  1482782  1531.58  1482779  1536.78 148271 148269 148275 148275 148277 148295 148303 148281 148265 148268 148347 148239 148255 148249 148306 148319 148285 148250 148277 148255
  956.003  1490417  1528.96  1490416  1528.49 149034 149034 149038 149038 149040 149057 149067 149045 149032 149031 149107 149003 149019 149015 149069 149080 149048 149016 149040 149020
  961.003  1497935  1528.42  1498090  1531.64 149801 149801 149803 149805 149808 149826 149839 149810 149799 149798 149795 149767 149795 149784 149842 149851 149809 149780 149726 149786
  966.004  1505618  1536.23  1505868  1542.40 150579 150581 150581 150587 150587 150601 150612 150590 150576 150574 150579 150545 150487 150558 150616 150618 150589 150556 150503 150567
  971.003  1513400  1541.02  1513726  1546.83 151363 151366 151366 151373 151373 151387 151400 151375 151363 151360 151367 151327 151276 151348 151405 151324 151371 151339 151292 151351
  976.003  1521230  1542.28  1521556  1550.40 152145 152150 152148 152155 152155 152171 152189 152157 152145 152141 152149 152111 152057 152128 152194 152104 152155 152125 152075 152132
  981.003  1529069  1550.60  1529397  1559.06 152930 152936 152933 152941 152941 152953 152966 152942 152929 152926 152933 152895 152843 152913 152969 152889 152942 152908 152861 152916
  986.003  1537050  1562.18  1537457  1565.37 153734 153742 153739 153747 153746 153761 153772 153749 153735 153732 153736 153698 153647 153715 153701 153696 153747 153719 153667 153724
  991.004  1545065  1576.34  1545393  1574.23 154535 154544 154540 154549 154549 154561 154496 154551 154536 154532 154539 154499 154449 154518 154504 154499 154546 154516 154468 154527
  996.003  1552840  1575.52  1553182  1566.50 155316 155323 155320 155328 155327 155342 155268 155331 155316 155311 155318 155279 155232 155296 155274 155277 155323 155296 155244 155301
 1001.003  1560724  1577.58  1561061  1565.13 156103 156110 156106 156115 156114 156128 156064 156118 156103 156100 156104 156071 156020 156084 156069 156067 156109 156081 156029 156090
 1006.003  1568780  1585.13  1569050  1572.82 156909 156916 156913 156922 156921 156856 156871 156927 156910 156905 156910 156876 156824 156888 156874 156872 156915 156889 156836 156896
 1011.003  1576750  1584.97  1576943  1574.60 157708 157714 157712 157722 157720 157649 157666 157639 157710 157703 157711 157674 157621 157686 157668 157669 157711 157686 157630 157694
 1016.004  1584425  1570.57  1584554  1563.76 158475 158484 158480 158411 158492 158418 158437 158409 158478 158470 158476 158442 158388 158456 158439 158438 158476 158454 158395 158461
 1021.003  1592419  1570.49  1592542  1568.78 159281 159289 159287 159222 159214 159228 159243 159218 159285 159275 159286 159167 159196 159268 159247 159249 159279 159261 159199 159267
 1026.003  1600430  1576.26  1600479  1576.66 160084 160010 160087 160024 160016 160031 160044 160021 160086 160076 160082 159969 159999 160069 160053 160049 160079 160063 160001 160066
 1031.003  1608392  1584.03  1608360  1584.60 160816 160822 160820 160837 160828 160842 160854 160835 160819 160887 160892 160781 160812 160801 160865 160860 160814 160874 160813 160880
 1036.003  1616048  1567.55  1616063  1574.50 161585 161593 161590 161604 161597 161610 161628 161603 161588 161665 161668 161552 161592 161568 161636 161641 161583 161560 161587 161661
 1041.003  1624004  1569.73  1623985  1578.59 162388 162394 162393 162405 162398 162410 162425 162404 162391 162455 162460 162356 162382 162369 162429 162434 162381 162363 162378 162452
 1046.004  1632004  1583.68  1632054  1591.40 163195 163200 163199 163212 163204 163216 163233 163212 163198 163185 163266 163161 163187 163179 163238 163240 163189 163173 163189 163182
 1051.003  1639996  1586.19  1640135  1594.52 164003 164007 164007 164021 164012 164025 164041 164021 164004 163994 164077 163962 163995 163986 164047 164046 163997 163979 163917 163990
 1056.003  1647371  1572.58  1647753  1583.76 164764 164769 164768 164784 164774 164788 164802 164784 164766 164754 164762 164721 164680 164745 164807 164731 164756 164742 164675 164752
 1061.004  1655260  1569.80  1655659  1581.41 165553 165558 165559 165576 165565 165579 165599 165575 165553 165542 165549 165505 165466 165538 165602 165518 165547 165531 165465 165539
 1066.003  1663103  1576.41  1663474  1580.47 166337 166341 166344 166355 166349 166358 166375 166353 166336 166326 166334 166292 166245 166324 166378 166305 166329 166316 166249 166331
 1071.003  1670812  1568.05  1671174  1567.75 167108 167110 167114 167126 167118 167128 167144 167123 167106 167097 167110 167065 167015 167091 167147 167073 167100 167086 167023 167102
 1076.003  1678689  1566.66  1679134  1563.74 167903 167908 167910 167922 167915 167924 167939 167918 167901 167894 167907 167859 167813 167885 167859 167869 167895 167884 167818 167900
 1081.004  1686322  1552.00  1686693  1546.49 168665 168671 168673 168688 168679 168689 168623 168683 168664 168658 168669 168620 168581 168647 168625 168630 168662 168647 168579 168662
 1086.003  1693971  1553.05  1694344  1547.42 169428 169437 169442 169452 169446 169453 169389 169449 169427 169421 169430 169390 169346 169409 169391 169396 169426 169415 169343 169425
 1091.003  1701992  1557.54  1702365  1546.13 170231 170239 170243 170254 170249 170256 170191 170250 170231 170221 170232 170192 170146 170214 170192 170193 170226 170219 170147 170231
 1096.003  1709656  1551.68  1709880  1541.51 170999 171007 171011 170943 171014 170946 170957 171017 170998 170988 171002 170959 170915 170978 170958 170960 170990 170985 170911 170998
 1101.003  1717455  1549.13  1717594  1541.61 171779 171787 171792 171721 171793 171724 171738 171716 171776 171768 171788 171740 171695 171756 171738 171738 171770 171765 171687 171778
 1106.003  1725354  1547.82  1725409  1539.97 172565 172575 172579 172513 172503 172516 172529 172509 172563 172557 172574 172532 172483 172549 172528 172531 172557 172556 172478 172566
 1111.003  1732996  1548.14  1732981  1542.90 173331 173339 173264 173279 173266 173284 173294 173273 173329 173322 173342 173294 173250 173311 173294 173293 173318 173321 173242 173331
 1116.003  1740770  1549.28  1740758  1549.68 174117 174046 174049 174065 174052 174069 174079 174059 174113 174109 174124 174079 174039 174096 174080 174078 174105 174028 174026 174115
 1121.003  1748443  1542.99  1748597  1543.46 174900 174828 174830 174848 174837 174852 174863 174849 174895 174895 174907 174783 174823 174800 174862 174861 174890 174810 174807 174900
 1126.003  1755995  1541.54  1756130  1546.71 175584 175589 175591 175609 175598 175614 175625 175608 175656 175656 175669 175549 175585 175565 175624 175625 175575 175573 175568 175662
 1131.003  1763950  1543.46  1763913  1551.44 176377 176385 176386 176403 176393 176407 176419 176403 176369 176371 176461 176343 176383 176363 176420 176422 176370 176369 176363 176456
 1136.003  1771520  1536.16  1771577  1546.70 177143 177151 177152 177171 177157 177173 177184 177170 177137 177139 177223 177106 177145 177132 177188 177184 177140 177134 177128 177140
 1141.003  1779388  1544.09  1779499  1557.85 177934 177944 177944 177966 177948 177969 177982 177965 177923 177924 177930 177898 177944 177925 177990 177986 177930 177929 177927 177929
 1146.003  1787009  1543.69  1787219  1553.79 178709 178715 178715 178734 178719 178739 178749 178734 178701 178704 178708 178668 178706 178696 178755 178673 178706 178699 178691 178707
 1151.003  1794910  1556.76  1795275  1555.86 179514 179521 179520 179540 179523 179545 179553 179541 179507 179511 179516 179472 179437 179499 179560 179478 179511 179507 179420 179510
 1156.003  1802995  1574.68  1803356  1574.45 180323 180331 180329 180349 180330 180353 180359 180349 180315 180318 180323 180283 180245 180309 180366 180287 180319 180314 180230 180319
 1161.003  1810984  1575.77  1811355  1581.38 181124 181130 181128 181148 181130 181153 181159 181149 181116 181118 181122 181081 181045 181106 181161 181089 181119 181116 181025 181120
 1166.003  1818576  1579.01  1819098  1582.16 181897 181902 181901 181927 181903 181932 181938 181927 181884 181887 181886 181852 181809 181876 181841 181853 181892 181886 181789 181892
 1171.003  1826582  1578.39  1826973  1577.35 182695 182699 182698 182719 182700 182722 182650 182718 182683 182689 182684 182647 182612 182669 182644 182654 182697 182684 182599 182692
 1176.003  1834708  1587.84  1835083  1588.11 183505 183509 183510 183531 183510 183533 183460 183531 183494 183500 183498 183457 183422 183477 183455 183466 183510 183500 183415 183508
 1181.003  1842781  1595.97  1843060  1588.15 184312 184315 184316 184333 184316 184262 184266 184333 184301 184306 184308 184264 184231 184286 184260 184270 184320 184310 184222 184310
 1186.003  1850642  1586.93  1850791  1576.76 185102 185106 185107 185043 185107 185046 185050 185043 185089 185098 185086 185055 185013 185075 185044 185053 185111 185099 185006 185100
 1191.003  1858498  1581.36  1858643  1571.09 185886 185888 185888 185833 185888 185836 185840 185833 185872 185879 185874 185833 185802 185858 185834 185839 185892 185885 185796 185885
 1196.003  1866513  1595.52  1866658  1580.28 186688 186689 186690 186634 186690 186639 186642 186634 186672 186680 186675 186633 186606 186655 186638 186645 186691 186683 186602 186685
