Test case: 
Description: 
	10 senders: persistent queues
	10 receivers: client acknowledge every 50 messages
Timestamp: 2011.11.1 20:58:36
Version: 
Setting up JMS benchmark connections... 

Start processing messages.
Thu Dec 01 20:58:36 EST 2011

  Seconds   Send   Send/Sec   Recv   Recv/Sec   RCV0   RCV1   RCV2   RCV3   RCV4   RCV5   RCV6   RCV7   RCV8   RCV9  SND10  SND11  SND12  SND13  SND14  SND15  SND16  SND17  SND18  SND19
  ------- -------- -------- -------- -------- ------ ------ ------ ------ ------ ------ ------ ------ ------ ------ ------ ------ ------ ------ ------ ------ ------ ------ ------ ------
    1.179        0     0.00        0     0.00      0      0      0      0      0      0      0      0      0      0      0      0      0      0      0      0      0      0      0      0
    6.179     2044   444.35     2149   467.17    215    215    214    214    216    216    215    214    215    215    205    205    203    204    204    203    206    204    205    205
   11.179     4679   487.40     4784   498.33    478    479    477    477    479    479    478    477    480    480    469    467    467    465    467    467    472    466    470    469
   16.179     7263   485.10     7355   493.19    737    737    734    735    736    737    735    733    735    736    727    728    725    725    725    726    729    727    726    725
   21.179     9864   488.93     9949   493.32    996    996    994    993    996    996    995    992    995    996    987    988    984    986    986    985    990    987    986    985
   26.179    12430   499.11    12567   502.56   1262   1262   1261   1261   1263   1262   1262   1260   1236   1238   1228   1229   1250   1254   1252   1251   1232   1256   1252   1226
   31.179    14867   502.26    14945   504.90   1494   1494   1494   1493   1496   1496   1494   1493   1495   1496   1488   1487   1484   1487   1484   1483   1492   1489   1487   1486
   36.179    17535   519.85    17611   518.88   1760   1762   1761   1758   1763   1762   1759   1760   1762   1764   1756   1754   1752   1753   1750   1748   1758   1756   1755   1753
   41.179    20135   516.96    20210   516.80   2020   2020   2021   2019   2023   2022   2019   2020   2021   2025   2015   2014   2012   2013   2011   2008   2018   2016   2014   2014
   46.179    22833   514.65    22906   516.63   2289   2289   2291   2287   2293   2294   2287   2290   2291   2295   2284   2284   2282   2284   2281   2277   2289   2286   2284   2282
   51.180    25493   515.44    25567   515.03   2557   2557   2561   2556   2563   2563   2556   2559   2560   2535   2553   2552   2551   2553   2549   2546   2530   2556   2553   2550
   56.180    27947   518.96    28078   517.01   2819   2820   2799   2819   2801   2801   2819   2797   2798   2805   2791   2788   2788   2791   2812   2808   2796   2794   2791   2788
   61.179    30607   528.19    30682   528.09   3063   3066   3070   3064   3072   3071   3064   3068   3068   3076   3061   3059   3060   3063   3057   3054   3067   3064   3063   3059
   66.179    33215   525.32    33291   525.29   3326   3326   3331   3322   3333   3332   3325   3330   3329   3337   3322   3318   3321   3324   3318   3313   3329   3325   3325   3320
   71.179    35770   518.74    35845   519.48   3582   3583   3587   3577   3589   3586   3582   3586   3583   3590   3580   3573   3576   3579   3574   3569   3583   3582   3580   3574
   76.180    38242   509.55    38319   510.52   3832   3834   3836   3829   3838   3835   3832   3835   3832   3816   3829   3823   3827   3828   3825   3820   3808   3831   3829   3822
   81.179    40659   506.23    40792   506.39   4091   4092   4067   4087   4069   4093   4090   4066   4065   4072   4060   4081   4058   4059   4083   4077   4064   4063   4060   4054
   86.179    43156   510.39    43264   509.61   4326   4326   4326   4326   4327   4326   4326   4323   4325   4333   4316   4314   4314   4317   4315   4311   4321   4319   4318   4311
   91.179    45731   506.69    45828   507.40   4582   4583   4583   4582   4583   4582   4582   4580   4581   4590   4573   4571   4571   4576   4573   4568   4579   4578   4574   4568
   96.179    48234   498.04    48322   500.05   4831   4833   4831   4831   4833   4833   4833   4828   4830   4839   4824   4820   4819   4826   4823   4820   4829   4830   4825   4818
  101.179    50681   494.48    50809   494.58   5081   5084   5083   5083   5083   5084   5084   5080   5082   5065   5077   5073   5070   5055   5075   5073   5055   5057   5077   5069
  106.179    53063   495.65    53306   495.32   5331   5332   5331   5332   5333   5332   5335   5331   5333   5316   5304   5298   5321   5306   5301   5299   5305   5308   5302   5319
  111.179    55592   501.12    55672   498.34   5592   5564   5562   5562   5564   5564   5566   5561   5563   5574   5563   5556   5552   5567   5556   5557   5562   5568   5561   5550
  116.179    58239   504.35    58289   503.31   5828   5828   5827   5827   5828   5828   5831   5826   5827   5839   5827   5820   5816   5832   5823   5820   5827   5833   5827   5814
  121.179    60916   505.05    60972   507.30   6096   6096   6095   6096   6097   6096   6097   6095   6096   6108   6096   6087   6083   6099   6090   6087   6095   6100   6096   6083
  126.179    63446   505.20    63529   508.56   6355   6355   6354   6352   6357   6355   6354   6354   6353   6340   6355   6347   6341   6329   6349   6347   6352   6332   6353   6341
  131.179    66000   508.66    66137   507.15   6616   6617   6615   6610   6617   6617   6615   6615   6615   6600   6588   6609   6603   6589   6611   6607   6612   6592   6588   6601
  136.179    68472   516.24    68660   510.20   6876   6876   6875   6869   6853   6876   6874   6849   6850   6862   6849   6842   6838   6851   6844   6840   6847   6853   6848   6860
  141.179    71024   516.19    71109   516.29   7108   7108   7107   7128   7111   7107   7107   7105   7107   7121   7106   7100   7094   7110   7101   7097   7104   7113   7106   7093
  146.179    73582   511.39    73642   514.35   7363   7364   7366   7357   7367   7363   7362   7360   7364   7376   7363   7356   7349   7365   7357   7353   7360   7367   7362   7350
  151.179    76093   503.20    76175   508.44   7620   7620   7622   7613   7623   7620   7617   7616   7618   7606   7618   7612   7606   7595   7614   7610   7615   7597   7618   7608
  156.179    78619   503.86    78758   503.83   7880   7877   7882   7869   7883   7877   7876   7875   7876   7863   7851   7869   7864   7851   7873   7867   7875   7855   7849   7865
  161.179    81180   507.65    81344   505.94   8121   8143   8123   8133   8124   8143   8144   8142   8141   8130   8117   8134   8130   8117   8114   8108   8114   8121   8119   8106
  166.179    83723   511.78    83809   506.61   8380   8377   8381   8393   8382   8376   8378   8376   8375   8391   8376   8366   8362   8378   8374   8367   8373   8382   8379   8366
  171.179    86309   509.16    86393   511.01   8638   8635   8641   8652   8641   8634   8636   8633   8632   8651   8636   8624   8619   8636   8634   8626   8633   8640   8637   8624
  176.179    88922   509.53    88959   512.25   8900   8897   8903   8888   8903   8896   8898   8894   8893   8887   8897   8886   8881   8895   8895   8888   8895   8901   8899   8885
  181.180    91417   508.79    91531   511.68   9156   9152   9162   9145   9163   9153   9156   9149   9150   9145   9155   9144   9139   9126   9151   9145   9154   9131   9129   9143
  186.179    94022   512.62    94143   511.11   9421   9419   9401   9413   9402   9420   9421   9416   9417   9413   9396   9410   9405   9393   9417   9409   9394   9396   9395   9407
  191.179    96528   513.24    96625   509.25   9653   9678   9659   9671   9659   9654   9654   9650   9676   9671   9654   9643   9664   9652   9648   9642   9651   9655   9654   9665
  196.179    99055   512.84    99152   513.17   9912   9909   9918   9929   9918   9912   9912   9908   9907   9927   9910   9901   9895   9910   9907   9902   9910   9911   9912   9897
  201.179   101714   511.91   101754   513.46  10179  10172  10185  10168  10184  10178  10179  10174  10171  10164  10177  10168  10158  10175  10173  10169  10178  10177  10177  10162
  206.179   104290   508.05   104339   510.47  10437  10430  10442  10428  10442  10437  10437  10433  10431  10422  10435  10426  10416  10432  10430  10424  10436  10434  10436  10421
  211.179   106829   513.57   106961   513.27  10704  10698  10683  10696  10683  10703  10704  10700  10699  10691  10676  10693  10684  10673  10697  10691  10677  10675  10675  10688
  216.179   109432   513.44   109594   512.10  10967  10961  10946  10960  10946  10966  10967  10962  10964  10955  10939  10931  10949  10937  10959  10953  10938  10937  10938  10951
  221.179   111949   516.58   112062   515.27  11201  11223  11207  11221  11206  11198  11200  11194  11196  11216  11199  11190  11210  11198  11190  11185  11198  11196  11198  11185
  226.179   114561   516.71   114654   517.48  11466  11460  11472  11459  11472  11463  11463  11459  11459  11481  11463  11454  11446  11461  11455  11448  11462  11460  11463  11449
  231.179   117260   517.00   117324   519.68  11737  11729  11740  11726  11742  11733  11733  11729  11731  11724  11731  11724  11717  11731  11724  11719  11733  11731  11731  11719
  236.179   119782   513.96   119848   517.05  11993  11987  11973  11984  11974  11991  11989  11986  11989  11982  11988  11981  11975  11987  11982  11976  11965  11965  11986  11977
  241.179   122305   515.00   122446   513.62  12253  12247  12232  12244  12235  12251  12248  12246  12248  12242  12222  12242  12235  12220  12242  12236  12225  12226  12220  12237
  246.179   124827   515.81   124963   512.48  12489  12508  12493  12505  12497  12489  12509  12483  12486  12504  12483  12478  12497  12483  12479  12474  12487  12489  12482  12475
  251.179   127392   517.35   127511   515.81  12747  12743  12753  12766  12757  12748  12744  12742  12746  12765  12744  12736  12732  12743  12737  12733  12744  12748  12741  12734
  256.179   129986   514.13   130059   515.20  13008  13002  13013  13001  13015  13009  13004  13002  13007  12998  13004  12997  12993  13002  12996  12993  13002  13006  12999  12994
  261.179   132574   506.86   132641   509.58  13267  13259  13271  13258  13274  13268  13262  13260  13266  13256  13262  13255  13250  13261  13256  13253  13261  13265  13258  13253
  266.180   135039   506.91   135153   508.49  13521  13515  13501  13517  13502  13525  13520  13516  13523  13513  13494  13513  13507  13492  13513  13510  13493  13494  13515  13508
  271.179   137510   508.42   137680   505.81  13779  13773  13758  13776  13759  13757  13778  13773  13755  13772  13751  13745  13765  13749  13771  13742  13749  13752  13746  13740
  276.179   140161   514.56   140275   511.98  14023  14043  14028  14021  14029  14026  14021  14016  14026  14042  14021  14014  14009  14019  14015  14012  14020  14024  14016  14011
  281.179   142830   516.34   142895   514.50  14289  14284  14296  14288  14297  14294  14288  14284  14293  14282  14288  14280  14277  14284  14282  14280  14287  14292  14283  14277
  286.179   145435   514.09   145505   514.87  14549  14546  14557  14549  14558  14555  14549  14544  14555  14543  14549  14540  14537  14546  14542  14541  14548  14552  14543  14537
  291.179   148042   512.11   148156   517.15  14813  14812  14822  14813  14823  14821  14813  14810  14821  14808  14789  14805  14803  14812  14807  14808  14815  14791  14809  14803
  296.179   150530   516.09   150640   514.28  15073  15070  15054  15073  15055  15051  15073  15070  15053  15068  15047  15065  15064  15045  15067  15041  15046  15049  15072  15063
  301.180   153129   523.26   153291   519.56  15340  15337  15323  15315  15322  15320  15340  15337  15322  15335  15315  15305  15304  15312  15333  15310  15315  15317  15312  15306
  306.179   155798   524.73   155916   523.12  15585  15606  15594  15585  15594  15590  15585  15582  15590  15605  15585  15575  15574  15581  15577  15580  15586  15587  15579  15574
  311.179   158420   518.72   158480   520.30  15846  15840  15858  15846  15856  15852  15846  15844  15853  15839  15849  15838  15835  15843  15838  15844  15847  15850  15841  15835
  316.179   160936   516.69   160997   517.26  16101  16093  16087  16101  16109  16106  16101  16097  16109  16093  16078  16090  16089  16099  16093  16098  16101  16105  16094  16089
  321.180   163553   516.64   163658   516.34  16371  16364  16358  16371  16357  16377  16371  16369  16356  16364  16350  16361  16361  16347  16363  16345  16349  16352  16365  16360
  326.179   166187   521.04   166294   521.07  16639  16630  16626  16637  16621  16616  16637  16635  16621  16632  16616  16628  16626  16610  16629  16611  16614  16620  16632  16601
  331.179   168700   520.79   168801   517.87  16875  16892  16888  16871  16882  16877  16872  16869  16882  16893  16879  16864  16861  16871  16864  16872  16876  16883  16866  16864
  336.179   171287   515.57   171358   514.83  17134  17149  17145  17128  17140  17136  17132  17130  17140  17124  17136  17122  17122  17130  17123  17131  17134  17141  17124  17124
  341.179   173893   514.90   173940   516.24  17396  17389  17383  17392  17403  17399  17394  17393  17403  17388  17398  17383  17386  17392  17386  17395  17398  17381  17386  17388
  346.179   176474   517.92   176567   518.12  17661  17655  17649  17656  17667  17665  17660  17658  17642  17654  17637  17649  17651  17656  17652  17636  17638  17649  17651  17655
  351.179   179017   514.58   179110   513.34  17920  17915  17908  17916  17901  17899  17920  17916  17901  17914  17898  17908  17911  17889  17913  17894  17897  17909  17910  17888
  356.180   181499   512.95   181615   511.51  18153  18173  18165  18174  18159  18158  18152  18149  18160  18172  18155  18142  18142  18147  18146  18151  18157  18169  18144  18146
  361.179   184117   514.66   184181   515.23  18418  18412  18429  18413  18421  18421  18418  18415  18423  18411  18419  18407  18408  18410  18411  18415  18422  18407  18410  18408
  366.180   186670   513.59   186737   514.30  18673  18668  18684  18670  18675  18676  18674  18671  18679  18667  18674  18664  18663  18664  18667  18668  18677  18664  18667  18662
  371.180   189236   509.63   189305   511.24  18931  18927  18918  18931  18934  18936  18933  18930  18939  18926  18933  18923  18922  18924  18925  18929  18910  18923  18925  18922
  376.179   191846   508.91   191948   508.31  19197  19195  19183  19197  19202  19204  19201  19198  19177  19194  19171  19192  19189  19192  19191  19167  19174  19188  19192  19190
  381.179   194432   513.67   194533   513.04  19462  19463  19452  19462  19440  19443  19466  19438  19445  19462  19439  19432  19454  19431  19457  19435  19443  19456  19457  19428
  386.179   197069   522.50   197190   520.12  19734  19710  19726  19734  19715  19717  19712  19713  19720  19709  19714  19708  19701  19705  19705  19710  19716  19703  19704  19703
  391.179   199670   518.44   199737   520.29  19967  19969  19987  19968  19974  19977  19972  19974  19980  19969  19974  19971  19960  19965  19964  19970  19975  19963  19964  19964
  396.179   202358   521.26   202399   523.00  20236  20238  20231  20237  20244  20245  20241  20241  20248  20238  20242  20239  20229  20233  20234  20237  20245  20232  20233  20234
  401.179   204887   519.11   204962   521.16  20494  20496  20490  20495  20501  20503  20502  20499  20482  20500  20476  20474  20490  20493  20495  20498  20478  20494  20495  20494
  406.180   207434   519.75   207584   518.00  20756  20757  20753  20757  20764  20765  20765  20761  20745  20761  20740  20737  20751  20730  20756  20736  20740  20755  20758  20731
  411.179   209908   518.49   210008   515.81  21010  21013  21009  21013  20992  20995  20995  20991  20999  20991  20996  20993  20983  20985  20986  20989  20995  21009  20987  20985
  416.179   212392   510.81   212492   510.91  21261  21262  21260  21239  21243  21245  21246  21244  21250  21242  21246  21244  21234  21236  21236  21242  21246  21235  21237  21236
  421.179   214975   508.69   214989   510.81  21492  21493  21490  21498  21500  21504  21504  21502  21507  21499  21505  21503  21493  21495  21493  21500  21505  21492  21497  21492
  426.179   217403   501.44   217521   504.06  21746  21746  21745  21751  21753  21757  21757  21754  21760  21752  21733  21730  21745  21749  21746  21727  21733  21745  21751  21744
  431.179   219938   500.67   220048   500.94  22001  22001  22000  22005  22007  22014  22013  22011  21990  22006  21990  21985  22002  21979  22000  21983  21989  22001  22007  22002
  436.179   222511   504.14   222627   501.16  22266  22268  22265  22271  22272  22255  22253  22251  22255  22271  22253  22250  22239  22245  22266  22249  22254  22267  22247  22241
  441.179   225033   504.87   225115   503.46  22519  22522  22518  22524  22501  22509  22508  22505  22509  22500  22509  22504  22496  22499  22518  22505  22507  22500  22501  22494
  446.180   227622   504.83   227677   505.10  22780  22757  22779  22761  22761  22771  22769  22767  22771  22761  22770  22765  22758  22761  22752  22766  22768  22762  22764  22756
  451.180   230271   505.30   230259   508.89  23018  23022  23017  23024  23024  23033  23032  23029  23035  23025  23035  23030  23022  23027  23017  23031  23033  23026  23029  23021
  456.179   232674   510.70   232826   510.07  23276  23284  23275  23284  23284  23292  23290  23288  23268  23285  23268  23262  23281  23258  23279  23262  23264  23284  23262  23254
  461.179   235291   514.19   235440   511.58  23543  23552  23542  23551  23551  23532  23556  23528  23533  23552  23536  23529  23520  23524  23548  23529  23532  23525  23529  23519
  466.179   237882   514.92   238000   510.59  23801  23810  23800  23809  23810  23792  23789  23788  23792  23809  23796  23787  23782  23785  23806  23787  23789  23784  23786  23780
  471.179   240529   518.26   240567   516.78  24068  24052  24067  24049  24049  24059  24057  24055  24059  24052  24063  24053  24050  24053  24045  24055  24057  24053  24053  24047
  476.179   243117   512.23   243140   516.02  24326  24308  24325  24306  24306  24316  24315  24312  24317  24309  24323  24312  24309  24313  24302  24315  24316  24311  24309  24307
  481.179   245682   512.80   245733   515.89  24564  24573  24563  24572  24571  24579  24579  24575  24583  24574  24560  24575  24575  24552  24568  24578  24579  24578  24571  24546
  486.179   248240   520.60   248397   516.41  24834  24842  24833  24842  24841  24847  24848  24843  24825  24842  24829  24819  24817  24822  24838  24820  24821  24820  24839  24815
  491.179   250931   523.09   251009   518.96  25102  25111  25101  25110  25110  25091  25091  25087  25094  25112  25097  25088  25086  25091  25108  25089  25090  25090  25108  25084
  496.179   253450   520.67   253504   517.65  25359  25367  25358  25341  25341  25350  25346  25346  25352  25344  25355  25344  25342  25348  25340  25346  25346  25349  25341  25339
  501.179   256001   512.23   256024   516.09  25615  25596  25614  25594  25594  25604  25602  25600  25606  25599  25611  25599  25598  25602  25596  25600  25601  25603  25596  25595
  506.179   258628   514.63   258622   517.01  25854  25862  25854  25858  25858  25869  25866  25865  25872  25864  25851  25865  25864  25867  25861  25866  25866  25867  25862  25859
  511.179   261056   513.29   261206   514.87  26111  26118  26114  26116  26116  26129  26124  26125  26130  26123  26108  26099  26096  26099  26118  26124  26100  26101  26120  26091
  516.179   263673   516.14   263769   511.48  26375  26383  26379  26378  26381  26367  26387  26363  26369  26387  26372  26363  26360  26363  26382  26363  26364  26366  26384  26356
  521.179   266258   512.58   266326   510.54  26634  26645  26642  26639  26641  26628  26621  26624  26630  26622  26634  26623  26621  26625  26642  26625  26625  26626  26620  26617
  526.180   268863   513.72   268911   514.43  26897  26885  26879  26902  26904  26892  26886  26888  26893  26885  26898  26886  26883  26888  26881  26889  26888  26888  26882  26880
  531.179   271401   511.14   271425   513.59  27154  27142  27135  27133  27136  27149  27141  27145  27149  27141  27131  27143  27140  27145  27136  27144  27143  27147  27137  27135
  536.179   273957   512.65   274079   514.19  27398  27410  27404  27399  27405  27416  27409  27413  27416  27409  27400  27411  27384  27388  27404  27386  27410  27391  27405  27378
  541.179   276471   515.60   276561   511.91  27654  27666  27659  27654  27661  27648  27662  27644  27646  27667  27655  27641  27641  27644  27660  27643  27642  27649  27662  27634
  546.179   279014   512.20   279075   510.15  27909  27919  27914  27908  27915  27901  27917  27897  27900  27895  27912  27895  27895  27899  27915  27896  27895  27904  27916  27887
  551.179   281551   511.38   281633   510.07  28169  28153  28176  28169  28177  28162  28151  28158  28162  28156  28147  28157  28158  28160  28149  28158  28157  28165  28150  28150
  556.179   284088   505.29   284126   508.17  28421  28410  28406  28423  28406  28415  28406  28411  28416  28412  28402  28411  28412  28411  28406  28410  28411  28418  28403  28404
  561.179   286651   508.19   286716   509.53  28659  28674  28670  28660  28669  28680  28669  28676  28683  28676  28665  28676  28677  28649  28667  28675  28676  28656  28667  28643
  566.179   289171   509.63   289292   506.88  28921  28938  28934  28922  28931  28917  28931  28939  28920  28939  28928  28913  28913  28911  28929  28912  28912  28917  28930  28906
  571.179   291795   511.61   291892   510.10  29185  29199  29198  29185  29194  29179  29194  29175  29183  29200  29191  29175  29175  29173  29192  29175  29173  29179  29192  29170
  576.179   294560   518.29   294556   518.66  29461  29450  29449  29461  29446  29456  29471  29452  29459  29451  29468  29452  29451  29449  29468  29452  29449  29455  29468  29448
  581.179   297103   516.06   297140   517.47  29723  29711  29709  29723  29706  29717  29706  29713  29721  29711  29703  29715  29713  29713  29703  29713  29710  29717  29703  29713
  586.179   299696   518.37   299760   520.12  29984  29973  29972  29984  29969  29979  29969  29975  29983  29972  29967  29976  29976  29974  29966  29975  29972  29979  29965  29946
  591.180   302136   518.76   302249   516.98  30215  30229  30229  30214  30227  30235  30227  30231  30213  30229  30224  30207  30208  30206  30222  30207  30228  30210  30220  30204
  596.179   304672   518.49   304756   514.73  30471  30486  30484  30469  30482  30466  30482  30462  30469  30485  30478  30464  30464  30462  30479  30463  30458  30467  30476  30461
  601.179   307341   517.68   307338   516.38  30738  30726  30723  30733  30750  30732  30750  30728  30734  30724  30746  30731  30732  30727  30747  30730  30722  30734  30744  30728
  606.179   309882   508.96   309912   513.59  31000  30989  30987  30996  30985  30995  30985  30990  30997  30988  30982  30993  30994  30990  30982  30993  30985  30995  30980  30988
  611.179   312510   512.77   312565   513.37  31266  31254  31252  31260  31250  31261  31250  31255  31263  31254  31248  31258  31260  31257  31248  31258  31248  31261  31245  31227
  616.179   315024   513.47   315166   511.83  31506  31519  31518  31524  31516  31524  31516  31520  31504  31519  31513  31495  31499  31497  31514  31498  31511  31500  31508  31489
  621.180   317691   518.34   317756   515.86  31773  31785  31784  31765  31783  31765  31783  31761  31770  31787  31781  31762  31766  31763  31782  31764  31777  31765  31776  31755
  626.179   320209   520.50   320239   518.66  32033  32017  32016  32023  32041  32023  32017  32019  32030  32020  32014  32020  32026  32023  32015  32026  32009  32025  32035  32016
  631.179   322854   516.19   322890   520.12  32299  32286  32285  32291  32282  32290  32286  32287  32296  32288  32282  32286  32293  32290  32283  32293  32277  32292  32276  32282
  636.179   325371   517.06   325479   520.59  32559  32545  32545  32548  32541  32549  32546  32545  32554  32547  32541  32546  32527  32550  32543  32526  32536  32550  32535  32517
  641.180   327944   513.49   328027   512.72  32791  32806  32804  32807  32799  32810  32806  32806  32789  32809  32801  32804  32788  32784  32802  32786  32796  32811  32795  32777
  646.179   330523   517.25   330581   513.36  33053  33073  33068  33070  33061  33047  33070  33043  33050  33046  33064  33041  33051  33047  33067  33050  33059  33047  33057  33040
  651.180   333181   516.33   333134   515.19  33321  33310  33308  33309  33326  33313  33309  33309  33317  33312  33329  33308  33317  33315  33330  33316  33323  33314  33322  33307
  656.179   335773   517.05   335800   520.44  33587  33577  33575  33576  33593  33579  33576  33575  33584  33578  33568  33575  33585  33583  33569  33583  33562  33583  33590  33575
  661.179   338378   516.74   338426   519.66  33852  33842  33841  33841  33832  33844  33842  33840  33849  33843  33834  33840  33850  33848  33834  33848  33828  33848  33831  33817
  666.179   340880   518.64   340991   514.38  34084  34103  34100  34101  34091  34103  34098  34100  34109  34102  34094  34101  34082  34080  34091  34080  34085  34107  34086  34074
  671.179   343449   519.45   343579   515.76  34345  34364  34361  34361  34354  34365  34360  34361  34344  34364  34355  34338  34344  34342  34354  34344  34346  34342  34348  34336
  676.179   346087   519.73   346141   517.95  34610  34626  34625  34625  34618  34603  34625  34599  34608  34602  34618  34603  34608  34604  34618  34607  34612  34606  34611  34600
  681.179   348743   516.33   348694   521.33  34877  34865  34865  34865  34883  34868  34865  34864  34875  34867  34884  34869  34873  34870  34884  34871  34876  34873  34878  34865
  686.179   351231   512.79   351225   515.91  35132  35120  35119  35120  35114  35125  35120  35121  35130  35124  35116  35126  35128  35125  35116  35126  35107  35131  35134  35122
  691.179   353752   511.38   353786   511.04  35391  35376  35374  35375  35370  35381  35375  35377  35387  35380  35372  35386  35386  35382  35370  35383  35365  35389  35365  35354
  696.179   356175   513.27   356295   507.37  35619  35632  35631  35632  35626  35637  35632  35633  35617  35636  35626  35615  35616  35611  35626  35612  35621  35618  35621  35609
  701.179   358748   511.64   358835   505.84  35877  35889  35889  35889  35883  35891  35889  35864  35874  35890  35883  35873  35873  35868  35883  35871  35878  35875  35879  35865
  706.179   361335   507.06   361266   506.63  36136  36121  36121  36122  36142  36123  36122  36123  36134  36122  36142  36132  36133  36129  36142  36128  36136  36134  36137  36122
  711.179   363877   500.00   363835   505.47  36393  36378  36378  36378  36398  36381  36378  36381  36390  36380  36398  36390  36388  36386  36397  36386  36367  36391  36394  36380
  716.179   366319   502.00   366359   505.25  36646  36633  36633  36633  36627  36635  36634  36639  36645  36634  36627  36619  36643  36640  36625  36640  36623  36620  36648  36634
  721.179   368754   503.42   368850   503.76  36878  36890  36889  36889  36885  36892  36890  36871  36875  36891  36884  36875  36873  36871  36881  36871  36880  36876  36878  36865
  726.179   371391   509.73   371485   504.50  37142  37154  37154  37152  37148  37155  37154  37134  37138  37154  37149  37139  37137  37134  37144  37134  37142  37141  37142  37129
  731.179   373996   509.95   373998   506.23  37404  37415  37389  37390  37409  37415  37390  37397  37399  37390  37410  37398  37397  37394  37403  37395  37402  37402  37404  37391
  736.179   376545   502.89   376499   507.82  37658  37643  37645  37646  37665  37643  37646  37653  37655  37645  37665  37653  37653  37648  37659  37651  37656  37656  37658  37646
  741.179   379067   502.73   379040   507.63  37915  37899  37902  37903  37897  37899  37902  37910  37912  37901  37895  37910  37910  37905  37916  37909  37889  37914  37916  37903
  746.180   381475   507.72   381545   507.85  38148  38158  38160  38161  38155  38157  38160  38142  38144  38160  38153  38144  38143  38165  38149  38142  38147  38147  38149  38136
  751.179   383999   511.58   384102   506.68  38402  38414  38417  38418  38410  38412  38416  38397  38399  38417  38409  38398  38398  38393  38403  38397  38404  38403  38404  38390
  756.179   386593   508.46   386631   503.99  38660  38670  38650  38650  38669  38670  38675  38656  38657  38674  38667  38658  38656  38653  38664  38658  38662  38661  38664  38650
  761.179   389174   505.91   389092   506.51  38919  38904  38908  38909  38904  38904  38907  38915  38916  38906  38924  38916  38914  38911  38922  38916  38922  38922  38921  38906
  766.180   391715   500.96   391647   505.65  39174  39159  39164  39164  39159  39159  39163  39171  39172  39162  39181  39172  39169  39169  39179  39172  39154  39178  39177  39164
  771.179   394274   503.93   394255   507.85  39436  39420  39423  39424  39420  39421  39423  39432  39434  39422  39416  39432  39431  39431  39441  39433  39415  39413  39437  39425
  776.179   396703   510.15   396767   507.33  39668  39679  39683  39684  39679  39680  39682  39664  39667  39681  39677  39664  39687  39663  39672  39666  39674  39672  39670  39658
  781.179   399301   512.58   399392   506.61  39929  39941  39946  39948  39940  39942  39947  39925  39929  39945  39941  39926  39922  39924  39933  39930  39935  39935  39933  39922
  786.182   401922   511.80   401903   509.88  40192  40202  40182  40183  40201  40203  40183  40187  40191  40179  40203  40189  40185  40187  40194  40192  40196  40198  40195  40183
  791.179   404472   506.19   404405   512.94  40448  40433  40440  40441  40434  40436  40441  40445  40450  40437  40460  40445  40442  40446  40453  40449  40430  40455  40452  40440
  796.179   407017   508.41   407013   513.10  40708  40695  40701  40702  40696  40696  40702  40705  40711  40697  40694  40704  40702  40707  40715  40708  40690  40689  40710  40698
  801.179   409528   507.52   409527   508.99  40964  40952  40959  40959  40953  40951  40959  40936  40942  40952  40950  40961  40959  40937  40946  40964  40945  40947  40965  40954
  806.179   412039   512.89   412092   509.03  41201  41215  41196  41220  41214  41212  41220  41197  41204  41213  41211  41196  41220  41199  41207  41201  41207  41210  41199  41189
  811.179   414613   511.79   414641   507.77  41460  41476  41455  41453  41476  41472  41453  41457  41463  41476  41471  41455  41453  41462  41468  41459  41468  41471  41456  41450
  816.179   417154   507.70   417106   507.63  41713  41703  41711  41712  41702  41724  41713  41711  41715  41702  41726  41713  41717  41719  41726  41712  41698  41725  41715  41703
  821.179   419716   504.53   419672   507.05  41973  41961  41971  41972  41961  41958  41972  41970  41974  41960  41984  41974  41975  41978  41985  41971  41954  41958  41974  41963
  826.179   422227   506.98   422229   507.25  42233  42223  42230  42231  42222  42222  42231  42205  42209  42223  42220  42209  42234  42214  42223  42230  42216  42220  42236  42225
  831.179   424723   509.92   424729   506.63  42467  42483  42465  42467  42483  42483  42464  42466  42469  42482  42480  42470  42469  42474  42483  42464  42475  42481  42469  42458
  836.180   427300   510.35   427312   507.27  42725  42741  42724  42727  42741  42741  42723  42724  42726  42740  42736  42729  42729  42733  42739  42723  42732  42739  42726  42714
  841.180   429850   506.34   429752   507.08  42979  42970  42978  42981  42969  42970  42978  42978  42980  42969  42990  42983  42984  42988  42994  42979  42988  42994  42981  42969
  846.179   432330   502.40   432280   504.92  43234  43223  43232  43235  43221  43222  43230  43230  43232  43221  43245  43235  43237  43241  43247  43232  43214  43222  43234  43223
  851.179   434871   504.25   434899   505.79  43494  43485  43494  43497  43483  43484  43492  43493  43494  43483  43481  43496  43499  43477  43483  43494  43476  43483  43498  43484
  856.179   437391   507.11   437368   504.53  43728  43745  43728  43730  43743  43745  43753  43726  43727  43743  43740  43729  43733  43738  43744  43753  43735  43743  43731  43745
  861.179   439915   508.94   439915   506.12  43986  44003  43986  43988  43999  44003  43984  43983  43984  43999  43997  43986  43990  43997  44001  43984  43994  44002  43988  43976
  866.179   442575   508.57   442572   508.14  44251  44269  44250  44252  44267  44269  44249  44248  44250  44267  44265  44250  44256  44264  44267  44248  44260  44270  44254  44241
  871.179   445168   510.54   445084   513.62  44513  44503  44513  44515  44502  44503  44511  44511  44511  44502  44526  44512  44518  44525  44528  44510  44522  44506  44517  44504
  876.179   447693   511.19   447688   511.83  44774  44763  44774  44776  44763  44763  44772  44771  44770  44762  44788  44772  44779  44760  44762  44769  44755  44767  44777  44764
  881.180   450290   513.24   450267   512.37  45036  45026  45012  45013  45027  45027  45034  45032  45034  45026  45025  45034  45042  45022  45024  45032  45017  45029  45038  45027
  886.180   452801   515.12   452780   513.24  45272  45287  45271  45274  45291  45288  45270  45267  45269  45291  45286  45269  45278  45283  45285  45294  45279  45291  45274  45262
  891.179   455394   516.81   455399   516.11  45534  45549  45533  45538  45551  45551  45532  45528  45531  45552  45548  45531  45539  45546  45546  45529  45542  45552  45536  45525
  896.179   458020   514.93   457953   515.27  45800  45790  45800  45804  45790  45791  45797  45793  45796  45792  45813  45795  45805  45811  45811  45794  45806  45792  45803  45790
  901.179   460571   513.37   460554   516.56  46060  46050  46059  46065  46050  46052  46057  46051  46056  46054  46073  46056  46065  46047  46070  46053  46042  46052  46062  46051
  906.179   463154   513.52   463112   512.35  46319  46308  46318  46297  46308  46311  46314  46310  46314  46313  46331  46312  46324  46305  46329  46312  46301  46311  46320  46309
  911.179   465702   513.44   465714   511.80  46558  46573  46556  46562  46573  46575  46581  46576  46580  46580  46569  46576  46562  46571  46568  46578  46567  46577  46559  46575
  916.179   468354   519.41   468283   517.74  46826  46840  46825  46829  46840  46843  46823  46817  46819  46821  46837  46842  46832  46837  46837  46845  46834  46846  46828  46816
  921.180   470858   515.49   470818   515.62  47081  47096  47081  47083  47095  47077  47078  47074  47076  47077  47091  47071  47089  47093  47093  47077  47089  47101  47084  47070
  926.179   473457   514.28   473442   517.84  47347  47339  47350  47351  47336  47344  47345  47341  47344  47345  47359  47340  47357  47334  47362  47344  47330  47343  47350  47338
  931.179   476005   514.56   476007   514.36  47603  47598  47606  47607  47594  47600  47601  47597  47600  47601  47615  47598  47613  47593  47595  47602  47588  47601  47606  47594
  936.179   478668   515.47   478616   514.19  47869  47865  47847  47848  47859  47867  47866  47863  47866  47866  47881  47866  47879  47857  47861  47870  47854  47867  47872  47861
  941.179   481162   515.20   481111   511.34  48098  48118  48103  48101  48114  48122  48119  48119  48096  48121  48114  48125  48112  48117  48120  48130  48117  48126  48105  48096
  946.179   483797   515.67   483715   515.34  48367  48386  48372  48370  48381  48364  48386  48361  48365  48363  48382  48368  48381  48385  48389  48373  48387  48393  48374  48365
  951.179   486303   516.56   486217   515.05  48622  48616  48627  48626  48637  48618  48616  48617  48620  48618  48637  48624  48637  48642  48645  48628  48617  48624  48629  48620
  956.179   488847   513.84   488754   512.10  48878  48873  48882  48883  48867  48875  48873  48873  48876  48874  48892  48881  48895  48899  48877  48884  48876  48882  48884  48877
  961.180   491508   515.81   491439   513.39  49146  49142  49151  49152  49134  49143  49142  49142  49145  49142  49159  49151  49165  49141  49145  49152  49145  49151  49151  49148
  966.180   494118   513.29   494046   511.78  49410  49407  49391  49392  49399  49410  49408  49409  49411  49409  49425  49415  49404  49408  49412  49419  49412  49417  49418  49388
  971.179   496652   514.75   496604   513.84  49672  49671  49650  49651  49662  49672  49670  49642  49643  49671  49657  49649  49664  49672  49675  49681  49675  49680  49651  49648
  976.179   499165   514.04   499060   514.11  49902  49903  49910  49911  49921  49903  49902  49903  49903  49902  49918  49909  49923  49930  49934  49913  49907  49912  49911  49908
  981.179   501738   517.06   501659   516.43  50165  50166  50172  50173  50157  50166  50164  50165  50166  50165  50182  50172  50185  50166  50170  50176  50170  50175  50173  50169
  986.179   504417   520.81   504332   520.23  50433  50434  50438  50439  50427  50433  50431  50432  50433  50432  50449  50439  50452  50437  50439  50443  50438  50443  50440  50437
  991.179   507003   513.00   506918   511.59  50692  50693  50695  50696  50685  50692  50691  50690  50692  50692  50708  50698  50709  50696  50698  50702  50697  50702  50699  50694
  996.179   509551   511.78   509491   511.31  50954  50956  50932  50933  50947  50954  50954  50952  50954  50955  50946  50960  50947  50959  50960  50964  50958  50964  50962  50931
 1001.179   512049   515.00   511949   514.09  51193  51194  51196  51197  51209  51190  51193  51190  51193  51194  51210  51197  51209  51221  51222  51202  51195  51200  51199  51194
 1006.179   514515   515.12   514461   515.99  51444  51444  51450  51450  51459  51441  51444  51440  51444  51445  51463  51448  51463  51448  51449  51453  51445  51451  51450  51445
 1011.179   517094   513.56   517015   513.56  51701  51704  51708  51708  51690  51697  51701  51699  51703  51704  51721  51706  51721  51706  51707  51712  51701  51709  51708  51703
 1016.179   519653   506.73   519575   505.15  51960  51963  51941  51966  51949  51953  51961  51957  51962  51963  51979  51965  51954  51964  51965  51970  51959  51968  51967  51962
 1021.179   522207   504.26   522099   505.23  52217  52220  52201  52198  52206  52211  52218  52214  52219  52195  52210  52222  52214  52223  52222  52228  52219  52226  52224  52219
 1026.179   524641   502.89   524508   503.05  52447  52447  52455  52452  52460  52463  52447  52442  52448  52447  52462  52451  52468  52476  52475  52457  52473  52481  52452  52446
 1031.179   527214   506.38   527136   507.08  52710  52709  52719  52714  52723  52725  52710  52705  52711  52710  52724  52714  52732  52738  52736  52720  52709  52718  52714  52709
 1036.179   529751   509.53   529695   507.68  52967  52966  52974  52970  52978  52979  52967  52962  52966  52966  52981  52970  52986  52970  52991  52977  52965  52974  52971  52966
 1041.179   532318   506.44   532212   503.83  53226  53226  53207  53228  53211  53213  53226  53223  53227  53225  53241  53229  53244  53229  53223  53236  53223  53234  53232  53227
 1046.179   534894   506.23   534817   505.39  53487  53487  53468  53488  53470  53475  53487  53484  53485  53486  53500  53489  53478  53491  53484  53497  53483  53494  53492  53486
 1051.179   537211   501.73   537096   503.24  53710  53710  53709  53710  53710  53711  53710  53707  53709  53710  53724  53718  53723  53731  53723  53723  53720  53722  53717  53710
 1056.179   539766   499.53   539687   500.30  53970  53969  53969  53970  53970  53968  53970  53964  53969  53968  53982  53975  53980  53962  53980  53982  53978  53982  53976  53969
 1061.179   542331   500.35   542251   499.38  54229  54227  54228  54229  54229  54228  54229  54222  54203  54227  54243  54233  54239  54223  54239  54241  54210  54241  54235  54227
 1066.179   544686   501.17   544576   499.36  54460  54456  54459  54458  54458  54458  54458  54454  54459  54456  54474  54463  54469  54479  54470  54472  54465  54471  54466  54457
 1071.179   547316   502.42   547200   502.95  54722  54718  54721  54721  54721  54720  54720  54716  54722  54719  54735  54726  54733  54744  54733  54735  54727  54734  54731  54718
 1076.179   550005   505.18   549890   502.90  54990  54987  54990  54991  54991  54989  54990  54985  54989  54988  55005  54997  55002  55012  55002  55004  54995  55002  54999  54987
 1081.179   552573   507.65   552489   508.69  55251  55246  55251  55252  55252  55248  55251  55244  55247  55247  55266  55255  55262  55246  55261  55262  55255  55261  55258  55247
 1086.179   555115   508.96   554958   508.09  55486  55506  55487  55486  55486  55506  55486  55502  55506  55507  55500  55514  55521  55504  55519  55521  55515  55521  55494  55506
 1091.179   557685   510.87   557579   510.00  55748  55768  55750  55748  55748  55768  55748  55764  55768  55769  55762  55776  55783  55766  55781  55783  55751  55757  55758  55768
 1096.179   560174   519.73   560064   519.73  56010  56004  56012  56009  56009  56004  56009  56000  56004  56003  56023  56012  56020  56027  56015  56019  56012  56020  56020  56006
 1101.179   562750   515.35   562644   517.40  56267  56262  56270  56267  56267  56263  56267  56259  56261  56261  56282  56272  56278  56284  56270  56278  56268  56278  56275  56265
 1106.179   565347   508.54   565239   510.55  56528  56521  56530  56527  56528  56521  56528  56517  56519  56520  56543  56531  56538  56546  56531  56536  56526  56538  56535  56523
 1111.179   567914   508.39   567781   506.64  56787  56779  56765  56786  56763  56780  56787  56777  56778  56779  56801  56791  56798  56780  56790  56797  56784  56797  56794  56782
 1116.179   570416   509.93   570335   511.61  57025  57042  57028  57023  57025  57043  57024  57041  57041  57043  57039  57028  57062  57042  57054  57035  57047  57034  57030  57045
 1121.179   572974   511.31   572892   511.24  57287  57302  57288  57283  57287  57304  57285  57276  57302  57278  57300  57288  57298  57302  57316  57296  57308  57295  57290  57281
 1126.179   575617   517.42   575511   516.74  57557  57546  57557  57552  57556  57549  57553  57546  57546  57549  57568  57558  57568  57571  57562  57566  57550  57564  57559  57551
 1131.179   578250   518.32   578140   517.28  57821  57808  57822  57814  57821  57812  57814  57809  57806  57813  57833  57821  57832  57834  57826  57828  57813  57826  57821  57816
 1136.179   580870   513.42   580726   515.07  58082  58069  58057  58077  58082  58072  58077  58069  58068  58073  58095  58084  58095  58094  58086  58091  58075  58088  58083  58079
 1141.179   583367   513.77   583298   514.04  58315  58332  58317  58340  58315  58336  58340  58334  58332  58337  58332  58346  58332  58328  58349  58328  58338  58326  58346  58342
 1146.179   585967   520.19   585869   518.78  58584  58598  58586  58580  58585  58602  58581  58575  58600  58578  58600  58586  58601  58596  58617  58597  58606  58596  58587  58581
 1151.179   588465   519.83   588357   518.09  58837  58852  58839  58834  58840  58831  58835  58829  58828  58832  58854  58840  58858  58852  58847  58851  58836  58851  58841  58835
 1156.179   591051   515.30   590922   515.40  59096  59084  59097  59095  59098  59090  59095  59088  59088  59091  59112  59097  59118  59112  59106  59109  59094  59109  59100  59094
 1161.179   593621   509.77   593513   510.64  59356  59342  59355  59355  59357  59349  59355  59347  59347  59350  59372  59357  59354  59370  59364  59369  59354  59368  59359  59354
 1166.179   596166   506.43   596080   507.57  59613  59600  59612  59612  59613  59605  59612  59603  59603  59607  59628  59613  59611  59602  59620  59627  59612  59625  59616  59612
 1171.179   598642   510.10   598546   507.65  59847  59859  59846  59847  59847  59864  59847  59862  59862  59865  59863  59873  59871  59864  59881  59861  59870  59860  59852  59847
 1176.179   601116   507.42   600972   505.30  60095  60111  60094  60095  60095  60115  60095  60089  60091  60092  60118  60100  60126  60119  60137  60107  60098  60106  60106  60099
 1181.179   603687   509.06   603508   508.42  60354  60344  60353  60356  60354  60348  60356  60346  60348  60349  60376  60359  60384  60377  60369  60368  60362  60364  60367  60361
 1186.179   606239   507.16   606069   506.63  60609  60600  60608  60613  60608  60606  60613  60603  60603  60606  60630  60613  60640  60634  60624  60624  60618  60619  60622  60615
 1191.179   608875   504.83   608728   502.72  60874  60866  60873  60878  60874  60873  60878  60869  60870  60873  60896  60879  60880  60899  60891  60890  60885  60885  60889  60881
 1196.179   611521   510.03   611363   506.74  61142  61135  61141  61121  61143  61142  61121  61138  61139  61141  61168  61151  61149  61141  61159  61132  61154  61157  61160  61150
