Test case: 
Description: 
	10 senders: persistent queues
	10 receivers: client acknowledge every 50 messages
Timestamp: 2011.11.1 20:58:36
Version: 
Setting up JMS benchmark connections... 

Start processing messages.
Thu Dec 01 20:58:36 EST 2011

  Seconds   Send   Send/Sec   Recv   Recv/Sec   RCV0   RCV1   RCV2   RCV3   RCV4   RCV5   RCV6   RCV7   RCV8   RCV9  SND10  SND11  SND12  SND13  SND14  SND15  SND16  SND17  SND18  SND19
  ------- -------- -------- -------- -------- ------ ------ ------ ------ ------ ------ ------ ------ ------ ------ ------ ------ ------ ------ ------ ------ ------ ------ ------ ------
    1.063        0     0.00        0     0.00      0      0      0      0      0      0      0      0      0      0      0      0      0      0      0      0      0      0      0      0
    6.063     2005   435.87     2221   482.83    222    222    221    226    220    221    225    222    220    222    200    200    200    201    202    201    200    201    200    200
   11.063     4634   482.71     4852   505.42    485    486    484    489    482    484    488    485    483    486    462    462    463    464    465    464    463    464    463    464
   16.063     7196   478.63     7425   503.22    742    743    742    746    739    742    745    743    740    743    719    717    717    720    723    719    722    721    718    720
   21.063     9787   485.36    10016   498.57   1001   1003   1001   1005    997   1000   1004   1002    999   1004    977    976    976    980    983    978    980    981    976    980
   26.063    12309   496.30    12634   505.41   1268   1269   1268   1270   1267   1267   1245   1269   1267   1244   1243   1243   1241   1224   1228   1221   1220   1225   1243   1221
   31.063    14784   499.46    15029   506.76   1499   1500   1499   1501   1526   1498   1505   1501   1498   1502   1474   1474   1472   1483   1485   1477   1479   1484   1477   1479
   36.063    17464   518.76    17686   518.96   1769   1770   1767   1771   1765   1769   1771   1769   1766   1769   1743   1743   1739   1751   1754   1746   1746   1751   1744   1747
   41.063    20057   514.19    20276   516.74   2027   2030   2027   2029   2024   2028   2029   2028   2025   2029   2002   2002   1999   2011   2013   2005   2006   2011   2002   2006
   46.064    22697   514.92    22966   517.17   2296   2299   2296   2298   2292   2297   2298   2297   2294   2299   2271   2271   2267   2255   2282   2273   2275   2256   2271   2276
   51.063    25308   514.80    25600   514.90   2561   2566   2562   2566   2558   2563   2565   2562   2559   2538   2539   2537   2532   2519   2522   2542   2544   2520   2538   2515
   56.063    27907   519.93    28165   515.94   2825   2804   2825   2804   2823   2827   2803   2826   2823   2805   2803   2802   2797   2787   2789   2805   2779   2788   2776   2781
   61.063    30513   525.99    30743   526.39   3069   3076   3069   3075   3094   3072   3074   3070   3067   3077   3047   3046   3041   3059   3060   3050   3050   3060   3047   3053
   66.063    33121   522.82    33327   524.87   3330   3336   3331   3336   3329   3333   3335   3332   3328   3337   3307   3307   3302   3320   3320   3312   3311   3322   3307   3313
   71.063    35653   519.03    35879   520.97   3585   3591   3585   3594   3583   3587   3591   3586   3583   3594   3563   3563   3556   3574   3576   3567   3568   3552   3564   3570
   76.063    38083   512.11    38349   513.69   3835   3840   3834   3844   3832   3836   3839   3836   3834   3819   3813   3813   3808   3800   3802   3817   3818   3802   3815   3795
   81.064    40570   509.53    40891   507.01   4092   4097   4091   4075   4088   4092   4096   4094   4091   4075   4069   4069   4064   4057   4058   4049   4049   4058   4046   4051
   86.063    43170   510.44    43429   509.60   4341   4341   4350   4341   4348   4349   4340   4342   4339   4338   4316   4315   4323   4316   4319   4318   4316   4319   4314   4314
   91.063    45714   502.55    45972   503.42   4598   4598   4582   4598   4606   4605   4597   4599   4596   4593   4572   4571   4555   4574   4575   4574   4573   4577   4571   4572
   96.063    48188   498.81    48419   500.59   4847   4848   4831   4848   4830   4829   4847   4849   4846   4844   4822   4820   4805   4823   4825   4824   4823   4803   4821   4822
  101.063    50530   498.36    50763   499.46   5075   5074   5085   5075   5082   5080   5073   5075   5073   5071   5049   5072   5055   5049   5053   5051   5050   5054   5049   5048
  106.063    53016   501.09    53268   499.78   5326   5324   5336   5326   5333   5330   5323   5324   5325   5321   5301   5297   5306   5300   5304   5302   5301   5305   5301   5299
  111.063    55589   502.00    55839   498.61   5584   5580   5594   5581   5591   5589   5579   5579   5583   5579   5558   5552   5567   5556   5561   5560   5558   5564   5558   5555
  116.063    58215   498.52    58457   499.77   5848   5844   5833   5844   5855   5853   5843   5845   5847   5845   5823   5818   5806   5822   5825   5826   5823   5830   5822   5820
  121.063    60859   500.97    61084   500.77   6115   6113   6100   6112   6098   6094   6112   6114   6114   6112   6090   6086   6072   6089   6092   6093   6090   6071   6089   6087
  126.063    63343   505.03    63615   505.57   6373   6371   6358   6370   6356   6352   6370   6372   6347   6346   6323   6345   6330   6347   6326   6325   6349   6329   6323   6346
  131.063    65834   513.56    66084   514.13   6606   6604   6618   6606   6617   6613   6603   6605   6607   6605   6582   6579   6591   6582   6583   6583   6583   6590   6582   6579
  136.063    68443   515.94    68689   514.87   6868   6864   6877   6868   6877   6874   6863   6865   6868   6865   6843   6840   6852   6843   6843   6845   6844   6851   6843   6839
  141.063    71016   515.23    71259   515.00   7125   7121   7136   7124   7133   7131   7120   7122   7125   7122   7100   7097   7111   7100   7100   7103   7101   7107   7101   7096
  146.063    73547   509.36    73797   509.60   7382   7378   7366   7380   7389   7386   7377   7379   7382   7378   7357   7353   7339   7356   7355   7359   7357   7363   7357   7351
  151.063    76081   503.81    76283   504.78   7638   7633   7623   7636   7620   7617   7632   7636   7613   7635   7613   7610   7594   7612   7612   7615   7611   7594   7612   7608
  156.063    78550   506.69    78783   506.26   7871   7890   7879   7893   7876   7876   7891   7868   7871   7868   7844   7867   7850   7845   7870   7846   7868   7850   7844   7866
  161.063    81114   511.88    81371   512.15   8139   8130   8145   8132   8143   8142   8131   8136   8137   8136   8111   8109   8117   8112   8111   8113   8109   8116   8110   8106
  166.063    83711   510.55    83966   509.95   8398   8389   8406   8391   8403   8402   8391   8394   8397   8395   8370   8369   8377   8372   8370   8374   8367   8377   8370   8365
  171.063    86304   506.44    86526   507.62   8658   8646   8636   8647   8663   8662   8650   8653   8656   8655   8630   8628   8636   8632   8629   8634   8625   8637   8630   8623
  176.063    88867   507.13    89093   508.94   8919   8909   8900   8909   8900   8896   8912   8914   8918   8916   8892   8889   8871   8893   8890   8896   8886   8873   8892   8885
  181.063    91329   508.09    91580   509.83   9151   9165   9156   9165   9156   9153   9167   9169   9150   9148   9121   9146   9127   9124   9147   9128   9142   9128   9125   9141
  186.063    93891   514.80    94193   515.37   9418   9431   9423   9431   9423   9419   9408   9410   9416   9414   9388   9386   9393   9392   9388   9394   9383   9395   9391   9381
  191.063    96466   513.42    96727   512.68   9674   9663   9682   9665   9682   9677   9668   9670   9675   9671   9645   9643   9650   9649   9646   9650   9641   9653   9649   9640
  196.063    99049   510.35    99308   509.61   9934   9920   9940   9921   9940   9934   9927   9928   9933   9931   9902   9902   9907   9909   9903   9908   9899   9913   9908   9898
  201.063   101676   508.79   101879   510.17  10201  10183  10178  10186  10178  10199  10193  10194  10171  10196  10169  10168  10174  10176  10167  10173  10163  10151  10175  10160
  206.064   104173   507.99   104382   509.30  10430  10444  10437  10445  10437  10429  10452  10453  10429  10426  10427  10428  10403  10406  10426  10429  10421  10410  10404  10419
  211.063   106741   515.39   107017   514.38  10699  10712  10707  10712  10707  10699  10692  10693  10700  10696  10667  10668  10672  10675  10666  10669  10687  10678  10674  10685
  216.063   109327   517.06   109652   515.12  10962  10976  10972  10976  10971  10961  10957  10956  10963  10958  10931  10932  10937  10939  10929  10934  10924  10943  10937  10921
  221.063   111924   515.12   112202   513.81  11223  11211  11231  11211  11231  11222  11217  11214  11222  11220  11191  11191  11197  11199  11188  11194  11185  11203  11196  11180
  226.063   114536   514.24   114788   514.92  11488  11475  11466  11475  11467  11486  11480  11479  11487  11485  11454  11457  11461  11462  11451  11458  11448  11439  11461  11445
  231.063   117141   516.12   117371   516.09  11728  11745  11736  11747  11736  11727  11750  11749  11728  11725  11724  11727  11702  11703  11719  11728  11717  11707  11701  11713
  236.063   119649   516.80   119961   519.38  11989  12001  11996  12005  11996  11988  12006  12006  11988  11986  11957  11959  11961  11963  11977  11961  11974  11966  11962  11969
  241.063   122197   516.95   122477   516.24  12248  12260  12255  12239  12255  12247  12239  12240  12248  12246  12217  12218  12221  12222  12212  12221  12209  12226  12222  12229
  246.063   124789   516.34   125069   513.96  12509  12495  12517  12501  12517  12508  12503  12502  12510  12507  12479  12478  12482  12484  12475  12482  12471  12487  12485  12466
  251.064   127380   513.42   127611   513.59  12769  12755  12751  12760  12751  12769  12761  12761  12768  12766  12738  12738  12741  12743  12734  12741  12730  12747  12743  12725
  256.063   129900   511.21   130129   511.31  13003  13014  13009  13021  13009  13003  13022  13020  13027  13001  12997  12998  12999  12977  12995  13003  12990  12980  12977  12984
  261.063   132409   508.84   132681   511.16  13261  13272  13267  13279  13266  13260  13280  13278  13259  13259  13256  13232  13232  13235  13254  13236  13248  13238  13235  13243
  266.063   134930   511.09   135177   508.00  13518  13528  13525  13510  13526  13518  13511  13511  13516  13514  13486  13490  13488  13493  13486  13493  13506  13494  13493  13501
  271.063   137449   510.92   137748   509.75  13776  13786  13782  13767  13784  13776  13766  13768  13772  13771  13742  13747  13744  13751  13741  13751  13737  13753  13750  13733
  276.063   140153   511.80   140369   509.58  14044  14030  14027  14038  14027  14046  14037  14037  14042  14041  14013  14017  14014  14021  14012  14022  14008  14021  14020  14005
  281.063   142796   512.30   143058   513.27  14312  14300  14298  14306  14298  14312  14305  14306  14312  14309  14279  14284  14282  14286  14279  14289  14275  14261  14287  14274
  286.063   145328   512.45   145562   515.27  14548  14559  14558  14566  14559  14548  14565  14566  14548  14545  14539  14546  14543  14522  14540  14525  14536  14521  14522  14534
  291.063   147922   517.21   148188   516.91  14813  14824  14822  14808  14824  14812  14831  14830  14813  14811  14804  14785  14782  14787  14804  14790  14800  14785  14787  14798
  296.063   150401   519.16   150721   518.93  15071  15084  15081  15066  15084  15069  15063  15063  15071  15069  15036  15044  15038  15046  15036  15048  15033  15043  15046  15031
  301.063   153085   521.33   153347   520.02  15339  15325  15348  15334  15326  15338  15331  15331  15338  15337  15304  15313  15307  15315  15304  15315  15301  15311  15316  15299
  306.063   155783   519.26   156017   521.61  15610  15595  15591  15602  15596  15606  15600  15602  15608  15607  15573  15581  15578  15585  15574  15586  15571  15580  15585  15570
  311.063   158298   515.81   158553   516.41  15844  15856  15851  15864  15856  15868  15862  15865  15846  15841  15835  15843  15839  15822  15835  15822  15832  15818  15821  15831
  316.063   160793   515.54   161074   517.92  16100  16110  16108  16117  16110  16098  16116  16118  16101  16096  16089  16072  16067  16078  16090  16077  16086  16073  16075  16086
  321.063   163438   519.90   163718   518.76  16373  16381  16377  16364  16381  16372  16363  16365  16373  16369  16337  16345  16341  16349  16337  16348  16357  16344  16347  16333
  326.063   166070   522.32   166366   521.64  16638  16648  16643  16628  16648  16635  16627  16629  16638  16632  16599  16609  16604  16617  16603  16615  16599  16612  16614  16598
  331.064   168677   518.86   168921   518.26  16899  16883  16905  16887  16883  16896  16887  16888  16899  16894  16859  16871  16865  16878  16863  16876  16859  16874  16874  16858
  336.063   171159   513.42   171447   515.27  17157  17140  17135  17146  17140  17154  17146  17146  17131  17152  17118  17130  17124  17110  17123  17108  17117  17106  17105  17118
  341.063   173759   514.50   174004   515.87  17395  17404  17397  17409  17404  17393  17409  17409  17394  17390  17381  17367  17386  17371  17386  17371  17380  17369  17368  17380
  346.063   176393   520.00   176655   518.49  17659  17670  17662  17674  17671  17658  17675  17673  17658  17655  17646  17632  17626  17637  17652  17639  17646  17636  17632  17647
  351.063   178887   516.68   179198   515.97  17920  17931  17922  17907  17931  17918  17908  17932  17916  17913  17880  17893  17887  17895  17884  17900  17881  17896  17892  17879
  356.063   181422   512.48   181707   511.24  18178  18164  18179  18166  18164  18178  18166  18166  18175  18171  18138  18152  18147  18153  18142  18133  18139  18129  18151  18138
  361.063   184065   512.80   184349   513.27  18443  18429  18443  18431  18429  18442  18432  18430  18437  18433  18403  18416  18409  18417  18407  18397  18405  18393  18415  18403
  366.063   186532   511.44   186805   511.78  18673  18685  18671  18689  18687  18671  18687  18686  18668  18688  18657  18645  18663  18645  18661  18652  18660  18647  18643  18659
  371.063   189125   511.29   189368   511.23  18932  18943  18930  18947  18946  18930  18946  18944  18928  18922  18918  18904  18922  18904  18920  18913  18918  18906  18902  18918
  376.063   191669   509.77   192022   510.87  19196  19210  19194  19213  19213  19195  19212  19211  19192  19186  19155  19169  19160  19171  19158  19180  19184  19172  19166  19154
  381.063   194323   514.35   194565   515.69  19464  19451  19462  19453  19451  19463  19452  19452  19461  19456  19423  19438  19430  19439  19427  19446  19425  19439  19433  19423
  386.063   197015   520.64   197311   519.23  19738  19726  19737  19727  19725  19737  19726  19728  19735  19732  19698  19712  19705  19714  19702  19695  19699  19687  19707  19696
  391.063   199584   518.17   199905   517.67  19996  19986  19997  19986  19984  19996  19985  19987  19995  19993  19957  19971  19966  19947  19961  19954  19958  19947  19968  19955
  396.063   202194   522.03   202463   520.96  20237  20256  20239  20255  20253  20240  20255  20257  20237  20234  20225  20214  20209  20216  20229  20224  20228  20217  20209  20223
  401.064   204757   521.19   204989   522.50  20497  20491  20500  20516  20512  20500  20490  20492  20498  20493  20482  20474  20469  20475  20491  20482  20461  20475  20467  20481
  406.063   207350   521.98   207594   521.71  20760  20755  20763  20753  20774  20761  20754  20756  20761  20757  20742  20737  20731  20736  20727  20744  20726  20737  20729  20741
  411.063   209851   516.69   210120   517.60  21015  21009  21019  21007  21003  21017  21009  21011  21018  21012  20971  20993  20987  20992  20982  20998  20981  20993  20983  20971
  416.063   212287   509.06   212624   509.66  21266  21259  21270  21258  21254  21268  21258  21260  21268  21263  21222  21219  21238  21243  21233  21223  21233  21219  21235  21222
  421.063   214828   507.52   215092   504.60  21497  21517  21499  21517  21512  21498  21516  21518  21497  21521  21477  21475  21496  21473  21492  21478  21493  21475  21491  21478
  426.063   217295   505.07   217607   503.96  21753  21770  21756  21768  21766  21755  21767  21770  21754  21748  21731  21730  21723  21730  21745  21734  21721  21731  21718  21732
  431.063   219821   501.09   220053   504.65  22008  21998  22011  21997  22020  22010  21996  21998  22010  22005  21986  21986  21979  21985  21973  21988  21977  21986  21974  21987
  436.063   222471   502.00   222680   501.83  22274  22263  22276  22264  22259  22275  22261  22263  22274  22271  22252  22251  22245  22250  22236  22252  22241  22251  22241  22252
  441.064   224914   500.94   225248   501.31  22529  22523  22530  22523  22515  22530  22522  22524  22528  22524  22479  22478  22499  22504  22496  22508  22498  22478  22495  22479
  446.063   227471   506.04   227727   503.19  22764  22783  22764  22783  22778  22766  22782  22784  22762  22761  22741  22740  22760  22738  22756  22743  22759  22739  22755  22740
  451.063   230059   509.33   230375   508.46  23029  23048  23030  23047  23044  23029  23047  23049  23026  23026  23005  23005  22996  23004  23022  23008  22995  23002  23018  23004
  456.063   232597   511.69   232851   510.65  23286  23281  23287  23281  23302  23286  23279  23282  23284  23283  23263  23263  23256  23263  23254  23266  23255  23260  23251  23266
  461.063   235262   512.16   235495   516.19  23553  23548  23555  23548  23542  23554  23547  23549  23549  23550  23533  23530  23521  23532  23520  23533  23519  23525  23517  23532
  466.063   237798   510.82   238083   512.50  23811  23808  23813  23808  23802  23812  23806  23808  23807  23808  23765  23788  23780  23791  23780  23791  23778  23785  23776  23764
  471.063   240364   514.85   240754   512.37  24078  24076  24080  24076  24069  24079  24072  24074  24075  24075  24033  24029  24047  24032  24045  24032  24046  24026  24043  24031
  476.063   242934   515.20   243219   514.36  24309  24334  24309  24334  24325  24308  24330  24332  24332  24306  24291  24284  24305  24288  24303  24287  24304  24283  24301  24288
  481.063   245510   515.99   245750   515.12  24576  24574  24576  24574  24589  24575  24569  24571  24572  24574  24556  24551  24543  24554  24542  24554  24544  24550  24563  24553
  486.064   248175   518.29   248436   522.11  24845  24843  24846  24843  24858  24843  24836  24838  24840  24844  24826  24821  24809  24824  24810  24822  24813  24820  24807  24823
  491.063   250817   518.49   251099   520.07  25116  25111  25115  25112  25102  25112  25103  25105  25110  25113  25069  25091  25080  25093  25079  25091  25083  25088  25077  25066
  496.063   253307   516.04   253670   516.88  25374  25370  25371  25370  25357  25369  25360  25361  25367  25371  25325  25320  25338  25324  25338  25348  25339  25319  25336  25320
  501.063   255839   515.81   256142   512.01  25604  25624  25600  25624  25613  25623  25615  25616  25622  25601  25580  25576  25594  25580  25593  25578  25595  25578  25590  25575
  506.063   258419   517.92   258697   516.81  25870  25865  25866  25865  25879  25863  25880  25881  25861  25867  25846  25840  25835  25848  25833  25843  25835  25842  25855  25842
  511.063   260968   515.20   261275   517.45  26127  26123  26123  26123  26137  26121  26137  26140  26117  26127  26102  26096  26091  26107  26090  26102  26093  26100  26088  26099
  516.064   263601   512.47   263831   514.88  26391  26387  26387  26388  26374  26385  26373  26377  26381  26388  26367  26358  26355  26370  26354  26364  26358  26362  26351  26362
  521.063   266108   509.68   266442   509.65  26653  26648  26649  26650  26634  26646  26633  26637  26642  26650  26601  26618  26616  26605  26615  26625  26619  26599  26612  26598
  526.063   268737   512.58   269030   511.07  26892  26911  26912  26913  26899  26909  26897  26902  26906  26889  26863  26881  26878  26869  26880  26886  26882  26862  26875  26861
  531.063   271206   514.08   271496   513.64  27151  27143  27143  27144  27154  27142  27152  27158  27161  27148  27119  27113  27111  27125  27137  27118  27116  27120  27131  27116
  536.063   273833   513.36   274147   513.76  27421  27409  27409  27409  27422  27408  27421  27427  27403  27418  27388  27381  27378  27393  27379  27384  27384  27389  27372  27385
  541.063   276401   513.71   276641   513.98  27676  27666  27666  27666  27655  27665  27654  27659  27661  27673  27645  27637  27634  27650  27636  27640  27641  27645  27630  27643
  546.063   278842   508.83   279126   509.87  27904  27919  27919  27919  27909  27920  27908  27912  27915  27901  27872  27892  27889  27880  27890  27895  27896  27872  27884  27872
  551.063   281422   510.34   281742   508.93  28164  28181  28181  28181  28171  28184  28170  28172  28176  28162  28133  28153  28150  28140  28150  28155  28132  28133  28144  28132
  556.063   283926   507.28   284195   505.57  28422  28412  28412  28410  28426  28414  28424  28427  28429  28419  28389  28382  28403  28395  28403  28384  28392  28391  28399  28388
  561.063   286505   508.05   286799   509.09  28685  28675  28675  28674  28690  28675  28685  28690  28667  28683  28652  28644  28640  28658  28641  28647  28655  28654  28663  28651
  566.063   289080   507.30   289380   507.60  28949  28939  28939  28937  28926  28940  28947  28927  28930  28946  28914  28909  28902  28920  28905  28910  28917  28892  28898  28913
  571.063   291607   508.52   291928   509.50  29185  29200  29200  29201  29190  29203  29184  29190  29193  29182  29151  29172  29165  29158  29167  29173  29154  29156  29161  29150
  576.063   294348   517.72   294666   517.99  29461  29476  29476  29477  29467  29454  29460  29467  29470  29458  29429  29423  29442  29434  29444  29449  29431  29432  29437  29427
  581.063   296925   518.29   297249   516.48  29721  29710  29738  29738  29730  29714  29720  29728  29732  29718  29689  29684  29704  29694  29706  29682  29691  29692  29696  29687
  586.063   299492   518.84   299788   519.75  29984  29973  29972  29972  29991  29975  29982  29990  29968  29981  29951  29947  29940  29956  29941  29944  29953  29953  29958  29949
  591.063   302059   516.01   302328   517.72  30242  30230  30230  30230  30222  30231  30238  30246  30223  30236  30207  30207  30197  30211  30198  30202  30208  30210  30215  30204
  596.063   304565   515.44   304841   516.31  30472  30487  30487  30486  30481  30487  30493  30477  30480  30491  30462  30462  30453  30467  30455  30459  30463  30440  30445  30459
  601.063   307079   516.17   307439   516.48  30737  30754  30754  30751  30745  30753  30731  30741  30744  30729  30698  30700  30719  30705  30721  30726  30700  30704  30709  30697
  606.063   309719   513.29   310020   511.78  31002  31015  30990  31015  31007  30989  30996  31004  31007  30995  30961  30965  30981  30971  30984  30987  30967  30968  30973  30962
  611.063   312345   514.09   312626   512.62  31268  31255  31256  31256  31273  31255  31261  31271  31271  31260  31225  31231  31246  31236  31249  31227  31231  31234  31239  31227
  616.063   314937   513.15   315217   514.33  31531  31521  31521  31521  31510  31520  31526  31535  31508  31524  31489  31496  31484  31499  31488  31490  31496  31499  31504  31492
  621.063   317552   515.20   317832   514.63  31771  31787  31787  31787  31778  31787  31792  31775  31776  31792  31755  31764  31751  31766  31754  31756  31765  31739  31742  31760
  626.063   320038   517.48   320398   517.68  32031  32047  32047  32047  32037  32047  32050  32033  32034  32025  32014  31998  32009  31998  32012  32016  31998  32000  32001  31992
  631.063   322713   521.14   322942   518.49  32300  32288  32288  32288  32304  32287  32291  32301  32303  32292  32280  32266  32276  32266  32279  32284  32265  32268  32270  32259
  636.063   325243   517.25   325524   517.48  32559  32545  32545  32547  32563  32547  32548  32558  32561  32551  32511  32525  32534  32526  32537  32515  32522  32527  32530  32516
  641.063   327795   513.89   328073   515.60  32819  32806  32806  32807  32797  32807  32806  32819  32795  32811  32772  32784  32768  32786  32773  32776  32783  32787  32789  32777
  646.063   330367   514.13   330667   515.70  33056  33067  33067  33068  33059  33070  33067  33083  33057  33073  33033  33048  33031  33048  33037  33036  33045  33023  33025  33041
  651.063   333003   515.87   333307   514.06  33321  33335  33335  33336  33325  33337  33335  33322  33323  33338  33298  33289  33298  33313  33304  33302  33310  33291  33291  33307
  656.064   335570   517.72   335949   517.48  33586  33602  33602  33604  33593  33603  33602  33586  33591  33580  33561  33553  33562  33552  33568  33566  33549  33557  33555  33547
  661.063   338227   516.43   338476   519.61  33851  33842  33842  33843  33858  33842  33842  33853  33857  33846  33827  33818  33827  33819  33832  33831  33816  33822  33821  33814
  666.063   340705   516.14   341054   517.55  34111  34099  34099  34099  34115  34099  34100  34113  34116  34103  34061  34077  34061  34076  34065  34063  34073  34079  34079  34071
  671.063   343296   515.77   343644   519.03  34373  34361  34361  34362  34376  34361  34362  34375  34350  34363  34323  34339  34322  34338  34327  34327  34332  34314  34340  34334
  676.063   345914   518.26   346203   518.83  34612  34625  34625  34625  34614  34624  34625  34613  34614  34626  34587  34601  34587  34604  34590  34592  34596  34580  34577  34600
  681.063   348495   517.30   348863   516.96  34878  34891  34891  34890  34881  34891  34891  34879  34879  34892  34851  34842  34851  34845  34857  34858  34861  34846  34843  34841
  686.063   351033   515.45   351345   514.11  35135  35146  35146  35147  35136  35121  35121  35134  35135  35124  35108  35098  35107  35103  35113  35114  35092  35100  35100  35098
  691.063   353517   509.66   353830   511.85  35390  35377  35377  35377  35391  35378  35377  35391  35389  35383  35339  35353  35364  35358  35344  35344  35348  35356  35358  35353
  696.064   356046   510.45   356390   510.29  35647  35633  35632  35633  35648  35634  35632  35648  35645  35638  35596  35609  35592  35614  35601  35600  35603  35611  35613  35607
  701.063   358503   508.56   358849   508.49  35879  35888  35887  35890  35879  35891  35888  35878  35876  35893  35851  35867  35847  35844  35856  35855  35859  35842  35843  35839
  706.063   361061   504.60   361408   505.70  36137  36149  36146  36149  36137  36150  36147  36135  36134  36124  36109  36098  36107  36101  36114  36115  36117  36100  36101  36099
  711.063   363619   503.99   363913   503.29  36395  36382  36405  36382  36396  36381  36405  36393  36391  36383  36370  36355  36365  36360  36374  36373  36348  36360  36359  36355
  716.063   366091   500.94   366408   501.98  36650  36636  36635  36638  36649  36635  36634  36649  36646  36636  36597  36610  36619  36618  36603  36601  36602  36615  36615  36611
  721.064   368630   502.80   368974   504.71  36907  36893  36891  36894  36906  36893  36890  36906  36903  36891  36852  36867  36850  36875  36859  36857  36859  36873  36871  36867
  726.063   371156   505.32   371509   503.88  37144  37158  37155  37158  37145  37156  37154  37143  37142  37154  37116  37129  37112  37112  37121  37120  37123  37109  37108  37106
  731.063   373743   507.92   374116   507.08  37405  37418  37416  37418  37406  37417  37415  37403  37403  37415  37377  37364  37375  37373  37382  37382  37383  37370  37369  37368
  736.064   376288   506.81   376662   506.85  37661  37672  37671  37672  37660  37671  37671  37658  37657  37669  37629  37619  37630  37629  37638  37636  37637  37625  37623  37622
  741.063   378777   504.36   379075   507.11  37917  37904  37904  37904  37915  37903  37903  37914  37912  37899  37887  37875  37887  37885  37869  37867  37868  37883  37878  37878
  746.064   381314   506.49   381669   508.64  38176  38164  38164  38164  38175  38162  38163  38173  38171  38157  38119  38134  38121  38143  38128  38125  38128  38141  38137  38138
  751.063   383790   507.03   384169   508.20  38407  38418  38418  38418  38407  38416  38417  38431  38425  38412  38374  38390  38376  38373  38382  38380  38382  38371  38393  38369
  756.063   386327   507.35   386699   504.50  38664  38676  38676  38676  38663  38676  38675  38664  38658  38671  38633  38624  38634  38632  38641  38641  38640  38629  38624  38629
  761.064   388912   505.55   389284   503.78  38924  38934  38934  38935  38922  38934  38933  38922  38917  38929  38892  38884  38890  38890  38900  38898  38899  38887  38884  38888
  766.063   391438   502.30   391706   503.10  39178  39164  39164  39164  39177  39163  39163  39176  39172  39185  39148  39138  39145  39146  39156  39153  39127  39142  39139  39144
  771.063   393968   504.26   394287   506.85  39438  39424  39424  39424  39440  39423  39423  39437  39434  39420  39381  39399  39405  39406  39391  39386  39389  39404  39401  39406
  776.063   396512   506.53   396857   507.06  39697  39684  39684  39684  39674  39682  39683  39696  39693  39680  39642  39658  39664  39665  39653  39646  39648  39637  39660  39639
  781.063   399049   510.22   399425   508.31  39933  39948  39948  39946  39935  39943  39946  39957  39928  39941  39902  39920  39900  39899  39915  39908  39911  39900  39895  39899
  786.063   401649   511.56   402015   508.74  40195  40209  40209  40206  40197  40205  40208  40192  40190  40204  40164  40156  40162  40162  40178  40171  40173  40163  40157  40163
  791.063   404227   508.64   404577   508.67  40453  40467  40467  40467  40456  40439  40466  40450  40449  40463  40423  40413  40421  40421  40435  40427  40431  40421  40414  40421
  796.063   406749   509.60   407058   512.65  40715  40702  40702  40702  40716  40702  40701  40710  40710  40698  40682  40674  40680  40681  40668  40661  40665  40682  40674  40682
  801.063   409232   508.72   409622   511.11  40971  40959  40959  40959  40972  40958  40958  40966  40966  40954  40913  40933  40935  40937  40922  40916  40922  40911  40932  40911
  806.064   411751   510.52   412160   508.31  41207  41221  41221  41221  41207  41220  41219  41227  41202  41215  41175  41169  41171  41173  41183  41178  41184  41175  41169  41174
  811.063   414332   510.91   414725   507.38  41465  41482  41482  41480  41465  41479  41479  41458  41461  41474  41434  41427  41429  41430  41441  41437  41442  41434  41427  41431
  816.064   416883   505.10   417222   505.07  41728  41708  41708  41731  41728  41731  41730  41714  41717  41727  41686  41681  41682  41694  41695  41690  41693  41691  41683  41688
  821.063   419343   502.89   419682   505.13  41961  41966  41966  41964  41987  41966  41963  41974  41975  41960  41945  41939  41941  41927  41927  41922  41927  41924  41943  41948
  826.063   421905   505.97   422274   508.86  42223  42229  42228  42226  42222  42227  42225  42235  42237  42222  42180  42201  42204  42188  42188  42184  42189  42185  42203  42183
  831.063   424420   508.79   424844   507.28  42481  42489  42488  42486  42481  42487  42485  42495  42470  42482  42441  42436  42437  42445  42447  42442  42449  42444  42437  42442
  836.063   426989   510.49   427421   505.89  42738  42747  42744  42744  42738  42747  42743  42752  42728  42740  42697  42693  42695  42701  42703  42700  42706  42701  42694  42699
  841.063   429539   505.37   429896   504.19  42993  42978  42998  42998  42994  42977  42997  42982  42985  42994  42952  42949  42951  42957  42958  42953  42961  42957  42949  42952
  846.063   432039   501.88   432320   505.00  43244  43229  43226  43226  43247  43228  43225  43235  43237  43223  43206  43202  43204  43209  43210  43204  43188  43210  43202  43204
  851.063   434525   505.94   434915   508.49  43504  43492  43488  43488  43482  43491  43487  43500  43498  43485  43440  43462  43465  43444  43448  43441  43449  43446  43464  43466
  856.064   437105   507.50   437488   507.06  43738  43752  43747  43748  43743  43751  43747  43760  43757  43745  43701  43722  43725  43706  43709  43703  43709  43706  43722  43702
  861.064   439599   508.49   440008   506.17  43995  44010  44003  44004  44000  44010  44003  43993  43988  44002  43957  43955  43957  43962  43967  43960  43966  43963  43953  43959
  866.063   442245   508.96   442634   505.50  44261  44276  44268  44270  44265  44246  44269  44257  44252  44270  44223  44218  44220  44226  44232  44223  44234  44228  44217  44224
  871.064   444851   508.59   445209   509.50  44524  44511  44531  44531  44527  44511  44530  44522  44516  44506  44485  44482  44485  44489  44494  44485  44470  44491  44482  44488
  876.063   447422   510.08   447732   514.55  44783  44770  44766  44766  44786  44770  44765  44783  44776  44767  44744  44744  44744  44749  44752  44745  44730  44726  44742  44746
  881.063   449895   514.11   450308   514.88  45021  45032  45029  45029  45023  45033  45028  45045  45039  45029  44980  44981  45007  44987  44988  44983  44991  44990  45005  44983
  886.063   452471   513.71   452894   514.08  45279  45293  45290  45291  45284  45295  45289  45280  45302  45291  45239  45239  45242  45247  45247  45243  45254  45251  45268  45241
  891.063   455077   517.63   455495   514.48  45543  45555  45552  45553  45547  45558  45551  45543  45538  45555  45503  45503  45505  45510  45510  45505  45518  45515  45503  45505
  896.063   457712   517.32   458099   515.60  45808  45820  45817  45817  45812  45799  45816  45810  45804  45796  45769  45768  45770  45777  45777  45772  45758  45780  45769  45772
  901.063   460290   512.87   460674   514.65  46067  46054  46077  46077  46072  46060  46075  46070  46065  46057  46029  46030  46030  46038  46038  46032  46016  46013  46030  46034
  906.063   462843   511.38   463174   514.70  46326  46312  46308  46308  46330  46317  46307  46327  46324  46315  46288  46289  46286  46269  46295  46292  46274  46272  46287  46291
  911.063   465357   516.98   465739   515.00  46563  46578  46571  46571  46569  46583  46570  46592  46561  46581  46527  46528  46550  46532  46535  46530  46538  46536  46552  46529
  916.064   468010   519.78   468400   517.84  46832  46846  46841  46840  46837  46850  46840  46834  46831  46849  46795  46796  46817  46801  46805  46798  46806  46803  46793  46796
  921.063   470535   516.14   470903   514.43  47088  47101  47098  47094  47091  47081  47097  47087  47087  47079  47051  47052  47046  47056  47059  47054  47060  47059  47046  47052
  926.063   473183   512.32   473549   512.52  47357  47339  47367  47361  47359  47345  47366  47356  47355  47344  47318  47321  47313  47323  47327  47322  47326  47299  47314  47320
  931.063   475732   513.15   476079   512.75  47614  47599  47599  47618  47616  47605  47598  47614  47613  47603  47574  47578  47572  47582  47582  47580  47558  47559  47571  47576
  936.063   478234   514.75   478668   518.17  47881  47866  47866  47860  47856  47870  47865  47882  47854  47868  47815  47818  47835  47822  47822  47820  47824  47825  47837  47816
  941.063   480765   513.54   481164   514.14  48108  48121  48122  48116  48110  48124  48121  48109  48110  48123  48070  48070  48088  48074  48075  48072  48078  48080  48091  48067
  946.063   483422   514.68   483851   514.28  48377  48390  48391  48385  48379  48392  48389  48377  48380  48391  48338  48339  48354  48342  48343  48341  48346  48349  48333  48337
  951.063   485924   511.33   486325   514.08  48633  48644  48620  48642  48633  48622  48643  48632  48635  48621  48595  48594  48585  48596  48598  48596  48600  48579  48589  48592
  956.063   488459   506.51   488813   508.72  48889  48873  48878  48873  48890  48880  48872  48890  48891  48877  48851  48850  48841  48852  48854  48851  48830  48835  48847  48848
  961.063   491113   510.94   491498   513.93  49158  49142  49146  49142  49158  49148  49141  49158  49160  49145  49094  49119  49108  49120  49123  49120  49098  49102  49114  49115
  966.063   493643   514.46   494052   513.62  49398  49408  49413  49408  49397  49414  49406  49398  49400  49410  49358  49358  49374  49361  49362  49360  49364  49370  49381  49355
  971.063   496206   515.15   496651   514.68  49655  49668  49675  49668  49657  49677  49665  49657  49658  49671  49615  49616  49634  49619  49621  49618  49626  49631  49615  49611
  976.063   498783   513.81   499204   511.83  49918  49929  49933  49927  49918  49911  49926  49919  49918  49905  49877  49876  49892  49881  49881  49878  49883  49865  49877  49873
  981.063   501355   514.23   501772   514.73  50182  50165  50169  50189  50180  50172  50188  50181  50181  50165  50140  50138  50128  50145  50143  50141  50120  50125  50140  50135
  986.063   504033   516.64   504394   519.46  50449  50435  50437  50430  50447  50440  50429  50449  50447  50431  50407  50406  50395  50413  50410  50409  50390  50392  50408  50403
  991.063   506542   514.33   506951   515.10  50682  50694  50696  50686  50706  50698  50685  50708  50705  50691  50640  50665  50655  50644  50668  50641  50649  50651  50667  50662
  996.063   509064   514.87   509494   515.60  50944  50954  50958  50949  50942  50959  50949  50945  50942  50952  50901  50902  50917  50908  50904  50905  50911  50914  50904  50898
 1001.063   511696   517.28   512127   515.97  51208  51217  51221  51213  51206  51221  51212  51208  51205  51216  51164  51166  51179  51172  51167  51168  51174  51177  51167  51162
 1006.063   514160   513.47   514568   513.04  51459  51468  51446  51465  51459  51447  51466  51459  51456  51443  51415  51417  51404  51424  51419  51421  51425  51403  51418  51414
 1011.064   516707   509.08   517092   509.75  51716  51701  51704  51723  51717  51704  51698  51716  51713  51700  51672  51673  51662  51681  51677  51678  51657  51660  51675  51672
 1016.063   519238   505.55   519644   508.07  51976  51959  51961  51954  51976  51963  51957  51972  51969  51957  51930  51932  51919  51912  51937  51910  51915  51917  51936  51930
 1021.063   521696   506.83   522183   506.90  52208  52218  52221  52214  52208  52223  52217  52230  52227  52217  52161  52165  52178  52171  52169  52170  52174  52178  52168  52162
 1026.063   524234   506.43   524670   504.88  52461  52472  52475  52468  52461  52477  52471  52460  52455  52470  52416  52418  52432  52425  52422  52424  52428  52431  52422  52416
 1031.063   526831   505.40   527244   503.93  52725  52734  52713  52730  52724  52713  52733  52723  52717  52732  52678  52682  52693  52686  52683  52686  52690  52669  52686  52678
 1036.063   529337   503.22   529726   505.17  52983  52965  52968  52986  52981  52967  52963  52980  52971  52962  52934  52938  52924  52943  52939  52941  52920  52921  52943  52934
 1041.063   531904   504.75   532289   506.46  53242  53222  53228  53219  53242  53226  53220  53240  53230  53220  53195  53198  53185  53201  53199  53199  53177  53179  53177  53194
 1046.063   534353   507.23   534816   508.27  53476  53483  53488  53478  53477  53487  53481  53474  53491  53481  53429  53434  53446  53435  53433  53433  53438  53440  53437  53428
 1051.063   536834   499.23   537244   497.55  53725  53729  53729  53705  53730  53725  53725  53727  53727  53722  53680  53684  53684  53684  53687  53684  53682  53684  53684  53681
 1056.063   539179   500.60   539670   500.64  53984  53960  53962  53964  53962  53957  53983  53959  53958  53981  53912  53942  53915  53917  53919  53916  53913  53915  53917  53913
 1061.064   541748   500.57   542180   501.21  54216  54220  54221  54223  54220  54215  54216  54218  54218  54213  54172  54175  54175  54178  54178  54175  54173  54174  54177  54171
 1066.063   544301   502.15   544736   503.69  54473  54476  54476  54476  54476  54472  54471  54473  54473  54470  54430  54431  54431  54433  54432  54430  54428  54428  54432  54426
 1071.063   546923   496.01   547358   498.59  54736  54738  54738  54738  54739  54735  54732  54734  54735  54733  54691  54694  54692  54695  54695  54692  54691  54691  54695  54687
 1076.063   549610   502.01   550044   500.97  55005  55006  55006  55006  55006  55005  55001  55003  55004  55002  54960  54963  54962  54964  54962  54961  54959  54959  54964  54956
 1081.063   552029   507.28   552510   507.92  55240  55264  55240  55264  55240  55239  55261  55263  55238  55261  55195  55222  55197  55199  55195  55220  55194  55193  55199  55215
 1086.063   554557   516.04   554980   513.76  55500  55497  55499  55497  55501  55501  55494  55496  55500  55495  55457  55455  55457  55460  55455  55454  55456  55455  55460  55448
 1091.063   557178   517.80   557606   517.67  55761  55759  55760  55760  55762  55765  55758  55759  55764  55758  55720  55718  55720  55721  55718  55716  55718  55715  55723  55709
 1096.063   559791   514.58   560223   516.23  56024  56020  56021  56021  56025  56027  56020  56022  56024  56019  55982  55980  55981  55983  55979  55977  55979  55976  55983  55971
 1101.063   562362   509.56   562796   509.53  56280  56277  56279  56279  56281  56285  56278  56279  56282  56276  56238  56238  56238  56238  56237  56235  56237  56232  56240  56229
 1106.063   564851   506.06   565336   506.06  56539  56536  56537  56538  56541  56519  56537  56537  56516  56536  56470  56498  56470  56498  56497  56494  56470  56491  56474  56489
 1111.063   567333   512.79   567814   511.07  56775  56796  56796  56773  56776  56780  56772  56797  56777  56772  56733  56733  56731  56733  56733  56752  56732  56725  56737  56724
 1116.063   569926   515.74   570358   516.04  57037  57034  57033  57034  57037  57043  57033  57034  57039  57034  56995  56994  56994  56995  56995  56989  56994  56987  56998  56985
 1121.063   572538   513.69   572976   513.99  57299  57295  57295  57295  57299  57305  57295  57296  57301  57296  57254  57254  57256  57257  57257  57251  57256  57247  57260  57246
 1126.063   575228   512.32   575651   514.50  57568  57566  57566  57566  57568  57550  57565  57567  57570  57565  57523  57524  57524  57526  57527  57521  57523  57517  57527  57516
 1131.063   577860   510.94   578250   511.31  57830  57828  57828  57830  57830  57812  57827  57829  57808  57828  57786  57786  57786  57791  57791  57784  57787  57779  57791  57779
 1136.063   580282   514.97   580755   513.62  58065  58091  58088  58065  58064  58074  58087  58089  58070  58062  58020  58047  58021  58024  58025  58044  58020  58041  58026  58014
 1141.063   582827   519.93   583281   519.03  58327  58327  58324  58331  58327  58337  58323  58326  58331  58328  58285  58282  58282  58288  58287  58279  58284  58276  58288  58276
 1146.063   585519   523.26   585966   522.05  58595  58595  58593  58600  58595  58604  58592  58595  58600  58597  58555  58552  58551  58557  58557  58549  58553  58545  58556  58544
 1151.063   588063   516.95   588505   517.85  58849  58849  58844  58855  58849  58858  58846  58850  58853  58852  58810  58806  58805  58813  58811  58802  58809  58799  58810  58798
 1156.063   590627   508.94   591043   511.33  59108  59109  59103  59090  59105  59090  59106  59108  59112  59112  59069  59064  59065  59047  59070  59060  59068  59060  59069  59055
 1161.063   593093   507.75   593584   509.43  59366  59369  59363  59350  59364  59349  59365  59368  59345  59345  59303  59323  59299  59307  59303  59320  59301  59319  59303  59315
 1166.063   595562   512.75   596048   511.44  59597  59601  59620  59607  59621  59606  59596  59598  59602  59600  59560  59555  59557  59565  59559  59551  59558  59551  59560  59546
 1171.063   598164   513.83   598604   512.52  59858  59862  59855  59869  59856  59867  59857  59859  59861  59860  59819  59816  59816  59825  59819  59812  59818  59812  59821  59806
 1176.063   600645   505.52   601108   505.89  60108  60111  60107  60120  60108  60116  60108  60110  60112  60108  60067  60065  60064  60071  60065  60062  60065  60060  60070  60056
 1181.063   603225   499.83   603662   502.38  60367  60369  60361  60352  60365  60374  60368  60370  60371  60365  60324  60322  60322  60330  60323  60320  60324  60317  60328  60315
 1186.063   605705   500.27   606170   501.98  60622  60625  60620  60609  60622  60604  60622  60624  60601  60621  60581  60576  60576  60562  60579  60577  60555  60572  60558  60569
 1191.063   608252   506.07   608776   505.44  60889  60864  60887  60875  60888  60868  60889  60890  60866  60860  60820  60842  60841  60828  60818  60816  60819  60811  60821  60836
 1196.063   610870   512.82   611333   512.05  61131  61134  61130  61145  61131  61135  61131  61132  61134  61130  61090  61085  61084  61099  61088  61087  61087  61082  61090  61078
