Test case: 
Description: 
	10 senders: persistent queues
	10 receivers: client acknowledge every 50 messages
Timestamp: 2011.11.1 20:58:36
Version: 
Setting up JMS benchmark connections... 

Start processing messages.
Thu Dec 01 20:58:36 EST 2011

  Seconds   Send   Send/Sec   Recv   Recv/Sec   RCV0   RCV1   RCV2   RCV3   RCV4   RCV5   RCV6   RCV7   RCV8   RCV9  SND10  SND11  SND12  SND13  SND14  SND15  SND16  SND17  SND18  SND19
  ------- -------- -------- -------- -------- ------ ------ ------ ------ ------ ------ ------ ------ ------ ------ ------ ------ ------ ------ ------ ------ ------ ------ ------ ------
    1.193        0     0.00        0     0.00      0      0      0      0      0      0      0      0      0      0      0      0      0      0      0      0      0      0      0      0
    6.193     2051   445.87     2183   474.35    216    219    217    220    214    219    218    219    220    221    203    205    207    207    206    204    203    206    204    206
   11.193     4689   488.44     4813   501.25    479    482    480    483    478    481    480    482    483    485    467    470    470    472    469    466    467    469    467    472
   16.193     7263   485.21     7385   488.15    738    739    738    739    737    738    737    738    739    742    726    727    727    729    725    726    723    725    726    729
   21.193     9864   488.95     9981   494.87    997    998    997    999    996    997    998    998    999   1002    986    988    987    988    986    986    982    985    987    989
   26.193    12358   499.31    12521   503.86   1263   1266   1263   1240   1238   1265   1264   1239   1240   1243   1229   1231   1228   1231   1252   1228   1247   1254   1228   1230
   31.193    14904   502.50    14988   506.32   1497   1500   1498   1499   1497   1499   1498   1499   1499   1502   1489   1492   1486   1490   1486   1487   1508   1489   1487   1490
   36.193    17550   520.10    17655   519.19   1763   1766   1765   1766   1764   1765   1764   1766   1766   1770   1757   1760   1753   1758   1754   1754   1748   1755   1754   1757
   41.193    20147   514.50    20254   515.64   2023   2026   2025   2026   2024   2025   2024   2025   2026   2030   2016   2021   2012   2018   2014   2014   2006   2015   2014   2017
   46.193    22845   515.05    22954   513.74   2294   2297   2294   2296   2294   2294   2295   2295   2296   2299   2285   2290   2283   2289   2284   2284   2275   2285   2283   2287
   51.193    25329   515.97    25412   515.81   2534   2537   2534   2536   2533   2565   2535   2564   2536   2538   2553   2529   2523   2530   2524   2523   2542   2525   2551   2529
   56.193    27938   521.95    28031   520.47   2802   2805   2802   2804   2801   2803   2803   2802   2804   2805   2789   2796   2791   2798   2791   2791   2806   2793   2788   2795
   61.193    30646   526.48    30735   528.42   3072   3075   3074   3074   3071   3074   3073   3073   3074   3075   3060   3067   3061   3070   3062   3063   3076   3063   3058   3066
   66.193    33233   522.72    33351   520.60   3333   3336   3335   3336   3332   3336   3335   3335   3336   3337   3321   3330   3322   3331   3323   3324   3311   3324   3318   3329
   71.193    35761   517.92    35905   516.51   3587   3590   3590   3592   3587   3592   3591   3591   3592   3593   3577   3585   3578   3561   3578   3579   3567   3578   3574   3584
   76.194    38158   510.52    38225   509.95   3836   3839   3839   3816   3814   3817   3816   3815   3816   3817   3827   3809   3803   3810   3828   3804   3816   3827   3825   3809
   81.193    40673   513.09    40708   513.29   4066   4069   4071   4072   4070   4073   4071   4071   4072   4073   4058   4065   4059   4067   4060   4061   4072   4084   4083   4064
   86.193    43181   511.53    43300   512.40   4328   4330   4329   4331   4327   4333   4330   4330   4331   4331   4316   4320   4316   4324   4319   4319   4315   4316   4315   4321
   91.193    45752   502.68    45866   506.91   4583   4586   4586   4587   4584   4591   4587   4587   4587   4588   4573   4579   4575   4581   4574   4575   4572   4573   4572   4578
   96.194    48253   495.54    48365   495.34   4834   4837   4836   4837   4833   4841   4835   4838   4837   4837   4824   4831   4825   4830   4823   4825   4822   4823   4821   4829
  101.193    50642   495.15    50853   494.04   5086   5088   5086   5088   5084   5068   5087   5090   5088   5088   5076   5058   5051   5056   5074   5051   5075   5074   5073   5054
  106.193    53053   499.01    53157   500.25   5311   5313   5335   5314   5311   5318   5312   5317   5313   5313   5302   5309   5302   5308   5300   5303   5300   5324   5300   5305
  111.193    55603   500.00    55699   503.05   5569   5568   5565   5569   5569   5575   5570   5574   5570   5570   5560   5566   5559   5569   5556   5562   5557   5555   5557   5562
  116.193    58253   503.04    58349   504.98   5835   5832   5831   5832   5833   5840   5836   5838   5836   5836   5824   5832   5824   5834   5821   5828   5822   5819   5823   5826
  121.193    60905   503.05    61025   506.88   6102   6100   6100   6101   6100   6108   6103   6105   6103   6103   6092   6100   6092   6076   6089   6096   6089   6087   6091   6093
  126.193    63434   503.34    63616   503.94   6362   6358   6360   6361   6359   6365   6363   6363   6363   6362   6349   6331   6349   6335   6348   6328   6349   6345   6349   6351
  131.193    65927   510.20    66061   506.71   6596   6620   6620   6622   6593   6598   6597   6596   6597   6622   6583   6590   6581   6595   6608   6586   6582   6607   6609   6586
  136.193    68454   515.97    68562   516.95   6857   6855   6855   6857   6853   6858   6857   6856   6857   6857   6843   6851   6842   6855   6843   6846   6843   6842   6843   6846
  141.193    71031   516.88    71134   517.95   7114   7112   7111   7114   7110   7116   7115   7114   7114   7114   7101   7108   7099   7114   7101   7104   7101   7099   7101   7103
  146.193    73563   512.05    73695   514.97   7370   7368   7366   7370   7366   7371   7372   7371   7371   7370   7356   7364   7354   7344   7357   7359   7357   7357   7356   7359
  151.193    76128   502.99    76257   503.29   7626   7624   7622   7627   7623   7627   7628   7626   7627   7627   7612   7621   7611   7600   7613   7616   7614   7614   7613   7614
  156.193    78637   504.77    78838   501.81   7885   7882   7881   7883   7883   7884   7886   7886   7883   7885   7872   7852   7869   7857   7871   7850   7872   7874   7846   7874
  161.193    81142   510.57    81270   509.50   8125   8123   8122   8148   8123   8125   8126   8126   8125   8127   8112   8119   8110   8121   8111   8116   8113   8114   8112   8114
  166.193    83740   512.03    83836   512.53   8385   8381   8380   8381   8383   8384   8386   8386   8384   8386   8372   8378   8369   8382   8371   8376   8372   8374   8372   8374
  171.193    86335   510.74    86426   513.15   8645   8639   8638   8640   8642   8642   8646   8646   8642   8646   8632   8639   8627   8641   8630   8635   8632   8633   8632   8634
  176.193    88873   508.52    89040   510.57   8907   8901   8900   8901   8903   8903   8907   8907   8903   8908   8894   8876   8887   8876   8892   8871   8893   8895   8894   8895
  181.193    91344   507.89    91527   506.17   9139   9156   9155   9156   9158   9160   9164   9139   9160   9140   9126   9131   9145   9132   9150   9128   9150   9128   9126   9128
  186.193    93955   513.19    94139   509.09   9405   9424   9422   9424   9399   9425   9403   9406   9425   9406   9394   9399   9410   9399   9389   9395   9388   9395   9392   9394
  191.193    96509   515.65    96590   514.08   9663   9657   9656   9657   9656   9657   9661   9662   9657   9664   9652   9657   9643   9658   9645   9654   9645   9652   9650   9653
  196.193    99096   511.85    99178   514.83   9922   9916   9914   9916   9914   9916   9919   9922   9916   9923   9910   9917   9902   9915   9904   9913   9904   9912   9908   9911
  201.193   101761   510.67   101844   514.36  10188  10183  10181  10183  10179  10183  10184  10189  10183  10191  10176  10184  10167  10181  10170  10180  10170  10180  10175  10178
  206.193   104287   509.56   104366   506.78  10445  10441  10440  10441  10437  10441  10441  10419  10441  10420  10434  10415  10427  10438  10428  10411  10429  10438  10430  10437
  211.193   106831   516.98   107016   513.42  10686  10708  10707  10708  10704  10708  10708  10689  10708  10690  10675  10684  10694  10679  10695  10680  10695  10680  10671  10678
  216.193   109385   515.97   109457   514.03  10949  10944  10945  10943  10939  10944  10946  10951  10943  10953  10937  10948  10932  10942  10932  10944  10932  10944  10934  10940
  221.193   111987   517.52   112051   518.83  11208  11205  11204  11203  11197  11203  11205  11211  11203  11212  11198  11207  11191  11203  11193  11205  11192  11204  11194  11200
  226.194   114623   514.70   114690   518.72  11471  11471  11468  11466  11460  11466  11469  11476  11466  11477  11463  11469  11454  11467  11457  11466  11457  11467  11458  11465
  231.193   117259   513.49   117388   515.97  11742  11741  11738  11737  11729  11737  11738  11744  11737  11745  11731  11712  11723  11735  11727  11708  11727  11735  11727  11734
  236.193   119718   515.25   119906   515.52  11977  11997  11993  11993  11986  11993  11996  11977  11993  12001  11964  11973  11981  11968  11984  11969  11985  11968  11960  11966
  241.193   122258   516.85   122452   512.92  12237  12232  12252  12253  12245  12253  12255  12236  12253  12236  12223  12231  12239  12226  12219  12229  12219  12228  12219  12225
  246.193   124857   517.52   124942   518.83  12499  12492  12489  12490  12505  12490  12492  12497  12490  12498  12485  12495  12476  12489  12481  12490  12483  12491  12480  12487
  251.193   127450   515.40   127508   517.82  12757  12751  12748  12749  12740  12749  12750  12757  12749  12758  12742  12755  12735  12749  12740  12750  12742  12750  12740  12747
  256.193   129993   510.57   130112   514.93  13017  13012  13006  13010  13001  13010  13011  13017  13010  13018  13003  12988  12994  13009  13000  12982  13001  13010  12999  13007
  261.193   132551   507.01   132668   505.77  13249  13271  13265  13268  13258  13268  13270  13275  13268  13276  13262  13245  13253  13241  13259  13240  13260  13267  13259  13265
  266.194   134969   510.94   135181   506.64  13507  13525  13523  13525  13516  13524  13525  13506  13524  13506  13495  13502  13511  13498  13491  13498  13491  13498  13490  13495
  271.193   137518   512.08   137595   507.25  13764  13756  13754  13755  13775  13755  13755  13763  13755  13763  13752  13759  13743  13756  13748  13756  13749  13755  13747  13753
  276.193   140218   513.62   140271   514.40  14033  14027  14023  14026  14019  14026  14026  14032  14026  14033  14021  14031  14014  14026  14018  14024  14020  14026  14016  14022
  281.193   142870   511.44   142944   515.40  14299  14293  14292  14294  14286  14293  14292  14300  14294  14301  14289  14274  14281  14293  14285  14291  14288  14295  14284  14290
  286.193   145453   512.75   145551   515.50  14560  14553  14552  14555  14547  14554  14552  14561  14555  14562  14549  14532  14542  14555  14546  14526  14550  14556  14545  14552
  291.194   147977   515.10   148122   513.52  14801  14817  14816  14819  14812  14818  14817  14801  14819  14802  14816  14795  14806  14795  14811  14791  14790  14796  14785  14792
  296.193   150510   520.59   150717   514.92  15059  15077  15076  15079  15070  15079  15077  15060  15079  15061  15046  15054  15067  15053  15043  15050  15048  15055  15043  15051
  301.193   153160   524.04   153232   523.88  15328  15318  15317  15319  15338  15319  15318  15328  15319  15328  15314  15321  15307  15322  15311  15317  15317  15322  15310  15319
  306.193   155858   518.72   155907   522.08  15597  15589  15588  15589  15581  15589  15589  15598  15589  15598  15586  15591  15576  15592  15578  15586  15588  15592  15581  15588
  311.193   158474   516.64   158523   520.17  15861  15850  15849  15850  15841  15850  15850  15859  15851  15862  15847  15851  15838  15853  15840  15846  15850  15856  15845  15848
  316.193   160866   513.83   161016   512.85  16090  16105  16104  16105  16094  16105  16104  16113  16105  16091  16102  16080  16094  16081  16093  16075  16079  16086  16073  16103
  321.193   163535   520.52   163706   518.34  16361  16377  16374  16377  16364  16377  16376  16360  16377  16363  16351  16352  16365  16353  16363  16346  16350  16358  16346  16351
  326.193   166198   524.78   166292   519.28  16629  16642  16640  16618  16630  16618  16617  16626  16642  16630  16616  16620  16630  16619  16630  16614  16618  16626  16611  16614
  331.193   168763   518.34   168823   520.59  16890  16876  16874  16878  16892  16881  16876  16887  16877  16892  16878  16881  16865  16880  16867  16875  16880  16888  16873  16876
  336.193   171342   512.90   171383   516.83  17147  17136  17132  17138  17124  17140  17135  17145  17136  17150  17136  17137  17126  17137  17126  17131  17137  17145  17130  17137
  341.193   173875   513.32   173960   516.28  17384  17398  17396  17401  17389  17400  17397  17409  17398  17388  17400  17376  17389  17400  17388  17394  17376  17383  17368  17401
  346.193   176422   520.29   176588   517.33  17650  17664  17661  17665  17655  17664  17664  17647  17664  17654  17639  17644  17653  17638  17654  17632  17641  17648  17634  17639
  351.193   179014   517.72   179185   513.39  17910  17924  17920  17924  17914  17924  17923  17907  17924  17915  17897  17906  17912  17898  17912  17891  17899  17908  17894  17897
  356.193   181549   512.52   181615   511.58  18168  18157  18152  18157  18172  18157  18155  18166  18157  18174  18157  18165  18145  18157  18144  18150  18157  18165  18152  18157
  361.193   184197   510.77   184236   514.56  18431  18423  18416  18423  18410  18423  18419  18430  18423  18438  18422  18428  18411  18422  18410  18415  18421  18429  18417  18422
  366.194   186693   509.92   186763   514.38  18684  18678  18673  18678  18665  18677  18676  18685  18678  18669  18677  18657  18668  18676  18664  18670  18676  18659  18671  18675
  371.194   189234   510.18   189303   509.65  18917  18937  18934  18937  18925  18935  18934  18918  18937  18929  18936  18917  18927  18935  18923  18929  18910  18917  18905  18935
  376.193   191779   513.37   191968   509.21  19181  19205  19200  19205  19193  19201  19201  19182  19205  19195  19174  19182  19195  19173  19189  19167  19174  19181  19170  19174
  381.193   194427   516.31   194549   511.04  19449  19443  19466  19444  19460  19467  19467  19449  19443  19461  19442  19449  19435  19441  19455  19435  19442  19449  19438  19441
  386.193   197144   519.81   197182   521.53  19723  19716  19714  19719  19708  19714  19714  19723  19716  19735  19717  19722  19710  19715  19703  19709  19716  19724  19713  19715
  391.193   199741   514.63   199753   518.96  19984  19975  19973  19978  19967  19974  19974  19984  19975  19969  19977  19983  19969  19975  19962  19969  19975  19984  19971  19976
  396.194   202400   520.29   202445   523.64  20251  20244  20243  20248  20237  20244  20244  20251  20245  20238  20245  20227  20237  20243  20232  20238  20244  20252  20239  20243
  401.194   204811   520.99   205014   521.12  20485  20505  20503  20506  20495  20505  20504  20510  20505  20496  20479  20486  20495  20476  20492  20472  20476  20487  20472  20476
  406.194   207438   522.95   207516   518.39  20749  20743  20765  20744  20757  20743  20765  20748  20743  20759  20743  20749  20757  20739  20754  20736  20739  20749  20734  20738
  411.193   209937   519.60   210015   517.25  21005  20997  20994  20998  21013  20997  20994  21004  20998  21015  20999  21003  20986  20993  20983  20990  20995  21004  20990  20994
  416.193   212449   507.65   212467   511.24  21256  21246  21245  21248  21237  21248  21246  21254  21247  21240  21250  21255  21237  21245  21234  21240  21246  21256  21240  21246
  421.193   214975   505.34   215044   511.14  21515  21505  21502  21507  21493  21507  21503  21512  21505  21495  21509  21485  21494  21503  21491  21499  21505  21486  21499  21504
  426.193   217433   500.25   217551   501.80  21743  21758  21754  21760  21748  21760  21756  21764  21757  21751  21737  21740  21748  21756  21745  21750  21733  21742  21726  21756
  431.194   219910   504.92   220072   499.14  21997  22012  22007  22015  22004  22015  22010  21995  22012  22005  21993  21996  22003  21986  21999  21981  21988  21996  21981  21987
  436.193   222537   504.88   222671   503.14  22262  22278  22273  22252  22271  22252  22276  22260  22277  22270  22257  22261  22242  22252  22265  22246  22252  22261  22246  22255
  441.193   225064   502.21   225095   504.26  22516  22511  22501  22511  22498  22511  22504  22515  22505  22523  22510  22515  22501  22507  22499  22501  22505  22514  22503  22509
  446.193   227649   503.86   227683   508.86  22777  22771  22765  22771  22761  22771  22765  22778  22766  22758  22771  22750  22761  22769  22760  22764  22765  22775  22762  22772
  451.193   230167   506.21   230271   508.36  23016  23034  23031  23034  23024  23034  23029  23017  23030  23022  23011  23013  23027  23008  23025  23028  23030  23014  23000  23011
  456.193   232695   510.42   232863   507.57  23273  23294  23291  23293  23284  23293  23289  23276  23290  23280  23268  23272  23286  23265  23285  23259  23261  23272  23258  23269
  461.193   235312   516.86   235395   512.27  23540  23532  23530  23531  23551  23531  23530  23544  23559  23547  23536  23539  23526  23532  23524  23526  23526  23540  23526  23537
  466.193   237898   514.60   237940   510.64  23799  23792  23791  23793  23784  23793  23790  23802  23791  23805  23795  23797  23785  23790  23785  23786  23785  23797  23783  23795
  471.193   240575   514.40   240614   518.15  24067  24060  24058  24060  24052  24060  24058  24069  24058  24072  24063  24064  24051  24057  24053  24054  24052  24065  24052  24064
  476.193   243136   511.07   243185   517.28  24325  24316  24317  24318  24307  24315  24315  24328  24315  24329  24322  24294  24309  24317  24313  24313  24310  24325  24310  24323
  481.193   245652   516.19   245748   514.35  24563  24579  24582  24583  24572  24579  24578  24566  24579  24567  24561  24561  24573  24556  24577  24551  24576  24563  24573  24561
  486.193   248269   521.74   248434   516.41  24832  24847  24850  24851  24842  24847  24846  24835  24847  24837  24831  24831  24842  24826  24822  24821  24819  24831  24816  24830
  491.193   250934   523.36   251076   521.85  25103  25117  25093  25094  25110  25117  25116  25104  25117  25105  25099  25099  25085  25096  25092  25091  25089  25101  25084  25098
  496.193   253504   518.42   253515   520.03  25360  25348  25351  25350  25341  25348  25348  25360  25347  25362  25356  25354  25344  25356  25349  25346  25345  25358  25342  25354
  501.193   256050   511.44   256067   515.94  25614  25603  25606  25606  25595  25603  25603  25615  25603  25619  25610  25610  25599  25611  25603  25601  25599  25612  25597  25608
  506.193   258626   513.93   258649   517.25  25855  25869  25871  25872  25861  25869  25869  25856  25869  25858  25850  25849  25865  25850  25869  25866  25865  25877  25863  25872
  511.193   261052   515.91   261232   514.36  26111  26128  26131  26132  26118  26128  26127  26112  26128  26117  26106  26107  26124  26107  26102  26098  26096  26111  26096  26105
  516.193   263668   516.73   263771   512.03  26377  26367  26369  26371  26383  26391  26366  26376  26392  26379  26371  26372  26362  26370  26366  26362  26361  26375  26361  26368
  521.193   266283   513.32   266326   510.87  26636  26628  26631  26632  26643  26626  26628  26637  26627  26638  26632  26634  26623  26631  26627  26623  26623  26637  26623  26630
  526.193   268910   509.21   268935   514.85  26899  26891  26895  26896  26880  26891  26891  26900  26891  26901  26893  26898  26887  26893  26890  26886  26884  26900  26886  26893
  531.193   271427   509.58   271494   513.67  27155  27146  27151  27153  27136  27146  27146  27157  27146  27158  27150  27130  27145  27127  27146  27141  27140  27157  27142  27149
  536.193   273933   512.79   274101   513.02  27396  27414  27420  27421  27405  27414  27414  27400  27414  27403  27394  27395  27412  27394  27388  27386  27383  27401  27386  27394
  541.193   276474   517.52   276613   511.95  27653  27670  27652  27653  27660  27670  27671  27656  27670  27658  27650  27650  27643  27652  27646  27644  27640  27658  27641  27650
  546.193   279024   512.68   279054   511.98  27908  27899  27905  27907  27915  27899  27899  27911  27899  27912  27907  27904  27897  27909  27899  27900  27893  27915  27895  27905
  551.193   281630   508.67   281631   510.89  28172  28160  28164  28168  28149  28158  28160  28171  28158  28171  28167  28165  28157  28169  28157  28161  28154  28177  28157  28166
  556.193   284122   503.93   284155   507.52  28402  28415  28418  28422  28406  28414  28415  28425  28414  28424  28420  28419  28413  28399  28411  28415  28407  28409  28411  28418
  561.193   286630   506.68   286711   506.28  28664  28678  28681  28661  28669  28677  28677  28663  28678  28663  28658  28657  28677  28660  28675  28652  28672  28674  28648  28657
  566.193   289187   510.99   289322   506.29  28929  28941  28919  28924  28932  28941  28941  28928  28941  28926  28922  28922  28914  28925  28911  28915  28907  28939  28912  28920
  571.193   291795   514.14   291842   510.18  29191  29177  29182  29186  29195  29177  29176  29190  29177  29191  29185  29185  29178  29187  29173  29180  29170  29177  29176  29184
  576.193   294559   516.16   294582   518.54  29468  29454  29458  29463  29446  29454  29452  29466  29454  29467  29461  29460  29455  29463  29449  29457  29448  29454  29452  29460
  581.194   297183   514.13   297197   517.48  29731  29714  29721  29726  29705  29714  29712  29729  29715  29730  29724  29723  29718  29728  29710  29720  29709  29715  29713  29723
  586.193   299631   517.73   299732   520.89  29963  29977  29984  29988  29968  29977  29973  29962  29977  29963  29959  29955  29980  29959  29971  29953  29972  29977  29948  29957
  591.193   302151   519.13   302244   517.85  30220  30233  30213  30218  30224  30233  30231  30219  30233  30220  30216  30212  30211  30216  30227  30210  30205  30233  30204  30217
  596.193   304690   519.40   304801   515.23  30476  30487  30469  30473  30479  30488  30487  30476  30489  30477  30473  30469  30467  30474  30458  30467  30460  30488  30460  30474
  601.193   307323   518.05   307375   516.21  30741  30725  30736  30738  30746  30725  30753  30742  30727  30742  30739  30735  30733  30742  30722  30732  30725  30725  30728  30742
  606.193   309944   510.32   309970   511.29  31003  30989  30999  31000  31004  30989  30989  31003  30991  31003  31001  30996  30997  31002  30987  30994  30987  30990  30988  31002
  611.193   312526   509.75   312600   512.63  31268  31256  31263  31264  31243  31256  31256  31269  31256  31269  31267  31263  31264  31241  31253  31235  31253  31255  31254  31241
  616.193   315067   515.40   315144   514.60  31508  31520  31528  31504  31506  31519  31522  31509  31519  31509  31507  31504  31503  31504  31516  31499  31516  31520  31493  31505
  621.193   317705   520.13   317786   517.92  31774  31787  31769  31771  31773  31786  31788  31777  31785  31776  31773  31770  31769  31771  31782  31765  31757  31788  31759  31771
  626.193   320249   517.68   320297   516.48  32034  32021  32026  32028  32032  32021  32020  32035  32045  32035  32033  32029  32029  32031  32013  32026  32014  32021  32020  32033
  631.193   322921   517.32   322945   518.99  32301  32289  32293  32294  32299  32289  32289  32303  32286  32302  32300  32296  32296  32297  32281  32293  32281  32289  32288  32300
  636.193   325331   515.45   325432   517.06  32534  32549  32551  32552  32532  32549  32549  32535  32545  32536  32533  32529  32530  32531  32540  32527  32540  32548  32522  32531
  641.193   327930   514.25   328030   513.41  32795  32810  32812  32811  32791  32808  32809  32795  32803  32796  32793  32789  32790  32791  32800  32787  32800  32808  32781  32791
  646.193   330560   517.05   330632   515.00  33058  33076  33050  33074  33052  33071  33071  33057  33065  33058  33053  33052  33053  33054  33064  33050  33065  33072  33043  33054
  651.193   333199   514.70   333235   514.06  33325  33313  33316  33310  33320  33335  33335  33325  33330  33326  33321  33320  33320  33321  33328  33317  33302  33337  33311  33322
  656.193   335815   516.24   335849   517.52  33592  33580  33582  33577  33588  33574  33573  33592  33597  33594  33587  33587  33586  33589  33567  33586  33569  33576  33578  33590
  661.193   338395   515.84   338427   516.91  33857  33845  33848  33842  33854  33840  33838  33833  33836  33834  33853  33851  33851  33830  33832  33826  33836  33841  33843  33832
  666.193   340873   520.67   340949   518.96  34088  34102  34106  34101  34087  34098  34095  34089  34093  34090  34086  34083  34083  34087  34091  34083  34095  34098  34077  34090
  671.193   343493   520.52   343564   518.68  34350  34364  34366  34362  34349  34359  34356  34352  34353  34353  34347  34346  34346  34351  34353  34346  34356  34359  34339  34350
  676.193   346108   517.42   346173   518.09  34614  34628  34603  34625  34611  34622  34622  34618  34615  34615  34611  34610  34608  34615  34616  34611  34594  34624  34604  34615
  681.193   348768   515.67   348781   515.81  34879  34869  34869  34867  34877  34887  34888  34883  34881  34881  34877  34878  34875  34881  34881  34877  34860  34889  34869  34881
  686.193   351209   513.12   351268   513.99  35134  35124  35124  35124  35134  35119  35119  35115  35138  35137  35135  35135  35130  35113  35113  35110  35116  35119  35125  35113
  691.193   353700   511.81   353754   513.42  35391  35379  35381  35379  35365  35375  35374  35374  35368  35368  35392  35365  35362  35370  35368  35367  35372  35377  35357  35370
  696.193   356231   514.48   356283   511.93  35620  35636  35635  35636  35621  35630  35630  35629  35623  35623  35621  35621  35617  35626  35624  35623  35626  35634  35613  35626
  701.193   358801   508.46   358853   507.82  35876  35894  35892  35893  35877  35887  35887  35886  35880  35881  35879  35876  35875  35884  35880  35881  35882  35891  35869  35884
  706.194   361367   503.62   361364   504.13  36134  36126  36125  36125  36136  36147  36147  36146  36139  36139  36139  36134  36134  36144  36139  36139  36116  36151  36127  36144
  711.193   363851   500.91   363851   502.21  36391  36382  36383  36381  36392  36377  36377  36376  36396  36396  36397  36390  36390  36375  36395  36394  36372  36381  36382  36375
  716.194   366269   504.50   366331   504.60  36647  36639  36638  36637  36622  36631  36633  36633  36627  36624  36626  36644  36620  36629  36623  36622  36628  36635  36611  36631
  721.193   368812   506.24   368874   504.77  36876  36897  36895  36894  36879  36888  36890  36890  36884  36881  36883  36875  36877  36886  36880  36878  36885  36893  36867  36888
  726.193   371447   507.11   371503   505.50  37139  37159  37158  37157  37142  37151  37153  37153  37146  37145  37146  37139  37142  37150  37143  37140  37149  37156  37130  37152
  731.193   374030   505.81   374037   505.17  37400  37394  37393  37394  37403  37412  37414  37413  37408  37406  37407  37400  37403  37410  37404  37400  37385  37417  37391  37413
  736.193   376502   502.94   376507   505.69  37653  37648  37647  37650  37658  37642  37644  37642  37663  37660  37661  37655  37656  37640  37659  37655  37639  37649  37647  37641
  741.193   379040   505.35   379073   507.33  37908  37904  37902  37907  37915  37898  37901  37900  37919  37919  37917  37912  37914  37896  37889  37914  37894  37906  37902  37896
  746.193   381498   511.06   381580   509.98  38168  38161  38161  38165  38148  38156  38159  38158  38152  38152  38149  38144  38147  38155  38149  38147  38153  38165  38135  38154
  751.193   384045   509.51   384106   506.93  38398  38417  38415  38422  38402  38412  38414  38414  38406  38406  38404  38398  38401  38411  38404  38401  38408  38419  38389  38410
  756.193   386611   506.34   386672   504.80  38658  38674  38672  38656  38662  38670  38674  38674  38666  38666  38663  38657  38661  38669  38662  38660  38643  38678  38648  38670
  761.193   389173   502.11   389153   503.76  38917  38905  38907  38913  38921  38928  38908  38908  38923  38923  38922  38916  38920  38926  38921  38918  38902  38911  38908  38929
  766.193   391708   503.99   391683   505.67  39174  39163  39161  39167  39177  39156  39164  39163  39179  39179  39179  39174  39175  39181  39179  39173  39158  39166  39163  39160
  771.194   394219   506.61   394241   507.15  39437  39424  39423  39427  39411  39419  39424  39424  39439  39413  39440  39434  39410  39417  39414  39408  39419  39428  39426  39423
  776.193   396728   509.33   396780   506.58  39671  39682  39682  39686  39669  39677  39684  39684  39672  39673  39673  39666  39668  39676  39673  39667  39677  39687  39659  39682
  781.193   399353   510.03   399404   508.72  39933  39944  39943  39951  39933  39940  39947  39947  39933  39933  39935  39929  39930  39940  39936  39929  39939  39949  39921  39945
  786.193   401944   510.17   401943   508.09  40196  40205  40204  40187  40195  40200  40182  40182  40196  40196  40195  40191  40193  40203  40198  40191  40174  40210  40183  40206
  791.194   404476   507.28   404468   509.50  40454  40438  40437  40445  40453  40458  40439  40439  40453  40452  40453  40450  40453  40461  40456  40448  40432  40443  40442  40438
  796.193   406976   509.82   407018   511.23  40714  40699  40698  40706  40687  40691  40700  40699  40712  40712  40712  40686  40688  40695  40689  40708  40693  40704  40702  40699
  801.193   409487   509.75   409502   509.51  40945  40956  40955  40962  40943  40946  40956  40955  40942  40942  40967  40942  40943  40951  40944  40938  40949  40961  40934  40958
  806.193   412077   512.47   412098   510.55  41206  41219  41217  41198  41204  41209  41217  41217  41206  41205  41201  41203  41204  41213  41206  41201  41211  41225  41195  41218
  811.194   414622   509.38   414696   507.27  41467  41478  41477  41457  41465  41468  41478  41477  41464  41465  41458  41463  41467  41474  41466  41458  41444  41459  41456  41477
  816.193   417181   504.31   417126   504.24  41718  41706  41705  41717  41716  41720  41705  41705  41717  41717  41720  41719  41723  41729  41721  41715  41710  41726  41712  41706
  821.194   419743   505.29   419694   506.59  41978  41965  41963  41976  41951  41980  41965  41965  41975  41976  41980  41978  41981  41960  41980  41975  41968  41987  41971  41963
  826.193   422175   509.16   422252   506.95  42213  42225  42225  42235  42213  42217  42227  42227  42235  42235  42216  42213  42218  42221  42215  42210  42229  42221  42206  42226
  831.193   424752   511.38   424776   509.06  42472  42486  42485  42471  42473  42477  42486  42486  42471  42469  42475  42473  42479  42481  42474  42471  42464  42483  42466  42486
  836.193   427332   511.06   427298   508.34  42730  42744  42743  42728  42730  42734  42718  42718  42727  42726  42733  42731  42736  42737  42732  42730  42721  42742  42724  42746
  841.194   429854   504.61   429792   504.18  42984  42973  42970  42983  42983  42987  42975  42974  42981  42982  42987  42985  42991  42991  42988  42986  42976  42997  42978  42975
  846.193   432381   502.38   432319   504.70  43236  43226  43224  43237  43234  43240  43227  43227  43233  43235  43241  43237  43245  43243  43239  43238  43228  43250  43232  43228
  851.193   434823   504.31   434908   506.19  43498  43489  43486  43499  43494  43476  43487  43488  43495  43496  43478  43498  43483  43480  43475  43473  43490  43486  43469  43491
  856.193   437371   509.06   437404   504.09  43732  43749  43746  43732  43728  43736  43748  43748  43754  43731  43738  43731  43744  43741  43735  43732  43725  43745  43728  43752
  861.193   439939   508.74   439952   505.75  43989  44007  44003  43990  43985  43993  44005  44006  43985  43989  43994  43987  44002  43998  43991  43990  43981  44002  43985  44009
  866.193   442564   510.15   442496   510.02  44255  44244  44241  44255  44251  44258  44243  44243  44251  44255  44259  44252  44268  44263  44257  44255  44247  44267  44249  44247
  871.193   445191   508.56   445125   510.17  44517  44507  44505  44517  44514  44519  44506  44508  44515  44517  44520  44515  44529  44526  44518  44518  44510  44531  44512  44512
  876.193   447769   509.40   447733   512.01  44777  44767  44765  44778  44775  44781  44766  44771  44774  44779  44782  44775  44763  44786  44779  44780  44769  44792  44772  44771
  881.193   450234   515.49   450258   510.92  45015  45031  45027  45038  45013  45018  45030  45034  45035  45017  45019  45038  45025  45022  45015  45016  45029  45028  45009  45033
  886.193   452818   516.41   452851   513.49  45275  45296  45291  45274  45272  45279  45295  45296  45297  45276  45280  45273  45285  45284  45277  45275  45292  45287  45269  45296
  891.193   455411   518.34   455360   516.19  45535  45531  45551  45536  45534  45542  45530  45531  45532  45538  45543  45535  45546  45546  45539  45537  45526  45549  45532  45558
  896.194   458043   516.01   457995   519.26  45801  45797  45791  45801  45801  45807  45796  45799  45797  45805  45809  45801  45811  45811  45804  45803  45791  45817  45799  45797
  901.194   460639   512.28   460594   515.67  46061  46056  46051  46061  46060  46070  46055  46060  46056  46064  46068  46060  46070  46070  46064  46064  46050  46077  46058  46058
  906.193   463212   510.39   463152   510.45  46319  46315  46310  46318  46319  46302  46314  46317  46315  46323  46324  46318  46327  46327  46321  46321  46308  46334  46316  46316
  911.193   465668   515.12   465723   513.34  46557  46579  46576  46585  46557  46566  46578  46584  46580  46561  46562  46582  46564  46566  46558  46558  46573  46572  46553  46580
  916.193   468355   518.84   468347   516.63  46826  46846  46843  46827  46827  46833  46845  46824  46846  46830  46833  46848  46833  46834  46828  46827  46840  46841  46823  46848
  921.193   470834   517.55   470796   517.99  47081  47075  47073  47082  47081  47087  47076  47081  47075  47085  47088  47077  47089  47091  47082  47082  47069  47097  47080  47079
  926.193   473502   515.86   473470   516.39  47348  47342  47341  47349  47349  47354  47344  47348  47343  47352  47357  47342  47356  47357  47349  47350  47336  47363  47349  47343
  931.193   476071   512.00   476037   513.21  47604  47600  47597  47605  47605  47610  47602  47604  47602  47608  47613  47600  47612  47613  47607  47606  47594  47619  47605  47602
  936.193   478683   513.96   478647   513.89  47870  47867  47863  47870  47846  47851  47870  47869  47868  47873  47853  47866  47878  47878  47874  47872  47862  47886  47845  47869
  941.193   481123   516.01   481113   512.05  48099  48121  48118  48123  48100  48105  48098  48124  48122  48103  48112  48126  48105  48109  48105  48105  48119  48113  48103  48126
  946.193   483786   516.11   483724   514.33  48369  48388  48386  48365  48369  48375  48368  48367  48365  48372  48383  48392  48374  48379  48373  48374  48361  48383  48373  48394
  951.193   486291   516.95   486228   516.98  48624  48619  48618  48619  48624  48631  48625  48623  48619  48626  48640  48623  48629  48635  48628  48629  48617  48637  48629  48624
  956.193   488852   512.50   488795   510.79  48880  48877  48875  48877  48880  48887  48881  48879  48877  48882  48895  48878  48887  48890  48884  48885  48875  48893  48884  48881
  961.193   491482   512.79   491481   511.24  49149  49146  49144  49146  49149  49156  49150  49147  49144  49150  49138  49145  49154  49157  49152  49154  49141  49163  49127  49151
  966.193   494138   512.62   494057   511.21  49415  49410  49409  49410  49391  49395  49390  49413  49410  49414  49404  49409  49420  49423  49418  49420  49407  49427  49393  49417
  971.193   496607   516.58   496587   515.23  49648  49673  49673  49674  49651  49655  49648  49645  49674  49646  49663  49670  49654  49654  49650  49652  49670  49661  49652  49681
  976.193   499151   514.77   499078   515.23  49908  49904  49905  49906  49911  49915  49909  49908  49906  49906  49922  49929  49915  49915  49909  49912  49902  49922  49912  49913
  981.193   501752   517.05   501699   517.38  50170  50167  50167  50168  50173  50177  50171  50170  50168  50168  50185  50166  50177  50177  50174  50175  50165  50184  50173  50176
  986.193   504428   517.65   504375   518.62  50437  50435  50435  50436  50440  50443  50438  50437  50437  50437  50452  50435  50445  50445  50441  50442  50433  50451  50440  50444
  991.193   507015   513.42   506934   510.77  50697  50694  50694  50694  50671  50700  50696  50696  50696  50696  50709  50694  50705  50704  50698  50702  50693  50709  50698  50703
  996.193   509510   511.48   509401   512.28  50933  50956  50956  50956  50934  50936  50932  50932  50933  50933  50946  50955  50942  50967  50959  50940  50955  50946  50935  50965
 1001.193   512037   516.96   511962   515.96  51198  51194  51194  51194  51197  51200  51196  51196  51196  51197  51209  51218  51205  51204  51194  51203  51194  51209  51199  51202
 1006.193   514554   515.17   514481   516.04  51451  51447  51445  51447  51450  51452  51447  51447  51447  51448  51462  51469  51455  51454  51445  51455  51447  51460  51452  51455
 1011.193   517099   512.35   517058   511.88  51708  51705  51702  51705  51708  51709  51703  51707  51705  51706  51720  51700  51712  51710  51701  51712  51704  51718  51710  51712
 1016.193   519654   505.39   519642   505.02  51967  51965  51958  51964  51966  51967  51959  51966  51964  51966  51951  51958  51971  51969  51958  51971  51963  51976  51967  51970
 1021.193   522179   503.81   522088   504.35  52200  52222  52216  52221  52198  52199  52215  52198  52221  52198  52211  52216  52228  52227  52215  52202  52221  52233  52199  52227
 1026.193   524617   504.35   524525   506.66  52455  52451  52446  52450  52452  52453  52469  52450  52449  52450  52464  52470  52457  52482  52467  52455  52450  52462  52454  52456
 1031.193   527217   507.68   527130   508.99  52717  52714  52709  52714  52714  52716  52706  52714  52712  52714  52726  52732  52719  52719  52729  52717  52714  52726  52716  52719
 1036.193   529752   507.38   529691   507.79  52972  52971  52966  52971  52969  52971  52960  52971  52969  52971  52982  52987  52976  52974  52959  52973  52970  52983  52972  52976
 1041.193   532322   504.70   532289   503.15  53231  53230  53227  53231  53227  53232  53220  53230  53231  53230  53241  53219  53236  53234  53217  53232  53231  53244  53232  53236
 1046.193   534877   505.60   534891   503.86  53489  53491  53488  53491  53487  53491  53481  53491  53491  53491  53475  53480  53496  53495  53477  53493  53493  53505  53466  53497
 1051.193   537234   499.93   537142   499.93  53713  53715  53713  53714  53711  53715  53718  53714  53714  53715  53724  53724  53723  53734  53718  53719  53721  53731  53715  53725
 1056.193   539792   501.17   539732   501.28  53969  53974  53972  53974  53970  53974  53977  53974  53974  53974  53984  53980  53982  53965  53979  53978  53980  53988  53974  53982
 1061.194   542276   500.99   542189   500.99  54227  54207  54230  54232  54203  54232  54210  54209  54232  54207  54242  54238  54240  54226  54211  54211  54212  54248  54207  54241
 1066.193   544704   501.74   544620   500.97  54460  54463  54460  54462  54459  54463  54464  54463  54463  54463  54471  54468  54469  54480  54467  54468  54468  54478  54464  54471
 1071.193   547329   503.61   547239   501.69  54722  54725  54720  54725  54721  54725  54726  54725  54725  54725  54736  54729  54732  54741  54730  54731  54731  54739  54726  54734
 1076.194   550014   501.09   549929   496.69  54991  54995  54989  54994  54990  54995  54993  54993  54994  54995  55006  54999  55001  55009  54997  54998  54998  55008  54995  55003
 1081.193   552612   508.19   552531   507.68  55250  55255  55249  55255  55251  55255  55253  55253  55255  55255  55267  55257  55259  55270  55257  55259  55257  55267  55255  55264
 1086.193   555058   508.81   554925   508.10  55508  55489  55508  55490  55486  55489  55489  55487  55490  55489  55501  55517  55519  55504  55492  55494  55516  55527  55488  55500
 1091.193   557629   513.54   557487   513.37  55744  55750  55745  55751  55747  55750  55750  55748  55752  55750  55762  55777  55780  55768  55756  55759  55752  55763  55750  55762
 1096.193   560195   519.83   560103   519.56  56005  56011  56007  56013  56010  56011  56012  56010  56013  56011  56024  56012  56015  56030  56017  56021  56015  56024  56013  56024
 1101.193   562773   513.98   562679   515.62  56264  56269  56263  56271  56267  56270  56269  56267  56271  56268  56283  56270  56273  56287  56273  56279  56274  56282  56272  56280
 1106.193   565347   508.27   565269   507.57  56521  56526  56521  56531  56527  56529  56528  56527  56531  56528  56542  56531  56532  56547  56534  56514  56534  56541  56533  56539
 1111.193   567843   507.00   567786   506.23  56781  56785  56780  56766  56761  56788  56787  56786  56766  56786  56777  56792  56793  56780  56768  56773  56794  56800  56768  56798
 1116.193   570421   512.82   570313   513.72  57045  57048  57043  57027  57024  57025  57025  57024  57028  57024  57039  57055  57055  57042  57031  57036  57032  57065  57030  57036
 1121.193   572984   514.41   572867   515.25  57280  57283  57304  57288  57284  57285  57285  57286  57288  57284  57301  57291  57317  57304  57291  57298  57293  57300  57292  57297
 1126.193   575651   516.19   575538   517.97  57551  57553  57548  57558  57553  57555  57555  57555  57556  57554  57569  57562  57562  57571  57559  57568  57561  57571  57561  57567
 1131.193   578288   516.11   578165   516.91  57813  57816  57810  57822  57815  57818  57816  57819  57818  57818  57834  57824  57827  57836  57822  57831  57823  57835  57826  57830
 1136.193   580843   514.43   580784   513.15  58073  58077  58072  58084  58078  58081  58075  58082  58081  58081  58095  58083  58087  58099  58083  58064  58085  58094  58061  58092
 1141.193   583419   516.95   583363   515.07  58338  58340  58336  58319  58340  58344  58339  58319  58344  58344  58329  58347  58352  58334  58348  58326  58348  58358  58322  58355
 1146.193   585960   520.60   585900   520.54  58604  58581  58602  58588  58580  58584  58605  58588  58584  58584  58599  58612  58594  58603  58587  58595  58587  58600  58589  58594
 1151.193   588477   519.90   588368   520.17  58833  58835  58831  58844  58834  58838  58834  58843  58838  58838  58854  58840  58848  58859  58841  58849  58839  58854  58844  58849
 1156.193   591060   513.62   590944   515.27  59090  59093  59090  59100  59093  59095  59090  59101  59097  59095  59112  59097  59106  59117  59099  59108  59098  59113  59102  59108
 1161.194   593650   507.75   593537   509.80  59350  59353  59350  59360  59351  59354  59349  59359  59356  59355  59371  59357  59365  59375  59359  59366  59358  59373  59359  59367
 1166.193   596120   508.32   596057   505.50  59607  59610  59607  59591  59609  59610  59608  59590  59613  59612  59603  59614  59622  59607  59615  59597  59617  59631  59590  59624
 1171.193   598644   508.49   598575   506.44  59866  59868  59866  59851  59844  59868  59867  59850  59848  59847  59865  59872  59881  59867  59874  59857  59853  59866  59850  59859
 1176.194   601133   508.26   600965   505.54  60095  60096  60095  60099  60094  60096  60096  60098  60098  60098  60121  60128  60108  60122  60101  60112  60107  60121  60103  60110
 1181.193   603711   509.40   603556   509.66  60351  60355  60354  60358  60354  60355  60356  60357  60358  60358  60381  60361  60370  60381  60366  60372  60366  60381  60361  60372
 1186.193   606244   505.39   606108   504.85  60608  60610  60609  60613  60609  60610  60610  60612  60613  60614  60614  60617  60629  60638  60620  60627  60620  60637  60616  60626
 1191.193   608904   504.88   608766   502.33  60875  60876  60875  60878  60874  60876  60877  60878  60878  60879  60878  60884  60895  60903  60887  60892  60886  60903  60883  60893
 1196.193   611513   511.33   611406   508.10  61144  61145  61144  61147  61143  61145  61145  61123  61146  61124  61146  61153  61164  61146  61155  61135  61154  61147  61152  61161
