Test case: 
Description: 
	10 senders: persistent queues
	10 receivers: client acknowledge every 50 messages
Timestamp: 2011.11.1 20:58:36
Version: 
Setting up JMS benchmark connections... 

Start processing messages.
Thu Dec 01 20:58:36 EST 2011

  Seconds   Send   Send/Sec   Recv   Recv/Sec   RCV0   RCV1   RCV2   RCV3   RCV4   RCV5   RCV6   RCV7   RCV8   RCV9  SND10  SND11  SND12  SND13  SND14  SND15  SND16  SND17  SND18  SND19
  ------- -------- -------- -------- -------- ------ ------ ------ ------ ------ ------ ------ ------ ------ ------ ------ ------ ------ ------ ------ ------ ------ ------ ------ ------
    1.090        0     0.00        0     0.00      0      0      0      0      0      0      0      0      0      0      0      0      0      0      0      0      0      0      0      0
    6.090     2016   438.26     2200   478.26    224    218    220    218    219    224    219    219    220    219    199    201    201    203    202    202    201    201    202    204
   11.090     4649   484.27     4826   502.71    486    481    482    481    481    487    481    482    482    483    462    465    464    467    467    465    464    463    465    467
   16.090     7223   492.95     7407   501.99    745    740    741    737    738    746    738    741    741    740    720    724    719    724    725    722    723    720    721    725
   21.091     9820   487.19    10005   496.43   1005   1001   1003    995    997   1004    998   1001   1002    999    981    984    979    982    985    982    982    980    980    985
   26.090    12484   497.22    12553   505.14   1246   1245   1246   1262   1263   1246   1267   1267   1247   1264   1246   1250   1245   1249   1253   1249   1248   1248   1245   1251
   31.090    14899   500.30    15093   506.86   1506   1502   1504   1523   1524   1505   1500   1500   1504   1525   1507   1484   1506   1483   1486   1480   1481   1482   1506   1484
   36.090    17489   519.23    17681   519.50   1774   1768   1770   1764   1763   1772   1768   1769   1771   1762   1747   1751   1747   1750   1752   1749   1750   1749   1744   1750
   41.090    20080   517.82    20274   515.84   2035   2026   2030   2023   2023   2032   2027   2028   2029   2021   2006   2011   2006   2008   2010   2009   2009   2007   2004   2010
   46.090    22770   519.08    22943   516.09   2279   2295   2299   2292   2293   2301   2297   2298   2299   2290   2275   2281   2275   2277   2279   2278   2278   2276   2272   2279
   51.090    25448   514.41    25562   516.02   2546   2564   2538   2558   2560   2541   2566   2566   2568   2555   2543   2549   2543   2544   2546   2545   2548   2543   2540   2547
   56.090    28033   514.80    28128   519.16   2812   2826   2806   2822   2824   2809   2803   2803   2804   2819   2808   2785   2806   2808   2811   2810   2785   2808   2803   2809
   61.090    30560   524.66    30763   524.06   3084   3071   3078   3067   3069   3078   3075   3075   3076   3090   3052   3056   3051   3053   3056   3055   3057   3053   3074   3053
   66.090    33136   525.07    33343   522.95   3345   3332   3339   3327   3330   3339   3335   3335   3336   3325   3311   3315   3312   3313   3316   3315   3318   3314   3309   3313
   71.090    35694   523.10    35872   519.14   3574   3588   3593   3582   3585   3593   3590   3592   3593   3582   3567   3569   3568   3569   3571   3571   3575   3571   3564   3569
   76.090    38194   510.87    38374   511.95   3825   3837   3843   3831   3836   3843   3841   3843   3844   3831   3817   3818   3818   3820   3820   3821   3825   3821   3815   3819
   81.090    40747   505.32    40814   508.27   4080   4095   4074   4087   4095   4074   4073   4074   4075   4087   4073   4075   4077   4079   4077   4080   4056   4079   4073   4078
   86.090    43197   508.88    43368   510.55   4340   4335   4335   4344   4335   4335   4336   4336   4337   4335   4319   4320   4319   4320   4322   4321   4319   4319   4319   4319
   91.090    45760   510.07    45933   507.35   4597   4590   4592   4602   4592   4592   4591   4593   4592   4592   4573   4577   4576   4577   4579   4577   4576   4576   4573   4576
   96.091    48257   499.78    48412   498.04   4847   4841   4843   4827   4842   4843   4841   4843   4842   4843   4824   4827   4826   4827   4829   4826   4825   4827   4821   4825
  101.091    50725   497.70    50901   497.63   5073   5093   5093   5079   5093   5094   5093   5095   5094   5094   5076   5079   5054   5078   5078   5077   5078   5055   5072   5078
  106.090    53055   497.85    53202   497.58   5323   5316   5318   5330   5318   5320   5317   5321   5319   5320   5301   5305   5306   5303   5303   5302   5303   5305   5322   5305
  111.090    55597   498.32    55768   500.81   5581   5573   5574   5588   5574   5576   5574   5577   5575   5576   5557   5562   5563   5559   5560   5558   5560   5564   5552   5562
  116.090    58243   504.01    58421   503.34   5846   5839   5838   5853   5838   5842   5840   5842   5841   5842   5822   5827   5828   5823   5825   5823   5824   5827   5817   5827
  121.090    60918   505.05    61072   503.51   6114   6108   6107   6093   6107   6109   6107   6109   6109   6109   6090   6094   6096   6091   6091   6091   6091   6094   6086   6094
  126.090    63501   503.71    63656   503.71   6371   6367   6365   6351   6365   6369   6365   6368   6366   6369   6348   6352   6354   6349   6351   6349   6349   6353   6343   6353
  131.090    65996   507.08    66125   507.32   6603   6601   6626   6611   6626   6603   6625   6601   6626   6603   6609   6585   6586   6610   6610   6611   6610   6585   6603   6587
  136.090    68474   516.58    68626   516.71   6864   6862   6860   6872   6860   6863   6859   6862   6860   6864   6844   6848   6846   6844   6845   6847   6844   6846   6862   6848
  141.090    71020   517.57    71197   516.93   7121   7118   7117   7131   7117   7120   7116   7119   7117   7121   7100   7106   7104   7101   7102   7104   7101   7102   7094   7106
  146.090    73578   511.16    73731   512.90   7378   7375   7373   7360   7372   7376   7373   7374   7374   7376   7355   7362   7359   7357   7359   7361   7356   7358   7349   7362
  151.090    76136   503.69    76295   503.86   7633   7632   7628   7618   7627   7633   7630   7630   7631   7633   7610   7618   7616   7614   7615   7615   7612   7614   7605   7617
  156.090    78682   502.28    78820   502.58   7865   7865   7886   7874   7886   7889   7889   7887   7890   7889   7867   7849   7873   7871   7873   7871   7871   7872   7862   7873
  161.090    81170   507.48    81305   508.52   8133   8132   8128   8141   8128   8129   8129   8127   8129   8129   8134   8116   8114   8113   8114   8113   8112   8113   8128   8113
  166.090    83710   511.28    83902   511.74   8393   8393   8387   8402   8388   8388   8390   8386   8387   8388   8367   8377   8373   8371   8373   8372   8373   8370   8362   8372
  171.090    86291   511.53    86457   510.22   8653   8654   8645   8634   8646   8646   8647   8643   8644   8645   8625   8636   8631   8628   8630   8630   8631   8628   8622   8630
  176.090    88909   512.74    89074   511.39   8913   8915   8907   8898   8907   8908   8908   8905   8906   8907   8887   8898   8891   8890   8892   8891   8893   8890   8885   8892
  181.090    91448   506.64    91610   506.85   9169   9146   9162   9155   9162   9166   9163   9162   9163   9162   9144   9130   9149   9148   9148   9146   9148   9146   9141   9148
  186.090    94090   510.13    94251   510.87   9409   9414   9429   9421   9430   9430   9430   9429   9430   9429   9411   9397   9390   9415   9415   9412   9415   9412   9409   9414
  191.090    96518   513.22    96658   514.33   9668   9672   9662   9681   9663   9662   9664   9661   9662   9663   9643   9656   9647   9647   9673   9644   9648   9645   9667   9648
  196.090    99044   513.67    99214   512.06   9929   9929   9920   9912   9922   9919   9921   9920   9920   9922   9899   9913   9905   9906   9906   9900   9907   9903   9898   9907
  201.090   101699   514.01   101859   512.80  10195  10195  10183  10175  10189  10183  10184  10184  10183  10188  10165  10179  10172  10172  10171  10166  10170  10168  10163  10173
  206.090   104282   509.30   104391   508.36  10424  10424  10442  10438  10447  10442  10443  10442  10442  10447  10423  10436  10431  10431  10430  10425  10427  10426  10422  10431
  211.090   106904   511.41   107043   511.54  10693  10693  10710  10707  10714  10710  10711  10709  10709  10687  10690  10678  10671  10697  10699  10693  10695  10693  10690  10698
  216.091   109403   511.12   109645   511.12  10956  10956  10972  10970  10949  10973  10973  10973  10972  10951  10954  10940  10934  10932  10937  10956  10933  10929  10955  10933
  221.090   111922   516.91   112089   517.82  11217  11215  11206  11205  11208  11208  11208  11207  11204  11211  11186  11199  11194  11191  11197  11191  11195  11190  11188  11191
  226.090   114567   520.00   114729   518.83  11482  11480  11469  11468  11473  11472  11473  11469  11470  11473  11451  11463  11457  11457  11461  11455  11460  11455  11453  11455
  231.090   117267   514.93   117424   516.68  11750  11750  11738  11735  11743  11743  11743  11739  11740  11743  11723  11733  11726  11727  11731  11725  11731  11725  11720  11726
  236.090   119822   513.74   119951   516.96  11984  11984  11996  11994  11999  11999  12002  11995  11998  12000  11981  11966  11983  11986  11988  11982  11988  11983  11980  11985
  241.090   122315   512.90   122499   513.54  12244  12244  12258  12253  12259  12258  12236  12254  12259  12234  12241  12225  12242  12244  12223  12242  12222  12217  12241  12218
  246.090   124819   517.33   125021   514.35  12506  12506  12495  12514  12496  12496  12499  12515  12497  12497  12479  12487  12479  12482  12487  12480  12486  12481  12478  12480
  251.090   127410   518.86   127561   517.45  12764  12764  12754  12749  12755  12755  12757  12750  12756  12757  12739  12747  12738  12741  12746  12739  12745  12740  12737  12738
  256.090   130013   513.10   130160   514.35  13024  13024  13012  13008  13016  13016  13018  13009  13015  13018  13000  13008  12999  13000  13006  13000  13005  13002  12996  12997
  261.090   132576   505.86   132693   507.13  13255  13255  13270  13267  13275  13274  13278  13268  13274  13277  13259  13240  13258  13258  13265  13260  13264  13262  13254  13256
  266.090   135060   506.24   135216   507.15  13514  13512  13527  13525  13531  13531  13510  13526  13531  13509  13514  13496  13489  13514  13519  13492  13519  13492  13511  13514
  271.090   137473   508.67   137684   507.77  13771  13770  13758  13784  13761  13761  13767  13785  13761  13766  13744  13753  13745  13745  13751  13751  13749  13749  13742  13744
  276.090   140179   514.45   140334   511.93  14041  14040  14029  14028  14032  14032  14036  14029  14032  14035  14015  14022  14016  14015  14021  14023  14020  14019  14013  14015
  281.090   142858   515.84   143007   516.64  14306  14306  14298  14296  14300  14300  14303  14297  14299  14302  14283  14291  14283  14283  14288  14290  14288  14288  14282  14282
  286.090   145441   509.82   145613   513.44  14567  14567  14558  14558  14560  14560  14563  14559  14559  14562  14544  14526  14544  14543  14549  14551  14549  14551  14542  14542
  291.090   148039   512.99   148216   514.09  14807  14806  14823  14823  14825  14825  14830  14824  14825  14828  14809  14791  14809  14808  14814  14791  14814  14791  14806  14806
  296.090   150493   516.09   150701   516.02  15066  15063  15083  15083  15057  15057  15061  15084  15085  15062  15040  15050  15040  15041  15047  15050  15045  15048  15066  15066
  301.090   153121   525.12   153274   523.17  15335  15331  15324  15324  15325  15325  15330  15325  15326  15329  15308  15318  15308  15310  15316  15317  15313  15317  15307  15307
  306.090   155822   522.32   155980   523.29  15605  15603  15595  15595  15595  15595  15601  15596  15596  15599  15578  15588  15578  15580  15585  15587  15583  15587  15578  15578
  311.091   158440   520.27   158595   519.53  15868  15864  15856  15857  15856  15856  15862  15858  15857  15861  15839  15849  15841  15841  15846  15848  15844  15851  15840  15841
  316.090   160905   512.80   161088   512.33  16096  16094  16111  16111  16111  16111  16115  16112  16112  16115  16094  16077  16094  16096  16101  16076  16098  16080  16094  16095
  321.090   163619   517.38   163755   516.78  16368  16367  16380  16381  16383  16382  16364  16382  16384  16364  16365  16350  16365  16367  16372  16349  16368  16352  16365  16366
  326.091   166120   522.68   166258   521.17  16636  16631  16622  16622  16622  16623  16628  16623  16624  16627  16606  16613  16605  16607  16613  16611  16633  16620  16606  16606
  331.090   168702   522.00   168862   522.23  16897  16891  16882  16882  16883  16882  16888  16884  16886  16887  16868  16874  16865  16868  16873  16873  16867  16881  16866  16867
  336.090   171286   516.34   171434   516.01  17131  17149  17142  17143  17144  17143  17147  17144  17145  17146  17126  17131  17123  17129  17132  17131  17125  17137  17126  17126
  341.090   173892   511.61   174063   511.31  17394  17411  17404  17406  17407  17406  17411  17407  17408  17409  17388  17394  17386  17392  17394  17394  17389  17375  17390  17390
  346.090   176473   517.18   176640   516.64  17660  17651  17670  17672  17671  17671  17650  17673  17673  17649  17652  17632  17654  17656  17660  17635  17654  17641  17657  17632
  351.090   178934   513.05   179078   513.32  17922  17911  17904  17905  17904  17904  17909  17906  17906  17907  17885  17891  17887  17889  17892  17895  17914  17900  17889  17892
  356.090   181493   515.02   181656   515.86  18180  18169  18162  18163  18162  18160  18167  18163  18163  18167  18144  18151  18145  18145  18151  18153  18147  18159  18148  18150
  361.091   184133   516.96   184274   517.20  18418  18431  18427  18428  18427  18426  18430  18429  18428  18430  18410  18414  18409  18408  18417  18415  18412  18423  18412  18413
  366.091   186662   509.82   186830   508.67  18671  18685  18683  18684  18683  18683  18686  18685  18685  18685  18666  18668  18666  18664  18672  18670  18669  18653  18667  18667
  371.090   189257   508.62   189421   507.52  18931  18945  18941  18943  18941  18941  18946  18944  18945  18944  18925  18929  18925  18922  18932  18930  18929  18913  18926  18926
  376.090   191757   509.92   191912   509.55  19196  19183  19207  19181  19207  19207  19184  19182  19183  19182  19163  19168  19193  19188  19171  19169  19196  19179  19166  19164
  381.090   194380   516.51   194566   517.01  19463  19452  19472  19451  19472  19446  19453  19452  19453  19452  19433  19436  19432  19455  19439  19438  19434  19446  19435  19432
  386.090   197097   522.77   197260   522.77  19736  19727  19719  19727  19720  19721  19727  19728  19728  19727  19708  19711  19706  19704  19714  19711  19709  19719  19710  19705
  391.090   199672   517.97   199861   516.96  19994  19988  19978  19988  19980  19980  19987  19989  19989  19988  19968  19973  19965  19962  19974  19972  19969  19953  19971  19965
  396.090   202357   519.75   202521   521.33  20236  20256  20247  20257  20249  20249  20255  20258  20257  20257  20237  20240  20234  20231  20242  20240  20238  20222  20240  20233
  401.090   204843   518.71   204989   519.01  20495  20489  20506  20491  20511  20510  20513  20492  20491  20491  20471  20473  20494  20490  20499  20473  20498  20479  20473  20493
  406.090   207391   522.95   207536   523.46  20756  20751  20767  20754  20749  20747  20750  20755  20753  20754  20734  20736  20732  20753  20735  20736  20734  20742  20736  20753
  411.090   209895   519.78   210057   518.98  21012  21004  20999  21008  21004  21001  21005  21009  21007  21008  20990  20993  20987  20983  20989  20992  20989  20997  20991  20984
  416.090   212382   510.37   212562   510.10  21263  21254  21251  21258  21254  21252  21255  21259  21256  21260  21241  21244  21237  21236  21240  21242  21240  21225  21243  21234
  421.090   214960   507.99   215121   505.03  21493  21513  21508  21518  21513  21510  21514  21519  21515  21518  21498  21502  21495  21494  21498  21502  21498  21480  21501  21492
  426.090   217410   500.00   217578   500.20  21750  21766  21761  21745  21766  21762  21768  21746  21769  21745  21751  21727  21749  21747  21751  21729  21750  21734  21728  21744
  431.090   219917   502.28   220034   503.12  22005  21997  22017  22001  21996  22017  21998  22002  22000  22001  21980  21984  21980  22003  22006  21985  22006  21990  21984  21999
  436.090   222462   504.85   222635   506.69  22269  22262  22256  22267  22262  22256  22263  22268  22266  22266  22246  22251  22245  22241  22246  22250  22245  22254  22247  22237
  441.090   225017   503.83   225185   504.03  22525  22518  22511  22521  22517  22511  22518  22522  22521  22521  22502  22506  22500  22495  22504  22505  22504  22507  22502  22492
  446.090   227629   504.63   227771   504.19  22760  22779  22772  22782  22778  22772  22780  22783  22783  22782  22763  22767  22761  22757  22766  22767  22766  22766  22763  22753
  451.091   230217   504.90   230381   506.71  23024  23042  23036  23045  23043  23036  23043  23020  23047  23045  23024  23006  23025  23024  23029  23031  23030  23005  23025  23018
  456.090   232647   509.50   232816   509.53  23281  23275  23296  23278  23276  23296  23276  23279  23281  23278  23257  23265  23258  23282  23262  23263  23263  23262  23257  23278
  461.090   235261   514.92   235428   516.59  23549  23541  23536  23544  23542  23536  23543  23546  23546  23545  23524  23533  23524  23522  23529  23530  23529  23530  23523  23517
  466.091   237857   515.76   238023   515.52  23807  23802  23796  23805  23801  23796  23804  23804  23805  23803  23785  23791  23784  23782  23789  23790  23789  23787  23783  23777
  471.090   240532   516.26   240699   514.45  24074  24070  24064  24072  24069  24064  24071  24071  24072  24072  24053  24058  24052  24050  24056  24058  24055  24054  24050  24046
  476.090   243087   510.28   243278   512.77  24332  24328  24321  24332  24325  24321  24329  24329  24330  24331  24312  24288  24311  24309  24312  24317  24312  24314  24307  24305
  481.090   245649   512.82   245748   513.15  24571  24568  24586  24571  24589  24585  24569  24569  24570  24570  24550  24555  24574  24573  24575  24554  24575  24553  24571  24569
  486.090   248204   521.17   248410   521.54  24838  24836  24855  24841  24831  24854  24837  24840  24838  24840  24818  24824  24816  24815  24817  24823  24818  24822  24813  24838
  491.090   250870   522.00   251048   524.18  25107  25104  25098  25109  25100  25097  25107  25109  25108  25109  25086  25093  25085  25084  25086  25093  25087  25093  25082  25081
  496.090   253438   519.36   253610   517.82  25363  25360  25355  25365  25356  25354  25363  25365  25364  25365  25344  25350  25340  25341  25342  25349  25345  25351  25338  25338
  501.090   255941   514.46   256162   512.79  25617  25616  25612  25619  25612  25609  25619  25619  25619  25620  25600  25580  25595  25597  25597  25604  25600  25581  25594  25593
  506.090   258547   513.79   258692   513.02  25858  25881  25878  25860  25878  25874  25860  25883  25860  25860  25841  25846  25860  25863  25862  25845  25865  25846  25860  25859
  511.090   261056   514.40   261173   516.74  26116  26115  26112  26118  26112  26131  26118  26116  26118  26117  26099  26106  26118  26097  26120  26103  26099  26103  26094  26117
  516.090   263616   516.31   263816   516.11  26380  26380  26377  26382  26377  26394  26383  26380  26382  26381  26363  26370  26357  26359  26357  26367  26364  26366  26358  26355
  521.090   266223   512.65   266399   510.91  26641  26641  26638  26644  26639  26628  26643  26641  26643  26641  26624  26631  26618  26619  26618  26627  26623  26627  26619  26617
  526.090   268830   513.04   269025   509.45  26902  26902  26902  26907  26901  26892  26906  26905  26906  26902  26887  26868  26882  26882  26882  26890  26886  26889  26884  26880
  531.090   271369   512.89   271542   510.47  27159  27160  27159  27138  27159  27147  27139  27160  27162  27159  27143  27126  27138  27139  27138  27145  27142  27121  27142  27135
  536.090   273974   512.20   274038   514.04  27401  27402  27401  27406  27402  27415  27406  27402  27404  27399  27385  27396  27405  27408  27406  27389  27411  27387  27383  27404
  541.090   276463   514.51   276605   517.03  27657  27658  27660  27662  27659  27671  27663  27658  27660  27657  27641  27652  27637  27640  27662  27645  27641  27645  27640  27660
  546.090   278952   512.03   279145   511.80  27910  27911  27913  27917  27913  27926  27918  27913  27914  27910  27893  27905  27892  27894  27891  27901  27894  27901  27893  27888
  551.091   281533   511.96   281727   508.98  28170  28170  28176  28179  28175  28159  28177  28174  28176  28171  28154  28140  28153  28154  28151  28163  28154  28162  28153  28149
  556.091   284026   505.91   284239   504.06  28423  28423  28429  28409  28428  28416  28430  28428  28429  28424  28407  28396  28406  28407  28406  28392  28408  28393  28407  28404
  561.091   286658   506.88   286753   507.82  28686  28688  28669  28671  28668  28680  28668  28667  28668  28688  28671  28659  28670  28672  28669  28654  28671  28655  28670  28667
  566.090   289210   506.81   289306   511.48  28925  28925  28932  28935  28932  28942  28931  28928  28931  28925  28908  28920  28907  28910  28932  28917  28934  28920  28931  28931
  571.090   291726   509.56   291934   511.74  29188  29188  29194  29197  29197  29205  29195  29190  29193  29187  29170  29183  29169  29172  29168  29179  29170  29181  29168  29166
  576.090   294462   518.81   294673   517.67  29465  29464  29470  29472  29473  29457  29471  29467  29469  29465  29447  29433  29446  29447  29446  29454  29445  29457  29444  29443
  581.090   297049   517.77   297261   513.51  29727  29727  29732  29735  29707  29717  29733  29728  29729  29726  29711  29693  29706  29709  29706  29717  29705  29693  29705  29704
  586.091   299609   517.70   299799   517.80  29989  29989  29966  29970  29970  29979  29969  29989  29991  29987  29946  29953  29968  29970  29969  29950  29967  29954  29967  29965
  591.090   302182   515.76   302287   518.71  30218  30218  30224  30228  30227  30237  30228  30244  30220  30243  30204  30211  30226  30226  30225  30207  30223  30213  30225  30222
  596.091   304665   514.43   304803   519.19  30475  30475  30480  30484  30484  30492  30485  30476  30477  30475  30459  30467  30457  30457  30480  30464  30479  30469  30456  30477
  601.090   307233   517.38   307442   516.41  30741  30741  30748  30751  30752  30729  30754  30743  30743  30740  30723  30733  30722  30721  30716  30729  30717  30737  30721  30714
  606.090   309813   513.39   309991   508.96  31004  31004  31009  30987  30989  30993  30990  31006  31006  31003  30987  30969  30984  30984  30981  30991  30982  30972  30984  30979
  611.090   312449   513.39   312623   511.24  31272  31270  31250  31251  31253  31257  31257  31271  31274  31268  31253  31235  31251  31248  31247  31231  31248  31240  31251  31245
  616.090   315037   513.37   315162   514.72  31510  31508  31515  31516  31516  31521  31522  31510  31512  31532  31492  31498  31490  31512  31509  31496  31511  31504  31516  31509
  621.090   317656   515.59   317800   518.71  31776  31774  31781  31783  31782  31788  31790  31776  31778  31772  31758  31764  31758  31752  31777  31765  31778  31771  31757  31776
  626.091   320165   517.55   320358   518.52  32033  32032  32041  32041  32043  32046  32024  32034  32034  32030  32018  32023  32016  32011  32011  32024  32009  32029  32016  32008
  631.090   322813   518.51   323003   518.71  32300  32300  32308  32307  32309  32287  32292  32301  32301  32298  32283  32289  32284  32280  32279  32290  32277  32271  32284  32276
  636.090   325342   517.48   325508   516.17  32558  32558  32541  32538  32542  32544  32551  32559  32560  32557  32542  32520  32541  32541  32536  32523  32535  32528  32541  32535
  641.090   327915   514.56   328113   514.53  32819  32819  32801  32799  32801  32805  32811  32820  32821  32817  32776  32780  32800  32802  32795  32783  32796  32787  32802  32794
  646.090   330464   514.90   330607   516.41  33056  33056  33061  33060  33061  33070  33075  33057  33058  33053  33038  33040  33036  33040  33058  33045  33060  33050  33039  33058
  651.090   333079   514.93   333246   517.45  33322  33322  33329  33327  33329  33335  33315  33324  33324  33319  33304  33307  33303  33308  33324  33312  33301  33317  33306  33297
  656.090   335695   518.54   335890   518.61  33588  33590  33596  33596  33596  33577  33581  33590  33590  33586  33572  33575  33570  33575  33564  33578  33565  33559  33573  33564
  661.090   338327   517.20   338546   514.82  33853  33856  33861  33861  33861  33844  33846  33856  33855  33853  33838  33840  33836  33842  33830  33818  33830  33826  33839  33828
  666.090   340852   517.85   341021   517.05  34113  34090  34091  34093  34091  34101  34102  34115  34114  34111  34096  34072  34095  34075  34087  34075  34087  34083  34097  34085
  671.090   343417   518.44   343565   517.67  34347  34354  34355  34356  34355  34362  34363  34352  34374  34347  34333  34335  34356  34339  34348  34336  34348  34343  34333  34346
  676.090   346030   518.89   346177   520.74  34610  34618  34619  34619  34619  34626  34629  34615  34612  34610  34599  34599  34594  34603  34611  34599  34611  34606  34598  34610
  681.090   348686   516.95   348808   517.95  34874  34884  34886  34885  34885  34891  34870  34881  34876  34876  34865  34864  34860  34870  34875  34865  34877  34870  34864  34876
  686.090   351178   514.43   351348   514.36  35129  35141  35142  35141  35142  35124  35128  35139  35132  35130  35123  35122  35116  35126  35130  35120  35110  35101  35122  35108
  691.091   353609   511.95   353806   510.30  35385  35370  35372  35372  35372  35380  35384  35397  35389  35385  35353  35354  35370  35357  35360  35349  35365  35358  35379  35364
  696.090   356142   511.34   356342   510.64  35641  35626  35629  35627  35629  35636  35642  35626  35644  35642  35610  35610  35626  35613  35617  35605  35618  35614  35609  35620
  701.090   358684   509.70   358860   510.64  35898  35882  35887  35883  35887  35893  35899  35883  35875  35873  35868  35867  35857  35870  35874  35860  35875  35870  35866  35877
  706.090   361267   504.90   361368   505.17  36130  36141  36146  36143  36146  36125  36131  36142  36132  36132  36127  36126  36116  36129  36132  36118  36134  36127  36124  36134
  711.090   363790   500.76   363944   503.57  36388  36398  36402  36401  36403  36384  36388  36401  36389  36390  36384  36382  36375  36388  36389  36377  36365  36384  36381  36365
  716.090   366205   501.64   366396   500.60  36644  36653  36630  36630  36631  36640  36645  36630  36646  36647  36612  36610  36629  36617  36619  36631  36620  36611  36634  36622
  721.090   368747   505.39   368937   503.41  36902  36883  36886  36886  36888  36897  36902  36886  36903  36904  36871  36866  36887  36874  36875  36861  36877  36868  36889  36879
  726.090   371326   507.79   371465   506.61  37139  37146  37150  37149  37151  37161  37139  37149  37140  37141  37134  37129  37124  37138  37138  37125  37140  37132  37125  37141
  731.090   373938   505.77   374048   506.17  37400  37406  37411  37410  37411  37396  37400  37411  37400  37403  37394  37390  37388  37398  37400  37385  37401  37393  37388  37401
  736.090   376433   504.78   376596   507.67  37655  37660  37666  37666  37666  37649  37654  37667  37654  37659  37648  37645  37644  37652  37654  37638  37630  37648  37644  37630
  741.091   378928   503.62   379080   505.34  37909  37916  37899  37898  37897  37906  37909  37923  37910  37913  37879  37901  37902  37885  37910  37896  37886  37880  37902  37887
  746.090   381436   509.40   381648   507.45  38169  38175  38158  38157  38155  38166  38169  38156  38170  38173  38137  38133  38161  38144  38142  38130  38144  38139  38160  38146
  751.091   383941   508.20   384126   507.13  38401  38406  38412  38413  38409  38422  38424  38411  38425  38403  38391  38388  38391  38401  38398  38385  38401  38395  38389  38402
  756.090   386531   506.80   386682   507.20  38660  38665  38671  38671  38668  38679  38680  38669  38658  38661  38649  38648  38650  38660  38657  38645  38661  38653  38647  38661
  761.090   389065   502.38   389224   504.90  38919  38925  38930  38931  38927  38914  38914  38927  38916  38921  38907  38906  38909  38918  38915  38904  38895  38912  38904  38895
  766.090   391568   503.54   391784   504.31  39174  39181  39186  39186  39186  39169  39169  39184  39172  39177  39163  39161  39165  39148  39171  39159  39152  39141  39159  39149
  771.090   394069   506.23   394286   507.50  39433  39442  39420  39419  39419  39431  39430  39419  39432  39441  39396  39394  39426  39409  39406  39393  39413  39401  39421  39410
  776.090   396634   508.26   396818   505.57  39692  39674  39678  39677  39678  39689  39689  39678  39691  39672  39658  39652  39658  39668  39665  39653  39673  39660  39679  39668
  781.091   399212   509.75   399411   510.22  39928  39934  39941  39938  39941  39951  39952  39941  39953  39932  39918  39911  39918  39930  39928  39912  39934  39920  39913  39928
  786.090   401808   508.29   401950   510.60  40191  40197  40203  40200  40203  40186  40187  40201  40188  40194  40181  40174  40181  40191  40190  40174  40169  40182  40175  40191
  791.090   404305   507.05   404532   509.26  40450  40456  40461  40458  40461  40444  40444  40459  40447  40452  40439  40431  40438  40423  40423  40432  40426  40438  40433  40422
  796.090   406901   510.34   407082   509.16  40709  40716  40695  40718  40696  40705  40705  40719  40708  40711  40698  40690  40698  40683  40684  40692  40686  40696  40691  40683
  801.090   409386   510.50   409568   508.46  40965  40947  40951  40949  40951  40962  40962  40950  40963  40968  40930  40947  40954  40938  40941  40922  40942  40927  40946  40939
  806.090   411954   511.49   412129   511.19  41201  41209  41213  41209  41214  41225  41223  41210  41223  41202  41192  41184  41190  41200  41202  41184  41203  41191  41207  41201
  811.090   414516   509.55   414694   508.84  41458  41468  41473  41470  41473  41456  41483  41470  41484  41459  41449  41441  41448  41463  41462  41441  41463  41448  41439  41462
  816.090   417004   503.88   417191   505.32  41721  41721  41725  41723  41725  41712  41709  41723  41710  41722  41702  41699  41705  41713  41714  41699  41689  41702  41693  41688
  821.090   419541   506.88   419730   505.64  41980  41980  41958  41982  41958  41972  41968  41982  41969  41981  41961  41959  41965  41944  41946  41959  41946  41962  41953  41946
  826.090   422027   505.84   422217   505.27  42216  42216  42218  42217  42218  42234  42232  42217  42233  42216  42196  42193  42201  42206  42208  42193  42211  42196  42215  42208
  831.091   424621   508.64   424809   508.84  42475  42475  42476  42476  42477  42493  42492  42476  42494  42475  42455  42452  42461  42466  42467  42453  42469  42454  42475  42469
  836.091   427173   507.18   427305   509.26  42732  42732  42734  42733  42733  42725  42725  42733  42726  42732  42715  42708  42720  42724  42726  42709  42727  42711  42707  42726
  841.091   429668   505.17   429859   508.89  42987  42986  42988  42987  42988  42981  42982  42989  42983  42988  42970  42962  42975  42978  42982  42965  42957  42963  42961  42955
  846.091   432163   503.66   432380   503.69  43238  43237  43240  43238  43240  43234  43234  43243  43235  43241  43223  43213  43227  43230  43209  43216  43212  43214  43213  43206
  851.090   434705   506.24   434994   503.42  43499  43499  43502  43501  43502  43495  43495  43503  43496  43502  43459  43476  43464  43466  43472  43477  43474  43474  43475  43468
  856.090   437257   508.46   437470   507.48  43758  43758  43737  43737  43737  43756  43756  43738  43756  43737  43719  43712  43724  43726  43732  43713  43735  43733  43735  43728
  861.090   439757   506.12   439913   506.86  43989  43989  43995  43994  43995  43987  43987  43994  43989  43994  43976  43971  43981  43983  43990  43969  43968  43965  43968  43986
  866.090   442407   508.20   442560   511.93  44255  44255  44261  44258  44261  44250  44250  44259  44252  44259  44241  44237  44246  44249  44256  44235  44231  44227  44232  44253
  871.090   444980   509.48   445193   511.09  44519  44519  44524  44521  44523  44515  44513  44521  44517  44521  44504  44499  44508  44510  44490  44498  44496  44490  44497  44488
  876.090   447584   513.14   447796   510.35  44778  44779  44785  44781  44785  44776  44773  44780  44779  44780  44766  44760  44768  44771  44751  44757  44755  44750  44758  44748
  881.090   450083   513.52   450347   509.33  45041  45041  45022  45020  45022  45038  45037  45042  45043  45041  45003  44998  45006  45008  45013  44996  45017  45012  45021  45009
  886.090   452697   515.20   452819   513.12  45274  45275  45282  45280  45282  45302  45299  45275  45276  45274  45263  45258  45266  45269  45274  45256  45280  45276  45285  45270
  891.090   455239   517.79   455392   519.43  45538  45538  45544  45541  45544  45537  45533  45539  45540  45538  45525  45520  45529  45530  45538  45517  45515  45512  45520  45533
  896.090   457892   514.58   458055   518.24  45805  45805  45810  45808  45810  45803  45798  45806  45807  45803  45791  45786  45795  45796  45803  45782  45780  45776  45786  45797
  901.090   460444   514.61   460660   512.94  46066  46066  46071  46069  46070  46063  46059  46066  46068  46062  46051  46047  46054  46054  46039  46043  46040  46037  46047  46032
  906.091   462970   512.82   463237   510.30  46323  46323  46328  46327  46328  46320  46318  46325  46325  46320  46309  46304  46287  46312  46297  46300  46298  46295  46304  46290
  911.090   465535   515.70   465702   512.48  46562  46562  46567  46564  46567  46585  46582  46564  46564  46585  46547  46541  46551  46549  46563  46538  46563  46560  46568  46555
  916.090   468194   516.66   468336   519.88  46833  46830  46835  46834  46835  46827  46850  46832  46833  46827  46816  46810  46820  46820  46831  46806  46831  46827  46810  46823
  921.090   470700   515.37   470860   519.06  47088  47085  47091  47088  47091  47080  47080  47088  47089  47080  47072  47067  47076  47075  47087  47060  47060  47055  47066  47082
  926.090   473327   514.08   473536   513.64  47356  47353  47359  47356  47359  47348  47346  47356  47356  47347  47339  47336  47345  47343  47327  47328  47330  47323  47335  47321
  931.090   475851   512.82   476100   512.25  47612  47609  47615  47612  47615  47604  47605  47612  47612  47604  47596  47568  47576  47599  47586  47584  47589  47580  47592  47581
  936.090   478482   515.30   478708   512.25  47877  47876  47855  47877  47855  47870  47871  47878  47878  47871  47837  47833  47841  47864  47850  47850  47855  47846  47859  47847
  941.090   480941   513.49   481127   515.00  48107  48104  48110  48107  48108  48125  48127  48106  48108  48125  48092  48086  48093  48093  48104  48076  48107  48100  48087  48103
  946.090   483576   514.50   483739   516.88  48376  48373  48379  48376  48377  48368  48369  48375  48378  48368  48362  48355  48362  48363  48371  48345  48349  48343  48355  48371
  951.090   486078   513.42   486292   516.98  48631  48628  48634  48631  48632  48625  48625  48630  48633  48623  48618  48611  48618  48618  48601  48599  48604  48598  48610  48601
  956.090   488650   510.70   488864   509.13  48888  48884  48889  48888  48889  48883  48883  48888  48890  48882  48875  48867  48875  48874  48860  48856  48861  48858  48866  48858
  961.090   491259   512.68   491552   509.70  49157  49152  49158  49157  49157  49152  49152  49158  49159  49150  49118  49110  49119  49142  49128  49125  49131  49127  49134  49125
  966.090   493867   513.66   494046   511.31  49396  49417  49397  49396  49396  49416  49418  49397  49398  49415  49384  49376  49385  49381  49394  49366  49398  49392  49401  49390
  971.090   496381   516.11   496529   516.85  49655  49650  49655  49655  49652  49650  49651  49656  49657  49648  49644  49635  49645  49637  49655  49626  49631  49624  49633  49651
  976.090   498980   512.74   499138   516.76  49916  49912  49915  49915  49912  49911  49913  49916  49918  49910  49902  49895  49904  49898  49912  49887  49892  49886  49894  49910
  981.090   501548   515.57   501764   515.60  50178  50174  50177  50178  50174  50174  50177  50179  50180  50173  50164  50157  50165  50160  50147  50151  50154  50149  50155  50146
  986.091   504161   515.44   504437   514.97  50445  50443  50444  50445  50442  50441  50445  50446  50446  50440  50429  50399  50407  50427  50412  50416  50421  50415  50423  50412
  991.090   506726   514.65   506925   510.72  50678  50702  50704  50678  50700  50700  50704  50679  50680  50700  50663  50656  50665  50686  50673  50675  50680  50675  50682  50671
  996.090   509223   513.54   509429   515.32  50942  50939  50941  50942  50937  50962  50942  50943  50944  50937  50926  50918  50927  50923  50935  50912  50917  50911  50920  50934
 1001.090   511858   516.85   512039   520.47  51205  51204  51206  51205  51200  51200  51206  51206  51207  51200  51188  51180  51192  51188  51197  51176  51180  51176  51184  51197
 1006.090   514377   511.63   514563   512.60  51457  51455  51458  51458  51453  51453  51458  51458  51460  51453  51441  51433  51444  51440  51448  51428  51431  51429  51435  51448
 1011.090   516902   508.32   517139   508.09  51714  51714  51715  51716  51710  51711  51715  51715  51718  51711  51698  51691  51701  51697  51679  51685  51691  51687  51694  51679
 1016.090   519411   507.23   519670   503.91  51973  51973  51973  51947  51966  51970  51974  51974  51949  51971  51931  51922  51934  51956  51938  51944  51950  51946  51952  51938
 1021.090   521868   508.12   522073   507.48  52205  52205  52205  52208  52223  52202  52206  52207  52209  52203  52192  52181  52194  52188  52197  52177  52183  52178  52183  52195
 1026.091   524405   506.85   524585   508.59  52459  52457  52459  52462  52454  52456  52458  52462  52462  52456  52446  52435  52448  52442  52450  52431  52437  52432  52436  52448
 1031.090   527034   505.07   527217   507.65  52722  52720  52723  52724  52720  52720  52721  52725  52724  52718  52708  52697  52713  52706  52714  52693  52701  52694  52699  52709
 1036.090   529570   501.98   529779   502.75  52978  52976  52979  52979  52977  52977  52978  52981  52980  52974  52964  52953  52968  52962  52945  52948  52957  52951  52956  52966
 1041.090   532057   504.16   532346   502.42  53237  53236  53238  53239  53237  53237  53236  53215  53238  53233  53196  53187  53201  53220  53206  53206  53217  53210  53217  53197
 1046.090   534555   507.33   534737   504.75  53471  53471  53471  53472  53471  53471  53471  53474  53472  53493  53457  53447  53462  53454  53466  53465  53451  53446  53449  53458
 1051.090   537004   499.18   537216   499.45  53720  53720  53722  53720  53721  53724  53723  53721  53722  53723  53700  53694  53706  53705  53707  53691  53700  53696  53699  53706
 1056.090   539569   500.72   539725   501.76  53977  53980  53981  53976  53981  53956  53956  53980  53982  53956  53961  53952  53964  53962  53940  53952  53959  53958  53957  53964
 1061.090   541930   499.87   542159   500.54  54210  54214  54214  54235  54214  54214  54216  54212  54216  54214  54195  54185  54198  54196  54201  54184  54192  54191  54192  54196
 1066.090   544486   500.54   544690   500.37  54467  54469  54470  54465  54470  54470  54470  54468  54471  54470  54449  54439  54453  54451  54457  54441  54447  54447  54449  54453
 1071.090   547111   502.45   547313   499.56  54730  54729  54734  54727  54732  54734  54732  54729  54733  54733  54711  54700  54714  54712  54720  54703  54710  54709  54714  54718
 1076.090   549795   503.49   549994   502.99  54998  54998  55002  54996  55000  55001  55000  54998  55001  55000  54980  54969  54983  54981  54987  54972  54979  54977  54982  54985
 1081.091   552384   507.38   552591   507.21  55257  55257  55262  55256  55261  55261  55261  55257  55260  55259  55238  55228  55243  55239  55245  55230  55239  55237  55241  55244
 1086.091   554804   508.62   555030   510.10  55515  55515  55497  55515  55495  55496  55495  55516  55493  55493  55471  55488  55502  55499  55479  55463  55475  55470  55476  55481
 1091.090   557343   517.23   557544   516.29  55751  55751  55757  55752  55757  55757  55757  55752  55755  55755  55733  55724  55739  55735  55741  55725  55736  55731  55738  55741
 1096.090   559952   519.01   560164   519.28  56014  56012  56019  56015  56019  56019  56019  56014  56017  56016  55996  55984  55999  55996  56002  55985  55998  55992  55999  56001
 1101.090   562528   513.91   562738   514.21  56271  56271  56277  56272  56277  56277  56275  56272  56274  56272  56253  56244  56259  56252  56260  56243  56254  56250  56256  56257
 1106.090   565120   506.23   565327   505.65  56530  56530  56537  56530  56537  56537  56533  56531  56532  56530  56511  56504  56517  56513  56519  56501  56513  56509  56516  56517
 1111.090   567642   506.36   567849   506.36  56789  56789  56772  56790  56772  56772  56793  56791  56791  56790  56770  56763  56776  56774  56778  56760  56772  56745  56751  56753
 1116.090   570169   512.90   570396   512.16  57052  57026  57035  57052  57033  57034  57031  57053  57028  57052  57007  57026  57014  57038  57016  57023  57012  57006  57013  57014
 1121.090   572704   515.47   572904   515.44  57287  57287  57297  57288  57293  57294  57293  57289  57289  57287  57270  57261  57275  57273  57277  57257  57274  57266  57276  57275
 1126.091   575409   517.10   575604   516.46  57558  57558  57565  57559  57562  57562  57563  57559  57560  57558  57540  57533  57546  57543  57547  57527  57544  57537  57546  57546
 1131.090   578039   514.08   578239   513.78  57821  57822  57829  57823  57824  57824  57828  57824  57823  57821  57804  57795  57810  57805  57810  57789  57807  57800  57811  57808
 1136.090   580606   512.16   580796   511.59  58080  58081  58063  58086  58087  58087  58062  58087  58082  58081  58068  58055  58073  58067  58072  58050  58042  58062  58047  58070
 1141.090   583095   515.70   583317   515.27  58345  58345  58325  58321  58321  58321  58326  58322  58346  58345  58302  58320  58308  58331  58306  58314  58303  58297  58309  58305
 1146.090   585707   521.41   585892   520.00  58586  58586  58594  58589  58589  58590  58595  58590  58587  58586  58571  58562  58578  58573  58575  58554  58573  58567  58579  58575
 1151.091   588249   520.03   588433   519.50  58840  58840  58850  58843  58843  58844  58850  58844  58840  58839  58826  58815  58832  58828  58829  58808  58828  58821  58832  58830
 1156.091   590836   514.18   591030   512.43  59097  59097  59110  59103  59105  59105  59110  59105  59099  59099  59084  59074  59092  59086  59086  59068  59087  59078  59092  59089
 1161.090   593406   507.94   593575   509.48  59356  59356  59343  59362  59365  59365  59344  59366  59360  59358  59345  59333  59353  59345  59346  59328  59344  59337  59325  59350
 1166.090   595876   508.02   596043   508.09  59613  59613  59598  59594  59598  59598  59600  59596  59618  59615  59577  59591  59585  59603  59603  59585  59575  59594  59581  59582
 1171.091   598379   512.08   598619   511.01  59873  59873  59859  59854  59859  59857  59861  59857  59853  59873  59838  59826  59845  59837  59837  59845  59835  59830  59843  59843
 1176.090   600857   507.70   601051   507.97  60102  60100  60109  60104  60107  60106  60111  60107  60104  60101  60085  60077  60096  60089  60089  60072  60084  60079  60093  60093
 1181.090   603426   506.63   603628   506.33  60359  60355  60368  60363  60366  60366  60369  60365  60361  60356  60343  60332  60354  60344  60346  60325  60341  60338  60353  60350
 1186.090   605957   500.96   606183   501.93  60616  60611  60624  60617  60622  60622  60624  60618  60618  60611  60597  60589  60610  60601  60602  60579  60595  60595  60583  60606
 1191.090   608563   502.52   608795   503.76  60882  60879  60865  60883  60887  60887  60864  60884  60885  60879  60862  60855  60850  60868  60868  60847  60860  60860  60847  60846
 1196.090   611146   509.90   611431   511.14  61151  61149  61134  61151  61131  61131  61131  61152  61153  61148  61105  61098  61118  61110  61136  61115  61127  61104  61118  61115
