Test case: 
Description: 
	10 senders: persistent queues
	10 receivers: client acknowledge every 50 messages
Timestamp: 2011.11.1 20:58:36
Version: 
Setting up JMS benchmark connections... 

Start processing messages.
Thu Dec 01 20:58:36 EST 2011

  Seconds   Send   Send/Sec   Recv   Recv/Sec   RCV0   RCV1   RCV2   RCV3   RCV4   RCV5   RCV6   RCV7   RCV8   RCV9  SND10  SND11  SND12  SND13  SND14  SND15  SND16  SND17  SND18  SND19
  ------- -------- -------- -------- -------- ------ ------ ------ ------ ------ ------ ------ ------ ------ ------ ------ ------ ------ ------ ------ ------ ------ ------ ------ ------
    1.044        0     0.00        0     0.00      0      0      0      0      0      0      0      0      0      0      0      0      0      0      0      0      0      0      0      0
    6.044     2048   445.22     2343   509.35    234    236    234    235    236    236    232    233    234    233    205    206    205    205    203    206    206    203    205    204
   11.044     4684   487.92     4971   517.81    497    497    496    497    499    499    495    497    497    497    469    469    468    470    466    468    471    466    468    469
   16.045     7274   480.41     7545   504.32    754    753    754    754    757    757    753    755    754    754    728    727    726    730    726    727    730    725    728    727
   21.044     9796   489.90    10118   503.72   1015   1014   1012   1015   1015    991   1012   1015   1015   1014    988    988    960    990    960    988    989    986    986    961
   26.044    12305   500.18    12665   510.75   1257   1282   1280   1256   1257   1262   1279   1256   1280   1256   1230   1233   1231   1230   1232   1233   1231   1227   1226   1232
   31.044    14894   503.18    15140   511.49   1517   1514   1512   1515   1516   1521   1511   1511   1511   1512   1489   1492   1489   1490   1490   1492   1490   1487   1486   1489
   36.045    17566   520.74    17821   519.40   1784   1782   1780   1783   1783   1787   1779   1781   1780   1782   1758   1758   1757   1758   1756   1759   1756   1755   1754   1755
   41.044    20160   511.73    20412   514.78   2044   2041   2039   2043   2042   2046   2038   2041   2038   2040   2016   2018   2017   2018   2015   2019   2016   2013   2015   2013
   46.044    22783   514.33    23102   515.00   2314   2310   2307   2312   2311   2315   2307   2310   2307   2309   2285   2264   2263   2288   2284   2265   2286   2282   2284   2282
   51.044    25277   518.49    25654   515.30   2553   2575   2573   2551   2550   2553   2573   2577   2572   2577   2524   2529   2527   2527   2522   2530   2524   2549   2523   2522
   56.044    27918   523.91    28254   519.61   2820   2839   2837   2818   2817   2820   2836   2815   2837   2815   2791   2796   2794   2794   2788   2798   2791   2787   2790   2789
   61.044    30629   527.11    30860   527.52   3091   3084   3081   3090   3089   3091   3081   3086   3081   3086   3063   3066   3065   3065   3060   3068   3063   3058   3061   3060
   66.044    33235   519.75    33468   523.37   3350   3345   3343   3351   3350   3351   3342   3347   3342   3347   3323   3327   3326   3326   3320   3330   3324   3319   3319   3321
   71.044    35789   515.81    36027   518.76   3605   3600   3597   3608   3606   3608   3596   3605   3597   3605   3579   3582   3581   3582   3576   3585   3580   3574   3574   3576
   76.044    38113   511.91    38453   512.62   3854   3850   3847   3834   3833   3833   3846   3854   3847   3855   3806   3806   3804   3807   3826   3808   3806   3824   3824   3802
   81.044    40598   514.13    40941   509.50   4085   4107   4103   4090   4089   4089   4104   4086   4102   4086   4062   4063   4060   4062   4056   4064   4062   4056   4056   4057
   86.044    43246   514.36    43542   511.24   4353   4355   4362   4352   4351   4351   4352   4352   4362   4352   4325   4324   4323   4327   4323   4327   4325   4325   4324   4323
   91.045    45811   501.07    46056   503.22   4610   4612   4592   4608   4608   4608   4609   4608   4592   4609   4582   4580   4579   4583   4579   4584   4582   4582   4581   4579
   96.044    48311   497.35    48556   499.43   4859   4862   4842   4858   4859   4858   4859   4857   4842   4860   4832   4829   4830   4834   4828   4834   4832   4832   4830   4830
  101.044    50580   496.34    50877   498.32   5087   5089   5096   5085   5085   5085   5086   5085   5093   5086   5058   5055   5057   5062   5055   5062   5059   5058   5057   5057
  106.044    53089   502.55    53385   499.36   5338   5340   5348   5335   5336   5335   5336   5335   5345   5337   5310   5305   5307   5313   5307   5314   5311   5310   5305   5307
  111.044    55648   504.06    55955   501.81   5594   5596   5606   5593   5592   5592   5593   5593   5602   5594   5566   5560   5565   5572   5564   5570   5565   5564   5561   5561
  116.044    58300   500.64    58585   496.64   5860   5863   5844   5859   5858   5858   5860   5859   5865   5859   5832   5827   5831   5837   5830   5834   5830   5827   5826   5826
  121.044    60977   499.88    61228   501.90   6127   6130   6111   6126   6125   6125   6127   6126   6105   6126   6099   6095   6099   6104   6097   6101   6098   6096   6095   6093
  126.044    63428   502.94    63613   505.29   6361   6363   6370   6360   6359   6359   6360   6360   6362   6359   6332   6353   6331   6335   6330   6333   6356   6354   6353   6351
  131.044    65901   514.14    66210   513.67   6620   6623   6630   6618   6619   6619   6620   6620   6621   6620   6593   6587   6592   6596   6591   6592   6590   6588   6586   6586
  136.044    68514   517.60    68813   516.83   6880   6883   6890   6879   6879   6879   6880   6881   6881   6881   6855   6847   6852   6858   6851   6853   6854   6849   6846   6849
  141.044    71082   514.68    71388   512.20   7137   7141   7149   7135   7136   7137   7138   7138   7139   7138   7112   7104   7108   7115   7108   7109   7112   7106   7103   7105
  146.045    73640   507.89    73921   506.95   7393   7396   7378   7390   7392   7394   7394   7395   7395   7394   7367   7361   7363   7370   7365   7365   7368   7361   7360   7360
  151.044    76149   502.16    76482   504.04   7650   7653   7635   7646   7649   7649   7650   7650   7650   7650   7623   7618   7621   7626   7595   7621   7598   7616   7616   7615
  156.044    78622   506.24    78816   510.17   7883   7884   7891   7877   7879   7880   7881   7880   7881   7880   7855   7875   7851   7856   7852   7852   7856   7876   7875   7874
  161.045    81190   513.05    81481   511.61   8150   8148   8157   8142   8146   8147   8149   8147   8148   8147   8122   8117   8117   8123   8120   8121   8123   8116   8117   8114
  166.044    83787   509.80    84074   509.40   8410   8408   8418   8400   8404   8406   8410   8405   8407   8406   8382   8376   8376   8382   8381   8379   8383   8377   8376   8375
  171.044    86372   508.42    86635   504.26   8670   8666   8651   8659   8662   8664   8671   8663   8664   8665   8642   8634   8634   8641   8641   8637   8642   8635   8634   8632
  176.044    88909   506.29    89197   506.53   8905   8927   8916   8921   8924   8924   8906   8924   8925   8925   8877   8896   8895   8901   8876   8899   8878   8897   8896   8894
  181.044    91394   508.09    91684   505.74   9163   9182   9173   9176   9155   9155   9163   9179   9156   9182   9132   9128   9150   9132   9134   9154   9137   9128   9150   9149
  186.044    93987   514.73    94247   516.95   9429   9424   9441   9418   9421   9421   9429   9419   9423   9422   9400   9395   9391   9398   9401   9396   9404   9395   9391   9416
  191.044    96545   514.41    96803   513.31   9685   9683   9673   9676   9678   9681   9688   9677   9682   9680   9658   9654   9652   9656   9660   9656   9661   9652   9649   9647
  196.044    99130   512.28    99378   510.94   9943   9942   9929   9932   9935   9940   9945   9935   9939   9938   9918   9912   9910   9915   9918   9914   9920   9911   9907   9905
  201.044   101721   509.11   102027   510.49  10207  10209  10192  10195  10199  10207  10211  10198  10206  10203  10183  10174  10175  10182  10155  10181  10157  10174  10171  10169
  206.044   104278   509.18   104587   508.00  10465  10467  10456  10455  10458  10464  10440  10456  10464  10462  10412  10432  10435  10440  10414  10439  10416  10432  10429  10429
  211.044   106879   515.99   107130   514.68  10705  10707  10724  10724  10726  10704  10709  10724  10704  10703  10682  10700  10675  10680  10683  10678  10686  10700  10697  10698
  216.044   109404   517.35   109653   516.98  10970  10969  10961  10960  10961  10968  10972  10960  10966  10966  10946  10936  10940  10944  10946  10940  10948  10934  10934  10936
  221.044   112009   516.24   112253   516.71  11232  11228  11221  11220  11223  11227  11232  11221  11224  11225  11207  11197  11200  11204  11207  11200  11208  11194  11195  11197
  226.044   114653   516.38   114901   518.19  11496  11493  11486  11486  11488  11493  11495  11486  11489  11489  11472  11460  11464  11470  11471  11464  11473  11459  11459  11461
  231.044   117267   515.08   117572   514.11  11764  11763  11753  11757  11759  11762  11738  11757  11760  11759  11713  11730  11735  11739  11714  11734  11715  11729  11728  11730
  236.044   119795   516.49   120098   514.45  11996  12019  12011  12015  12015  11994  11999  12015  12018  12016  11973  11985  11966  11969  11973  11992  11975  11988  11986  11988
  241.044   122317   516.34   122547   516.48  12255  12254  12271  12250  12250  12254  12259  12250  12253  12251  12233  12244  12225  12231  12233  12227  12236  12222  12244  12222
  246.044   124887   516.98   125143   518.93  12516  12517  12507  12513  12512  12515  12520  12513  12515  12515  12495  12480  12488  12492  12495  12490  12498  12484  12480  12485
  251.044   127478   515.62   127735   516.93  12774  12776  12767  12772  12771  12773  12781  12772  12775  12774  12754  12739  12747  12751  12755  12749  12757  12743  12739  12744
  256.045   129999   512.35   130314   510.23  13034  13036  13029  13032  13032  13034  13015  13032  13036  13034  12987  12998  13008  13012  12988  13011  12991  13002  13000  13002
  261.044   132526   508.62   132820   506.44  13293  13294  13288  13290  13290  13267  13273  13290  13268  13267  13245  13255  13241  13270  13246  13244  13249  13259  13258  13259
  266.044   135075   509.28   135255   507.73  13523  13525  13545  13521  13522  13522  13529  13521  13523  13524  13503  13512  13499  13500  13503  13502  13505  13517  13517  13517
  271.044   137571   510.08   137791   511.56  13778  13781  13776  13778  13777  13777  13785  13778  13779  13782  13760  13770  13757  13758  13760  13759  13762  13748  13748  13749
  276.044   140246   511.56   140495   514.21  14048  14052  14047  14048  14048  14048  14056  14048  14050  14050  14030  14012  14025  14030  14030  14030  14033  14018  14017  14021
  281.044   142921   513.10   143168   512.77  14315  14320  14313  14315  14316  14316  14325  14315  14316  14317  14295  14282  14291  14296  14296  14299  14303  14287  14284  14288
  286.044   145427   513.31   145746   509.98  14575  14580  14573  14576  14576  14576  14561  14575  14576  14578  14531  14542  14551  14556  14533  14534  14539  14547  14545  14549
  291.045   148038   517.13   148321   515.12  14840  14821  14838  14840  14817  14841  14827  14840  14840  14817  14797  14810  14791  14796  14799  14801  14806  14812  14811  14815
  296.044   150564   517.99   150771   519.77  15073  15077  15097  15073  15073  15073  15085  15073  15073  15074  15056  15068  15048  15053  15056  15058  15064  15044  15044  15073
  301.044   153198   520.92   153428   523.84  15341  15345  15339  15341  15341  15341  15355  15341  15341  15343  15323  15312  15316  15321  15325  15327  15333  15314  15312  15315
  306.044   155895   521.63   156101   523.71  15612  15615  15607  15612  15611  15611  15599  15612  15610  15612  15594  15582  15586  15591  15596  15595  15603  15584  15580  15584
  311.044   158429   517.73   158710   515.42  15873  15876  15868  15873  15872  15872  15859  15873  15871  15873  15831  15843  15847  15853  15830  15856  15839  15844  15841  15845
  316.044   160945   515.67   161255   513.49  16128  16131  16121  16127  16127  16127  16113  16128  16125  16128  16085  16100  16101  16106  16086  16083  16093  16097  16096  16098
  321.044   163612   518.61   163804   517.10  16375  16378  16392  16376  16374  16376  16386  16375  16397  16375  16357  16370  16349  16353  16360  16357  16365  16367  16366  16368
  326.044   166197   521.23   166400   523.61  16639  16642  16635  16639  16638  16638  16654  16639  16639  16637  16621  16613  16614  16616  16626  16620  16633  16610  16632  16612
  331.044   168753   520.23   168978   521.81  16899  16902  16895  16901  16898  16897  16890  16901  16899  16896  16883  16873  16874  16876  16887  16881  16869  16869  16868  16873
  336.045   171286   514.75   171569   513.98  17159  17162  17154  17159  17159  17155  17148  17161  17159  17153  17116  17131  17135  17134  17120  17140  17129  17127  17125  17129
  341.045   173892   516.28   174197   512.82  17421  17424  17418  17423  17422  17418  17411  17423  17421  17416  17378  17394  17397  17397  17383  17378  17394  17389  17389  17393
  346.044   176518   517.38   176775   514.70  17688  17690  17683  17662  17661  17683  17678  17662  17687  17681  17643  17659  17637  17661  17648  17644  17661  17654  17654  17657
  351.044   179113   514.21   179266   516.33  17921  17924  17942  17921  17920  17941  17939  17921  17921  17916  17903  17917  17896  17920  17909  17904  17919  17914  17914  17917
  356.044   181535   512.92   181768   515.70  18179  18182  18174  18178  18178  18173  18171  18179  18179  18175  18160  18149  18155  18152  18166  18161  18150  18147  18147  18148
  361.044   184183   514.23   184417   517.18  18444  18447  18439  18443  18442  18438  18435  18445  18444  18440  18424  18414  18421  18418  18431  18424  18414  18413  18412  18412
  366.044   186686   512.33   186978   510.79  18701  18704  18695  18700  18699  18693  18688  18701  18701  18696  18653  18669  18676  18676  18660  18678  18668  18670  18670  18666
  371.044   189257   511.26   189568   507.97  18959  18963  18954  18959  18959  18951  18949  18960  18960  18954  18914  18929  18935  18936  18919  18913  18930  18928  18928  18925
  376.044   191861   510.18   192059   509.14  19195  19201  19222  19196  19197  19217  19214  19198  19198  19221  19178  19197  19175  19173  19183  19178  19195  19195  19195  19192
  381.045   194459   513.15   194689   515.74  19464  19470  19463  19465  19465  19483  19483  19468  19466  19462  19446  19438  19445  19443  19450  19446  19462  19435  19435  19459
  386.044   197154   520.62   197383   523.14  19738  19744  19738  19740  19738  19732  19733  19744  19739  19737  19720  19713  19720  19717  19725  19722  19712  19709  19709  19707
  391.044   199753   519.01   199979   519.58  19998  20003  19998  20000  19997  19991  19991  20006  19998  19997  19980  19973  19981  19976  19985  19982  19971  19967  19970  19968
  396.044   202336   521.59   202648   519.68  20268  20271  20268  20270  20267  20260  20261  20248  20268  20267  20221  20242  20224  20245  20227  20224  20240  20236  20239  20238
  401.044   204903   520.84   205061   518.22  20502  20505  20502  20503  20501  20518  20519  20507  20502  20502  20480  20477  20484  20505  20488  20483  20498  20495  20497  20496
  406.044   207502   520.64   207694   522.99  20764  20770  20764  20766  20765  20781  20782  20770  20766  20766  20743  20740  20746  20741  20752  20747  20761  20756  20758  20758
  411.044   209976   517.23   210185   519.14  21018  21025  21018  21020  21019  21010  21010  21025  21019  21021  20998  20995  21000  20997  21008  21001  20990  20986  20988  21013
  416.044   212435   510.23   212695   510.37  21270  21276  21270  21270  21270  21260  21261  21277  21270  21271  21250  21246  21251  21247  21234  21253  21241  21237  21239  21237
  421.044   214912   506.74   215240   505.17  21527  21534  21527  21529  21529  21515  21517  21505  21527  21530  21479  21504  21481  21504  21488  21481  21496  21493  21496  21490
  426.044   217462   503.32   217751   500.84  21780  21785  21780  21758  21781  21770  21773  21762  21780  21782  21734  21756  21738  21758  21744  21737  21753  21746  21749  21747
  431.044   219961   500.84   220150   504.53  22007  22016  22008  22014  22012  22027  22028  22018  22007  22013  21990  21985  21995  21986  22000  21992  22008  21999  22003  22003
  436.044   222569   502.05   222803   504.33  22272  22282  22273  22279  22275  22293  22294  22285  22272  22278  22255  22251  22261  22253  22265  22258  22250  22265  22244  22267
  441.044   225102   503.05   225311   502.15  22528  22538  22534  22535  22533  22520  22522  22539  22528  22534  22509  22511  22515  22513  22519  22515  22506  22494  22499  22521
  446.044   227630   506.38   227899   505.77  22789  22801  22796  22797  22795  22780  22783  22775  22789  22794  22770  22772  22750  22775  22753  22775  22768  22754  22759  22754
  451.044   230218   511.01   230432   507.11  23053  23037  23033  23033  23033  23044  23047  23041  23053  23058  23006  23036  23017  23039  23019  23010  23032  23017  23023  23019
  456.044   232751   511.28   232998   508.02  23313  23295  23293  23292  23291  23302  23310  23298  23313  23291  23264  23270  23274  23273  23276  23270  23291  23276  23281  23276
  461.045   235387   513.76   235584   515.97  23554  23561  23558  23559  23557  23569  23550  23566  23554  23556  23529  23534  23541  23540  23544  23534  23531  23542  23549  23543
  466.044   237959   512.01   238178   513.29  23814  23820  23817  23820  23816  23827  23810  23824  23815  23815  23789  23794  23801  23800  23802  23795  23792  23802  23783  23801
  471.044   240584   513.24   240827   514.38  24081  24087  24085  24089  24083  24069  24077  24091  24083  24082  24057  24061  24043  24066  24069  24063  24061  24043  24052  24069
  476.044   243082   514.87   243368   512.72  24338  24344  24342  24345  24340  24325  24333  24320  24342  24339  24318  24321  24301  24323  24298  24295  24318  24300  24310  24298
  481.044   245668   516.78   245916   516.24  24602  24584  24605  24583  24580  24592  24599  24587  24581  24603  24557  24560  24568  24562  24566  24562  24582  24568  24577  24566
  486.044   248306   520.17   248496   519.16  24844  24851  24848  24851  24848  24861  24843  24856  24848  24846  24825  24827  24838  24830  24835  24831  24825  24838  24821  24836
  491.044   250993   520.19   251183   521.73  25114  25120  25117  25119  25116  25129  25111  25125  25117  25115  25094  25096  25105  25098  25103  25099  25094  25107  25091  25106
  496.044   253509   518.29   253726   519.13  25371  25377  25373  25376  25375  25360  25369  25381  25373  25371  25352  25353  25360  25354  25361  25355  25350  25339  25346  25339
  501.044   256009   514.14   256252   511.53  25627  25632  25630  25630  25630  25615  25623  25610  25629  25626  25607  25609  25590  25608  25590  25609  25604  25596  25601  25595
  506.044   258640   517.79   258906   514.60  25892  25898  25895  25895  25895  25880  25889  25876  25895  25891  25847  25873  25856  25874  25856  25873  25870  25863  25866  25862
  511.044   261143   515.75   261313   515.79  26125  26132  26126  26129  26129  26139  26146  26134  26129  26124  26108  26105  26113  26106  26113  26107  26127  26120  26123  26121
  516.045   263753   514.88   263953   516.09  26390  26397  26391  26393  26393  26402  26408  26399  26394  26386  26373  26369  26376  26372  26378  26372  26363  26381  26387  26382
  521.044   266311   509.73   266516   510.20  26651  26659  26651  26655  26655  26638  26644  26660  26656  26647  26633  26630  26638  26632  26639  26633  26625  26642  26621  26618
  526.044   268888   511.68   269122   513.15  26913  26922  26913  26918  26918  26903  26907  26897  26919  26912  26896  26894  26875  26895  26900  26896  26887  26879  26883  26883
  531.044   271386   513.61   271596   512.50  27169  27155  27169  27151  27151  27161  27164  27155  27153  27168  27129  27149  27134  27150  27132  27129  27145  27136  27141  27141
  536.044   274062   512.77   274263   510.69  27437  27419  27437  27418  27415  27430  27432  27420  27419  27436  27395  27417  27403  27418  27398  27395  27413  27403  27410  27410
  541.044   276574   513.62   276754   516.48  27668  27677  27668  27674  27673  27686  27689  27677  27675  27667  27652  27650  27658  27649  27656  27651  27668  27659  27665  27666
  546.044   279045   510.59   279241   511.33  27921  27931  27921  27926  27926  27917  27917  27931  27930  27921  27906  27902  27914  27903  27910  27906  27897  27917  27895  27895
  551.045   281605   510.57   281847   510.03  28181  28191  28182  28188  28187  28176  28177  28193  28191  28181  28170  28163  28149  28165  28171  28167  28157  28152  28156  28155
  556.044   284134   507.45   284341   505.77  28437  28443  28437  28441  28439  28432  28433  28422  28421  28436  28400  28418  28404  28419  28424  28420  28414  28410  28413  28412
  561.044   286711   508.99   286897   509.03  28701  28681  28701  28678  28677  28695  28696  28684  28684  28700  28662  28681  28666  28681  28661  28658  28677  28675  28675  28675
  566.044   289270   506.74   289448   507.79  28939  28943  28939  28941  28938  28958  28958  28948  28947  28937  28925  28917  28931  28919  28924  28923  28941  28939  28939  28912
  571.044   291824   510.87   292024   511.54  29201  29206  29202  29204  29201  29195  29195  29211  29209  29200  29187  29182  29193  29184  29187  29185  29178  29175  29176  29177
  576.044   294565   518.19   294792   519.23  29478  29483  29479  29481  29479  29472  29472  29487  29485  29476  29464  29459  29444  29461  29464  29463  29454  29450  29453  29453
  581.044   297174   517.60   297367   514.98  29738  29746  29738  29739  29740  29731  29732  29720  29747  29736  29726  29720  29704  29721  29727  29726  29715  29710  29713  29712
  586.044   299715   518.51   299939   518.21  30000  29982  30000  30001  30002  29992  29994  29985  29983  30000  29960  29982  29965  29983  29963  29962  29978  29973  29974  29975
  591.044   302231   517.42   302406   517.89  30256  30238  30232  30233  30233  30250  30250  30242  30241  30231  30216  30214  30223  30240  30218  30220  30233  30229  30231  30207
  596.044   304766   516.64   304943   517.45  30487  30496  30488  30490  30490  30505  30505  30498  30497  30487  30473  30469  30479  30472  30475  30477  30489  30484  30486  30462
  601.044   307304   516.46   307537   517.57  30752  30761  30752  30755  30754  30741  30742  30765  30765  30750  30738  30735  30718  30735  30741  30742  30725  30720  30725  30725
  606.044   309944   513.52   310117   511.68  31015  31023  31016  31017  31017  31006  31007  31001  31002  31013  31000  30999  30983  30999  31004  31005  30990  30985  30991  30988
  611.044   312552   511.80   312772   511.93  31281  31287  31281  31283  31283  31272  31273  31266  31267  31279  31263  31264  31247  31265  31245  31245  31258  31252  31258  31255
  616.044   315170   513.46   315339   512.48  31546  31524  31546  31520  31520  31537  31538  31532  31533  31543  31500  31529  31513  31529  31509  31507  31523  31517  31524  31519
  621.044   317734   517.40   317919   516.79  31785  31788  31785  31784  31786  31805  31804  31800  31800  31782  31768  31769  31781  31770  31775  31773  31790  31785  31764  31759
  626.044   320246   519.48   320460   518.94  32044  32047  32044  32042  32046  32038  32037  32060  32061  32041  32027  32028  32016  32029  32032  32029  32023  32018  32025  32019
  631.044   322925   521.58   323085   520.87  32313  32315  32313  32311  32314  32306  32304  32300  32300  32309  32295  32297  32283  32297  32300  32296  32291  32285  32292  32289
  636.044   325514   516.17   325672   517.45  32573  32574  32572  32571  32573  32565  32561  32559  32559  32565  32554  32556  32543  32556  32558  32554  32550  32544  32550  32549
  641.044   328038   513.26   328248   513.93  32833  32834  32833  32831  32807  32826  32822  32819  32818  32825  32787  32815  32804  32817  32793  32787  32810  32804  32811  32810
  646.044   330556   513.59   330767   514.06  33068  33071  33069  33066  33072  33089  33084  33083  33078  33087  33050  33051  33066  33052  33056  33048  33072  33066  33048  33047
  651.044   333192   516.98   333403   516.11  33335  33336  33335  33332  33340  33328  33350  33349  33346  33352  33317  33317  33332  33317  33323  33314  33312  33331  33315  33314
  656.044   335811   521.46   335993   519.51  33601  33601  33603  33597  33607  33596  33591  33589  33614  33594  33583  33583  33573  33584  33591  33582  33581  33573  33581  33580
  661.045   338471   518.31   338621   518.84  33866  33866  33868  33863  33873  33861  33855  33853  33855  33861  33848  33849  33840  33850  33857  33847  33847  33839  33847  33847
  666.044   341029   515.23   341173   516.54  34125  34124  34128  34121  34105  34117  34113  34110  34112  34118  34108  34105  34096  34109  34091  34106  34105  34096  34105  34108
  671.044   343570   515.91   343736   516.24  34361  34385  34363  34382  34368  34378  34375  34372  34374  34378  34343  34366  34358  34372  34354  34341  34367  34358  34368  34343
  676.044   346136   520.23   346324   517.79  34625  34625  34628  34619  34631  34641  34638  34636  34639  34642  34606  34631  34624  34610  34618  34605  34607  34621  34606  34608
  681.044   348745   520.18   348930   517.63  34892  34889  34892  34886  34898  34882  34903  34903  34904  34881  34873  34871  34864  34877  34884  34872  34873  34888  34870  34873
  686.044   351279   518.19   351413   516.61  35147  35145  35148  35144  35154  35138  35133  35132  35133  35139  35128  35127  35120  35135  35140  35127  35128  35119  35127  35128
  691.045   353820   510.86   353949   511.86  35402  35400  35403  35400  35385  35396  35388  35388  35391  35396  35384  35385  35376  35392  35372  35383  35385  35376  35383  35384
  696.044   356382   508.24   356511   509.48  35659  35656  35659  35658  35642  35652  35643  35645  35646  35651  35640  35640  35633  35650  35630  35639  35641  35628  35642  35639
  701.044   358820   508.27   359001   507.94  35891  35913  35889  35888  35899  35909  35899  35901  35904  35908  35871  35899  35891  35879  35887  35869  35898  35884  35873  35869
  706.044   361325   507.87   361509   505.89  36149  36145  36148  36147  36158  36141  36158  36160  36163  36140  36131  36129  36121  36138  36147  36127  36129  36143  36132  36128
  711.045   363851   506.01   364010   505.17  36406  36404  36405  36405  36415  36400  36391  36392  36394  36398  36388  36387  36378  36398  36381  36383  36386  36373  36390  36387
  716.044   366405   503.22   366537   504.03  36662  36660  36660  36659  36645  36654  36646  36647  36650  36654  36644  36640  36633  36655  36635  36639  36640  36630  36645  36644
  721.044   368915   503.94   369106   503.41  36919  36918  36917  36916  36901  36912  36902  36904  36906  36911  36875  36895  36888  36885  36891  36896  36896  36886  36902  36901
  726.044   371472   502.90   371636   504.08  37156  37155  37156  37155  37164  37174  37165  37168  37169  37174  37138  37158  37152  37147  37154  37135  37160  37149  37140  37139
  731.044   374088   507.99   374194   506.34  37417  37415  37416  37417  37426  37409  37427  37429  37429  37409  37401  37420  37412  37409  37416  37397  37421  37410  37401  37401
  736.044   376540   508.07   376741   507.80  37673  37669  37670  37672  37680  37664  37683  37683  37683  37664  37658  37674  37642  37665  37647  37652  37650  37639  37657  37656
  741.044   379076   506.66   379208   507.43  37930  37927  37927  37930  37911  37921  37914  37915  37913  37920  37915  37905  37897  37921  37904  37908  37905  37896  37914  37911
  746.044   381642   507.82   381768   507.62  38188  38186  38186  38163  38169  38179  38173  38175  38171  38178  38149  38165  38157  38180  38163  38167  38165  38154  38172  38170
  751.045   384098   506.98   384293   505.44  38419  38442  38439  38418  38424  38434  38428  38430  38425  38434  38403  38419  38413  38410  38419  38400  38419  38410  38403  38402
  756.044   386681   506.04   386825   505.44  38676  38674  38672  38677  38683  38692  38686  38688  38684  38693  38660  38677  38671  38668  38678  38658  38679  38669  38661  38660
  761.044   389218   505.10   389334   505.44  38936  38933  38932  38935  38941  38924  38944  38922  38942  38925  38920  38935  38929  38927  38911  38918  38937  38902  38920  38919
  766.045   391698   504.23   391835   503.89  39191  39188  39188  39191  39198  39178  39174  39176  39173  39178  39175  39166  39158  39181  39167  39174  39167  39158  39178  39174
  771.044   394313   506.68   394419   506.81  39451  39450  39449  39453  39432  39439  39435  39436  39434  39440  39434  39428  39418  39443  39429  39436  39427  39419  39442  39437
  776.044   396828   507.01   396987   507.21  39710  39709  39707  39685  39691  39698  39695  39695  39696  39701  39693  39690  39677  39702  39688  39669  39686  39679  39674  39670
  781.044   399398   509.82   399554   506.69  39946  39970  39942  39946  39951  39961  39958  39957  39960  39963  39927  39953  39939  39938  39951  39931  39949  39942  39936  39932
  786.045   402017   510.29   402124   509.04  40210  40205  40204  40210  40213  40222  40219  40219  40222  40200  40190  40215  40201  40200  40212  40193  40212  40203  40197  40194
  791.044   404469   509.14   404625   509.61  40468  40464  40462  40468  40471  40453  40451  40476  40454  40458  40447  40448  40434  40458  40445  40451  40443  40434  40456  40453
  796.044   407081   512.03   407202   512.33  40729  40725  40722  40728  40730  40713  40713  40710  40714  40718  40708  40708  40696  40719  40708  40712  40705  40694  40716  40715
  801.044   409542   509.26   409687   509.73  40959  40982  40979  40958  40960  40969  40969  40966  40970  40975  40965  40964  40953  40950  40964  40942  40960  40951  40947  40946
  806.044   412131   510.03   412253   508.79  41219  41220  41215  41219  41222  41232  41230  41228  41231  41237  41202  41225  41216  41212  41225  41203  41221  41212  41207  41208
  811.044   414727   509.36   414815   508.09  41476  41477  41475  41478  41480  41492  41491  41487  41491  41468  41459  41485  41477  41472  41487  41463  41479  41473  41464  41468
  816.044   417238   505.54   417323   505.67  41739  41733  41731  41738  41738  41718  41742  41741  41717  41726  41717  41741  41710  41731  41716  41726  41734  41702  41732  41729
  821.044   419672   509.33   419781   506.85  41972  41990  41990  41971  41970  41977  41975  41975  41978  41983  41977  41975  41967  41964  41974  41960  41967  41961  41965  41962
  826.044   422285   509.33   422395   507.25  42234  42250  42252  42233  42231  42239  42236  42235  42240  42245  42239  42235  42228  42226  42235  42221  42229  42221  42227  42224
  831.044   424861   513.21   424965   509.21  42493  42509  42484  42493  42490  42499  42497  42496  42500  42504  42474  42497  42488  42485  42496  42481  42489  42482  42486  42483
  836.044   427437   509.19   427511   507.55  42749  42740  42743  42749  42748  42756  42754  42754  42757  42761  42733  42755  42745  42745  42753  42738  42746  42740  42743  42739
  841.044   429962   504.75   430009   504.95  43005  42996  42997  43005  43004  43009  43008  43009  42987  42989  42988  43009  42999  43000  42984  42993  43000  42995  42999  42995
  846.044   432390   504.16   432465   505.50  43259  43251  43249  43259  43256  43237  43235  43237  43240  43242  43240  43238  43227  43229  43236  43248  43253  43223  43250  43246
  851.044   434908   510.40   435002   508.99  43493  43513  43511  43495  43492  43499  43495  43499  43501  43504  43502  43501  43490  43491  43499  43482  43490  43485  43485  43483
  856.044   437511   509.19   437602   507.72  43754  43772  43771  43755  43753  43759  43755  43758  43761  43764  43761  43761  43750  43751  43760  43743  43750  43745  43745  43745
  861.044   440056   506.41   440118   505.84  44011  44002  44002  44012  44010  44016  44011  44014  44018  44022  43994  44018  44005  44007  44019  43999  44006  44002  44003  44003
  866.045   442684   504.68   442739   505.12  44275  44266  44265  44277  44275  44284  44276  44278  44285  44258  44257  44286  44270  44274  44256  44264  44270  44270  44268  44269
  871.044   445262   508.20   445317   509.35  44538  44532  44530  44539  44536  44520  44537  44541  44521  44523  44522  44521  44531  44536  44521  44527  44533  44506  44533  44532
  876.044   447768   513.44   447889   512.37  44797  44793  44790  44798  44796  44780  44796  44775  44781  44783  44783  44780  44767  44771  44782  44762  44794  44768  44793  44768
  881.044   450348   516.41   450414   515.50  45033  45057  45054  45037  45032  45042  45033  45038  45043  45045  45046  45042  45030  45034  45045  45023  45033  45031  45032  45032
  886.044   452927   515.37   452965   512.62  45291  45290  45289  45297  45290  45305  45291  45299  45306  45307  45280  45301  45289  45296  45306  45282  45294  45293  45292  45294
  891.044   455551   515.57   455595   516.74  45555  45555  45551  45558  45554  45568  45555  45560  45569  45570  45543  45563  45550  45559  45569  45546  45554  45556  45554  45557
  896.044   458161   513.27   458183   514.78  45823  45820  45818  45823  45821  45809  45823  45826  45810  45810  45810  45829  45817  45825  45808  45811  45819  45799  45820  45823
  901.045   460711   513.27   460782   514.72  46082  46080  46077  46081  46082  46070  46083  46085  46071  46071  46069  46088  46077  46058  46069  46071  46081  46060  46081  46057
  906.044   463159   515.60   463285   513.15  46316  46337  46334  46315  46340  46329  46339  46317  46329  46329  46328  46321  46307  46316  46327  46303  46313  46317  46312  46315
  911.044   465778   515.92   465879   514.28  46580  46601  46598  46579  46579  46595  46575  46582  46595  46595  46564  46583  46571  46583  46593  46567  46575  46583  46576  46583
  916.044   468468   518.05   468513   519.23  46849  46844  46840  46849  46847  46863  46844  46852  46862  46863  46834  46852  46841  46853  46861  46835  46844  46852  46845  46851
  921.044   470972   514.01   470989   514.81  47106  47099  47094  47104  47101  47093  47097  47109  47093  47093  47088  47107  47096  47108  47092  47090  47100  47083  47102  47106
  926.044   473585   512.63   473653   515.18  47373  47364  47360  47371  47368  47359  47366  47376  47358  47358  47356  47375  47363  47347  47357  47358  47367  47349  47369  47344
  931.045   476166   513.61   476205   514.21  47629  47623  47618  47627  47626  47617  47624  47607  47617  47617  47615  47631  47619  47609  47616  47615  47624  47607  47626  47604
  936.045   478696   518.84   478782   515.69  47868  47889  47883  47867  47866  47882  47891  47872  47883  47881  47881  47872  47858  47875  47881  47856  47864  47872  47866  47871
  941.044   481265   516.23   481282   513.41  48123  48119  48138  48123  48121  48137  48120  48126  48138  48137  48117  48130  48116  48135  48139  48117  48123  48132  48125  48131
  946.044   483933   516.41   483917   515.23  48392  48389  48405  48393  48390  48380  48388  48394  48381  48405  48385  48399  48386  48406  48406  48386  48393  48376  48395  48401
  951.044   486414   514.77   486422   514.46  48649  48645  48635  48648  48645  48635  48643  48650  48636  48636  48641  48654  48643  48637  48637  48640  48650  48631  48650  48631
  956.044   488978   511.31   488986   509.30  48905  48902  48893  48904  48901  48891  48899  48906  48893  48892  48897  48911  48899  48894  48894  48896  48906  48887  48906  48888
  961.044   491607   514.68   491593   513.78  49148  49172  49161  49147  49169  49158  49168  49149  49160  49161  49165  49179  49142  49161  49162  49164  49149  49155  49175  49155
  966.044   494167   515.69   494179   513.21  49413  49413  49427  49413  49408  49424  49408  49415  49429  49429  49405  49419  49407  49427  49430  49404  49415  49423  49415  49422
  971.044   496731   516.01   496718   515.97  49672  49671  49690  49672  49666  49686  49667  49672  49661  49661  49664  49677  49665  49689  49692  49660  49673  49656  49672  49683
  976.044   499287   514.40   499277   514.60  49933  49932  49924  49933  49928  49919  49929  49932  49924  49923  49926  49938  49927  49923  49926  49923  49933  49918  49932  49941
  981.044   501880   514.63   501893   513.86  50195  50194  50185  50196  50190  50179  50191  50194  50185  50184  50189  50199  50190  50184  50188  50186  50195  50178  50194  50177
  986.044   504559   517.75   504571   516.98  50462  50461  50455  50463  50457  50446  50459  50461  50454  50453  50457  50467  50457  50452  50457  50454  50462  50447  50461  50445
  991.044   507041   514.50   507053   514.50  50694  50720  50714  50694  50716  50706  50692  50694  50712  50711  50690  50725  50690  50710  50715  50688  50695  50705  50719  50704
  996.044   509585   514.77   509576   514.93  50957  50956  50951  50958  50952  50968  50954  50958  50973  50949  50953  50959  50952  50971  50953  50951  50957  50967  50956  50966
 1001.045   512194   517.21   512188   518.29  51221  51220  51214  51222  51216  51231  51218  51222  51211  51213  51216  51223  51216  51233  51217  51216  51221  51205  51218  51229
 1006.044   514685   513.36   514675   514.19  51471  51472  51464  51475  51468  51456  51469  51475  51462  51463  51469  51474  51467  51460  51467  51468  51474  51456  51470  51480
 1011.044   517235   510.91   517226   510.17  51731  51730  51720  51732  51726  51714  51726  51708  51718  51721  51725  51731  51724  51717  51724  51726  51736  51713  51727  51712
 1016.044   519758   504.58   519750   504.78  51963  51986  51978  51964  51984  51971  51984  51965  51976  51979  51983  51988  51980  51976  51980  51958  51968  51970  51984  51971
 1021.044   522316   506.64   522259   506.88  52222  52218  52236  52224  52216  52231  52215  52225  52235  52237  52215  52245  52237  52236  52239  52218  52225  52228  52242  52231
 1026.044   524733   506.58   524719   506.41  52474  52474  52464  52478  52469  52485  52468  52479  52464  52464  52469  52472  52469  52490  52467  52473  52478  52456  52474  52485
 1031.044   527311   504.75   527317   505.18  52738  52737  52726  52740  52730  52723  52731  52741  52726  52725  52732  52733  52734  52727  52729  52737  52742  52718  52737  52722
 1036.044   529873   505.32   529871   506.46  52995  52993  52978  52995  52985  52978  52986  52996  52983  52982  52989  52988  52992  52984  52985  52993  52998  52974  52993  52977
 1041.044   532390   506.78   532387   504.40  53228  53252  53238  53228  53243  53238  53244  53229  53243  53244  53250  53248  53225  53242  53243  53227  53231  53235  53254  53235
 1046.044   534950   506.29   534966   506.22  53488  53488  53498  53487  53506  53499  53505  53487  53503  53505  53485  53509  53487  53505  53503  53491  53491  53496  53488  53495
 1051.044   537405   497.53   537316   499.14  53737  53743  53738  53737  53718  53736  53715  53737  53740  53715  53738  53748  53736  53744  53742  53737  53744  53734  53745  53737
 1056.044   539749   502.99   539741   503.22  53970  53975  53970  53993  53974  53969  53974  53969  53973  53974  53968  53980  53969  53976  53974  53967  53977  53966  53978  53994
 1061.044   542324   503.79   542309   503.09  54230  54234  54230  54226  54234  54229  54233  54227  54233  54233  54227  54241  54230  54237  54234  54228  54236  54226  54238  54227
 1066.045   544887   503.83   544863   502.28  54486  54490  54485  54484  54487  54486  54487  54484  54487  54487  54485  54496  54486  54494  54491  54485  54492  54482  54491  54485
 1071.044   547510   498.54   547488   497.80  54748  54752  54748  54747  54750  54748  54750  54747  54749  54749  54748  54759  54749  54757  54752  54747  54753  54743  54754  54748
 1076.045   550199   501.64   550173   500.37  55018  55021  55016  55016  55018  55017  55017  55016  55017  55017  55017  55029  55017  55026  55021  55016  55022  55011  55023  55017
 1081.044   552611   507.65   552527   509.56  55250  55255  55275  55249  55251  55249  55249  55250  55250  55249  55250  55262  55249  55261  55280  55251  55255  55246  55281  55276
 1086.045   555136   516.34   555095   515.23  55510  55516  55508  55507  55511  55509  55507  55510  55510  55507  55510  55523  55508  55522  55515  55513  55515  55507  55514  55509
 1091.044   557759   517.97   557720   517.17  55773  55779  55771  55770  55772  55772  55770  55771  55772  55770  55773  55785  55770  55784  55777  55775  55777  55770  55776  55772
 1096.044   560374   515.35   560335   515.72  56036  56040  56033  56032  56033  56033  56031  56032  56033  56032  56035  56048  56032  56045  56038  56037  56037  56031  56038  56033
 1101.044   562955   510.54   562913   510.00  56294  56299  56291  56290  56291  56293  56286  56290  56289  56290  56292  56307  56292  56303  56293  56295  56296  56289  56297  56291
 1106.044   565439   506.06   565432   505.72  56528  56534  56551  56550  56550  56526  56545  56550  56548  56550  56550  56540  56551  56535  56552  56527  56557  56521  56556  56550
 1111.044   567928   513.15   567888   514.66  56790  56795  56787  56786  56784  56787  56804  56786  56783  56786  56786  56803  56788  56798  56812  56790  56792  56782  56792  56785
 1116.044   570520   516.26   570481   516.33  57051  57058  57049  57048  57046  57049  57040  57048  57044  57048  57047  57064  57049  57060  57050  57052  57054  57044  57054  57046
 1121.044   573131   515.84   573090   514.90  57312  57318  57310  57309  57307  57309  57302  57309  57305  57309  57308  57325  57311  57320  57311  57313  57316  57305  57315  57307
 1126.044   575827   512.79   575789   511.88  57582  57587  57580  57579  57577  57578  57572  57579  57576  57579  57578  57594  57581  57589  57580  57583  57586  57573  57584  57579
 1131.044   578441   511.38   578370   511.31  57820  57823  57845  57842  57840  57841  57835  57842  57840  57842  57841  57858  57845  57856  57843  57821  57851  57837  57847  57842
 1136.044   580866   515.82   580819   514.48  58079  58084  58079  58076  58075  58076  58096  58077  58102  58075  58076  58093  58079  58091  58105  58082  58085  58071  58081  58103
 1141.044   583468   520.52   583395   520.35  58343  58345  58343  58338  58337  58341  58332  58342  58336  58338  58339  58355  58342  58355  58369  58345  58347  58334  58344  58338
 1146.044   586131   523.86   586082   523.52  58612  58613  58612  58606  58605  58609  58602  58611  58606  58606  58608  58624  58610  58625  58612  58614  58616  58602  58612  58608
 1151.044   588674   519.18   588623   517.23  58864  58867  58867  58860  58859  58863  58856  58866  58860  58861  58862  58878  58864  58881  58864  58870  58870  58856  58867  58862
 1156.044   591235   510.13   591210   509.63  59121  59124  59126  59118  59120  59122  59115  59125  59121  59118  59120  59137  59123  59115  59122  59128  59127  59113  59128  59122
 1161.044   593758   508.76   593646   509.26  59356  59382  59357  59377  59354  59356  59374  59357  59356  59377  59380  59373  59383  59375  59383  59360  59387  59373  59362  59382
 1166.044   596227   513.72   596141   513.29  59614  59613  59615  59607  59612  59614  59631  59613  59615  59607  59610  59631  59614  59633  59638  59618  59619  59630  59621  59613
 1171.044   598786   513.19   598717   514.16  59875  59873  59875  59868  59872  59873  59866  59873  59875  59867  59870  59891  59876  59894  59876  59878  59880  59865  59883  59873
 1176.044   601322   506.11   601224   505.10  60126  60124  60126  60119  60121  60123  60119  60123  60124  60119  60121  60148  60125  60150  60129  60135  60135  60117  60137  60125
 1181.044   603899   506.41   603811   502.52  60385  60384  60384  60377  60382  60382  60377  60380  60383  60377  60383  60382  60390  60408  60389  60393  60394  60379  60396  60385
 1186.044   606390   504.50   606242   500.40  60615  60638  60615  60633  60613  60613  60633  60634  60615  60633  60640  60640  60646  60639  60647  60625  60651  60636  60626  60640
 1191.044   608995   507.82   608840   507.25  60879  60878  60879  60899  60877  60877  60899  60874  60879  60899  60906  60905  60886  60902  60914  60890  60892  60902  60890  60908
 1196.044   611579   514.31   611453   513.84  61148  61147  61148  61142  61147  61147  61142  61142  61148  61142  61149  61176  61154  61170  61156  61158  61160  61146  61159  61151
