Test case: 
Description: 
	10 senders: persistent queues
	10 receivers: client acknowledge every 50 messages
Timestamp: 2011.11.2 0:25:54
Version: 
Setting up JMS benchmark connections... 

Start processing messages.
Fri Dec 02 00:25:54 EST 2011

  Seconds   Send   Send/Sec   Recv   Recv/Sec   RCV0   RCV1   RCV2   RCV3   RCV4   RCV5   RCV6   RCV7   RCV8   RCV9  SND10  SND11  SND12  SND13  SND14  SND15  SND16  SND17  SND18  SND19
  ------- -------- -------- -------- -------- ------ ------ ------ ------ ------ ------ ------ ------ ------ ------ ------ ------ ------ ------ ------ ------ ------ ------ ------ ------
    0.986        0     0.00        0     0.00      0      0      0      0      0      0      0      0      0      0      0      0      0      0      0      0      0      0      0      0
    5.986     1966   427.39     2189   475.87    219    219    219    219    220    220    219    219    217    218    196    198    198    196    196    196    197    195    197    197
   10.986     4452   463.75     4678   487.29    470    469    469    467    469    468    469    466    465    466    445    443    447    446    446    445    446    445    444    445
   15.986     6948   460.21     7178   473.97    719    717    719    717    720    719    719    716    716    716    693    692    695    696    694    696    696    696    695    695
   20.986     9411   467.86     9644   479.69    965    964    965    964    967    966    964    963    963    963    940    939    941    941    941    943    941    942    941    942
   25.986    11724   476.59    11952   485.85   1196   1195   1195   1195   1199   1197   1194   1193   1195   1193   1173   1171   1172   1172   1172   1174   1171   1173   1172   1174
   30.986    14208   480.00    14429   487.47   1443   1442   1443   1442   1447   1444   1442   1442   1443   1441   1422   1419   1421   1420   1420   1423   1420   1421   1420   1422
   35.986    16823   498.56    17052   498.76   1706   1704   1706   1704   1709   1706   1704   1704   1705   1704   1682   1680   1682   1681   1682   1686   1682   1683   1682   1683
   40.986    19365   496.98    19595   498.83   1959   1960   1959   1959   1962   1962   1959   1959   1957   1959   1937   1935   1934   1936   1936   1941   1935   1936   1937   1938
   45.986    21967   494.28    22189   493.98   2218   2219   2218   2218   2222   2223   2218   2218   2217   2218   2198   2194   2194   2195   2196   2202   2196   2196   2198   2198
   50.986    24519   500.87    24788   500.34   2480   2482   2480   2480   2484   2460   2480   2482   2480   2480   2435   2456   2457   2457   2459   2441   2459   2458   2436   2461
   55.986    26963   511.38    27181   511.04   2717   2718   2717   2717   2721   2722   2717   2718   2717   2717   2697   2692   2693   2694   2696   2704   2696   2695   2698   2698
   60.986    29498   513.07    29711   512.80   2969   2971   2970   2971   2973   2977   2971   2970   2969   2970   2949   2946   2945   2947   2949   2958   2951   2948   2953   2952
   65.986    32026   509.21    32239   509.65   3220   3224   3223   3224   3227   3230   3224   3222   3222   3223   3201   3199   3197   3199   3202   3210   3205   3201   3206   3206
   70.987    34538   504.98    34748   506.83   3473   3474   3476   3474   3477   3481   3474   3473   3473   3473   3454   3449   3450   3451   3452   3461   3456   3451   3456   3458
   75.987    37152   501.07    37366   500.70   3735   3737   3738   3735   3739   3741   3736   3735   3735   3735   3715   3711   3711   3714   3714   3722   3717   3712   3717   3719
   80.986    39660   503.05    39949   501.21   3997   3997   3997   3995   4000   3977   3996   3997   3996   3997   3974   3972   3973   3973   3975   3957   3953   3973   3953   3957
   85.986    42066   506.81    42282   506.74   4229   4229   4229   4224   4229   4232   4227   4229   4225   4229   4206   4202   4205   4204   4205   4213   4208   4203   4208   4212
   90.986    44593   506.54    44815   506.85   4483   4483   4483   4477   4481   4486   4479   4483   4477   4483   4458   4455   4457   4456   4458   4466   4461   4457   4461   4464
   95.987    47177   505.08    47395   503.57   4741   4741   4742   4734   4739   4743   4736   4742   4735   4742   4716   4714   4716   4713   4717   4725   4720   4714   4720   4722
  100.986    49732   504.01    49977   505.15   4999   4999   5000   4994   4997   5001   4994   5000   4993   5000   4973   4973   4974   4971   4976   4959   4978   4972   4978   4978
  105.986    52224   500.72    52470   500.99   5255   5255   5233   5250   5254   5257   5250   5233   5250   5233   5229   5230   5231   5228   5233   5215   5210   5229   5209   5210
  110.986    54619   501.98    54929   499.87   5485   5485   5490   5507   5510   5486   5507   5490   5479   5490   5459   5459   5460   5457   5462   5471   5464   5459   5464   5464
  115.986    57245   509.36    57468   509.60   5747   5747   5751   5743   5746   5749   5741   5751   5742   5751   5722   5721   5722   5721   5724   5731   5728   5722   5727   5727
  120.986    59888   510.67    60114   509.06   6014   6014   6013   6008   6011   6014   6005   6014   6007   6014   5986   5985   5986   5985   5988   5995   5992   5986   5992   5993
  125.986    62413   505.42    62640   504.88   6267   6266   6266   6260   6265   6266   6257   6266   6261   6266   6237   6239   6240   6238   6240   6247   6245   6238   6243   6246
  130.987    64876   501.48    65139   501.28   6516   6516   6515   6511   6515   6518   6507   6515   6511   6515   6489   6490   6492   6489   6491   6473   6495   6491   6493   6473
  135.986    67295   503.93    67560   502.75   6749   6749   6746   6769   6772   6750   6764   6746   6768   6747   6747   6722   6724   6746   6723   6729   6728   6723   6724   6729
  140.986    69896   512.65    70136   509.46   7015   7015   7012   7009   7012   7014   7027   7012   7008   7012   6986   6987   6988   6986   6989   6994   6994   6989   6990   6993
  145.986    72541   513.31    72751   512.87   7279   7279   7276   7274   7276   7279   7266   7275   7272   7275   7250   7251   7252   7251   7255   7258   7259   7253   7254   7258
  150.986    75229   509.73    75435   509.90   7546   7546   7545   7544   7544   7548   7535   7543   7540   7544   7518   7520   7521   7521   7525   7526   7527   7521   7523   7527
  155.986    77758   505.94    77964   506.14   7799   7798   7797   7797   7797   7802   7788   7796   7792   7798   7771   7774   7774   7774   7779   7778   7779   7774   7776   7779
  160.986    80213   511.23    80476   509.48   8035   8035   8057   8057   8059   8037   8051   8058   8053   8034   8033   8008   8011   8035   8014   8014   8013   8034   8036   8015
  165.986    82758   518.05    83016   516.11   8296   8297   8295   8294   8318   8299   8312   8295   8314   8296   8269   8272   8276   8271   8276   8278   8275   8293   8272   8276
  170.986    85341   518.29    85574   517.21   8557   8558   8557   8554   8554   8560   8570   8557   8550   8557   8530   8533   8536   8530   8537   8539   8537   8529   8533   8537
  175.987    87919   510.62    88127   510.55   8816   8816   8816   8810   8812   8819   8800   8816   8806   8816   8788   8791   8794   8787   8795   8797   8796   8787   8788   8796
  180.986    90524   507.42    90729   508.19   9076   9076   9076   9070   9073   9078   9060   9076   9068   9076   9050   9051   9055   9047   9055   9058   9057   9047   9048   9056
  185.986    93012   507.60    93189   508.31   9312   9312   9312   9332   9335   9314   9320   9312   9328   9312   9313   9287   9290   9308   9315   9295   9293   9308   9310   9293
  190.986    95474   509.61    95697   508.31   9565   9565   9562   9582   9584   9565   9571   9562   9579   9562   9539   9539   9542   9559   9541   9547   9544   9558   9560   9545
  195.986    97953   508.09    98125   506.11   9816   9816   9813   9808   9807   9815   9822   9813   9803   9812   9789   9789   9793   9808   9792   9798   9795   9807   9786   9796
  200.987   100414   504.41   100644   504.21  10066  10067  10064  10060  10062  10065  10074  10064  10058  10064  10040  10040  10044  10037  10043  10047  10044  10036  10039  10044
  205.986   103088   502.84   103292   503.54  10334  10334  10332  10329  10327  10334  10316  10332  10322  10332  10310  10309  10310  10302  10311  10314  10312  10301  10307  10312
  210.986   105730   503.54   105937   504.41  10598  10598  10598  10592  10591  10598  10581  10595  10588  10598  10575  10573  10576  10566  10575  10578  10576  10565  10570  10576
  215.986   108186   506.28   108476   508.15  10834  10835  10835  10857  10858  10863  10845  10860  10854  10835  10812  10811  10813  10831  10813  10814  10812  10832  10836  10812
  220.987   110745   509.90   110974   510.07  11091  11093  11090  11110  11111  11095  11099  11088  11107  11090  11068  11069  11068  11085  11069  11073  11070  11085  11088  11070
  225.986   113302   515.08   113529   516.06  11354  11356  11353  11349  11348  11358  11363  11351  11344  11353  11331  11333  11332  11322  11332  11336  11334  11322  11327  11333
  230.986   115951   517.79   116162   516.21  11619  11623  11619  11614  11613  11623  11604  11619  11609  11619  11596  11601  11596  11586  11596  11600  11598  11587  11593  11598
  235.986   118603   515.00   118842   516.17  11886  11890  11887  11882  11883  11890  11872  11887  11878  11887  11864  11842  11864  11855  11865  11867  11865  11856  11861  11864
  240.986   121214   512.62   121424   513.62  12146  12125  12148  12144  12142  12151  12133  12148  12139  12148  12124  12105  12125  12116  12124  12127  12125  12120  12123  12125
  245.986   123724   517.99   123933   516.14  12386  12388  12386  12406  12407  12388  12396  12386  12404  12386  12362  12369  12365  12381  12386  12365  12363  12384  12386  12363
  250.986   126212   517.33   126419   517.43  12641  12644  12641  12637  12639  12647  12653  12641  12635  12641  12618  12627  12622  12635  12617  12623  12619  12613  12617  12621
  255.986   128738   516.24   128969   516.38  12896  12900  12896  12891  12894  12903  12907  12896  12890  12896  12873  12882  12879  12864  12871  12878  12875  12868  12872  12876
  260.986   131256   510.20   131487   510.03  13150  13154  13148  13147  13150  13156  13137  13150  13145  13150  13125  13111  13133  13120  13125  13133  13129  13123  13126  13131
  265.986   133751   504.06   134031   502.85  13406  13408  13403  13401  13404  13411  13391  13404  13398  13405  13378  13367  13361  13376  13379  13388  13383  13376  13382  13361
  270.986   136213   499.95   136468   500.65  13633  13636  13657  13655  13657  13641  13646  13657  13652  13634  13630  13622  13615  13629  13632  13616  13611  13629  13612  13617
  275.986   138772   500.44   138925   501.28  13889  13891  13887  13888  13913  13896  13902  13887  13883  13889  13885  13879  13870  13886  13889  13870  13867  13886  13868  13872
  280.986   141216   501.81   141447   503.46  14145  14146  14142  14145  14141  14150  14154  14142  14137  14145  14114  14133  14124  14114  14117  14125  14123  14114  14124  14128
  285.986   143791   501.64   144019   503.29  14404  14407  14402  14405  14400  14411  14389  14401  14396  14404  14373  14366  14385  14375  14376  14386  14384  14374  14383  14389
  290.986   146375   503.00   146580   501.26  14663  14665  14661  14664  14658  14645  14648  14660  14654  14662  14630  14624  14643  14635  14634  14645  14644  14633  14642  14645
  295.986   148844   502.11   149096   501.17  14919  14897  14917  14897  14916  14903  14904  14916  14910  14917  14888  14880  14875  14891  14892  14877  14876  14889  14899  14877
  300.986   151353   504.56   151533   502.92  15147  15150  15145  15149  15170  15158  15160  15145  15164  15145  15141  15133  15126  15143  15145  15131  15130  15143  15128  15133
  305.986   153854   503.56   154100   506.64  15407  15409  15406  15407  15402  15416  15418  15406  15423  15406  15374  15389  15384  15377  15403  15388  15387  15375  15386  15391
  310.986   156379   505.32   156625   506.69  15662  15665  15662  15662  15655  15673  15673  15660  15651  15662  15628  15644  15638  15633  15631  15645  15643  15629  15641  15647
  315.986   158898   502.75   159123   501.81  15917  15919  15917  15917  15910  15902  15903  15915  15906  15917  15883  15898  15892  15888  15884  15899  15898  15883  15896  15877
  320.986   161365   502.15   161673   501.24  16175  16150  16175  16175  16166  16160  16160  16175  16162  16175  16139  16129  16151  16143  16141  16130  16129  16140  16129  16134
  325.986   163980   504.26   164178   504.36  16412  16413  16412  16412  16431  16425  16424  16410  16427  16412  16403  16392  16389  16407  16406  16393  16392  16406  16393  16399
  330.986   166528   504.87   166755   507.32  16668  16671  16671  16671  16689  16682  16681  16667  16685  16670  16659  16652  16647  16664  16662  16653  16649  16638  16649  16655
  335.986   169008   505.03   169263   503.59  16923  16927  16927  16928  16920  16938  16936  16921  16916  16927  16890  16907  16903  16894  16894  16908  16904  16893  16905  16910
  340.986   171541   504.60   171774   504.13  17179  17184  17183  17185  17177  17168  17166  17177  17173  17182  17146  17162  17159  17150  17151  17162  17161  17149  17161  17140
  345.986   173933   503.66   174241   502.08  17431  17410  17434  17411  17429  17419  17417  17431  17425  17434  17399  17388  17386  17402  17402  17388  17388  17401  17387  17392
  350.987   176506   504.60   176712   502.95  17662  17667  17666  17669  17688  17676  17674  17662  17682  17666  17657  17643  17642  17660  17660  17646  17645  17658  17645  17650
  355.986   179077   503.20   179253   504.21  17920  17926  17924  17929  17922  17936  17932  17922  17918  17924  17915  17904  17901  17920  17918  17907  17905  17893  17904  17910
  360.986   181512   498.46   181774   501.38  18172  18178  18175  18181  18174  18188  18185  18175  18171  18175  18140  18155  18152  18144  18144  18158  18158  18143  18156  18162
  365.986   183991   498.47   184256   497.90  18423  18429  18426  18432  18426  18412  18434  18426  18422  18426  18390  18406  18403  18394  18394  18409  18408  18394  18407  18411
  370.986   186451   497.08   186709   495.34  18675  18679  18676  18657  18677  18661  18659  18676  18673  18676  18639  18653  18652  18643  18641  18635  18656  18641  18656  18635
  375.986   188899   501.33   189132   497.94  18905  18908  18906  18912  18932  18915  18913  18906  18928  18907  18894  18883  18883  18898  18897  18888  18885  18897  18884  18890
  380.989   191463   498.51   191641   500.99  19161  19164  19163  19167  19162  19173  19168  19162  19157  19164  19152  19139  19140  19154  19152  19145  19143  19152  19141  19145
  385.987   193954   495.82   194194   498.81  19415  19419  19417  19422  19419  19429  19424  19415  19414  19420  19381  19393  19393  19408  19405  19402  19396  19380  19397  19399
  390.986   196483   497.15   196774   498.12  19672  19677  19676  19679  19677  19686  19682  19673  19673  19679  19640  19651  19650  19641  19638  19660  19653  19638  19655  19657
  395.986   198933   497.18   199227   495.44  19923  19927  19927  19929  19928  19910  19907  19923  19924  19929  19890  19902  19899  19890  19889  19885  19901  19890  19905  19882
  400.986   201460   500.03   201706   499.63  20181  20159  20159  20162  20186  20167  20167  20181  20182  20162  20150  20133  20156  20147  20147  20143  20159  20149  20137  20139
  405.986   204018   504.83   204214   506.11  20415  20421  20421  20423  20421  20429  20429  20415  20417  20423  20410  20395  20390  20408  20408  20405  20393  20409  20399  20401
  410.986   206517   500.99   206734   504.85  20670  20673  20673  20673  20673  20681  20679  20670  20669  20673  20638  20648  20643  20658  20661  20657  20645  20662  20651  20654
  415.986   209059   502.53   209330   504.45  20931  20932  20931  20932  20933  20941  20939  20931  20929  20931  20897  20906  20903  20919  20894  20916  20905  20896  20909  20914
  420.986   211577   503.10   211862   499.48  21190  21190  21190  21190  21191  21173  21171  21190  21187  21190  21157  21165  21165  21154  21154  21150  21164  21154  21168  21146
  425.986   214142   506.04   214417   502.89  21445  21444  21444  21446  21450  21428  21427  21444  21445  21444  21414  21419  21421  21412  21412  21405  21421  21411  21424  21403
  430.986   216554   503.12   216736   504.36  21672  21672  21672  21672  21676  21680  21678  21670  21672  21672  21665  21646  21646  21664  21663  21655  21649  21661  21650  21655
  435.987   219080   502.08   219293   506.01  21929  21929  21929  21929  21931  21933  21933  21923  21928  21929  21894  21903  21903  21917  21918  21908  21904  21916  21906  21911
  440.986   221598   502.62   221887   505.07  22188  22189  22188  22189  22190  22192  22193  22182  22188  22188  22152  22163  22162  22152  22151  22168  22163  22150  22166  22171
  445.986   224161   501.41   224424   499.26  22444  22446  22444  22446  22448  22448  22423  22437  22444  22444  22406  22419  22420  22409  22408  22425  22419  22405  22424  22426
  450.987   226647   502.25   226868   499.36  22699  22674  22699  22699  22678  22677  22678  22691  22674  22699  22659  22648  22673  22662  22664  22676  22674  22659  22677  22655
  455.986   229070   499.14   229299   498.47  22924  22926  22925  22923  22930  22939  22936  22945  22926  22925  22911  22901  22898  22914  22919  22900  22901  22912  22902  22912
  460.986   231621   501.31   231825   504.66  23179  23181  23180  23179  23187  23193  23191  23172  23183  23180  23166  23158  23153  23168  23173  23155  23158  23166  23157  23167
  465.986   234218   503.67   234446   505.02  23440  23443  23442  23440  23451  23455  23453  23434  23447  23441  23427  23421  23414  23431  23410  23418  23420  23428  23420  23429
  470.986   236644   502.32   236921   500.20  23692  23695  23695  23691  23704  23682  23680  23687  23700  23695  23654  23675  23666  23659  23664  23669  23673  23654  23673  23657
  475.986   239110   497.42   239360   497.01  23942  23944  23943  23939  23930  23930  23929  23935  23925  23943  23902  23901  23915  23908  23913  23919  23921  23904  23921  23906
  480.986   241536   497.10   241758   497.97  24166  24169  24168  24188  24180  24181  24179  24184  24177  24166  24152  24153  24140  24160  24162  24168  24146  24154  24145  24156
  485.986   244074   498.29   244291   499.60  24421  24426  24423  24418  24436  24437  24435  24441  24433  24421  24408  24409  24395  24417  24418  24398  24402  24410  24401  24416
  490.986   246690   501.33   246913   502.84  24686  24690  24688  24682  24702  24702  24700  24679  24698  24686  24673  24673  24660  24681  24655  24664  24667  24674  24664  24679
  495.986   249178   498.26   249456   499.90  24944  24951  24949  24941  24962  24935  24933  24937  24958  24946  24907  24933  24918  24912  24914  24925  24926  24908  24925  24910
  500.986   251723   502.67   251960   501.33  25200  25206  25204  25196  25190  25193  25190  25194  25185  25202  25165  25162  25175  25172  25172  25182  25182  25165  25181  25167
  505.986   254188   504.23   254444   503.59  25455  25436  25434  25449  25443  25445  25442  25447  25437  25456  25419  25415  25430  25425  25427  25411  25412  25417  25411  25421
  510.987   256770   507.72   257001   509.77  25690  25697  25695  25711  25702  25706  25704  25708  25696  25692  25679  25676  25664  25687  25688  25672  25673  25677  25672  25682
  515.986   259380   509.73   259614   511.28  25954  25961  25957  25947  25966  25971  25969  25974  25960  25955  25945  25938  25926  25951  25924  25934  25939  25941  25935  25947
  520.987   261912   507.40   262153   507.94  26214  26221  26215  26206  26225  26204  26226  26206  26221  26215  26178  26195  26186  26183  26184  26192  26199  26199  26192  26204
  525.986   264347   505.64   264570   503.79  26462  26469  26464  26454  26450  26455  26449  26457  26446  26464  26427  26444  26433  26431  26434  26441  26446  26423  26441  26427
  530.987   266819   503.09   267068   503.49  26717  26694  26718  26705  26702  26707  26701  26710  26698  26716  26679  26669  26686  26683  26685  26696  26673  26674  26695  26679
  535.987   269340   506.68   269560   505.44  26948  26951  26950  26964  26958  26964  26958  26967  26954  26946  26935  26927  26943  26941  26942  26927  26931  26931  26926  26937
  540.986   271921   504.14   272157   505.12  27207  27211  27210  27222  27218  27224  27219  27225  27214  27207  27193  27187  27200  27199  27200  27185  27190  27190  27183  27194
  545.986   274401   499.83   274611   499.87  27459  27465  27461  27450  27472  27453  27473  27452  27467  27459  27446  27440  27426  27452  27428  27438  27442  27444  27437  27448
  550.986   276840   497.47   277121   498.81  27711  27718  27715  27704  27726  27708  27702  27706  27720  27711  27675  27693  27680  27680  27682  27692  27696  27673  27691  27678
  555.986   279391   501.41   279621   501.61  27968  27973  27971  27959  27955  27963  27955  27961  27949  27967  27930  27947  27934  27937  27937  27947  27951  27929  27946  27933
  560.986   281801   501.02   282061   500.55  28195  28198  28196  28211  28207  28216  28206  28211  28201  28220  28181  28173  28186  28187  28188  28173  28177  28180  28172  28184
  565.986   284299   496.80   284528   498.84  28444  28448  28446  28460  28457  28464  28457  28460  28449  28443  28431  28422  28433  28437  28437  28424  28426  28432  28422  28435
  570.986   286865   496.81   287095   497.55  28701  28707  28706  28720  28715  28697  28717  28721  28709  28702  28691  28681  28693  28696  28670  28683  28685  28691  28680  28695
  575.986   289293   496.31   289574   497.85  28955  28961  28961  28948  28966  28951  28968  28947  28962  28955  28918  28936  28919  28923  28924  28937  28940  28943  28931  28922
  580.986   291801   498.61   292085   497.00  29208  29213  29216  29201  29219  29206  29196  29201  29216  29209  29173  29189  29170  29177  29178  29189  29193  29171  29185  29176
  585.986   294161   494.01   294420   493.31  29452  29431  29433  29445  29437  29450  29440  29447  29433  29452  29418  29407  29413  29420  29423  29408  29410  29415  29427  29420
  590.986   296625   493.36   296841   492.62  29674  29678  29680  29693  29684  29696  29688  29694  29680  29674  29666  29653  29660  29667  29670  29654  29656  29660  29673  29666
  595.986   298991   489.60   299203   491.61  29917  29921  29924  29912  29928  29916  29931  29912  29924  29918  29885  29896  29905  29911  29889  29898  29901  29905  29892  29909
  600.986   301596   491.61   301837   491.07  30182  30184  30188  30174  30192  30178  30195  30174  30188  30182  30149  30159  30169  30148  30150  30160  30162  30170  30155  30174
  605.986   304053   492.77   304348   490.69  30438  30436  30440  30428  30447  30431  30423  30428  30441  30436  30402  30413  30396  30403  30403  30413  30415  30397  30410  30401
  610.986   306641   492.70   306884   492.23  30697  30696  30698  30686  30679  30691  30681  30688  30675  30693  30663  30672  30654  30659  30663  30671  30674  30657  30669  30659
  615.987   309158   499.85   309395   498.24  30927  30950  30928  30942  30937  30949  30936  30944  30933  30949  30921  30903  30910  30917  30919  30928  30905  30913  30925  30917
  620.986   311591   498.07   311847   500.29  31178  31176  31176  31192  31187  31198  31189  31193  31184  31174  31147  31153  31161  31168  31170  31153  31155  31165  31151  31168
  625.986   314029   501.33   314261   501.12  31426  31422  31421  31438  31433  31420  31436  31414  31431  31420  31392  31402  31408  31414  31392  31398  31401  31412  31396  31414
  630.987   316463   497.21   316726   497.08  31677  31675  31674  31665  31684  31670  31662  31665  31683  31671  31642  31653  31658  31640  31643  31648  31653  31638  31648  31640
  635.986   318982   497.72   319244   495.84  31931  31929  31929  31919  31937  31925  31916  31920  31912  31926  31895  31908  31887  31894  31896  31904  31907  31895  31902  31894
  640.986   321473   493.49   321732   493.15  32181  32180  32181  32170  32163  32176  32168  32173  32163  32177  32147  32134  32139  32144  32148  32155  32160  32146  32152  32148
  645.986   323985   492.33   324170   492.33  32409  32409  32409  32424  32416  32431  32421  32428  32417  32406  32402  32388  32393  32398  32403  32407  32388  32400  32405  32401
  650.986   326553   497.79   326790   498.02  32675  32674  32674  32688  32680  32693  32686  32667  32681  32672  32641  32653  32657  32663  32644  32669  32652  32665  32644  32665
  655.986   329071   501.41   329306   502.35  32932  32929  32932  32920  32937  32925  32942  32924  32937  32928  32898  32909  32914  32920  32902  32901  32909  32897  32900  32921
  660.986   331502   502.20   331789   501.29  33183  33181  33183  33171  33188  33175  33167  33175  33188  33178  33147  33161  33140  33145  33153  33151  33160  33148  33150  33147
  665.986   334042   502.80   334309   500.35  33438  33435  33438  33426  33441  33429  33421  33429  33417  33435  33401  33414  33393  33400  33410  33405  33413  33401  33404  33401
  670.986   336576   503.37   336790   502.77  33673  33669  33675  33686  33677  33690  33682  33691  33677  33670  33662  33650  33652  33662  33644  33666  33649  33662  33666  33663
  675.986   339167   503.69   339380   507.52  33934  33931  33935  33947  33937  33953  33944  33927  33941  33931  33924  33912  33916  33925  33906  33929  33909  33922  33900  33924
  680.986   341615   502.89   341901   503.66  34189  34185  34191  34201  34192  34181  34198  34182  34194  34188  34153  34169  34170  34155  34163  34157  34163  34152  34157  34176
  685.987   344170   504.97   344453   504.06  34450  34444  34451  34437  34453  34440  34433  34442  34454  34449  34413  34429  34405  34416  34424  34418  34424  34412  34417  34412
  690.986   346758   510.29   347031   507.30  34709  34705  34712  34697  34713  34700  34693  34702  34691  34709  34673  34665  34666  34680  34684  34680  34685  34672  34679  34674
  695.986   349369   508.98   349612   509.14  34968  34966  34948  34960  34972  34962  34953  34963  34952  34968  34934  34925  34929  34941  34943  34941  34945  34935  34941  34935
  700.986   351860   506.64   352046   508.36  35194  35194  35201  35215  35197  35217  35208  35219  35205  35196  35191  35177  35184  35197  35171  35196  35172  35187  35195  35190
  705.986   354268   504.21   354493   505.45  35447  35447  35450  35446  35450  35449  35456  35447  35454  35447  35420  35427  35432  35425  35421  35424  35426  35434  35423  35436
  710.986   356736   504.36   357011   502.45  35699  35698  35704  35698  35702  35700  35706  35699  35706  35699  35671  35679  35661  35675  35672  35676  35678  35664  35674  35686
  715.986   359365   504.01   359592   502.10  35965  35965  35945  35964  35968  35965  35945  35964  35947  35964  35936  35944  35924  35941  35939  35941  35943  35931  35940  35926
  720.986   361812   502.62   362037   501.85  36196  36196  36202  36222  36200  36222  36203  36196  36204  36196  36193  36176  36184  36198  36170  36173  36175  36189  36172  36182
  725.986   364299   499.30   364516   500.13  36450  36449  36455  36450  36453  36449  36457  36448  36457  36448  36422  36429  36438  36426  36423  36426  36427  36444  36427  36437
  730.986   366808   499.93   367058   502.08  36703  36703  36708  36703  36708  36705  36712  36703  36710  36703  36675  36682  36691  36680  36678  36681  36680  36670  36682  36689
  735.986   369371   504.30   369652   503.66  36963  36963  36966  36963  36967  36964  36971  36962  36971  36962  36934  36941  36926  36939  36936  36939  36939  36930  36940  36947
  740.986   371859   500.67   372081   498.99  37211  37211  37214  37212  37215  37212  37193  37210  37193  37210  37182  37189  37176  37187  37185  37187  37189  37180  37189  37195
  745.986   374285   494.70   374530   495.20  37458  37458  37436  37459  37463  37461  37440  37458  37439  37458  37430  37412  37422  37435  37433  37435  37434  37430  37436  37418
  750.986   376713   498.34   376929   499.75  37690  37690  37694  37691  37694  37693  37698  37690  37699  37690  37662  37671  37681  37666  37666  37667  37667  37688  37669  37676
  755.986   379189   499.66   379452   501.21  37942  37942  37948  37944  37947  37945  37949  37942  37951  37942  37915  37923  37909  37920  37919  37919  37919  37915  37922  37928
  760.987   381684   498.26   381937   497.42  38190  38190  38197  38193  38194  38193  38199  38190  38201  38190  38163  38174  38159  38168  38170  38166  38168  38165  38172  38179
  765.986   384215   494.70   384463   493.52  38442  38442  38450  38446  38448  38447  38450  38442  38453  38443  38415  38426  38413  38423  38421  38421  38421  38419  38424  38432
  770.987   386712   491.44   386955   492.15  38695  38695  38701  38699  38700  38699  38700  38692  38678  38696  38668  38677  38665  38676  38673  38674  38674  38672  38675  38658
  775.986   389228   497.25   389472   497.21  38957  38957  38938  38936  38962  38960  38936  38953  38939  38934  38929  38914  38927  38937  38909  38910  38936  38933  38912  38921
  780.986   391625   500.40   391893   501.34  39186  39185  39189  39187  39190  39188  39186  39206  39190  39186  39157  39164  39157  39164  39159  39162  39164  39161  39164  39173
  785.986   394129   500.47   394369   500.57  39437  39433  39439  39437  39440  39438  39436  39431  39442  39436  39407  39416  39406  39414  39411  39412  39413  39411  39415  39424
  790.986   396720   501.07   396962   502.52  39697  39692  39700  39697  39698  39697  39695  39690  39700  39696  39665  39676  39665  39674  39672  39670  39671  39670  39675  39682
  795.986   399287   498.10   399550   498.71  39954  39952  39958  39956  39958  39957  39954  39948  39959  39954  39924  39934  39925  39933  39930  39931  39931  39929  39935  39915
  800.986   401812   501.59   402092   502.00  40213  40211  40193  40215  40218  40217  40213  40206  40193  40213  40184  40170  40184  40192  40165  40191  40192  40189  40169  40176
  805.986   404297   502.97   404500   502.50  40444  40466  40449  40445  40448  40446  40444  40463  40451  40444  40442  40425  40442  40422  40420  40422  40447  40419  40427  40431
  810.986   406794   509.03   407054   507.92  40703  40698  40710  40702  40704  40704  40702  40720  40708  40703  40672  40683  40673  40679  40677  40679  40677  40677  40687  40690
  815.986   409404   510.86   409645   510.89  40964  40959  40973  40963  40966  40966  40963  40957  40970  40964  40935  40943  40934  40939  40937  40939  40939  40938  40949  40951
  820.986   411957   507.80   412176   507.97  41220  41214  41205  41218  41222  41221  41218  41213  41225  41220  41190  41199  41190  41194  41193  41194  41193  41192  41205  41207
  825.986   414504   502.85   414750   503.26  41480  41476  41464  41478  41481  41481  41477  41474  41457  41482  41449  41460  41451  41455  41454  41453  41455  41452  41437  41438
  830.986   416997   504.46   417259   503.05  41733  41729  41719  41731  41735  41733  41729  41727  41713  41710  41703  41690  41705  41707  41683  41707  41707  41707  41693  41695
  835.986   419506   508.69   419769   509.80  41968  41990  41979  41968  41972  41970  41990  41988  41974  41970  41940  41951  41941  41967  41944  41944  41968  41943  41953  41955
  840.986   421930   505.40   422172   505.60  42215  42215  42226  42215  42218  42217  42215  42214  42221  42216  42187  42198  42189  42194  42192  42191  42192  42190  42198  42199
  845.987   424553   504.75   424768   506.59  42476  42477  42462  42478  42481  42480  42477  42476  42484  42477  42450  42461  42450  42456  42454  42453  42454  42453  42461  42461
  850.986   427046   498.66   427258   499.36  42728  42728  42716  42730  42731  42730  42728  42728  42711  42728  42700  42689  42702  42707  42706  42703  42706  42707  42712  42714
  855.986   429479   497.48   429759   497.68  42981  42979  42970  42958  42985  42981  42981  42982  42962  42980  42950  42941  42951  42958  42931  42955  42957  42958  42939  42939
  860.986   431863   498.02   432094   496.95  43207  43205  43220  43209  43211  43207  43207  43207  43214  43207  43177  43191  43178  43208  43181  43182  43184  43184  43188  43190
  865.986   434379   498.22   434630   497.82  43460  43459  43475  43463  43464  43461  43460  43460  43468  43460  43430  43448  43431  43437  43436  43435  43437  43439  43442  43444
  870.987   436932   499.08   437155   501.93  43715  43714  43707  43718  43719  43715  43714  43715  43723  43715  43684  43704  43686  43691  43694  43689  43691  43695  43698  43700
  875.987   439451   496.56   439701   498.57  43969  43970  43961  43973  43973  43969  43969  43969  43979  43969  43940  43934  43941  43946  43948  43943  43946  43950  43951  43952
  880.987   441893   493.15   442183   494.09  44220  44221  44211  44225  44224  44219  44220  44220  44205  44218  44192  44187  44193  44196  44174  44193  44198  44178  44179  44203
  885.987   444394   496.24   444678   493.93  44473  44473  44464  44451  44476  44471  44472  44472  44457  44469  44445  44441  44444  44448  44427  44444  44452  44431  44432  44430
  890.986   446764   498.39   446971   498.39  44693  44693  44712  44698  44699  44693  44693  44693  44705  44692  44665  44687  44666  44671  44676  44690  44674  44680  44679  44676
  895.986   449234   495.03   449438   496.04  44941  44942  44935  44948  44950  44943  44942  44942  44954  44941  44914  44936  44915  44920  44928  44914  44924  44929  44927  44927
  900.986   451743   492.70   451970   494.58  45194  45195  45188  45200  45204  45195  45197  45195  45207  45195  45168  45163  45170  45174  45180  45166  45178  45182  45181  45181
  905.986   454247   492.13   454518   494.61  45450  45452  45446  45458  45463  45452  45454  45452  45439  45452  45425  45422  45429  45432  45413  45423  45435  45414  45414  45440
  910.986   456722   494.28   456984   491.66  45702  45702  45698  45686  45689  45705  45705  45703  45691  45703  45677  45676  45682  45683  45665  45676  45664  45667  45666  45666
  915.986   459213   494.68   459526   493.04  45959  45958  45954  45943  45946  45962  45937  45960  45947  45960  45909  45933  45914  45914  45922  45934  45920  45923  45922  45922
  920.986   461710   499.01   461922   500.02  46186  46185  46205  46195  46198  46187  46189  46189  46199  46189  46161  46184  46167  46169  46172  46163  46172  46175  46173  46174
  925.986   464270   501.16   464479   503.04  46445  46443  46438  46451  46458  46444  46447  46448  46457  46448  46419  46418  46426  46426  46431  46421  46430  46433  46432  46434
  930.986   466801   499.45   467041   501.56  46704  46702  46697  46710  46715  46703  46706  46706  46691  46707  46677  46676  46686  46685  46662  46679  46689  46665  46690  46692
  935.987   469219   499.82   469510   497.90  46957  46953  46950  46937  46940  46957  46957  46957  46943  46959  46930  46927  46912  46938  46912  46932  46915  46917  46918  46918
  940.986   471700   501.74   471963   500.13  47188  47207  47206  47194  47198  47211  47187  47187  47197  47188  47159  47184  47170  47167  47168  47161  47173  47171  47172  47175
  945.986   474246   503.69   474504   500.30  47444  47459  47458  47449  47453  47463  47442  47442  47452  47442  47414  47437  47426  47422  47422  47415  47428  47426  47426  47430
  950.987   476782   502.30   476999   503.34  47699  47692  47692  47706  47709  47695  47699  47699  47709  47699  47670  47670  47681  47676  47679  47673  47683  47683  47682  47685
  955.986   479309   498.76   479529   499.03  47953  47945  47944  47958  47961  47947  47953  47953  47962  47953  47921  47923  47934  47928  47932  47927  47936  47934  47936  47938
  960.987   481705   495.94   481996   496.81  48201  48195  48195  48207  48210  48198  48201  48201  48187  48201  48171  48173  48183  48177  48157  48175  48185  48160  48161  48163
  965.986   484159   498.81   484469   496.02  48455  48447  48445  48434  48438  48450  48455  48453  48440  48452  48424  48425  48411  48431  48411  48404  48413  48411  48412  48417
  970.987   486640   500.50   486906   498.02  48682  48698  48700  48687  48691  48703  48682  48683  48699  48681  48653  48679  48663  48659  48664  48657  48666  48663  48667  48669
  975.986   489103   496.95   489323   496.48  48932  48947  48925  48937  48939  48926  48931  48932  48926  48928  48903  48905  48911  48910  48914  48905  48914  48910  48915  48916
  980.986   491601   493.88   491822   495.75  49185  49174  49177  49189  49192  49176  49185  49185  49178  49181  49156  49156  49163  49162  49142  49158  49167  49160  49168  49169
  985.986   494090   489.03   494313   490.87  49434  49424  49425  49439  49442  49425  49434  49434  49425  49431  49406  49404  49412  49411  49391  49407  49417  49409  49415  49418
  990.986   496439   491.09   496744   488.20  49681  49674  49674  49662  49664  49675  49681  49681  49674  49678  49629  49652  49635  49658  49636  49655  49640  49656  49638  49640
  995.986   498819   491.11   499101   487.65  49902  49919  49919  49908  49910  49921  49901  49902  49920  49899  49875  49898  49882  49879  49881  49876  49885  49874  49883  49886
 1000.987   501283   490.59   501518   489.55  50152  50144  50144  50157  50157  50169  50150  50152  50145  50148  50124  50121  50129  50129  50133  50125  50133  50123  50131  50135
 1005.986   503839   489.43   504043   492.25  50407  50397  50397  50413  50414  50399  50405  50407  50401  50403  50380  50374  50387  50385  50389  50379  50389  50378  50387  50391
 1010.986   506389   489.35   506619   491.39  50665  50655  50655  50670  50671  50656  50663  50665  50657  50662  50638  50632  50645  50642  50620  50639  50647  50637  50642  50647
 1015.986   508875   490.03   509088   492.32  50917  50908  50908  50895  50898  50907  50915  50917  50908  50915  50889  50882  50871  50893  50873  50890  50897  50888  50894  50898
 1020.986   511328   497.68   511589   495.23  51150  51169  51172  51155  51156  51167  51149  51150  51172  51149  51124  51145  51131  51127  51135  51123  51131  51151  51128  51133
 1025.986   513801   501.11   514043   499.77  51401  51417  51398  51406  51407  51416  51401  51400  51397  51400  51373  51396  51379  51377  51384  51374  51380  51375  51378  51385
 1030.987   516338   504.38   516580   503.71  51657  51647  51654  51663  51664  51673  51657  51656  51653  51656  51630  51626  51637  51633  51640  51630  51637  51631  51634  51640
 1035.986   518868   498.39   519111   500.60  51913  51904  51909  51916  51919  51903  51913  51912  51909  51913  51885  51882  51892  51887  51871  51886  51893  51886  51891  51895
 1040.986   521360   495.47   521605   495.91  52161  52154  52159  52166  52168  52154  52161  52161  52159  52162  52134  52133  52142  52136  52119  52134  52142  52135  52139  52146
 1045.986   523715   494.61   523935   494.78  52385  52403  52407  52389  52390  52402  52385  52384  52406  52384  52357  52381  52365  52386  52366  52381  52365  52359  52387  52368
 1050.986   526178   497.48   526426   496.21  52639  52656  52636  52643  52643  52657  52639  52639  52635  52639  52611  52635  52619  52614  52620  52609  52619  52613  52616  52622
 1055.986   528758   501.07   528986   501.44  52900  52892  52898  52903  52904  52892  52900  52900  52897  52900  52872  52871  52880  52876  52878  52870  52880  52874  52875  52882
 1060.986   531393   498.96   531617   499.19  53164  53154  53162  53166  53166  53153  53164  53164  53160  53164  53135  53135  53143  53139  53141  53134  53144  53137  53139  53146
 1065.986   534005   499.21   534227   499.48  53425  53413  53422  53428  53427  53413  53425  53426  53422  53426  53396  53396  53403  53401  53401  53396  53404  53399  53401  53408
 1070.986   536428   501.28   536651   502.28  53654  53667  53677  53659  53682  53671  53655  53655  53676  53655  53626  53653  53633  53631  53630  53651  53633  53653  53656  53662
 1075.987   538886   509.11   539168   509.55  53912  53927  53912  53920  53917  53930  53912  53914  53910  53914  53884  53888  53890  53888  53888  53884  53895  53886  53889  53894
 1080.986   541418   511.41   541699   509.90  54166  54180  54166  54174  54169  54184  54165  54166  54163  54166  54137  54141  54144  54141  54140  54139  54148  54139  54142  54147
 1085.986   543942   508.66   544168   508.59  54417  54406  54417  54428  54421  54412  54416  54417  54417  54417  54390  54393  54394  54394  54392  54391  54401  54391  54396  54400
 1090.986   546490   498.96   546693   499.93  54673  54662  54673  54656  54675  54666  54672  54673  54672  54671  54644  54648  54650  54648  54647  54646  54656  54646  54651  54654
 1095.987   549018   496.11   549246   498.09  54929  54917  54928  54911  54931  54922  54927  54928  54928  54925  54897  54904  54905  54906  54901  54901  54886  54902  54906  54910
 1100.986   551445   501.39   551679   501.76  55163  55178  55162  55169  55163  55180  55159  55163  55159  55183  55155  55162  55137  55139  55134  55158  55144  55135  55139  55142
 1105.986   553939   505.13   554218   503.26  55419  55434  55419  55426  55419  55436  55417  55419  55415  55414  55386  55393  55393  55397  55389  55389  55403  55391  55397  55401
 1110.987   556457   503.79   556683   501.95  55669  55662  55669  55677  55671  55663  55669  55669  55667  55667  55639  55645  55645  55648  55640  55641  55655  55643  55648  55653
 1115.986   559080   502.75   559301   501.71  55931  55921  55931  55939  55934  55924  55931  55931  55930  55929  55901  55908  55907  55911  55902  55903  55917  55906  55909  55916
 1120.986   561700   502.57   561921   504.92  56195  56187  56195  56178  56198  56190  56195  56195  56194  56194  56166  56173  56171  56176  56166  56167  56156  56171  56173  56181
 1125.986   564223   505.89   564453   505.92  56433  56451  56433  56441  56461  56454  56433  56433  56457  56457  56429  56436  56433  56413  56429  56429  56419  56408  56409  56418
 1130.986   566591   508.26   566870   507.95  56681  56701  56681  56692  56684  56705  56684  56681  56680  56681  56653  56663  56656  56663  56651  56652  56671  56657  56658  56667
 1135.986   569146   509.41   569379   507.87  56938  56930  56939  56947  56940  56932  56941  56938  56935  56939  56910  56920  56912  56919  56904  56907  56927  56912  56914  56921
 1140.986   571768   510.44   572000   512.32  57200  57192  57201  57209  57202  57195  57203  57200  57197  57201  57172  57183  57173  57181  57167  57170  57190  57175  57175  57182
 1145.986   574351   508.12   574581   508.49  57462  57451  57463  57444  57461  57455  57464  57462  57456  57463  57434  57445  57434  57443  57426  57431  57424  57436  57434  57444
 1150.986   576845   502.28   577077   503.49  57716  57707  57692  57700  57716  57710  57716  57716  57712  57692  57690  57698  57687  57672  57680  57686  57679  57666  57688  57699
 1155.986   579280   501.91   579513   502.01  57942  57959  57944  57951  57967  57961  57942  57941  57962  57944  57918  57922  57937  57921  57931  57937  57930  57919  57939  57926
 1160.986   581715   506.64   581974   505.10  58195  58188  58199  58207  58194  58215  58195  58193  58189  58199  58171  58177  58167  58173  58160  58165  58184  58173  58166  58179
 1165.986   584254   504.43   584485   504.33  58449  58442  58454  58459  58448  58442  58449  58445  58443  58454  58427  58431  58421  58426  58415  58419  58436  58427  58420  58432
 1170.986   586753   498.49   586994   499.73  58703  58697  58707  58687  58701  58694  58704  58697  58697  58707  58680  58684  58674  58678  58666  58672  58663  58679  58673  58684
 1175.986   589209   493.42   589456   493.99  58953  58949  58933  58938  58953  58946  58954  58949  58949  58932  58907  58933  58925  58928  58918  58923  58913  58904  58923  58935
 1180.986   591652   493.46   591929   494.09  59180  59201  59185  59190  59205  59202  59180  59201  59201  59184  59158  59161  59178  59154  59171  59175  59164  59156  59174  59161
 1185.986   594087   496.88   594340   496.71  59435  59429  59437  59445  59433  59431  59435  59429  59429  59437  59410  59416  59406  59408  59399  59403  59418  59409  59402  59416
 1190.986   596601   497.13   596849   496.76  59686  59680  59688  59695  59683  59682  59685  59683  59679  59688  59661  59665  59658  59660  59652  59656  59670  59660  59652  59667
 1195.986   599122   496.39   599350   495.49  59940  59933  59940  59922  59937  59936  59936  59933  59933  59940  59913  59918  59911  59911  59903  59909  59922  59912  59904  59919
