Test case: 
Description: 
	10 senders: persistent queues
	10 receivers: client acknowledge every 50 messages
Timestamp: 2011.11.2 0:25:54
Version: 
Setting up JMS benchmark connections... 

Start processing messages.
Fri Dec 02 00:25:54 EST 2011

  Seconds   Send   Send/Sec   Recv   Recv/Sec   RCV0   RCV1   RCV2   RCV3   RCV4   RCV5   RCV6   RCV7   RCV8   RCV9  SND10  SND11  SND12  SND13  SND14  SND15  SND16  SND17  SND18  SND19
  ------- -------- -------- -------- -------- ------ ------ ------ ------ ------ ------ ------ ------ ------ ------ ------ ------ ------ ------ ------ ------ ------ ------ ------ ------
    1.015        0     0.00        0     0.00      0      0      0      0      0      0      0      0      0      0      0      0      0      0      0      0      0      0      0      0
    6.015     2007   436.30     2442   530.87    244    243    243    243    252    243    243    244    243    244    201    202    200    200    201    200    201    201    200    201
   11.015     4498   468.54     4928   513.33    493    491    493    493    500    491    491    492    492    492    451    453    450    451    449    449    448    449    448    450
   16.015     7003   472.67     7430   503.56    743    740    743    743    750    740    741    743    744    743    701    703    701    702    697    702    697    699    699    702
   21.015     9471   470.92     9895   492.60    990    987    988    988    997    987    988    990    990    990    948    950    948    948    944    949    944    946    946    948
   26.015    11940   478.70    12345   496.14   1222   1241   1242   1241   1229   1241   1242   1244   1221   1222   1179   1203   1202   1179   1197   1203   1198   1200   1200   1179
   31.016    14283   481.72    14684   496.08   1470   1465   1466   1465   1477   1466   1466   1470   1469   1470   1426   1429   1427   1429   1446   1428   1423   1425   1424   1426
   36.016    16873   498.88    17300   498.61   1731   1728   1728   1728   1737   1728   1728   1730   1730   1732   1688   1691   1688   1690   1683   1690   1684   1687   1685   1687
   41.015    19418   498.99    19849   499.83   1986   1983   1983   1983   1993   1985   1983   1984   1984   1985   1942   1942   1944   1945   1938   1944   1940   1942   1939   1942
   46.015    22019   497.11    22449   494.26   2247   2243   2243   2243   2253   2245   2243   2244   2244   2244   2201   2201   2205   2206   2197   2204   2201   2202   2199   2203
   51.015    24626   500.72    25067   500.42   2510   2504   2504   2504   2514   2508   2504   2506   2507   2506   2463   2465   2468   2444   2460   2468   2464   2465   2463   2466
   56.015    27113   505.96    27602   506.36   2746   2765   2765   2765   2774   2744   2765   2767   2744   2767   2724   2726   2704   2706   2722   2704   2700   2701   2724   2702
   61.015    29548   512.25    29959   512.58   3000   2992   2994   2993   3002   2999   2992   2995   2998   2994   2952   2955   2958   2960   2949   2956   2954   2955   2953   2956
   66.015    32077   510.20    32488   509.66   3254   3244   3248   3244   3255   3253   3244   3248   3252   3246   3204   3208   3210   3212   3202   3208   3208   3209   3206   3210
   71.015    34594   505.86    35004   505.99   3505   3496   3498   3496   3506   3505   3496   3500   3503   3499   3455   3461   3460   3463   3455   3461   3459   3460   3459   3461
   76.015    37181   502.01    37617   502.21   3765   3756   3760   3756   3768   3767   3759   3761   3764   3761   3716   3723   3722   3700   3716   3722   3720   3720   3720   3722
   81.016    39712   501.21    40154   500.34   4001   4018   4020   4018   4028   4004   4021   4022   4000   4022   3977   3983   3982   3963   3978   3981   3955   3957   3979   3957
   86.015    42115   503.42    42586   501.14   4256   4272   4251   4272   4259   4261   4253   4252   4255   4255   4206   4214   4213   4219   4208   4213   4210   4211   4209   4212
   91.015    44643   505.67    45064   506.01   4510   4500   4504   4500   4511   4514   4507   4504   4506   4508   4458   4468   4467   4471   4462   4466   4462   4464   4461   4464
   96.016    47223   507.45    47643   507.75   4767   4759   4762   4758   4769   4770   4765   4762   4764   4767   4716   4726   4725   4728   4721   4723   4721   4721   4720   4722
  101.015    49786   503.02    50201   505.74   5025   5018   5021   5018   5027   5004   5022   5020   5022   5024   4978   4984   4983   4962   4979   4982   4979   4979   4979   4981
  106.015    52352   501.56    52765   500.79   5281   5275   5278   5274   5283   5259   5279   5277   5278   5281   5236   5240   5240   5219   5235   5239   5236   5235   5235   5237
  111.015    54706   502.23    55169   501.02   5510   5506   5507   5531   5540   5517   5508   5533   5507   5510   5466   5471   5470   5475   5465   5470   5466   5464   5491   5468
  116.015    57299   508.62    57715   507.68   5773   5769   5770   5767   5776   5778   5771   5769   5770   5772   5729   5732   5733   5738   5729   5732   5727   5725   5725   5729
  121.015    59941   512.52    60355   512.25   6037   6034   6033   6032   6040   6043   6034   6033   6034   6035   5992   5997   5998   6002   5992   5996   5992   5989   5990   5993
  126.015    62446   505.82    62875   510.35   6288   6286   6285   6284   6292   6295   6286   6286   6286   6287   6245   6250   6251   6231   6245   6249   6244   6241   6244   6246
  131.015    64953   501.53    65360   501.83   6539   6538   6535   6535   6544   6522   6537   6535   6538   6537   6496   6501   6501   6482   6495   6500   6494   6491   6495   6498
  136.015    67373   501.36    67859   500.99   6798   6770   6792   6792   6801   6781   6770   6791   6770   6794   6729   6733   6734   6738   6751   6731   6728   6748   6752   6729
  141.015    69969   511.36    70382   509.68   7036   7036   7032   7032   7041   7045   7036   7053   7036   7035   6994   6997   6999   7002   6991   6996   6993   7010   6992   6995
  146.015    72585   512.10    73001   512.06   7301   7299   7296   7296   7305   7311   7299   7293   7300   7301   7258   7261   7263   7266   7255   7260   7257   7250   7256   7259
  151.016    75268   511.85    75685   513.66   7570   7568   7564   7564   7574   7578   7568   7561   7569   7569   7527   7529   7532   7535   7522   7529   7525   7518   7523   7528
  156.015    77770   508.83    78189   506.74   7823   7822   7817   7817   7827   7805   7822   7811   7823   7822   7780   7782   7785   7762   7775   7782   7777   7770   7776   7781
  161.015    80337   510.10    80782   511.41   8083   8083   8080   8080   8088   8069   8083   8074   8058   8084   8015   8044   8020   8024   8038   8043   8039   8033   8039   8042
  166.015    82853   516.95    83244   513.69   8319   8319   8315   8315   8347   8331   8319   8338   8321   8320   8277   8282   8282   8286   8298   8278   8277   8295   8299   8279
  171.015    85389   516.59    85825   516.53   8578   8581   8576   8576   8581   8591   8581   8598   8582   8581   8538   8543   8543   8548   8534   8539   8538   8529   8536   8541
  176.015    87967   513.46    88374   515.00   8835   8840   8833   8833   8838   8848   8840   8831   8840   8836   8796   8802   8802   8805   8792   8795   8796   8784   8794   8801
  181.015    90543   508.41    90954   509.88   9095   9100   9094   9094   9100   9083   9100   9092   9100   9096   9056   9063   9061   9041   9052   9056   9056   9044   9054   9060
  186.015    93127   509.46    93543   509.36   9356   9337   9356   9355   9359   9346   9361   9355   9361   9357   9317   9299   9322   9302   9313   9316   9317   9305   9315   9321
  191.015    95542   507.72    96004   505.77   9608   9589   9607   9606   9610   9597   9588   9606   9585   9608   9545   9551   9549   9553   9564   9567   9544   9555   9566   9548
  196.015    97978   506.61    98408   506.14   9832   9840   9833   9830   9862   9847   9839   9857   9834   9834   9796   9802   9800   9804   9789   9794   9795   9808   9792   9798
  201.015   100472   504.66   100885   503.83  10086  10091  10087  10083  10091  10098  10092  10084  10086  10087  10047  10053  10049  10057  10042  10046  10046  10038  10045  10049
  206.015   103153   504.23   103543   506.31  10355  10359  10357  10353  10356  10341  10360  10350  10356  10356  10315  10321  10317  10324  10312  10315  10315  10303  10315  10316
  211.015   105772   504.19   106182   505.87  10619  10624  10622  10615  10620  10607  10623  10613  10620  10619  10579  10585  10582  10563  10575  10580  10579  10568  10579  10582
  216.015   108294   505.07   108781   504.60  10883  10862  10886  10881  10887  10870  10860  10880  10886  10886  10817  10824  10819  10827  10842  10845  10819  10835  10846  10820
  221.015   110779   510.44   111253   508.29  11136  11119  11114  11134  11143  11125  11118  11132  11117  11115  11075  11080  11076  11083  11071  11076  11075  11088  11077  11078
  226.016   113408   516.09   113809   515.15  11375  11383  11377  11372  11380  11388  11381  11395  11380  11378  11338  11344  11340  11346  11333  11340  11337  11350  11340  11340
  231.015   116037   516.01   116443   518.49  11640  11649  11643  11638  11645  11653  11648  11635  11647  11645  11604  11609  11606  11612  11598  11605  11601  11590  11605  11607
  236.015   118715   513.93   119093   517.15  11908  11916  11911  11907  11913  11918  11916  11903  11914  11913  11871  11878  11874  11878  11867  11873  11868  11859  11872  11875
  241.016   121223   514.14   121653   513.94  12170  12151  12171  12170  12176  12153  12151  12164  12175  12172  12106  12114  12135  12114  12128  12134  12129  12119  12132  12112
  246.015   123760   517.32   124207   514.30  12432  12413  12410  12410  12438  12418  12413  12428  12412  12433  12371  12378  12374  12378  12391  12372  12368  12382  12370  12376
  251.015   126305   520.17   126714   517.15  12686  12669  12666  12665  12669  12673  12668  12686  12668  12664  12629  12634  12631  12635  12623  12629  12623  12640  12627  12634
  256.015   128832   514.11   129217   516.19  12917  12925  12921  12920  12923  12929  12924  12915  12925  12918  12884  12889  12885  12891  12878  12885  12880  12869  12881  12890
  261.015   131369   508.56   131759   510.50  13173  13178  13175  13175  13175  13183  13179  13170  13178  13173  13138  13142  13138  13145  13134  13138  13134  13122  13134  13144
  266.015   133839   502.37   134280   502.77  13429  13433  13429  13428  13431  13411  13433  13424  13433  13429  13367  13395  13394  13374  13389  13392  13389  13378  13388  13373
  271.015   136270   502.47   136737   501.16  13684  13660  13682  13681  13683  13666  13660  13676  13661  13684  13621  13622  13621  13628  13642  13620  13616  13632  13642  13626
  276.015   138785   503.29   139201   501.38  13916  13916  13913  13912  13941  13924  13915  13932  13916  13916  13879  13878  13878  13884  13874  13875  13873  13889  13873  13882
  281.015   141305   500.84   141746   501.91  14172  14172  14169  14169  14192  14176  14170  14184  14170  14172  14132  14135  14133  14139  14128  14130  14128  14116  14127  14137
  286.015   143915   500.03   144302   500.10  14434  14432  14430  14429  14428  14436  14431  14418  14431  14433  14393  14397  14395  14399  14388  14391  14389  14377  14388  14398
  291.015   146452   500.12   146860   500.65  14692  14690  14690  14687  14686  14669  14690  14675  14690  14691  14627  14656  14655  14656  14647  14650  14647  14637  14647  14630
  296.015   148900   502.82   149282   502.55  14924  14922  14922  14945  14944  14927  14922  14931  14922  14923  14885  14888  14887  14888  14905  14881  14879  14896  14903  14888
  301.015   151387   505.57   151791   504.30  15178  15175  15175  15174  15197  15181  15177  15183  15176  15175  15139  15142  15141  15143  15133  15135  15132  15149  15131  15142
  306.015   153941   506.83   154378   506.66  15438  15433  15433  15433  15456  15440  15434  15443  15436  15432  15398  15400  15398  15400  15391  15393  15390  15381  15390  15400
  311.016   156494   503.64   156913   502.87  15693  15689  15690  15690  15684  15697  15691  15699  15692  15688  15652  15656  15651  15655  15647  15649  15646  15636  15647  15655
  316.015   158991   500.03   159410   501.11  15947  15944  15946  15945  15940  15926  15945  15928  15947  15942  15881  15911  15906  15909  15900  15905  15903  15891  15901  15884
  321.015   161440   501.17   161856   501.48  16178  16201  16178  16178  16196  16184  16176  16186  16178  16201  16137  16143  16138  16141  16158  16137  16135  16148  16160  16143
  326.015   164022   505.62   164439   507.74  16441  16438  16442  16442  16460  16448  16438  16450  16442  16438  16404  16407  16400  16402  16395  16400  16399  16412  16397  16406
  331.015   166623   509.53   167012   508.15  16701  16695  16699  16699  16717  16705  16695  16706  16699  16696  16665  16666  16660  16664  16656  16661  16658  16671  16658  16664
  336.015   169123   505.99   169539   503.61  16955  16950  16955  16953  16947  16960  16950  16962  16953  16954  16895  16921  16915  16918  16913  16917  16912  16900  16913  16919
  341.015   171680   502.90   172045   501.93  17210  17207  17210  17208  17204  17190  17206  17192  17208  17210  17151  17177  17171  17173  17169  17171  17168  17156  17169  17175
  346.015   174068   503.32   174491   502.58  17437  17435  17435  17460  17457  17442  17458  17446  17460  17461  17402  17402  17423  17399  17397  17422  17395  17407  17421  17400
  351.015   176564   505.77   176964   506.11  17696  17693  17693  17691  17715  17699  17691  17702  17691  17693  17661  17658  17656  17657  17654  17653  17651  17665  17653  17656
  356.015   179157   506.17   179555   504.70  17955  17952  17951  17949  17974  17959  17949  17963  17949  17954  17921  17918  17917  17916  17912  17914  17911  17924  17911  17913
  361.015   181615   503.09   182042   501.74  18207  18204  18203  18199  18198  18211  18199  18215  18200  18206  18147  18170  18169  18166  18162  18165  18162  18150  18161  18163
  366.016   184125   496.51   184502   497.85  18457  18455  18455  18450  18448  18437  18450  18440  18452  18458  18397  18420  18421  18415  18414  18416  18412  18402  18413  18415
  371.015   186609   494.46   186972   496.01  18704  18704  18704  18700  18698  18688  18700  18690  18700  18684  18644  18667  18669  18663  18663  18665  18661  18650  18662  18665
  376.015   188984   498.79   189378   498.69  18933  18934  18935  18931  18955  18944  18931  18946  18931  18938  18899  18896  18898  18919  18893  18895  18891  18906  18893  18894
  381.015   191529   500.47   191940   500.03  19191  19190  19190  19188  19211  19198  19189  19201  19189  19193  19156  19151  19154  19150  19151  19152  19150  19164  19150  19151
  386.015   194057   499.13   194465   496.91  19444  19447  19447  19444  19440  19452  19444  19455  19444  19448  19411  19406  19412  19404  19407  19408  19404  19392  19406  19407
  391.016   196609   497.94   196992   496.46  19701  19705  19705  19701  19698  19685  19701  19688  19703  19705  19644  19664  19669  19663  19664  19665  19663  19648  19664  19665
  396.015   199117   496.29   199495   497.20  19950  19954  19954  19951  19948  19936  19951  19940  19954  19957  19896  19914  19918  19914  19914  19916  19913  19901  19914  19917
  401.015   201535   499.03   201920   500.70  20207  20186  20186  20183  20208  20195  20183  20198  20186  20188  20154  20172  20150  20170  20145  20148  20144  20159  20145  20148
  406.015   204094   505.34   204527   504.97  20467  20447  20447  20445  20467  20455  20445  20458  20447  20449  20414  20407  20412  20404  20407  20409  20406  20419  20407  20409
  411.015   206610   504.40   207012   503.19  20693  20697  20697  20697  20718  20707  20697  20710  20697  20699  20665  20657  20663  20657  20658  20660  20658  20671  20660  20661
  416.015   209149   504.70   209575   504.43  20952  20956  20957  20956  20951  20966  20956  20968  20956  20957  20899  20915  20921  20917  20917  20919  20917  20905  20920  20919
  421.015   211736   502.47   212112   502.16  21212  21214  21216  21214  21210  21199  21214  21202  21214  21217  21157  21175  21180  21175  21176  21178  21176  21164  21180  21175
  426.015   214268   502.40   214669   503.17  21468  21470  21470  21469  21468  21454  21468  21460  21470  21472  21413  21431  21435  21430  21432  21433  21431  21420  21411  21432
  431.015   216679   504.77   217059   504.63  21721  21696  21696  21696  21719  21705  21719  21713  21696  21698  21664  21682  21661  21680  21658  21658  21657  21673  21663  21683
  436.015   219154   503.67   219564   502.06  21950  21953  21953  21953  21973  21960  21947  21967  21953  21955  21919  21911  21918  21911  21913  21914  21914  21927  21916  21911
  441.015   221702   505.60   222155   505.60  22209  22213  22212  22211  22233  22218  22205  22226  22213  22215  22155  22172  22177  22171  22172  22173  22175  22161  22177  22169
  446.015   224263   502.70   224670   501.09  22466  22470  22468  22468  22464  22473  22462  22457  22470  22472  22411  22429  22432  22425  22430  22429  22432  22416  22433  22426
  451.015   226804   499.63   227181   499.77  22722  22723  22721  22723  22717  22701  22715  22711  22723  22725  22666  22684  22685  22680  22685  22682  22684  22671  22686  22681
  456.015   229204   497.35   229583   498.59  22975  22947  22947  22950  22970  22960  22969  22964  22949  22952  22920  22937  22911  22934  22911  22909  22910  22925  22912  22935
  461.015   231696   501.39   232107   501.56  23203  23203  23203  23206  23224  23216  23221  23219  23205  23207  23172  23165  23168  23186  23166  23165  23167  23178  23168  23161
  466.015   234265   506.21   234700   505.30  23465  23465  23465  23467  23486  23478  23458  23481  23467  23468  23434  23426  23429  23422  23429  23428  23429  23415  23430  23423
  471.015   236772   501.34   237151   498.86  23716  23719  23719  23719  23713  23705  23711  23708  23719  23722  23660  23679  23683  23677  23683  23682  23681  23669  23682  23676
  476.016   239259   498.19   239641   497.35  23966  23969  23969  23966  23961  23953  23959  23958  23969  23971  23909  23929  23931  23928  23932  23930  23928  23918  23930  23924
  481.015   241681   494.16   242037   496.01  24217  24193  24194  24215  24211  24203  24207  24208  24194  24195  24158  24180  24157  24177  24157  24179  24178  24167  24156  24172
  486.016   244172   499.68   244548   499.58  24447  24450  24450  24445  24467  24459  24463  24466  24450  24451  24415  24410  24414  24434  24413  24410  24408  24425  24413  24430
  491.015   246740   503.96   247200   502.99  24713  24715  24715  24709  24733  24726  24728  24730  24715  24716  24679  24676  24679  24673  24678  24674  24672  24662  24678  24669
  496.015   249337   502.01   249723   499.43  24975  24975  24975  24968  24993  24957  24963  24964  24976  24977  24939  24934  24940  24933  24938  24932  24931  24922  24939  24929
  501.016   251868   502.40   252252   501.73  25230  25229  25229  25224  25222  25214  25220  25222  25230  25232  25167  25190  25195  25191  25192  25189  25187  25179  25192  25186
  506.015   254390   500.79   254772   501.66  25486  25484  25484  25479  25475  25466  25475  25477  25484  25462  25421  25445  25425  25447  25448  25444  25440  25434  25447  25439
  511.015   256936   506.68   257270   508.56  25720  25716  25717  25738  25738  25728  25736  25739  25716  25722  25680  25703  25685  25707  25681  25704  25699  25696  25681  25700
  516.015   259414   511.49   259824   510.69  25981  25978  25981  25975  26004  25993  25972  25976  25979  25985  25944  25940  25949  25944  25945  25942  25936  25933  25944  25937
  521.015   262010   510.69   262391   508.94  26241  26238  26239  26235  26237  26251  26231  26235  26239  26245  26202  26202  26209  26203  26203  26202  26196  26193  26202  26198
  526.015   264497   504.46   264854   504.40  26490  26486  26488  26483  26486  26475  26480  26485  26488  26493  26450  26450  26457  26452  26452  26452  26445  26443  26451  26445
  531.015   266973   502.58   267378   501.48  26744  26739  26739  26736  26738  26726  26734  26738  26739  26745  26677  26702  26684  26704  26705  26706  26698  26695  26704  26698
  536.015   269474   501.68   269906   502.42  26976  26999  26996  26992  26995  26985  26992  26996  26998  26977  26935  26959  26942  26961  26936  26939  26956  26953  26937  26956
  541.016   272051   502.87   272409   503.67  27234  27231  27228  27250  27254  27244  27251  27254  27227  27236  27195  27216  27199  27218  27195  27196  27213  27210  27196  27213
  546.015   274463   504.13   274857   502.75  27487  27483  27480  27476  27506  27497  27479  27482  27480  27487  27452  27445  27454  27446  27449  27448  27441  27437  27451  27440
  551.016   276979   499.70   277343   500.00  27742  27736  27734  27729  27735  27726  27731  27736  27732  27742  27682  27698  27707  27701  27704  27701  27696  27691  27705  27694
  556.016   279528   500.97   279898   501.38  27998  27991  27990  27984  27992  27982  27985  27991  27987  27998  27935  27953  27961  27955  27960  27957  27951  27946  27960  27950
  561.015   281970   498.96   282361   498.49  28224  28243  28242  28235  28244  28232  28237  28242  28238  28224  28186  28205  28187  28207  28186  28209  28203  28199  28187  28201
  566.015   284438   497.77   284829   494.78  28474  28491  28467  28485  28493  28483  28485  28491  28486  28474  28437  28455  28435  28455  28437  28433  28452  28448  28435  28451
  571.015   287037   497.27   287373   497.47  28733  28725  28726  28746  28753  28742  28745  28724  28746  28733  28697  28715  28696  28715  28695  28692  28713  28709  28695  28710
  576.016   289432   499.77   289804   499.06  28988  28980  28980  28973  28980  28994  28971  28977  28973  28988  28949  28940  28949  28939  28948  28947  28940  28935  28949  28936
  581.015   291941   498.64   292307   498.67  29241  29233  29233  29225  29233  29222  29224  29230  29225  29241  29177  29193  29202  29194  29202  29199  29191  29187  29204  29192
  586.015   294360   494.46   294746   494.13  29482  29476  29476  29471  29477  29467  29468  29475  29471  29483  29422  29438  29445  29439  29443  29443  29435  29433  29422  29440
  591.015   296775   491.12   297163   490.18  29705  29721  29722  29718  29724  29714  29716  29720  29718  29705  29670  29684  29666  29685  29666  29688  29683  29678  29670  29685
  596.015   299176   490.22   299536   489.18  29950  29940  29943  29962  29971  29959  29959  29965  29937  29950  29916  29930  29912  29928  29912  29907  29928  29923  29915  29905
  601.015   301708   489.60   302088   490.17  30214  30202  30204  30200  30207  30222  30222  30203  30200  30214  30154  30167  30177  30191  30177  30170  30166  30159  30177  30170
  606.019   304221   492.84   304572   493.88  30468  30455  30457  30454  30461  30449  30449  30457  30454  30468  30409  30422  30430  30419  30430  30424  30419  30413  30431  30424
  611.015   306757   493.66   307114   494.16  30702  30715  30717  30713  30722  30706  30707  30715  30715  30702  30667  30682  30690  30677  30662  30683  30680  30671  30663  30682
  616.016   309306   496.38   309688   496.28  30960  30973  30972  30970  30980  30963  30965  30973  30972  30960  30925  30940  30920  30935  30920  30941  30938  30929  30920  30938
  621.015   311711   498.72   312142   497.75  31212  31198  31198  31220  31229  31214  31217  31222  31220  31212  31176  31166  31171  31186  31170  31166  31163  31180  31171  31162
  626.015   314131   499.33   314507   499.03  31458  31445  31444  31442  31451  31459  31464  31444  31442  31458  31398  31412  31418  31434  31417  31412  31411  31402  31419  31408
  631.015   316620   497.85   316964   497.52  31709  31697  31694  31693  31701  31685  31689  31695  31692  31709  31648  31664  31669  31659  31668  31665  31664  31653  31671  31659
  636.015   319113   496.58   319456   499.53  31938  31950  31949  31948  31955  31939  31943  31949  31946  31939  31902  31919  31924  31913  31899  31918  31917  31906  31901  31914
  641.015   321611   494.11   321971   493.47  32189  32201  32201  32200  32208  32189  32194  32201  32198  32190  32154  32172  32151  32165  32149  32173  32171  32158  32153  32165
  646.015   324071   491.98   324466   491.54  32444  32431  32431  32454  32462  32444  32448  32455  32453  32444  32409  32400  32403  32420  32402  32400  32399  32413  32407  32418
  651.016   326644   499.38   327039   495.62  32709  32697  32697  32693  32702  32709  32712  32718  32693  32709  32647  32665  32668  32685  32667  32666  32664  32653  32672  32657
  656.015   329187   503.51   329548   502.23  32964  32953  32953  32949  32958  32966  32944  32949  32949  32963  32905  32921  32925  32919  32923  32923  32920  32909  32929  32913
  661.015   331672   501.76   332031   502.27  33214  33205  33205  33199  33208  33191  33195  33200  33198  33216  33155  33171  33176  33170  33175  33175  33172  33159  33155  33164
  666.015   334190   502.57   334521   503.81  33444  33459  33459  33453  33462  33446  33449  33453  33451  33445  33409  33427  33428  33423  33405  33428  33426  33413  33412  33419
  671.015   336732   503.04   337137   503.71  33706  33720  33720  33715  33725  33708  33710  33714  33713  33706  33673  33688  33663  33684  33667  33665  33662  33675  33674  33681
  676.015   339323   507.13   339655   503.94  33970  33956  33956  33951  33960  33971  33972  33974  33975  33970  33934  33924  33923  33947  33931  33924  33924  33937  33936  33943
  681.016   341769   505.89   342181   503.84  34224  34213  34211  34207  34216  34227  34227  34229  34203  34224  34163  34178  34178  34175  34186  34180  34181  34165  34189  34174
  686.015   344324   506.26   344701   505.99  34484  34473  34472  34466  34475  34461  34461  34463  34462  34484  34425  34439  34437  34434  34421  34442  34442  34424  34424  34436
  691.015   346936   508.02   347250   509.03  34719  34733  34731  34726  34735  34721  34721  34724  34721  34719  34687  34699  34698  34696  34683  34703  34701  34686  34686  34697
  696.015   349515   509.04   349864   511.36  34981  34993  34990  34986  34996  34984  34983  34986  34984  34981  34947  34959  34957  34958  34944  34962  34936  34947  34948  34957
  701.015   352013   506.41   352384   505.37  35236  35222  35246  35242  35252  35237  35237  35241  35237  35234  35202  35187  35212  35214  35200  35191  35189  35202  35203  35213
  706.015   354395   504.06   354779   503.32  35484  35471  35471  35471  35480  35482  35482  35473  35483  35482  35430  35439  35438  35444  35448  35440  35436  35433  35449  35438
  711.015   356881   506.39   357231   503.54  35735  35723  35723  35723  35733  35712  35712  35724  35712  35734  35681  35692  35689  35694  35677  35688  35685  35685  35700  35690
  716.015   359509   502.79   359825   503.32  35976  35988  35988  35988  35998  35974  35974  35989  35976  35974  35946  35958  35954  35959  35940  35955  35950  35951  35941  35955
  721.015   362043   501.74   362404   504.19  36235  36246  36246  36246  36255  36233  36232  36246  36235  36230  36204  36191  36213  36193  36200  36212  36209  36207  36200  36214
  726.015   364428   499.56   364840   499.06  36489  36473  36473  36476  36485  36488  36485  36499  36488  36484  36433  36445  36440  36447  36454  36439  36437  36436  36454  36443
  731.015   366955   499.75   367341   497.70  36741  36727  36727  36729  36738  36738  36737  36727  36738  36739  36686  36696  36694  36699  36706  36693  36690  36690  36706  36695
  736.015   369521   506.74   369932   504.30  37000  36987  36987  36988  36997  36997  36996  36985  36997  36998  36945  36956  36954  36958  36939  36952  36949  36949  36965  36954
  741.015   371980   500.81   372289   501.95  37225  37235  37235  37235  37246  37220  37220  37233  37220  37220  37194  37204  37203  37207  37188  37200  37197  37198  37188  37201
  746.015   374455   494.77   374760   496.91  37471  37483  37483  37482  37493  37467  37466  37481  37467  37467  37440  37453  37450  37454  37436  37447  37444  37446  37435  37450
  751.015   376883   495.40   377257   496.71  37728  37714  37716  37737  37726  37724  37722  37740  37724  37726  37671  37686  37682  37687  37694  37706  37702  37679  37695  37681
  756.015   379358   499.35   379728   498.78  37981  37966  37966  37964  37978  37977  37973  37968  37977  37978  37924  37938  37936  37940  37946  37932  37929  37931  37948  37934
  761.015   381830   498.22   382226   495.74  38232  38214  38214  38213  38229  38228  38222  38216  38228  38230  38171  38189  38188  38190  38170  38181  38177  38181  38199  38184
  766.015   384338   493.72   384716   491.78  38458  38466  38466  38466  38481  38479  38474  38468  38478  38480  38425  38441  38442  38442  38426  38435  38430  38433  38427  38437
  771.015   386857   492.25   387190   493.96  38711  38720  38720  38720  38734  38706  38724  38720  38728  38707  38677  38693  38693  38693  38678  38688  38684  38684  38678  38689
  776.015   389473   497.32   389762   499.26  38972  38983  38982  38982  38970  38969  38984  38984  38965  38971  38940  38954  38953  38954  38940  38949  38945  38946  38941  38951
  781.015   391794   497.95   392157   500.00  39223  39211  39210  39210  39220  39220  39212  39212  39216  39223  39167  39181  39180  39181  39192  39177  39172  39173  39194  39177
  786.015   394278   499.77   394661   498.49  39473  39461  39461  39461  39470  39472  39463  39462  39465  39473  39417  39433  39432  39430  39420  39428  39421  39423  39447  39427
  791.016   396850   502.28   397254   500.03  39732  39720  39720  39720  39730  39730  39724  39722  39724  39732  39675  39693  39692  39691  39681  39689  39679  39682  39681  39687
  796.015   399446   500.17   399766   499.09  39966  39978  39978  39978  39989  39964  39983  39982  39982  39966  39936  39951  39951  39950  39941  39947  39940  39942  39941  39947
  801.015   402043   501.95   402339   503.26  40226  40237  40238  40238  40248  40224  40219  40241  40242  40226  40196  40211  40211  40210  40202  40206  40200  40201  40200  40206
  806.015   404529   498.86   404885   502.92  40483  40495  40495  40495  40505  40483  40475  40498  40473  40483  40426  40441  40440  40466  40459  40462  40458  40458  40457  40462
  811.015   406951   507.79   407328   507.45  40740  40726  40726  40726  40735  40742  40734  40729  40732  40738  40685  40699  40700  40697  40691  40694  40688  40688  40715  40694
  816.015   409538   512.08   409941   509.26  41001  40986  40987  40987  40997  41004  40996  40990  40993  41000  40946  40960  40962  40958  40954  40956  40947  40950  40950  40955
  821.015   412098   509.14   412420   507.23  41231  41242  41242  41241  41253  41232  41252  41246  41250  41231  41201  41216  41218  41214  41209  41214  41204  41205  41207  41210
  826.015   414698   503.04   414985   504.85  41487  41501  41501  41501  41513  41490  41485  41506  41511  41490  41462  41477  41479  41473  41469  41473  41463  41465  41467  41470
  831.015   417157   501.24   417478   504.53  41742  41755  41755  41755  41767  41746  41740  41735  41738  41745  41691  41706  41707  41727  41723  41727  41714  41719  41721  41722
  836.015   419648   505.62   419987   505.96  42001  41991  41992  41992  42003  42007  42000  41997  41999  42005  41952  41966  41970  41964  41959  41962  41977  41955  41984  41959
  841.015   422068   507.26   422447   504.71  42247  42239  42239  42239  42248  42251  42247  42242  42245  42250  42197  42211  42214  42211  42206  42209  42201  42202  42211  42206
  846.016   424698   505.94   425070   503.12  42509  42501  42502  42500  42511  42513  42511  42504  42507  42512  42462  42475  42476  42473  42470  42471  42464  42464  42474  42469
  851.015   427218   498.86   427562   500.44  42762  42752  42754  42752  42763  42741  42761  42754  42760  42763  42715  42727  42729  42725  42724  42723  42717  42715  42724  42719
  856.015   429660   496.17   429981   499.03  42989  43003  43008  43003  43014  42994  42988  43005  42987  42990  42941  42979  42955  42977  42950  42977  42969  42967  42975  42970
  861.015   432072   498.00   432439   498.67  43240  43254  43234  43254  43239  43246  43238  43256  43238  43240  43190  43208  43207  43203  43200  43203  43196  43218  43226  43221
  866.016   434531   499.43   434906   499.77  43495  43483  43488  43483  43493  43500  43492  43485  43492  43495  43443  43462  43461  43456  43451  43457  43451  43447  43454  43449
  871.015   437081   501.17   437438   498.69  43750  43739  43745  43739  43749  43731  43748  43739  43748  43750  43699  43719  43716  43710  43705  43711  43708  43702  43708  43703
  876.015   439631   497.73   439987   496.39  44004  43994  43999  43994  44003  43986  44003  43994  44005  44005  43954  43974  43971  43965  43960  43964  43963  43958  43963  43959
  881.015   442041   493.15   442375   493.72  44232  44245  44225  44244  44254  44237  44230  44244  44231  44233  44180  44200  44199  44215  44211  44213  44191  44209  44213  44210
  886.015   444562   495.03   444901   497.32  44484  44498  44479  44496  44505  44489  44484  44496  44484  44486  44433  44452  44451  44466  44465  44465  44444  44461  44464  44461
  891.015   446936   497.11   447295   496.88  44732  44722  44726  44717  44726  44736  44730  44742  44731  44733  44680  44700  44700  44688  44687  44686  44693  44683  44711  44708
  896.015   449388   495.96   449774   493.71  44984  44973  44977  44967  44977  44985  44979  44966  44982  44984  44929  44950  44952  44939  44936  44936  44945  44933  44936  44932
  901.015   451920   494.46   452255   492.89  45237  45225  45230  45221  45232  45212  45232  45219  45210  45237  45184  45203  45205  45192  45190  45191  45197  45186  45189  45183
  906.015   454423   491.98   454726   492.85  45468  45483  45462  45478  45489  45470  45464  45475  45468  45469  45444  45435  45438  45451  45447  45449  45429  45444  45446  45440
  911.015   456895   495.18   457215   496.36  45718  45732  45715  45730  45719  45722  45715  45725  45721  45718  45670  45686  45691  45704  45677  45702  45680  45696  45698  45691
  916.015   459385   494.80   459729   494.97  45974  45964  45971  45962  45976  45978  45971  45981  45978  45974  45926  45942  45948  45936  45934  45934  45936  45928  45954  45947
  921.015   461888   498.34   462255   499.51  46226  46217  46224  46216  46228  46232  46224  46232  46230  46226  46180  46195  46201  46189  46187  46186  46188  46182  46181  46199
  926.015   464423   501.09   464781   499.38  46483  46476  46481  46474  46486  46466  46480  46490  46462  46483  46437  46453  46435  46448  46447  46445  46446  46439  46440  46433
  931.016   466978   500.27   467292   500.40  46742  46734  46716  46733  46745  46723  46737  46723  46721  46718  46694  46687  46693  46705  46705  46703  46704  46697  46698  46692
  936.015   469419   499.83   469733   501.91  46967  46985  46966  46984  46971  46977  46965  46976  46974  46968  46921  46938  46946  46957  46933  46954  46930  46948  46949  46943
  941.015   471894   500.76   472230   501.36  47220  47213  47220  47213  47227  47231  47220  47232  47230  47224  47175  47192  47201  47187  47188  47184  47186  47176  47206  47199
  946.015   474415   502.84   474778   502.67  47475  47469  47476  47469  47483  47484  47475  47486  47482  47479  47430  47447  47454  47443  47444  47437  47440  47433  47436  47451
  951.015   476931   502.18   477270   501.24  47731  47725  47733  47725  47739  47716  47732  47718  47716  47735  47685  47704  47686  47701  47701  47692  47696  47689  47693  47684
  956.015   479456   500.29   479803   498.24  47984  47979  47986  47979  47993  47969  47985  47970  47969  47989  47937  47957  47938  47953  47954  47943  47947  47941  47947  47939
  961.015   481900   495.72   482219   497.57  48232  48227  48211  48227  48242  48219  48209  48219  48219  48214  48187  48182  48189  48202  48179  48193  48196  48189  48196  48187
  966.015   484354   496.88   484696   498.69  48460  48480  48463  48481  48469  48472  48461  48473  48472  48465  48415  48435  48441  48430  48433  48446  48423  48440  48451  48440
  971.016   486805   498.66   487169   498.72  48713  48708  48715  48707  48723  48724  48713  48727  48723  48716  48668  48687  48695  48683  48685  48674  48674  48668  48679  48692
  976.015   489270   496.07   489610   496.07  48963  48956  48963  48956  48971  48950  48962  48953  48971  48965  48919  48937  48941  48932  48932  48925  48923  48916  48928  48917
  981.015   491774   493.81   492111   493.71  49216  49209  49218  49209  49222  49202  49215  49204  49198  49218  49175  49191  49168  49186  49185  49178  49175  49169  49179  49168
  986.015   494188   490.89   494550   490.52  49465  49458  49442  49458  49471  49449  49464  49453  49448  49442  49399  49414  49417  49436  49408  49428  49424  49418  49428  49416
  991.015   496616   491.31   496957   491.21  49688  49706  49690  49706  49694  49698  49686  49701  49698  49690  49646  49661  49666  49658  49656  49676  49647  49666  49675  49665
  996.015   499021   489.68   499363   489.68  49934  49927  49935  49928  49939  49943  49932  49947  49943  49935  49891  49905  49912  49904  49901  49897  49892  49912  49897  49910
 1001.015   501484   490.18   501827   489.48  50183  50176  50185  50176  50188  50192  50180  50172  50192  50183  50142  50152  50160  50154  50149  50146  50140  50136  50146  50159
 1006.015   503994   488.99   504332   489.77  50439  50430  50441  50432  50445  50421  50437  50427  50421  50439  50399  50410  50391  50410  50405  50403  50397  50390  50401  50388
 1011.015   506493   490.49   506837   490.72  50673  50688  50674  50690  50702  50679  50695  50684  50679  50673  50632  50643  50649  50669  50639  50658  50652  50646  50660  50645
 1016.015   508990   494.11   509331   493.41  50927  50939  50926  50941  50953  50932  50920  50936  50930  50927  50884  50895  50903  50896  50893  50909  50903  50899  50912  50896
 1021.016   511527   497.47   511893   498.31  51189  51202  51187  51175  51187  51193  51181  51201  51191  51187  51146  51156  51166  51156  51155  51143  51137  51162  51146  51160
 1026.015   513971   500.87   514332   500.64  51437  51424  51434  51425  51437  51442  51432  51426  51440  51435  51393  51405  51391  51406  51403  51393  51387  51388  51396  51409
 1031.015   516505   500.69   516844   500.49  51693  51681  51690  51681  51694  51672  51688  51683  51671  51691  51649  51661  51646  51662  51659  51649  51643  51643  51653  51640
 1036.015   519016   499.92   519396   501.33  51949  51937  51944  51937  51948  51929  51942  51938  51928  51944  51881  51917  51901  51918  51891  51905  51898  51900  51908  51897
 1041.015   521467   498.99   521785   498.12  52172  52184  52167  52186  52198  52179  52166  52187  52178  52168  52130  52143  52151  52140  52142  52155  52149  52150  52158  52149
 1046.015   523867   496.61   524246   496.14  52421  52433  52416  52434  52420  52427  52416  52435  52427  52417  52377  52390  52399  52386  52390  52378  52372  52398  52381  52396
 1051.015   526379   495.05   526710   494.71  52677  52662  52672  52663  52673  52680  52671  52663  52680  52669  52634  52645  52651  52638  52644  52632  52624  52628  52634  52649
 1056.016   528932   499.53   529261   498.46  52936  52924  52931  52924  52934  52915  52930  52924  52915  52928  52892  52904  52887  52898  52903  52893  52885  52890  52895  52885
 1061.015   531556   501.49   531891   501.36  53200  53188  53194  53187  53197  53176  53194  53188  53176  53191  53156  53166  53150  53160  53164  53157  53147  53152  53158  53146
 1066.015   534084   500.77   534446   499.26  53432  53449  53427  53449  53458  53436  53454  53451  53436  53454  53390  53399  53412  53422  53396  53419  53408  53414  53419  53405
 1071.015   536598   504.24   536899   505.42  53691  53679  53683  53679  53712  53691  53683  53705  53692  53684  53650  53659  53669  53652  53655  53648  53662  53668  53672  53663
 1076.015   539116   507.55   539441   507.38  53953  53938  53943  53938  53944  53951  53943  53938  53951  53942  53910  53922  53929  53910  53917  53906  53895  53902  53905  53920
 1081.015   541612   507.74   541968   509.41  54206  54190  54195  54190  54199  54204  54195  54191  54204  54194  54161  54173  54156  54162  54168  54159  54148  54155  54157  54173
 1086.015   544116   507.00   544466   506.76  54434  54442  54448  54440  54451  54456  54448  54445  54456  54446  54413  54428  54410  54414  54420  54412  54401  54409  54409  54400
 1091.015   546594   502.08   546964   499.80  54690  54697  54702  54697  54706  54686  54702  54699  54686  54699  54644  54658  54666  54669  54650  54667  54656  54664  54665  54655
 1096.015   549145   500.27   549467   499.83  54944  54953  54932  54953  54962  54940  54932  54955  54941  54955  54900  54912  54920  54924  54905  54922  54912  54919  54921  54910
 1101.015   551672   501.64   551955   501.81  55202  55186  55192  55185  55196  55201  55192  55211  55201  55189  55158  55169  55178  55181  55164  55155  55170  55175  55154  55168
 1106.015   554143   500.59   554502   502.63  55460  55443  55450  55443  55453  55457  55450  55443  55457  55446  55416  55427  55410  55413  55421  55411  55402  55406  55412  55425
 1111.015   556656   501.36   556988   500.55  55687  55693  55702  55694  55703  55709  55701  55694  55709  55696  55668  55678  55662  55664  55672  55662  55653  55659  55663  55675
 1116.015   559216   504.09   559550   501.81  55947  55953  55963  55956  55965  55944  55963  55956  55944  55959  55905  55937  55923  55925  55931  55924  55915  55921  55925  55910
 1121.015   561811   505.40   562147   505.13  56214  56217  56203  56220  56229  56208  56203  56220  56209  56224  56171  56176  56187  56189  56171  56188  56179  56185  56190  56175
 1126.016   564440   508.02   564749   508.46  56478  56480  56465  56482  56491  56471  56465  56483  56473  56461  56435  56438  56449  56452  56435  56451  56442  56448  56453  56437
 1131.015   566835   505.23   567178   507.18  56730  56731  56715  56705  56715  56723  56715  56709  56725  56710  56685  56687  56699  56676  56686  56676  56666  56698  56676  56686
 1136.015   569338   506.41   569668   507.18  56958  56960  56968  56961  56970  56977  56967  56964  56978  56965  56941  56944  56926  56932  56940  56930  56922  56926  56934  56943
 1141.018   571907   510.12   572234   509.95  57220  57222  57229  57222  57231  57214  57228  57225  57215  57228  57178  57207  57188  57194  57202  57192  57184  57188  57195  57179
 1146.015   574467   509.23   574839   507.89  57479  57484  57489  57484  57493  57474  57489  57483  57474  57490  57438  57444  57446  57456  57437  57453  57448  57448  57456  57441
 1151.015   577017   506.07   577339   505.57  57734  57740  57718  57739  57749  57730  57718  57737  57730  57744  57694  57700  57700  57712  57692  57708  57703  57702  57709  57697
 1156.015   579428   499.55   579750   499.92  57985  57967  57969  57965  57974  57982  57969  57988  57981  57970  57946  57951  57953  57939  57943  57935  57928  57952  57934  57947
 1161.015   581944   502.65   582274   503.09  58237  58220  58223  58216  58226  58235  58223  58240  58233  58221  58199  58205  58207  58191  58199  58191  58183  58180  58189  58200
 1166.015   584426   503.76   584732   502.92  58465  58473  58478  58469  58478  58463  58478  58467  58486  58475  58427  58457  58434  58446  58450  58446  58437  58434  58442  58453
 1171.015   586879   498.99   587235   499.97  58717  58725  58731  58722  58730  58717  58731  58720  58713  58729  58680  58685  58685  58698  58678  58699  58689  58688  58696  58681
 1176.015   589389   496.44   589707   495.44  58968  58976  58959  58973  58984  58971  58959  58973  58964  58980  58931  58936  58939  58949  58927  58949  58940  58940  58945  58933
 1181.015   591827   493.61   592168   494.21  59218  59202  59208  59225  59236  59223  59208  59225  59216  59207  59182  59188  59190  59176  59177  59176  59167  59191  59196  59184
 1186.015   594314   496.17   594631   496.85  59473  59455  59461  59453  59466  59452  59461  59478  59470  59462  59436  59442  59443  59432  59431  59430  59421  59419  59424  59436
 1191.015   596774   495.17   597111   496.28  59722  59707  59712  59703  59717  59704  59712  59703  59719  59712  59663  59693  59668  59684  59681  59680  59673  59671  59675  59686
 1196.015   599277   494.16   599588   496.01  59950  59959  59964  59956  59969  59958  59964  59956  59946  59966  59914  59945  59921  59938  59932  59934  59927  59925  59928  59913
