Test case: 
Description: 
	10 senders: persistent queues
	10 receivers: client acknowledge every 50 messages
Timestamp: 2011.11.2 0:25:54
Version: 
Setting up JMS benchmark connections... 

Start processing messages.
Fri Dec 02 00:25:54 EST 2011

  Seconds   Send   Send/Sec   Recv   Recv/Sec   RCV0   RCV1   RCV2   RCV3   RCV4   RCV5   RCV6   RCV7   RCV8   RCV9  SND10  SND11  SND12  SND13  SND14  SND15  SND16  SND17  SND18  SND19
  ------- -------- -------- -------- -------- ------ ------ ------ ------ ------ ------ ------ ------ ------ ------ ------ ------ ------ ------ ------ ------ ------ ------ ------ ------
    0.992        0     0.00        0     0.00      0      0      0      0      0      0      0      0      0      0      0      0      0      0      0      0      0      0      0      0
    5.992     2008   436.52     2393   520.22    239    235    239    243    240    236    242    238    243    238    201    200    202    203    200    200    201    202    198    201
   10.992     4494   468.13     4878   508.13    487    483    488    491    487    485    491    486    493    487    450    449    451    450    448    449    449    452    447    449
   15.992     6995   465.07     7382   487.95    737    735    738    743    736    735    742    737    742    737    702    700    701    704    698    698    699    699    695    699
   20.992     9463   470.46     9846   490.10    984    980    985    988    983    982    988    984    988    984    948    947    947    950    945    945    947    946    942    946
   25.992    11798   478.62    12158   494.23   1216   1210   1217   1218   1214   1214   1219   1216   1219   1215   1179   1178   1178   1182   1176   1177   1177   1178   1196   1177
   30.992    14257   481.66    14640   494.59   1464   1459   1465   1467   1461   1462   1467   1464   1467   1464   1427   1425   1426   1429   1424   1425   1426   1428   1420   1427
   35.992    16878   498.99    17259   498.86   1725   1721   1727   1729   1724   1724   1729   1725   1729   1726   1689   1687   1691   1690   1685   1686   1690   1690   1682   1688
   40.993    19420   496.64    19807   493.32   1980   1976   1982   1983   1978   1979   1983   1980   1985   1981   1944   1942   1944   1943   1940   1941   1944   1945   1937   1940
   45.992    21992   494.55    22406   494.48   2240   2237   2242   2242   2237   2239   2242   2240   2246   2241   2205   2202   2205   2202   2199   2200   2205   2179   2196   2199
   50.992    24552   501.11    24854   501.01   2478   2474   2479   2504   2500   2476   2504   2478   2483   2478   2442   2465   2442   2466   2462   2463   2444   2445   2460   2463
   55.992    27045   510.84    27403   511.58   2740   2736   2743   2741   2737   2740   2741   2740   2745   2740   2704   2701   2704   2726   2699   2699   2706   2709   2697   2700
   60.992    29555   512.48    29940   513.42   2994   2991   2997   2993   2989   2994   2994   2994   3000   2994   2958   2953   2958   2956   2952   2951   2960   2963   2950   2954
   65.992    32088   508.46    32472   506.61   3248   3245   3251   3245   3240   3248   3246   3248   3253   3248   3212   3204   3212   3210   3205   3204   3215   3216   3203   3207
   70.992    34578   503.64    34988   503.61   3501   3496   3502   3496   3493   3500   3497   3498   3504   3501   3462   3457   3463   3463   3456   3457   3465   3442   3454   3459
   75.992    37162   502.20    37576   501.43   3762   3756   3763   3758   3755   3738   3759   3758   3765   3762   3722   3718   3723   3723   3717   3718   3702   3703   3716   3720
   80.992    39716   503.83    40057   506.81   3997   3992   3998   4018   4017   3999   4020   4017   4000   3999   3957   3979   3959   3982   3978   3978   3963   3963   3977   3980
   85.992    42130   506.21    42508   506.88   4252   4248   4251   4248   4249   4255   4249   4248   4254   4254   4213   4209   4214   4215   4210   4209   4220   4219   4209   4212
   90.992    44654   504.93    45033   505.60   4504   4499   4505   4500   4503   4507   4501   4501   4507   4506   4467   4461   4466   4468   4462   4461   4472   4471   4461   4465
   95.992    47227   503.84    47610   502.13   4761   4757   4763   4757   4761   4765   4759   4758   4765   4764   4725   4717   4725   4725   4718   4717   4729   4729   4719   4723
  100.992    49762   503.57    50170   503.67   5019   5015   5022   5016   5019   5000   5017   5017   5024   5021   4983   4976   4983   4984   4976   4975   4963   4964   4978   4980
  105.992    52297   502.00    52612   501.22   5275   5248   5255   5271   5250   5255   5274   5274   5257   5253   5215   5231   5239   5240   5233   5230   5219   5220   5234   5236
  110.992    54727   501.85    55119   503.56   5504   5503   5512   5529   5503   5511   5530   5503   5514   5510   5470   5488   5470   5470   5462   5488   5475   5475   5463   5466
  115.993    57296   507.11    57684   508.36   5767   5765   5773   5763   5767   5773   5764   5766   5774   5772   5734   5722   5732   5733   5724   5723   5737   5738   5725   5728
  120.992    59938   510.30    60320   508.72   6031   6030   6035   6026   6034   6036   6029   6029   6036   6034   6000   5987   5996   5996   5990   5987   6000   6001   5988   5993
  125.992    62457   506.91    62817   504.43   6282   6281   6287   6280   6286   6264   6282   6281   6288   6286   6252   6240   6248   6248   6243   6240   6251   6251   6239   6245
  130.993    64917   502.68    65320   501.68   6533   6531   6537   6530   6536   6514   6533   6531   6539   6536   6501   6491   6498   6499   6493   6492   6477   6478   6491   6497
  135.993    67413   502.68    67740   504.93   6766   6763   6767   6788   6768   6769   6791   6788   6772   6768   6734   6750   6730   6757   6750   6749   6734   6734   6748   6727
  140.992    69960   510.35    70357   509.68   7030   7027   7033   7050   7034   7033   7053   7028   7037   7032   7000   7013   6994   6995   6990   6989   6999   6999   6988   6993
  145.992    72578   511.96    72955   511.63   7296   7291   7297   7291   7298   7299   7293   7292   7302   7296   7264   7253   7258   7260   7253   7253   7263   7265   7252   7257
  150.992    75266   511.91    75640   509.93   7565   7559   7565   7560   7566   7568   7561   7560   7571   7565   7532   7522   7528   7528   7521   7523   7533   7533   7520   7526
  155.992    77739   506.51    78118   508.05   7818   7814   7818   7812   7820   7795   7813   7812   7798   7818   7784   7772   7781   7782   7775   7776   7758   7759   7773   7779
  160.992    80332   511.16    80634   510.35   8055   8049   8078   8075   8056   8057   8075   8075   8059   8055   8020   8035   8042   8043   8037   8037   8021   8022   8035   8040
  165.992    82820   515.35    83203   517.20   8317   8312   8315   8337   8318   8319   8336   8311   8321   8317   8283   8295   8280   8303   8273   8273   8281   8286   8270   8276
  170.992    85373   516.34    85759   515.97   8578   8573   8576   8571   8579   8580   8570   8571   8582   8579   8544   8530   8540   8538   8533   8533   8542   8547   8530   8536
  175.992    87947   512.94    88333   510.62   8837   8831   8831   8828   8837   8836   8826   8830   8840   8837   8804   8787   8797   8795   8791   8789   8801   8804   8786   8793
  180.992    90527   509.68    90937   508.31   9097   9093   9091   9090   9096   9095   9088   9090   9100   9097   9064   9047   9057   9057   9052   9049   9061   9040   9047   9053
  185.992    93095   510.20    93399   510.27   9334   9329   9351   9351   9332   9332   9349   9351   9336   9334   9302   9309   9319   9320   9313   9310   9299   9301   9308   9314
  190.992    95580   506.61    95912   509.30   9586   9581   9603   9602   9583   9583   9599   9602   9587   9586   9552   9561   9545   9570   9564   9561   9552   9552   9558   9565
  195.992    97976   504.97    98343   507.15   9838   9832   9828   9827   9834   9834   9848   9827   9837   9838   9801   9813   9794   9794   9788   9784   9804   9803   9807   9788
  200.992   100454   503.86   100841   503.15  10090  10082  10081  10081  10085  10085  10078  10081  10089  10089  10053  10041  10045  10047  10041  10039  10056  10054  10035  10043
  205.992   103123   506.61   103521   504.33  10358  10351  10350  10347  10353  10352  10344  10350  10359  10357  10322  10306  10313  10311  10311  10304  10324  10322  10298  10312
  210.992   105685   506.11   106110   504.13  10597  10615  10612  10610  10618  10617  10609  10614  10623  10595  10560  10570  10578  10575  10574  10567  10563  10560  10563  10575
  215.992   108340   504.78   108657   508.14  10862  10855  10878  10877  10855  10853  10875  10880  10863  10859  10824  10837  10844  10841  10842  10832  10825  10824  10830  10841
  220.992   110830   507.42   111187   510.00  11117  11111  11131  11131  11113  11111  11130  11108  11120  11115  11080  11091  11069  11094  11070  11086  11082  11080  11084  11094
  225.992   113337   512.84   113744   514.18  11381  11375  11370  11368  11376  11374  11368  11371  11384  11377  11344  11328  11333  11332  11332  11323  11347  11344  11322  11332
  230.992   115991   518.68   116395   516.56  11646  11641  11634  11633  11642  11639  11633  11636  11650  11641  11609  11594  11598  11597  11598  11588  11612  11611  11587  11597
  235.992   118617   518.07   118994   515.49  11886  11882  11902  11903  11910  11906  11903  11904  11890  11908  11876  11864  11866  11866  11866  11855  11853  11850  11857  11864
  240.992   121207   516.56   121580   513.98  12148  12144  12165  12163  12144  12167  12163  12166  12152  12168  12111  12127  12129  12127  12127  12117  12116  12111  12118  12124
  245.992   123840   514.26   124142   517.08  12414  12408  12427  12425  12408  12405  12427  12406  12416  12406  12375  12389  12391  12390  12388  12380  12380  12377  12382  12388
  250.992   126280   515.92   126658   516.59  12669  12666  12659  12680  12664  12663  12659  12662  12674  12662  12631  12619  12623  12648  12621  12636  12637  12632  12613  12620
  255.992   128778   515.54   129187   514.73  12925  12922  12913  12910  12920  12919  12913  12917  12930  12918  12886  12874  12877  12877  12876  12867  12892  12887  12868  12874
  260.992   131289   511.68   131678   509.36  13179  13151  13168  13163  13174  13173  13166  13169  13160  13175  13138  13128  13131  13130  13128  13121  13121  13140  13123  13129
  265.992   133809   506.41   134142   505.81  13408  13405  13423  13416  13404  13427  13420  13421  13414  13404  13393  13383  13384  13385  13382  13377  13376  13367  13379  13383
  270.992   136318   501.21   136657   503.42  13662  13659  13678  13669  13659  13655  13674  13676  13668  13657  13621  13636  13638  13639  13634  13631  13630  13620  13632  13637
  275.992   138836   497.77   139166   501.46  13920  13914  13908  13928  13914  13909  13930  13907  13922  13914  13878  13893  13868  13897  13891  13889  13887  13875  13864  13894
  280.992   141251   500.70   141682   499.97  14172  14168  14165  14180  14170  14164  14158  14161  14176  14168  14135  14121  14124  14124  14120  14117  14140  14129  14119  14122
  285.993   143828   503.29   144268   499.97  14434  14429  14426  14415  14431  14425  14420  14422  14437  14429  14397  14381  14383  14385  14380  14377  14375  14390  14378  14382
  290.992   146391   503.31   146749   502.23  14667  14662  14684  14672  14665  14682  14680  14680  14670  14687  14628  14640  14643  14645  14641  14635  14634  14648  14636  14641
  295.992   148938   501.58   149271   505.07  14924  14919  14940  14929  14923  14914  14939  14937  14927  14919  14886  14898  14899  14903  14899  14892  14890  14881  14893  14897
  300.993   151415   502.30   151728   505.76  15177  15172  15166  15182  15178  15167  15169  15164  15180  15173  15140  15150  15127  15156  15150  15145  15142  15133  15122  15150
  305.992   153871   503.66   154307   503.79  15436  15429  15423  15439  15435  15425  15430  15421  15437  15432  15397  15384  15383  15388  15382  15379  15401  15392  15381  15384
  310.993   156429   506.71   156861   504.13  15692  15685  15678  15694  15691  15680  15686  15676  15693  15686  15654  15639  15638  15643  15638  15634  15658  15649  15637  15639
  315.992   158920   504.77   159286   501.44  15921  15916  15933  15924  15920  15937  15940  15931  15923  15941  15884  15892  15892  15898  15893  15887  15887  15904  15891  15892
  320.992   161457   502.92   161814   502.89  16177  16174  16190  16182  16178  16169  16198  16191  16181  16174  16141  16147  16147  16155  16148  16142  16144  16135  16151  16147
  325.993   164070   502.50   164399   506.76  16443  16438  16454  16446  16442  16431  16435  16428  16446  16436  16404  16412  16411  16420  16411  16407  16408  16397  16389  16411
  330.992   166595   504.18   166947   506.36  16700  16694  16684  16702  16700  16690  16694  16686  16702  16695  16664  16668  16668  16651  16668  16639  16665  16656  16646  16670
  335.992   169051   505.91   169504   503.02  16956  16951  16939  16959  16955  16946  16951  16939  16959  16949  16920  16899  16898  16907  16899  16896  16920  16911  16902  16899
  340.992   171562   506.16   171934   503.31  17186  17181  17195  17189  17185  17202  17207  17195  17189  17205  17150  17156  17156  17162  17155  17152  17150  17168  17158  17155
  345.993   174029   503.52   174384   504.90  17440  17434  17447  17442  17439  17429  17433  17447  17442  17431  17401  17407  17405  17414  17409  17404  17405  17395  17384  17405
  350.992   176599   502.92   176953   506.31  17696  17690  17704  17698  17696  17687  17691  17703  17698  17690  17658  17665  17662  17672  17664  17661  17662  17653  17641  17661
  355.993   179121   500.86   179551   502.57  17955  17949  17962  17960  17955  17947  17952  17961  17960  17950  17916  17898  17923  17906  17922  17896  17922  17914  17902  17922
  360.992   181564   498.83   182014   498.62  18208  18201  18186  18212  18205  18199  18204  18187  18210  18202  18169  18150  18148  18158  18148  18149  18148  18167  18154  18173
  365.993   183993   500.55   184392   497.06  18433  18426  18436  18437  18430  18450  18455  18437  18435  18453  18393  18401  18399  18409  18398  18400  18398  18393  18404  18398
  370.992   186487   498.36   186809   499.16  18682  18674  18685  18687  18679  18676  18681  18684  18683  18678  18644  18649  18647  18659  18645  18652  18649  18643  18652  18647
  375.992   188994   499.58   189361   501.73  18936  18929  18941  18943  18933  18931  18937  18940  18939  18932  18900  18905  18903  18915  18901  18882  18905  18899  18881  18903
  380.992   191506   495.17   191920   498.05  19192  19186  19196  19198  19188  19187  19194  19195  19195  19189  19156  19139  19159  19145  19157  19140  19161  19155  19136  19158
  385.992   194054   495.92   194470   492.00  19447  19442  19449  19454  19442  19442  19449  19451  19451  19443  19411  19395  19413  19400  19412  19393  19416  19410  19391  19413
  390.992   196481   498.83   196894   495.84  19704  19674  19682  19685  19700  19700  19682  19684  19682  19701  19644  19652  19647  19657  19643  19652  19649  19642  19649  19646
  395.992   198986   500.52   199300   500.29  19928  19925  19935  19937  19924  19925  19933  19935  19933  19925  19895  19901  19896  19909  19892  19903  19901  19892  19900  19897
  400.992   201573   501.61   201885   505.00  20188  20186  20193  20195  20182  20181  20192  20195  20191  20182  20153  20160  20155  20170  20150  20160  20160  20152  20157  20156
  405.992   204099   502.68   204495   503.52  20449  20447  20454  20456  20443  20442  20452  20455  20454  20443  20414  20419  20415  20405  20410  20395  20420  20413  20392  20416
  410.992   206584   500.91   206984   499.56  20701  20700  20705  20707  20693  20691  20704  20681  20705  20697  20665  20645  20667  20655  20660  20646  20672  20664  20642  20668
  415.992   209083   502.58   209471   499.90  20961  20933  20937  20941  20951  20949  20964  20941  20939  20955  20899  20904  20900  20916  20921  20905  20909  20925  20903  20901
  420.992   211627   505.77   212005   504.46  21194  21192  21195  21201  21210  21209  21197  21197  21197  21213  21160  21164  21160  21175  21154  21164  21169  21159  21162  21160
  425.993   214195   506.14   214569   509.80  21450  21449  21453  21457  21464  21465  21455  21454  21455  21467  21417  21420  21417  21430  21412  21420  21427  21418  21417  21417
  430.992   216664   500.40   217013   504.30  21701  21702  21706  21710  21692  21692  21706  21705  21706  21693  21669  21672  21669  21682  21663  21647  21678  21669  21645  21670
  435.992   219155   500.20   219559   499.63  21955  21956  21959  21964  21949  21947  21960  21959  21961  21949  21923  21926  21925  21912  21917  21900  21907  21923  21898  21924
  440.992   221621   503.78   222079   501.46  22215  22190  22218  22198  22208  22207  22220  22194  22220  22209  22157  22159  22158  22171  22177  22159  22166  22158  22157  22159
  445.992   224157   504.95   224565   502.87  22470  22447  22448  22455  22464  22464  22449  22451  22451  22466  22415  22416  22411  22429  22407  22413  22422  22415  22414  22415
  450.992   226703   503.37   227053   503.31  22698  22700  22702  22708  22718  22693  22705  22703  22707  22719  22668  22671  22667  22684  22661  22669  22674  22669  22669  22671
  455.992   229181   498.20   229534   502.20  22956  22951  22957  22960  22944  22947  22959  22956  22959  22945  22920  22925  22919  22910  22916  22922  22927  22921  22895  22926
  460.992   231695   498.42   232080   499.66  23212  23204  23209  23214  23201  23201  23214  23212  23212  23201  23173  23178  23172  23165  23170  23150  23179  23176  23152  23180
  465.992   234244   502.85   234676   501.21  23473  23467  23473  23476  23461  23463  23452  23474  23475  23462  23436  23414  23435  23427  23434  23411  23442  23414  23414  23417
  470.992   236667   503.15   237054   499.90  23700  23695  23700  23703  23715  23717  23705  23701  23702  23716  23662  23665  23662  23683  23661  23663  23669  23667  23667  23668
  475.992   239128   501.54   239519   500.13  23949  23943  23949  23952  23964  23942  23955  23949  23952  23964  23910  23914  23911  23909  23910  23910  23917  23914  23916  23917
  480.992   241608   495.87   241975   499.87  24199  24194  24200  24202  24189  24195  24207  24198  24202  24189  24160  24166  24161  24160  24161  24158  24167  24167  24141  24167
  485.992   244176   496.22   244538   496.56  24455  24451  24456  24457  24446  24451  24465  24454  24458  24445  24417  24423  24418  24416  24419  24415  24423  24423  24397  24425
  490.992   246688   499.63   247160   499.93  24720  24716  24721  24723  24711  24716  24702  24718  24723  24710  24682  24660  24683  24681  24657  24652  24688  24661  24661  24663
  495.992   249201   500.97   249627   497.95  24953  24949  24954  24957  24971  24976  24961  24978  24957  24971  24915  24920  24915  24941  24915  24912  24920  24921  24919  24923
  500.992   251766   505.00   252138   504.50  25210  25207  25212  25215  25225  25204  25218  25206  25215  25226  25171  25177  25171  25197  25172  25169  25177  25178  25175  25179
  505.992   254276   507.45   254618   506.68  25462  25459  25464  25467  25454  25460  25471  25459  25467  25455  25426  25430  25425  25426  25425  25422  25430  25431  25430  25431
  510.992   256869   507.75   257229   508.39  25724  25720  25725  25728  25715  25722  25734  25718  25728  25715  25688  25692  25687  25687  25686  25685  25690  25695  25666  25693
  515.992   259459   507.03   259846   507.87  25990  25986  25989  25993  25977  25986  25971  25983  25993  25978  25954  25957  25953  25950  25951  25921  25952  25932  25929  25960
  520.992   261946   509.46   262423   506.24  26247  26242  26246  26250  26236  26244  26231  26241  26250  26236  26187  26191  26210  26210  26183  26182  26210  26192  26189  26192
  525.992   264416   507.99   264762   505.34  26470  26465  26471  26473  26484  26468  26483  26490  26473  26485  26438  26441  26433  26458  26431  26433  26459  26442  26439  26442
  530.992   266890   503.15   267257   504.73  26721  26717  26721  26725  26738  26720  26734  26718  26725  26738  26689  26694  26685  26683  26683  26686  26686  26695  26693  26696
  535.992   269439   505.27   269779   507.85  26978  26974  26978  26982  26970  26977  26992  26977  26982  26969  26947  26951  26942  26940  26941  26944  26944  26951  26925  26954
  540.992   271995   501.54   272363   501.85  27237  27233  27237  27240  27228  27235  27249  27236  27241  27227  27205  27208  27201  27199  27200  27176  27204  27208  27182  27212
  545.992   274451   499.70   274883   498.62  27494  27489  27491  27494  27480  27490  27477  27490  27497  27481  27458  27435  27455  27453  27454  27429  27458  27435  27435  27439
  550.992   276891   499.77   277294   496.41  27722  27718  27745  27723  27733  27718  27731  27744  27725  27735  27688  27689  27685  27706  27682  27682  27687  27690  27690  27692
  555.992   279438   502.35   279790   502.62  27977  27974  27971  27978  27987  27973  27986  27972  27982  27990  27943  27944  27939  27961  27935  27937  27942  27944  27946  27947
  560.992   281903   500.34   282303   502.35  28228  28225  28223  28231  28237  28224  28237  28224  28233  28241  28195  28196  28191  28187  28187  28188  28193  28197  28171  28198
  565.992   284399   495.20   284748   497.18  28478  28474  28471  28482  28461  28475  28487  28472  28482  28466  28443  28444  28443  28437  28437  28437  28445  28445  28421  28447
  570.992   286972   496.01   287315   497.08  28736  28734  28729  28742  28722  28735  28719  28730  28743  28725  28703  28705  28704  28695  28697  28670  28705  28705  28681  28707
  575.992   289343   497.18   289741   496.07  28988  28961  28983  28969  28975  28962  28974  28982  28971  28976  28929  28933  28930  28950  28924  28923  28956  28930  28935  28933
  580.992   291844   500.03   292251   498.46  29215  29212  29235  29224  29229  29218  29228  29234  29227  29229  29183  29184  29181  29202  29176  29174  29183  29183  29190  29188
  585.992   294257   494.82   294643   495.15  29459  29457  29453  29468  29472  29462  29476  29452  29471  29473  29426  29428  29425  29443  29419  29420  29427  29427  29409  29433
  590.992   296696   492.32   297037   491.11  29706  29705  29700  29716  29694  29709  29698  29699  29716  29694  29672  29674  29670  29665  29667  29667  29673  29674  29655  29679
  595.992   299117   487.90   299432   490.25  29950  29950  29943  29936  29939  29953  29943  29945  29936  29937  29916  29920  29915  29910  29910  29889  29917  29918  29899  29923
  600.992   301641   488.62   302009   490.37  30214  30187  30207  30200  30200  30188  30206  30208  30200  30199  30179  30155  30178  30170  30148  30151  30180  30154  30165  30161
  605.992   304077   492.72   304522   493.39  30440  30441  30461  30454  30454  30444  30460  30460  30454  30454  30406  30409  30404  30423  30404  30408  30407  30408  30393  30415
  610.992   306660   495.44   307079   492.32  30698  30698  30718  30712  30713  30701  30718  30694  30714  30713  30666  30667  30663  30681  30660  30666  30666  30666  30651  30674
  615.992   309232   499.09   309625   498.49  30957  30956  30950  30969  30970  30958  30972  30952  30972  30969  30923  30925  30921  30937  30917  30922  30925  30923  30908  30931
  620.992   311692   497.38   312009   499.90  31209  31207  31201  31196  31195  31208  31197  31204  31198  31194  31174  31177  31173  31162  31168  31149  31177  31173  31159  31180
  625.992   314101   497.85   314472   501.38  31455  31454  31447  31442  31440  31454  31444  31451  31444  31441  31420  31398  31419  31409  31413  31395  31423  31418  31405  31401
  630.992   316487   497.35   316909   498.32  31681  31680  31700  31692  31691  31679  31695  31702  31695  31694  31646  31648  31645  31661  31638  31648  31649  31644  31656  31652
  635.992   319007   499.40   319424   496.01  31933  31934  31954  31945  31946  31932  31951  31932  31949  31948  31900  31901  31900  31917  31894  31900  31904  31898  31886  31907
  640.992   321523   497.01   321913   493.52  32185  32185  32179  32197  32197  32183  32205  32183  32200  32199  32150  32153  32152  32169  32145  32155  32156  32149  32136  32158
  645.992   324009   492.38   324395   492.15  32438  32439  32432  32451  32449  32436  32432  32438  32453  32427  32404  32406  32407  32397  32399  32383  32410  32402  32390  32411
  650.992   326659   495.37   326972   498.66  32703  32703  32698  32692  32688  32701  32698  32703  32694  32692  32669  32671  32672  32662  32663  32648  32675  32667  32655  32677
  655.992   329125   500.77   329512   501.24  32960  32934  32954  32947  32944  32958  32956  32960  32951  32948  32926  32927  32903  32918  32920  32905  32906  32900  32911  32909
  660.992   331559   503.26   331947   502.95  33186  33185  33207  33198  33195  33184  33208  33186  33200  33198  33150  33151  33154  33169  33145  33156  33158  33153  33162  33161
  665.992   334076   503.99   334466   500.54  33441  33439  33437  33452  33449  33438  33461  33442  33452  33455  33406  33405  33408  33423  33399  33411  33411  33408  33391  33414
  670.992   336635   505.40   337027   504.56  33702  33700  33698  33714  33711  33698  33697  33704  33714  33689  33668  33666  33670  33658  33660  33645  33672  33669  33654  33673
  675.992   339253   503.91   339567   505.25  33964  33962  33960  33948  33946  33962  33959  33966  33949  33951  33930  33928  33932  33920  33922  33906  33933  33929  33917  33936
  680.992   341773   501.17   342090   503.02  34217  34192  34215  34205  34200  34216  34215  34218  34205  34207  34183  34182  34186  34176  34175  34163  34164  34184  34171  34189
  685.992   344204   504.33   344643   504.33  34476  34452  34476  34465  34460  34451  34477  34453  34465  34468  34418  34419  34423  34436  34410  34422  34424  34420  34407  34425
  690.992   346813   510.20   347179   508.62  34712  34714  34711  34727  34721  34713  34713  34714  34727  34727  34678  34680  34686  34695  34670  34683  34685  34681  34668  34687
  695.992   349427   510.60   349792   509.83  34975  34975  34971  34988  34982  34975  34973  34977  34988  34988  34941  34942  34949  34955  34932  34942  34947  34942  34929  34948
  700.992   351920   506.71   352256   507.52  35228  35229  35223  35216  35239  35230  35229  35231  35216  35215  35195  35196  35204  35182  35185  35170  35203  35197  35185  35203
  705.992   354360   502.72   354713   504.87  35476  35461  35470  35469  35467  35478  35479  35478  35469  35466  35443  35444  35433  35436  35434  35423  35435  35442  35433  35437
  710.992   356768   500.13   357163   504.30  35707  35712  35721  35720  35718  35708  35730  35709  35720  35718  35671  35674  35684  35687  35665  35675  35687  35672  35664  35689
  715.992   359416   506.21   359787   503.15  35969  35978  35986  35986  35984  35973  35970  35971  35986  35984  35934  35937  35950  35953  35929  35941  35951  35935  35931  35955
  720.992   361900   504.56   362293   504.60  36228  36235  36243  36220  36216  36230  36228  36231  36220  36242  36192  36197  36182  36209  36189  36172  36186  36195  36190  36188
  725.992   364403   498.31   364752   500.29  36480  36464  36472  36473  36469  36484  36483  36484  36472  36471  36445  36449  36434  36437  36441  36426  36438  36448  36442  36443
  730.992   366908   499.60   367288   501.04  36733  36717  36726  36727  36723  36737  36735  36737  36727  36726  36697  36701  36687  36691  36693  36681  36692  36700  36670  36696
  735.992   369422   502.08   369828   501.34  36992  36975  36985  36987  36983  36972  36993  36970  36987  36984  36956  36935  36946  36951  36929  36938  36950  36932  36930  36955
  740.993   371886   503.12   372262   502.48  37216  37223  37233  37236  37230  37221  37216  37219  37236  37232  37180  37184  37196  37200  37178  37185  37198  37182  37179  37204
  745.992   374361   496.44   374687   496.61  37463  37471  37480  37459  37478  37467  37464  37465  37484  37456  37427  37432  37444  37447  37427  37433  37443  37429  37428  37451
  750.992   376810   497.84   377163   498.17  37720  37729  37712  37719  37710  37724  37720  37723  37717  37714  37686  37690  37675  37678  37685  37666  37676  37686  37684  37684
  755.992   379336   496.96   379687   498.64  37973  37956  37964  37970  37962  37978  37974  37975  37970  37965  37939  37944  37928  37930  37938  37919  37929  37938  37935  37936
  760.992   381757   496.41   382161   496.28  38224  38205  38211  38219  38209  38204  38227  38226  38220  38216  38190  38169  38178  38178  38161  38169  38178  38189  38159  38186
  765.992   384233   495.34   384661   493.39  38475  38459  38463  38471  38463  38458  38477  38455  38472  38468  38416  38422  38430  38432  38415  38421  38430  38416  38414  38437
  770.992   386754   494.58   387128   493.64  38702  38710  38716  38724  38716  38710  38702  38705  38724  38719  38668  38675  38682  38683  38666  38672  38683  38669  38666  38690
  775.992   389319   498.59   389673   499.53  38965  38973  38978  38960  38978  38972  38964  38967  38960  38956  38929  38936  38945  38944  38927  38909  38944  38931  38927  38927
  780.992   391764   498.72   392114   499.26  39216  39201  39206  39211  39206  39224  39215  39217  39211  39207  39180  39188  39173  39171  39179  39161  39174  39181  39180  39177
  785.992   394216   496.68   394595   498.52  39467  39451  39457  39463  39456  39449  39466  39467  39462  39457  39431  39414  39423  39421  39430  39410  39424  39432  39404  39427
  790.992   396782   501.66   397194   498.44  39726  39711  39717  39723  39717  39708  39727  39726  39721  39718  39689  39674  39682  39680  39663  39668  39684  39690  39665  39687
  795.992   399323   502.18   399707   499.83  39960  39969  39977  39981  39977  39968  39960  39960  39979  39976  39923  39933  39942  39939  39922  39927  39944  39924  39924  39945
  800.992   401919   504.58   402256   503.31  40220  40228  40237  40216  40211  40229  40221  40220  40240  40234  40183  40192  40201  40200  40181  40186  40205  40185  40182  40204
  805.992   404384   501.91   404744   503.93  40478  40482  40466  40472  40468  40487  40478  40478  40470  40465  40442  40450  40431  40430  40436  40444  40436  40442  40438  40435
  810.992   406937   505.05   407267   506.86  40736  40713  40724  40729  40726  40718  40734  40736  40729  40722  40702  40707  40690  40687  40694  40674  40695  40700  40694  40694
  815.992   409452   510.40   409876   510.17  40997  40975  40985  40989  40987  40978  40994  40998  40989  40984  40939  40945  40950  40949  40932  40935  40956  40961  40930  40955
  820.992   411994   508.76   412379   504.43  41227  41229  41241  41245  41243  41232  41250  41227  41245  41240  41196  41201  41207  41207  41188  41192  41214  41192  41187  41210
  825.992   414569   505.77   414955   504.87  41485  41490  41501  41506  41503  41494  41484  41486  41506  41500  41457  41462  41467  41467  41447  41452  41448  41451  41449  41469
  830.992   417112   503.89   417367   505.47  41739  41744  41729  41735  41731  41747  41739  41740  41735  41728  41714  41715  41721  41720  41701  41706  41704  41705  41703  41723
  835.992   419598   507.20   419952   509.51  41999  42005  41992  41996  41992  41983  41999  41999  41996  41991  41950  41976  41956  41955  41964  41943  41963  41968  41964  41959
  840.992   421991   504.30   422388   504.87  42243  42230  42236  42241  42238  42233  42246  42243  42241  42237  42196  42201  42204  42201  42184  42191  42206  42213  42190  42205
  845.992   424594   504.40   425020   500.77  42505  42493  42499  42504  42503  42497  42508  42507  42504  42500  42458  42465  42466  42464  42446  42453  42469  42450  42454  42469
  850.992   427113   500.57   427458   500.10  42732  42743  42749  42756  42731  42749  42759  42732  42754  42753  42709  42717  42717  42715  42699  42704  42721  42703  42709  42719
  855.992   429579   498.66   429851   498.15  42983  42995  43000  42983  42983  42977  42986  42983  42982  42979  42961  42968  42968  42966  42951  42955  42948  42956  42935  42971
  860.992   431948   496.09   432305   501.26  43233  43221  43226  43233  43234  43226  43237  43234  43233  43228  43188  43195  43197  43193  43203  43181  43199  43208  43185  43199
  865.992   434461   497.90   434841   499.65  43487  43475  43480  43488  43486  43479  43490  43487  43488  43481  43442  43448  43450  43447  43433  43435  43452  43461  43441  43452
  870.992   436986   501.44   437394   498.32  43742  43730  43735  43744  43742  43733  43745  43743  43744  43736  43696  43702  43705  43702  43688  43689  43707  43692  43697  43708
  875.992   439530   497.85   439947   493.26  43998  43986  43991  43999  43997  43987  44000  43999  43999  43991  43951  43957  43957  43956  43943  43944  43961  43946  43952  43963
  880.992   441994   493.39   442316   495.20  44225  44237  44241  44228  44226  44238  44228  44225  44225  44243  44202  44210  44208  44206  44194  44193  44189  44197  44180  44215
  885.992   444468   494.50   444837   499.46  44477  44488  44494  44481  44477  44491  44480  44478  44478  44493  44431  44461  44460  44458  44445  44445  44442  44451  44433  44442
  890.992   446841   497.21   447209   497.52  44726  44711  44714  44729  44726  44711  44728  44726  44725  44713  44678  44682  44683  44680  44692  44667  44690  44699  44681  44689
  895.992   449287   495.81   449711   493.79  44978  44962  44963  44981  44975  44960  44977  44978  44975  44962  44929  44932  44933  44927  44917  44916  44937  44924  44933  44939
  900.992   451796   492.68   452191   492.18  45204  45216  45216  45233  45228  45215  45231  45205  45228  45215  45183  45187  45188  45181  45171  45167  45190  45178  45159  45192
  905.992   454352   493.83   454667   492.21  45462  45474  45473  45467  45460  45471  45463  45464  45461  45472  45442  45446  45447  45439  45428  45425  45423  45435  45417  45450
  910.992   456773   492.52   457156   495.47  45714  45701  45724  45717  45711  45721  45714  45715  45714  45725  45668  45673  45673  45691  45679  45680  45674  45687  45669  45679
  915.992   459341   494.73   459726   494.40  45973  45958  45980  45975  45967  45977  45971  45973  45971  45981  45924  45930  45929  45949  45937  45937  45931  45942  45926  45936
  920.992   461764   499.93   462174   497.05  46226  46209  46206  46228  46220  46203  46224  46226  46224  46208  46176  46181  46181  46177  46165  46164  46183  46170  46178  46189
  925.992   464322   500.22   464675   498.78  46458  46469  46463  46461  46478  46460  46481  46458  46481  46466  46436  46440  46440  46435  46421  46422  46442  46427  46411  46448
  930.992   466898   501.76   467188   501.59  46717  46727  46722  46720  46712  46719  46714  46717  46714  46726  46694  46697  46697  46694  46679  46679  46699  46684  46670  46705
  935.992   469335   498.56   469685   501.38  46970  46952  46975  46973  46962  46973  46967  46968  46966  46979  46919  46947  46947  46946  46931  46931  46927  46937  46920  46930
  940.992   471810   502.10   472211   500.96  47225  47210  47228  47229  47218  47227  47222  47224  47220  47208  47176  47177  47177  47177  47185  47185  47182  47192  47175  47184
  945.992   474351   500.54   474749   499.40  47478  47465  47481  47481  47473  47479  47476  47478  47474  47464  47432  47432  47432  47431  47437  47436  47436  47445  47430  47440
  950.992   476843   503.39   477195   500.57  47712  47722  47713  47714  47729  47711  47733  47712  47730  47719  47688  47688  47686  47688  47670  47669  47692  47677  47688  47697
  955.992   479347   500.81   479722   501.58  47965  47975  47966  47968  47982  47964  47986  47965  47981  47970  47940  47941  47939  47942  47922  47923  47946  47931  47914  47949
  960.992   481812   496.29   482144   500.22  48215  48200  48216  48218  48207  48213  48211  48215  48230  48219  48189  48190  48188  48190  48173  48172  48169  48179  48164  48198
  965.992   484287   496.58   484645   496.88  48467  48452  48469  48471  48459  48466  48463  48467  48458  48473  48416  48442  48441  48443  48425  48426  48422  48431  48416  48425
  970.992   486755   498.05   487152   497.05  48721  48703  48722  48724  48713  48719  48716  48721  48711  48702  48669  48670  48670  48670  48679  48679  48677  48685  48676  48680
  975.992   489146   495.67   489524   494.19  48946  48951  48947  48950  48962  48944  48965  48947  48960  48952  48918  48917  48917  48917  48904  48905  48925  48912  48902  48929
  980.992   491666   494.83   492040   494.73  49195  49205  49197  49202  49215  49194  49218  49196  49213  49205  49170  49168  49170  49169  49154  49158  49179  49163  49154  49181
  985.992   494130   492.62   494482   492.68  49445  49454  49447  49450  49439  49444  49442  49445  49462  49454  49420  49415  49419  49417  49404  49409  49402  49411  49403  49430
  990.992   496566   489.24   496914   490.62  49694  49677  49696  49698  49688  49692  49689  49694  49685  49701  49644  49663  49667  49666  49653  49657  49651  49660  49653  49652
  995.992   498923   488.64   499343   489.04  49939  49923  49942  49943  49932  49938  49933  49939  49931  49923  49890  49909  49888  49888  49899  49877  49896  49904  49874  49898
 1000.993   501342   488.69   501716   487.11  50164  50172  50167  50168  50182  50163  50184  50164  50180  50172  50139  50134  50137  50138  50125  50127  50143  50129  50125  50145
 1005.992   503898   492.45   504243   491.31  50417  50430  50420  50422  50413  50419  50441  50417  50438  50426  50396  50390  50393  50393  50380  50382  50400  50382  50380  50402
 1010.992   506428   491.07   506750   492.79  50676  50663  50678  50681  50672  50676  50673  50676  50671  50684  50629  50646  50653  50651  50638  50641  50632  50640  50639  50659
 1015.992   508951   490.20   509275   491.91  50927  50915  50931  50933  50924  50929  50926  50930  50923  50937  50882  50898  50905  50903  50891  50892  50883  50895  50891  50911
 1020.992   511437   496.11   511864   496.81  51189  51176  51193  51195  51185  51193  51187  51191  51184  51171  51143  51164  51139  51138  51154  51126  51143  51159  51126  51145
 1025.992   513867   501.48   514298   497.79  51436  51425  51441  51419  51433  51416  51435  51439  51432  51422  51392  51390  51392  51389  51378  51378  51393  51384  51376  51395
 1030.993   516429   504.58   516780   502.10  51667  51681  51671  51675  51688  51671  51691  51669  51688  51679  51648  51646  51648  51645  51635  51634  51649  51641  51631  51652
 1035.993   518965   498.72   519286   502.28  51922  51936  51926  51933  51919  51927  51923  51925  51941  51934  51879  51903  51904  51900  51893  51888  51904  51898  51889  51907
 1040.992   521432   496.51   521735   500.23  52174  52161  52177  52183  52166  52176  52172  52176  52165  52185  52128  52152  52153  52148  52143  52137  52128  52149  52138  52156
 1045.992   523788   495.23   524187   496.04  52423  52410  52424  52431  52413  52424  52419  52423  52413  52407  52376  52375  52376  52396  52367  52386  52376  52371  52386  52379
 1050.992   526249   497.05   526673   494.43  52676  52664  52678  52660  52667  52653  52672  52676  52666  52661  52630  52627  52630  52624  52621  52614  52629  52626  52615  52633
 1055.992   528858   502.23   529203   497.67  52912  52923  52914  52921  52926  52916  52931  52912  52926  52922  52889  52889  52890  52886  52882  52875  52888  52887  52877  52895
 1060.992   531489   500.02   531830   500.65  53174  53185  53178  53184  53188  53179  53193  53174  53189  53186  53151  53152  53153  53149  53144  53138  53152  53151  53139  53160
 1065.992   534050   498.47   534358   501.93  53435  53418  53439  53445  53422  53440  53427  53435  53450  53447  53385  53414  53415  53412  53379  53400  53412  53411  53402  53420
 1070.992   536456   502.42   536868   503.46  53692  53674  53694  53701  53677  53696  53685  53690  53681  53678  53644  53643  53645  53643  53639  53655  53642  53664  53657  53650
 1075.992   538994   510.25   539405   508.24  53951  53931  53952  53934  53937  53929  53946  53950  53939  53936  53904  53902  53904  53901  53898  53890  53899  53898  53889  53909
 1080.992   541524   511.71   541857   508.69  54178  54183  54180  54189  54190  54183  54197  54178  54191  54188  54158  54154  54157  54155  54148  54143  54153  54152  54142  54162
 1085.992   544048   507.16   544385   505.99  54430  54435  54433  54441  54443  54434  54451  54431  54445  54442  54410  54406  54409  54408  54401  54395  54406  54404  54393  54416
 1090.992   546563   498.26   546906   500.84  54685  54689  54687  54696  54697  54690  54680  54686  54700  54696  54640  54661  54664  54660  54655  54649  54659  54660  54647  54668
 1095.992   549093   497.97   549404   499.78  54940  54944  54944  54952  54926  54945  54934  54941  54929  54949  54897  54917  54919  54916  54886  54905  54913  54916  54903  54921
 1100.992   551523   503.07   551887   501.46  55199  55177  55202  55183  55184  55179  55193  55198  55189  55183  55155  55151  55175  55173  55146  55138  55147  55149  55135  55154
 1105.992   554047   504.23   554400   502.32  55431  55432  55435  55440  55439  55435  55449  55455  55444  55440  55414  55408  55405  55405  55403  55395  55405  55406  55394  55412
 1110.992   556534   502.82   556887   503.49  55682  55684  55687  55692  55689  55686  55701  55681  55694  55691  55641  55659  55656  55657  55654  55646  55657  55657  55645  55662
 1115.992   559149   500.67   559500   501.98  55941  55946  55949  55954  55951  55948  55963  55941  55955  55952  55902  55920  55918  55919  55915  55908  55919  55919  55907  55922
 1120.992   561773   503.41   562120   504.41  56205  56210  56214  56219  56215  56213  56202  56205  56220  56217  56168  56186  56182  56185  56154  56172  56184  56183  56173  56186
 1125.992   564379   505.97   564675   508.05  56469  56473  56477  56457  56478  56476  56465  56468  56457  56455  56434  56448  56447  56447  56416  56436  56421  56446  56435  56449
 1130.993   566693   508.15   567067   507.58  56721  56695  56700  56706  56701  56699  56716  56719  56706  56704  56685  56672  56671  56670  56664  56660  56671  56669  56658  56673
 1135.992   569223   509.28   569621   508.17  56974  56949  56956  56963  56957  56954  56972  56973  56963  56960  56913  56928  56926  56928  56918  56918  56927  56924  56915  56926
 1140.992   571844   511.24   572168   510.27  57211  57212  57219  57225  57218  57216  57210  57210  57225  57222  57176  57190  57189  57190  57180  57180  57189  57186  57175  57189
 1145.992   574450   508.36   574776   508.32  57470  57472  57477  57487  57480  57479  57470  57470  57487  57484  57435  57452  57447  57452  57441  57442  57450  57445  57438  57448
 1150.992   576894   502.35   577321   504.23  57726  57727  57730  57740  57735  57734  57726  57726  57740  57737  57690  57682  57701  57682  57669  57695  57679  57700  57694  57702
 1155.992   579362   499.43   579709   501.11  57977  57979  57983  57967  57961  57959  57977  57977  57967  57962  57941  57934  57953  57934  57922  57921  57932  57952  57920  57953
 1160.992   581787   506.51   582193   504.97  58230  58206  58210  58219  58217  58213  58232  58229  58219  58218  58170  58185  58179  58187  58173  58173  58185  58181  58174  58180
 1165.992   584324   505.02   584676   503.47  58458  58459  58464  58472  58470  58466  58485  58456  58472  58474  58426  58438  58432  58442  58425  58425  58440  58435  58427  58434
 1170.992   586854   498.54   587178   499.38  58710  58709  58717  58725  58723  58720  58712  58710  58725  58727  58679  58691  58685  58695  58677  58680  58692  58688  58680  58687
 1175.992   589317   492.82   589662   495.17  58960  58961  58969  58975  58974  58970  58961  58962  58975  58955  58932  58942  58937  58922  58928  58929  58919  58940  58930  58938
 1180.992   591731   494.51   592076   492.63  59211  59212  59220  59201  59202  59196  59213  59214  59201  59206  59182  59168  59190  59174  59155  59155  59171  59191  59156  59189
 1185.992   594172   496.98   594573   496.24  59467  59442  59448  59457  59456  59451  59467  59469  59457  59459  59410  59424  59419  59426  59410  59410  59424  59419  59412  59418
 1190.992   596680   498.15   597052   496.17  59716  59692  59698  59708  59706  59701  59717  59695  59708  59711  59661  59675  59671  59677  59662  59661  59674  59670  59661  59668
 1195.993   599212   495.40   599554   494.13  59945  59944  59950  59962  59959  59955  59968  59946  59962  59963  59915  59929  59924  59929  59915  59913  59927  59924  59915  59921
