Test case: 
Description: 
	10 senders: persistent queues
	10 receivers: client acknowledge every 50 messages
Timestamp: 2011.11.1 23:44:56
Version: 
Setting up JMS benchmark connections... 

Start processing messages.
Thu Dec 01 23:44:56 EST 2011

  Seconds   Send   Send/Sec   Recv   Recv/Sec   RCV0   RCV1   RCV2   RCV3   RCV4   RCV5   RCV6   RCV7   RCV8   RCV9  SND10  SND11  SND12  SND13  SND14  SND15  SND16  SND17  SND18  SND19
  ------- -------- -------- -------- -------- ------ ------ ------ ------ ------ ------ ------ ------ ------ ------ ------ ------ ------ ------ ------ ------ ------ ------ ------ ------
    1.080        0     0.00        0     0.00      0      0      0      0      0      0      0      0      0      0      0      0      0      0      0      0      0      0      0      0
    6.080     4425   961.96     4640  1008.70    461    457    462    468    470    468    468    457    468    461    442    445    445    446    442    439    443    439    441    443
   11.080     9337   972.60     9531   992.81    950    946    951    957    958    957    957    947    957    951    936    935    935    938    933    930    932    929    932    937
   16.080    14200   972.60    14379   984.86   1435   1431   1436   1440   1443   1443   1442   1432   1441   1436   1422   1420   1422   1426   1419   1417   1417   1416   1419   1422
   21.080    19152   977.14    19325   985.97   1929   1925   1931   1934   1937   1937   1937   1927   1937   1931   1917   1915   1917   1921   1914   1912   1914   1912   1913   1917
   26.080    23994   975.37    24160   982.11   2413   2409   2414   2419   2421   2421   2420   2410   2420   2413   2400   2399   2400   2408   2397   2396   2399   2395   2399   2401
   31.080    28840   972.60    29007   978.28   2897   2895   2898   2904   2905   2907   2904   2894   2906   2897   2884   2884   2884   2893   2883   2881   2883   2878   2884   2886
   36.081    33775   969.83    33944   966.61   3391   3389   3392   3398   3399   3399   3398   3388   3399   3391   3378   3378   3378   3385   3375   3375   3377   3371   3378   3380
   41.080    38849   972.95    39019   972.08   3898   3897   3901   3905   3907   3905   3906   3896   3906   3898   3885   3884   3885   3894   3883   3883   3885   3876   3886   3888
   46.080    43925   980.10    44098   979.80   4406   4405   4409   4413   4415   4414   4413   4403   4414   4406   4392   4391   4393   4401   4391   4392   4393   4381   4394   4397
   51.081    48845   981.61    49067   981.61   4903   4902   4906   4910   4912   4911   4910   4900   4910   4903   4889   4888   4890   4849   4888   4888   4889   4879   4891   4894
   56.080    53593   989.66    53651   989.63   5361   5360   5364   5369   5370   5370   5369   5359   5368   5361   5348   5400   5350   5357   5347   5347   5349   5392   5350   5353
   61.080    58585   996.54    58701   996.44   5866   5865   5869   5874   5875   5875   5874   5864   5873   5866   5853   5852   5854   5862   5852   5852   5855   5891   5855   5859
   66.080    63366   993.02    63533   992.95   6350   6348   6352   6357   6358   6358   6357   6347   6356   6350   6337   6335   6337   6345   6335   6336   6337   6326   6337   6341
   71.080    68164   983.76    68329   983.59   6830   6828   6832   6837   6837   6838   6836   6826   6835   6830   6817   6816   6817   6825   6815   6816   6816   6804   6817   6821
   76.080    73185   981.88    73356   981.81   7333   7330   7334   7340   7340   7342   7339   7328   7338   7332   7320   7318   7320   7328   7316   7317   7319   7305   7319   7323
   81.080    78066   978.93    78235   978.79   7820   7819   7822   7828   7828   7830   7827   7816   7826   7819   7808   7806   7808   7815   7805   7806   7807   7793   7807   7811
   86.080    83135   989.63    83296   989.66   8327   8325   8329   8334   8335   8335   8332   8322   8332   8325   8315   8313   8314   8323   8312   8313   8313   8301   8313   8318
   91.080    88243   981.81    88402   979.90   8837   8835   8840   8844   8846   8846   8843   8833   8843   8835   8826   8823   8825   8832   8824   8825   8824   8811   8822   8831
   96.080    93205   986.81    93352   984.53   9332   9330   9339   9339   9341   9340   9337   9327   9338   9329   9321   9316   9320   9328   9323   9324   9319   9307   9317   9330
  101.080    98266   991.54    98414   990.87   9839   9836   9845   9846   9847   9846   9842   9832   9846   9835   9827   9824   9826   9834   9828   9830   9827   9813   9821   9836
  106.080   103130   995.03   103418   994.03  10344  10340  10301  10351  10352  10350  10349  10338  10351  10342  10332  10330  10331  10292  10284  10287  10332  10320  10330  10292
  111.080   107856   994.83   107901   993.86  10783  10779  10788  10790  10790  10789  10787  10825  10790  10780  10771  10817  10769  10779  10772  10774  10771  10807  10817  10779
  116.080   112634   988.15   112722   987.45  11270  11266  11275  11277  11277  11276  11274  11263  11277  11267  11258  11255  11256  11266  11260  11262  11258  11297  11255  11267
  121.080   117586   984.66   117728   984.09  11771  11767  11778  11776  11777  11777  11775  11762  11777  11768  11757  11754  11755  11769  11762  11764  11758  11743  11754  11770
  126.080   122794   992.92   122947   993.12  12293  12289  12297  12297  12300  12299  12297  12285  12299  12291  12280  12277  12276  12287  12281  12281  12280  12267  12276  12289
  131.080   128079  1000.47   128232  1000.64  12823  12819  12825  12824  12829  12829  12824  12814  12827  12818  12809  12805  12804  12815  12809  12810  12809  12795  12804  12819
  136.080   133346  1012.25   133497  1009.36  13350  13344  13350  13350  13355  13354  13352  13342  13354  13346  13334  13333  13331  13340  13336  13336  13337  13322  13331  13346
  141.080   138326  1013.32   138491  1015.60  13850  13844  13848  13849  13853  13854  13853  13841  13854  13845  13833  13832  13828  13837  13835  13835  13837  13816  13828  13845
  146.080   143611  1029.50   143772  1026.88  14379  14373  14375  14377  14382  14383  14381  14369  14381  14372  14363  14360  14356  14364  14363  14364  14365  14349  14355  14372
  151.080   148856  1034.23   149022  1033.36  14903  14897  14900  14902  14907  14907  14906  14895  14906  14899  14887  14884  14882  14888  14887  14889  14889  14873  14881  14896
  156.080   154167  1036.04   154338  1036.58  15435  15429  15431  15432  15439  15440  15437  15426  15438  15431  15417  15414  15412  15419  15418  15423  15421  15403  15411  15429
  161.080   159050  1024.97   159109  1025.91  15880  15875  15939  15940  15887  15886  15944  15933  15946  15879  15924  15922  15917  15926  15926  15867  15867  15910  15917  15874
  166.080   163969  1021.07   163997  1021.85  16393  16389  16393  16443  16401  16399  16399  16387  16400  16393  16380  16425  16424  16379  16379  16380  16381  16413  16421  16387
  171.080   168800  1020.94   168927  1021.34  16892  16888  16890  16889  16900  16898  16897  16884  16897  16892  16877  16872  16871  16878  16876  16880  16881  16911  16868  16886
  176.080   173736  1009.26   173857  1009.56  17384  17380  17384  17382  17392  17390  17390  17380  17391  17384  17372  17365  17364  17373  17371  17374  17373  17403  17362  17379
  181.080   178739  1002.79   178918  1003.22  17889  17887  17891  17885  17899  17895  17897  17886  17898  17891  17879  17867  17868  17880  17878  17881  17881  17855  17864  17886
  186.080   183905   996.21   184070   997.75  18405  18401  18406  18403  18413  18411  18412  18402  18412  18405  18393  18385  18385  18396  18392  18397  18395  18376  18384  18402
  191.080   189106  1002.15   189263  1011.88  18925  18922  18925  18922  18932  18929  18931  18921  18931  18925  18912  18904  18905  18916  18912  18918  18915  18898  18904  18922
  196.080   194267  1006.98   194422  1008.15  19441  19438  19442  19438  19446  19443  19447  19438  19448  19441  19428  19421  19421  19433  19429  19434  19430  19412  19420  19439
  201.080   199455  1016.21   199605  1010.74  19959  19958  19960  19954  19966  19962  19965  19956  19966  19959  19950  19937  19938  19953  19947  19956  19948  19928  19939  19959
  206.080   204502  1018.96   204704  1018.32  20469  20465  20470  20466  20475  20473  20475  20466  20476  20469  20458  20449  20448  20461  20457  20413  20458  20439  20451  20468
  211.081   209607  1025.81   209910  1023.22  20989  20988  20990  20986  20995  20994  20995  20986  20995  20992  20979  20970  20969  20932  20977  20934  20978  20958  20971  20939
  216.080   214736  1026.51   215029  1025.77  21510  21463  21510  21509  21516  21515  21516  21507  21516  21467  21453  21493  21492  21455  21451  21457  21498  21481  21493  21463
  221.080   219821  1022.68   219791  1022.45  21970  21975  21970  22028  21976  21975  21976  21966  21976  21979  21963  22012  22011  21965  21958  21970  21958  21999  22011  21974
  226.080   224567  1015.17   224670  1015.03  22464  22466  22465  22463  22470  22470  22471  22460  22471  22470  22456  22448  22446  22458  22451  22460  22453  22484  22446  22465
  231.080   229803  1016.78   229906  1016.81  22988  22989  22989  22987  22992  22995  22995  22983  22995  22993  22979  22971  22971  22981  22976  22982  22977  23009  22969  22988
  236.080   234701  1013.39   234845  1011.44  23482  23483  23483  23481  23486  23488  23489  23477  23489  23487  23473  23466  23466  23475  23471  23478  23471  23455  23464  23482
  241.080   239959  1018.56   240110  1013.46  24009  24010  24010  24006  24012  24015  24016  24005  24014  24013  23999  23991  23991  24002  23998  24003  23998  23979  23989  24009
  246.080   244879  1006.61   245026  1003.36  24501  24500  24501  24499  24505  24507  24507  24497  24506  24503  24490  24484  24484  24494  24489  24492  24490  24475  24482  24499
  251.080   250209  1009.90   250349  1012.32  25033  25034  25033  25031  25037  25039  25039  25029  25038  25036  25022  25017  25018  25027  25022  25025  25023  25007  25015  25033
  256.080   255473  1025.20   255615  1023.15  25561  25560  25559  25558  25564  25565  25565  25555  25566  25562  25551  25543  25545  25553  25547  25551  25550  25532  25542  25559
  261.080   260660  1020.60   260794  1019.90  26079  26079  26077  26076  26081  26083  26082  26072  26085  26080  26071  26060  26063  26073  26066  26071  26070  26049  26060  26077
  266.080   265444  1016.54   265636  1016.11  26570  26512  26567  26564  26570  26572  26573  26563  26575  26570  26562  26548  26553  26505  26556  26504  26562  26536  26549  26569
  271.080   270341  1013.05   270562  1012.21  27027  27027  27073  27071  27077  27078  27079  27069  27034  27027  27017  27056  27061  27020  27017  27019  27019  27048  27059  27025
  276.080   275382  1016.95   275410  1016.28  27531  27530  27529  27575  27582  27534  27535  27525  27538  27531  27520  27560  27566  27524  27521  27522  27524  27552  27564  27529
  281.080   280560  1015.10   280636  1014.66  28059  28057  28056  28103  28061  28061  28062  28053  28065  28059  28048  28087  28044  28053  28048  28052  28051  28080  28040  28057
  286.080   285492  1005.30   285558  1004.80  28559  28556  28551  28549  28555  28558  28557  28551  28563  28559  28548  28531  28539  28552  28544  28550  28550  28585  28537  28556
  291.080   290531  1002.42   290653  1002.01  29068  29064  29061  29061  29067  29067  29067  29059  29071  29068  29057  29044  29050  29062  29053  29057  29058  29036  29049  29065
  296.080   295711  1014.13   295835  1013.39  29587  29583  29579  29577  29585  29585  29585  29578  29589  29587  29576  29561  29568  29581  29571  29576  29577  29552  29567  29582
  301.080   300904  1019.23   301017  1017.18  30107  30101  30096  30096  30103  30102  30103  30096  30106  30107  30096  30082  30086  30101  30090  30095  30095  30073  30086  30100
  306.080   305807  1011.31   305915  1018.83  30600  30596  30584  30583  30591  30591  30592  30584  30594  30600  30589  30569  30574  30591  30579  30590  30590  30560  30575  30590
  311.080   310691  1001.21   310799   997.25  31087  31083  31074  31071  31080  31081  31082  31072  31082  31087  31077  31059  31062  31080  31067  31079  31078  31048  31063  31078
  316.080   315435   994.66   315686   995.87  31576  31572  31562  31560  31569  31569  31570  31560  31572  31576  31515  31550  31553  31518  31555  31518  31566  31536  31554  31570
  321.080   320305   992.42   320492   989.53  32022  32018  32057  32056  32065  32064  32066  32056  32066  32022  32010  32044  32051  32017  32053  32018  32013  32033  32050  32016
  326.080   325329   988.72   325555   985.13  32527  32523  32563  32562  32573  32572  32572  32562  32574  32527  32516  32554  32559  32526  32510  32525  32517  32542  32557  32523
  331.080   330338   982.95   330366   981.64  33032  33028  33068  33066  33030  33029  33030  33020  33030  33033  33022  33059  33015  33031  33017  33032  33024  33048  33059  33031
  336.080   335276   985.50   335286   983.96  33529  33525  33517  33564  33526  33525  33527  33517  33525  33531  33519  33559  33511  33531  33516  33531  33522  33549  33508  33530
  341.080   340156   987.11   340217   985.54  34021  34017  34010  34057  34021  34019  34019  34009  34019  34025  34012  34003  34004  34023  34008  34023  34014  34043  34003  34023
  346.080   345024   989.66   345088   986.68  34513  34509  34501  34500  34513  34511  34512  34502  34512  34515  34504  34495  34495  34516  34500  34515  34505  34486  34494  34514
  351.080   349805   985.10   349878   981.28  34993  34988  34980  34980  34991  34989  34991  34981  34992  34993  34980  34972  34974  34994  34978  34994  34983  34965  34973  34992
  356.080   354668   976.58   354733   974.40  35479  35474  35467  35466  35476  35474  35475  35466  35477  35479  35465  35459  35462  35481  35464  35482  35468  35450  35460  35477
  361.080   359496   968.66   359555   968.19  35960  35956  35950  35948  35959  35957  35958  35947  35959  35961  35946  35942  35945  35962  35946  35965  35950  35933  35945  35962
  366.080   364290   963.86   364443   963.76  36447  36443  36442  36437  36448  36446  36448  36436  36448  36448  36435  36432  36434  36403  36434  36406  36438  36423  36436  36449
  371.080   369195   962.55   369349   962.18  36939  36935  36932  36926  36938  36936  36938  36927  36939  36939  36924  36922  36926  36893  36926  36895  36930  36911  36925  36943
  376.080   374025   965.13   374122   963.02  37381  37377  37424  37418  37432  37430  37430  37420  37429  37381  37416  37414  37423  37388  37416  37388  37374  37402  37419  37385
  381.080   378798   966.38   378737   965.17  37868  37864  37861  37902  37869  37913  37868  37857  37867  37868  37855  37902  37908  37875  37903  37878  37859  37888  37858  37872
  386.080   383769   973.22   383740   971.74  38374  38368  38365  38410  38374  38369  38373  38361  38371  38375  38364  38411  38365  38382  38359  38384  38364  38397  38364  38379
  391.080   388848   983.39   388858   981.74  38885  38878  38877  38920  38886  38880  38885  38873  38883  38891  38876  38875  38878  38895  38872  38897  38876  38908  38878  38893
  396.080   393596   981.78   393605   978.59  39365  39359  39357  39350  39365  39359  39365  39353  39361  39371  39356  39354  39358  39375  39352  39376  39357  39338  39358  39372
  401.080   398369   977.38   398380   972.58  39842  39836  39835  39827  39842  39838  39841  39831  39840  39848  39832  39833  39837  39851  39829  39851  39834  39816  39836  39850
  406.080   403315   979.63   403319   976.51  40336  40330  40329  40319  40336  40332  40335  40325  40334  40343  40326  40328  40331  40346  40323  40348  40328  40311  40330  40344
  411.080   408308   983.69   408308   987.35  40833  40829  40828  40820  40835  40831  40834  40823  40833  40842  40825  40828  40830  40846  40822  40848  40825  40812  40828  40844
  416.080   413216   978.29   413264   977.58  41328  41323  41324  41314  41332  41325  41330  41320  41329  41339  41322  41324  41326  41293  41317  41345  41321  41306  41324  41338
  421.080   418020   967.18   418067   966.74  41814  41810  41809  41800  41817  41810  41815  41805  41814  41773  41807  41810  41812  41779  41801  41780  41808  41790  41808  41825
  426.080   422868   970.74   422912   970.24  42298  42294  42293  42283  42302  42296  42299  42289  42299  42259  42291  42296  42296  42264  42287  42266  42292  42274  42293  42309
  431.080   427804   978.05   427836   977.18  42751  42747  42795  42785  42804  42798  42801  42792  42801  42762  42794  42801  42798  42766  42790  42770  42747  42778  42798  42762
  436.080   432521   976.98   432506   976.38  43242  43238  43237  43273  43249  43286  43245  43236  43245  43255  43238  43244  43244  43256  43278  43261  43238  43268  43241  43253
  441.080   437204   968.05   437182   967.32  43713  43709  43709  43749  43721  43712  43717  43708  43716  43728  43710  43716  43716  43729  43704  43735  43712  43744  43713  43725
  446.080   441916   959.80   441932   958.79  44187  44183  44186  44222  44195  44188  44192  44183  44192  44204  44188  44192  44190  44206  44180  44210  44188  44171  44190  44201
  451.080   446754   961.04   446729   960.20  44671  44667  44669  44661  44680  44674  44675  44667  44675  44690  44671  44675  44675  44693  44663  44694  44671  44654  44674  44684
  456.080   451553   957.82   451519   958.39  45149  45145  45148  45141  45158  45154  45154  45145  45154  45171  45151  45154  45154  45175  45143  45173  45150  45136  45154  45163
  461.080   456640   958.76   456604   965.37  45663  45661  45662  45651  45673  45665  45667  45661  45667  45634  45666  45666  45667  45637  45655  45692  45665  45645  45669  45678
  466.080   461642   969.16   461661   965.37  46168  46165  46167  46158  46177  46172  46173  46165  46173  46143  46170  46172  46170  46145  46161  46147  46167  46154  46173  46183
  471.080   466424   969.30   466444   969.19  46646  46643  46645  46636  46657  46650  46651  46644  46651  46621  46647  46650  46648  46622  46641  46623  46646  46632  46653  46662
  476.080   471150   969.73   471179   968.56  47120  47118  47119  47108  47130  47123  47125  47117  47125  47094  47121  47122  47121  47095  47115  47096  47118  47103  47126  47133
  481.081   475955   968.39   475942   970.44  47605  47556  47605  47595  47568  47609  47611  47604  47611  47578  47607  47606  47608  47579  47601  47580  47604  47589  47563  47618
  486.080   480617   970.37   480698   970.94  48042  48041  48090  48079  48055  48095  48096  48041  48096  48063  48043  48091  48046  48064  48087  48067  48040  48075  48048  48056
  491.080   485366   960.60   485293   961.04  48521  48521  48518  48559  48536  48523  48524  48521  48526  48544  48523  48570  48527  48545  48516  48547  48520  48556  48527  48535
  496.080   490219   955.70   490196   954.33  49012  49012  49009  49046  49026  49014  49016  49011  49016  49034  49013  49011  49016  49035  49009  49037  49010  49045  49017  49026
  501.080   495340   967.11   495366   967.32  49529  49528  49526  49562  49541  49533  49535  49527  49535  49550  49530  49529  49534  49551  49528  49553  49527  49513  49533  49542
  506.080   500508   981.01   500536   980.94  50043  50044  50041  50086  50056  50048  50051  50044  50049  50074  50048  50043  50049  50073  50042  50075  50044  50024  50050  50060
  511.080   505642   992.99   505616   994.19  50559  50557  50556  50543  50570  50563  50566  50558  50564  50580  50561  50559  50564  50582  50557  50584  50558  50540  50564  50573
  516.080   510751  1003.19   510719  1002.68  51073  51072  51072  51056  51087  51078  51080  51075  51079  51047  51078  51073  51079  51049  51073  51100  51075  51055  51080  51089
  521.080   515919  1015.20   515941  1015.03  51595  51593  51595  51578  51610  51600  51603  51598  51601  51568  51600  51596  51601  51570  51594  51571  51598  51577  51601  51611
  526.080   520907  1017.62   520926  1017.32  52095  52091  52093  52077  52109  52098  52101  52098  52098  52066  52100  52094  52099  52067  52092  52072  52098  52074  52099  52112
  531.080   525808  1012.79   525822  1010.77  52590  52586  52587  52572  52601  52592  52595  52543  52593  52563  52593  52590  52593  52563  52587  52569  52544  52571  52594  52604
  536.080   530970  1013.93   531033  1013.46  53116  53112  53113  53099  53078  53119  53120  53068  53119  53089  53071  53115  53118  53087  53113  53097  53072  53095  53119  53083
  541.080   536136  1018.56   536009  1018.32  53595  53591  53592  53625  53605  53597  53598  53595  53598  53613  53598  53640  53598  53612  53638  53621  53600  53620  53599  53610
  546.080   541220  1018.42   541124  1018.26  54106  54102  54101  54144  54114  54107  54107  54106  54107  54130  54107  54160  54108  54128  54099  54138  54113  54137  54110  54120
  551.080   546043  1006.01   546014  1005.91  54596  54592  54592  54626  54604  54599  54598  54595  54598  54614  54596  54592  54599  54613  54593  54622  54599  54619  54601  54609
  556.081   551139  1009.60   551110  1009.60  55105  55101  55101  55137  55113  55109  55107  55105  55107  55125  55104  55102  55109  55123  55102  55133  55108  55129  55110  55119
  561.080   556306  1018.59   556310  1019.87  55625  55621  55622  55656  55633  55630  55628  55623  55627  55645  55626  55623  55631  55648  55623  55654  55630  55601  55630  55640
  566.080   561167  1008.29   561166  1007.85  56116  56110  56114  56098  56122  56120  56120  56114  56117  56135  56117  56114  56122  56140  56112  56099  56120  56090  56121  56132
  571.080   566055   993.59   565973   993.76  56601  56595  56599  56583  56607  56606  56605  56601  56603  56573  56604  56603  56612  56631  56600  56586  56612  56579  56608  56620
  576.080   570946   987.48   570915   986.31  57094  57089  57093  57078  57102  57100  57100  57094  57098  57067  57096  57097  57105  57074  57096  57081  57103  57075  57103  57116
  581.080   576214  1000.87   576175   998.93  57620  57614  57619  57604  57628  57626  57625  57621  57624  57594  57621  57623  57633  57603  57623  57607  57630  57602  57628  57644
  586.080   580970   992.85   581029   990.84  58105  58101  58105  58089  58113  58111  58111  58104  58109  58081  58107  58108  58118  58089  58108  58092  58067  58088  58113  58080
  591.081   585837   983.02   585628   981.85  58548  58544  58549  58588  58556  58554  58555  58546  58610  58578  58551  58606  58562  58586  58608  58589  58559  58590  58614  58572
  596.080   590936   995.74   590804   992.95  59073  59069  59074  59104  59081  59079  59080  59070  59079  59095  59075  59123  59086  59104  59077  59106  59082  59105  59081  59097
  601.080   595841   992.95   595701   994.33  59562  59557  59564  59594  59571  59569  59570  59560  59568  59586  59565  59613  59578  59596  59567  59597  59571  59596  59571  59587
  606.081   600692   993.36   600598   992.82  60051  60046  60054  60085  60060  60058  60061  60051  60057  60075  60054  60055  60068  60085  60058  60086  60061  60086  60061  60078
  611.080   605447   977.75   605405   977.65  60534  60525  60535  60565  60542  60537  60542  60532  60537  60556  60534  60534  60550  60565  60538  60567  60542  60517  60540  60560
  616.080   610193   974.23   610105   975.74  61013  61005  61015  60998  61021  61016  61021  61011  61016  60989  61014  61012  61030  61045  61016  61000  61022  60997  61019  61038
  621.080   615188   979.93   615148   982.08  61518  61509  61519  61501  61526  61521  61525  61515  61522  61492  61519  61516  61534  61501  61523  61503  61526  61499  61524  61543
  626.080   620132   969.97   620097   969.87  62012  62005  62013  61999  62020  62015  62019  62009  62018  61987  62012  62011  62028  61996  62016  61999  62019  61996  62020  62035
  631.080   624919   965.64   624888   965.91  62493  62484  62493  62475  62501  62495  62498  62487  62498  62464  62492  62489  62508  62474  62495  62476  62498  62474  62499  62514
  636.080   629928   971.24   629897   970.07  62993  62987  62994  62977  63002  62994  62998  62988  62999  62965  62992  62991  63006  62976  62998  62978  62996  62977  63000  63014
  641.080   634674   969.60   634686   969.73  63472  63466  63473  63455  63480  63473  63477  63467  63478  63445  63472  63469  63439  63455  63478  63457  63475  63457  63480  63492
  646.081   639503   977.45   639369   976.31  63924  63915  63924  63962  63932  63982  63930  63920  63930  63950  63922  63977  63938  63960  63927  63963  63924  63962  63988  63942
  651.080   644629   982.82   644497   981.44  64442  64438  64443  64476  64450  64446  64449  64438  64449  64466  64444  64491  64459  64474  64449  64478  64447  64475  64451  64461
  656.080   649501   980.47   649422   980.67  64935  64931  64935  64966  64943  64940  64942  64931  64942  64957  64937  64934  64950  64966  64942  64969  64940  64965  64944  64954
  661.080   654535   988.62   654451   988.66  65438  65434  65438  65469  65445  65442  65446  65434  65446  65459  65441  65437  65452  65470  65445  65474  65442  65470  65447  65457
  666.080   659540   990.40   659503   990.20  65943  65939  65943  65973  65951  65948  65951  65939  65951  65965  65947  65945  65955  65974  65950  65979  65948  65926  65953  65963
  671.080   664324   993.36   664284   988.39  66425  66421  66425  66409  66433  66431  66436  66421  66436  66447  66429  66430  66439  66455  66434  66414  66431  66410  66436  66446
  676.080   669375   994.06   669296   992.55  66931  66927  66931  66913  66938  66937  66943  66928  66943  66905  66934  66934  66945  66960  66940  66918  66937  66915  66939  66953
  681.080   674200   982.65   674159   982.48  67417  67413  67417  67401  67424  67423  67428  67415  67429  67392  67421  67423  67432  67398  67426  67407  67423  67403  67427  67440
  686.080   679065   980.07   679025   979.73  67904  67900  67904  67888  67910  67910  67914  67902  67914  67879  67908  67909  67919  67884  67913  67894  67910  67888  67914  67926
  691.080   684271   987.05   684230   986.95  68425  68421  68424  68410  68431  68431  68433  68421  68434  68400  68428  68432  68438  68405  68434  68415  68431  68407  68435  68446
  696.080   689145   985.27   689056   983.52  68872  68869  68933  68911  68938  68939  68882  68928  68885  68899  68936  68940  68945  68902  68882  68916  68879  68908  68943  68894
  701.080   694085   993.96   693951   993.99  69387  69383  69387  69419  69393  69392  69399  69382  69399  69410  69390  69443  69399  69415  69398  69424  69393  69417  69398  69408
  706.080   698925   988.52   698840   988.32  69875  69871  69876  69907  69880  69881  69890  69871  69890  69899  69879  69885  69888  69906  69887  69910  69881  69906  69886  69897
  711.080   703777   987.89   703691   987.95  70361  70357  70361  70392  70365  70367  70374  70356  70373  70385  70365  70370  70372  70391  70372  70396  70365  70394  70372  70380
  716.080   708859   993.59   708770   993.99  70866  70864  70868  70906  70868  70872  70884  70861  70883  70898  70870  70875  70879  70905  70880  70910  70869  70908  70877  70886
  721.080   713758   986.17   713714   984.40  71362  71360  71364  71396  71364  71367  71378  71358  71376  71389  71366  71371  71376  71394  71375  71401  71368  71348  71376  71383
  726.080   718892   996.61   718790   994.56  71880  71878  71881  71863  71882  71884  71895  71876  71893  71858  71884  71889  71894  71910  71893  71869  71885  71868  71896  71904
  731.080   723774   988.22   723671   987.65  72368  72365  72369  72350  72372  72372  72383  72365  72381  72346  72373  72378  72382  72399  72380  72356  72373  72358  72384  72391
  736.080   728541   982.08   728485   981.41  72849  72846  72850  72832  72854  72854  72865  72846  72862  72827  72854  72862  72864  72829  72862  72838  72855  72840  72864  72873
  741.081   733347   981.27   733241   980.60  73329  73326  73330  73312  73336  73334  73299  73326  73343  73306  73334  73344  73344  73311  73342  73319  73336  73319  73344  73354
  746.080   738420   980.74   738264   980.10  73836  73833  73836  73820  73842  73840  73806  73834  73802  73815  73842  73851  73852  73816  73849  73827  73845  73826  73851  73861
  751.080   743464   988.83   743407   988.39  74355  74351  74354  74340  74361  74358  74325  74305  74323  74335  74359  74370  74370  74334  74321  74347  74315  74345  74370  74333
  756.080   748267   982.35   748157   983.76  74807  74803  74805  74839  74811  74809  74825  74803  74820  74835  74811  74820  74822  74834  74820  74846  74814  74845  74822  74833
  761.080   753130   981.28   753024   981.24  75293  75288  75289  75330  75295  75293  75314  75287  75310  75325  75295  75303  75309  75323  75304  75337  75299  75337  75307  75316
  766.080   758237   993.22   758140   991.85  75804  75800  75802  75839  75809  75807  75824  75801  75821  75833  75808  75816  75820  75832  75816  75846  75811  75843  75818  75827
  771.081   763424  1006.17   763373  1006.44  76328  76324  76326  76361  76333  76331  76347  76324  76345  76354  76332  76340  76344  76355  76339  76367  76335  76319  76342  76351
  776.080   768186   997.25   768128   997.28  76809  76806  76806  76794  76812  76810  76827  76805  76824  76835  76813  76820  76827  76837  76821  76800  76815  76799  76822  76832
  781.080   772991   987.58   772878   985.70  77291  77287  77285  77272  77291  77289  77307  77285  77306  77265  77296  77300  77308  77316  77303  77278  77295  77279  77303  77313
  786.080   777961   986.81   777844   988.19  77787  77783  77782  77768  77788  77786  77802  77784  77801  77763  77793  77796  77805  77811  77801  77775  77794  77777  77798  77811
  791.080   783200   996.01   783086   999.03  78312  78308  78305  78294  78312  78310  78326  78308  78324  78287  78317  78320  78328  78335  78325  78300  78319  78302  78321  78333
  796.081   788415  1001.28   788300  1000.64  78839  78835  78831  78820  78838  78836  78804  78833  78851  78813  78843  78846  78855  78812  78853  78825  78846  78828  78847  78860
  801.080   793257   989.40   793144   989.09  79326  79323  79321  79310  79328  79326  79292  79323  79292  79303  79331  79336  79344  79302  79292  79315  79334  79317  79337  79349
  806.080   797922   991.24   797809   991.04  79759  79755  79801  79793  79807  79805  79774  79754  79774  79787  79764  79817  79777  79783  79776  79796  79766  79797  79817  79829
  811.080   802678   989.73   802602   989.26  80238  80234  80280  80274  80286  80284  80253  80233  80252  80268  80243  80297  80257  80263  80258  80277  80245  80280  80297  80261
  816.080   807452   986.31   807379   986.11  80725  80721  80718  80762  80772  80722  80742  80721  80740  80756  80730  80735  80743  80751  80746  80765  80732  80767  80734  80749
  821.080   812599   984.50   812534   984.09  81246  81242  81235  81288  81241  81238  81261  81242  81259  81282  81250  81253  81262  81271  81267  81288  81252  81235  81251  81270
  826.080   817530   973.79   817352   974.93  81739  81736  81728  81725  81735  81733  81751  81735  81752  81718  81744  81749  81757  81760  81759  81774  81746  81730  81747  81764
  831.080   822581   980.94   822455   980.50  82249  82246  82238  82236  82246  82243  82261  82245  82262  82229  82253  82259  82268  82271  82267  82237  82256  82241  82255  82274
  836.080   827364   977.85   827230   980.54  82727  82722  82716  82712  82723  82720  82740  82724  82741  82705  82732  82737  82746  82751  82746  82712  82735  82718  82734  82753
  841.080   832338   985.81   832198   985.27  83223  83217  83215  83210  83221  83218  83235  83220  83236  83203  83228  83235  83241  83248  83241  83213  83230  83216  83234  83252
  846.080   837250   987.18   837166   988.52  83722  83713  83713  83704  83716  83714  83735  83718  83736  83695  83725  83731  83737  83692  83740  83704  83726  83710  83732  83753
  851.080   842378   987.72   842253   985.70  84234  84225  84227  84221  84231  84229  84245  84231  84197  84213  84236  84244  84247  84209  84251  84220  84238  84225  84244  84264
  856.080   847469   994.63   847397   998.19  84753  84745  84746  84741  84752  84750  84713  84750  84715  84732  84755  84764  84767  84727  84720  84739  84758  84745  84763  84731
  861.080   852574   999.80   852492   997.85  85224  85265  85264  85259  85272  85270  85232  85220  85235  85251  85226  85284  85239  85248  85240  85261  85278  85265  85282  85251
  866.080   857277   999.06   857246   999.30  85704  85696  85743  85739  85751  85749  85715  85701  85716  85732  85706  85716  85719  85727  85720  85742  85710  85744  85760  85733
  871.080   862217   999.50   862092  1000.00  86203  86195  86196  86238  86203  86201  86213  86199  86213  86231  86205  86214  86218  86225  86218  86241  86209  86243  86213  86231
  876.080   867175  1000.94   867098  1001.28  86704  86695  86696  86740  86704  86702  86713  86700  86713  86731  86705  86714  86718  86728  86719  86741  86708  86697  86714  86731
  881.080   871961   989.43   871833   990.97  87183  87172  87175  87171  87183  87181  87191  87178  87191  87208  87184  87194  87196  87207  87198  87222  87185  87174  87193  87208
  886.080   876919   986.54   876789   984.60  87683  87673  87676  87671  87683  87681  87692  87679  87691  87660  87685  87696  87697  87707  87697  87675  87686  87674  87693  87709
  891.080   881778   972.99   881654   971.51  88168  88159  88163  88158  88171  88169  88178  88164  88178  88146  88172  88181  88181  88194  88183  88162  88172  88158  88180  88195
  896.080   886831   978.89   886709   975.84  88673  88665  88670  88664  88677  88675  88681  88669  88682  88653  88677  88687  88688  88697  88687  88668  88677  88663  88688  88699
  901.081   892008   988.52   891932   988.59  89195  89188  89193  89186  89200  89198  89203  89191  89203  89175  89198  89210  89211  89171  89209  89190  89200  89187  89211  89221
  906.081   896775   982.25   896696   980.64  89670  89664  89669  89664  89677  89675  89679  89666  89680  89652  89674  89686  89687  89650  89686  89668  89676  89664  89687  89697
  911.080   901449   978.69   901320   978.69  90141  90137  90141  90135  90148  90148  90104  90137  90105  90124  90147  90159  90160  90120  90111  90139  90148  90137  90160  90168
  916.080   905946   970.91   905819   971.01  90572  90569  90572  90614  90579  90579  90581  90568  90582  90603  90578  90590  90590  90599  90589  90617  90579  90615  90592  90597
  921.080   910670   966.21   910543   966.11  91044  91041  91044  91089  91051  91050  91053  91040  91053  91078  91049  91062  91062  91071  91060  91091  91051  91090  91064  91070
  926.080   915425   957.95   915345   957.75  91524  91521  91525  91568  91532  91530  91534  91521  91534  91556  91529  91543  91543  91552  91541  91570  91532  91522  91543  91550
  931.080   920133   940.67   920003   940.40  91993  91993  91997  91991  92001  92001  92005  91991  92004  92027  91999  92013  92015  92022  92011  92039  92004  91993  92015  92022
  936.080   924902   942.21   924769   942.08  92474  92476  92478  92473  92482  92483  92486  92472  92486  92459  92481  92495  92497  92504  92493  92472  92483  92475  92497  92505
  941.080   929977   953.89   929839   955.27  92981  92985  92984  92979  92989  92990  92994  92979  92994  92964  92987  93001  93005  93011  93003  92980  92990  92983  93004  93013
  946.080   934799   960.07   934662   962.85  93463  93467  93465  93462  93471  93472  93477  93461  93477  93447  93469  93483  93488  93492  93484  93463  93472  93465  93487  93496
  951.080   939538   957.11   939452   956.78  93942  93947  93944  93942  93950  93951  93957  93940  93954  93925  93948  93962  93965  93923  93965  93943  93951  93944  93964  93973
  956.080   944368   959.16   944279   958.86  94423  94431  94426  94424  94431  94435  94439  94422  94438  94410  94431  94444  94449  94409  94450  94427  94432  94425  94446  94455
  961.080   949137   962.05   949056   962.08  94904  94864  94910  94907  94912  94919  94921  94906  94921  94892  94912  94926  94932  94889  94882  94909  94913  94907  94929  94938
  966.080   953819   962.75   953739   963.02  95385  95347  95393  95388  95393  95355  95357  95389  95357  95375  95394  95408  95368  95370  95364  95391  95394  95389  95366  95375
  971.080   958457   951.01   958382   951.54  95859  95822  95818  95862  95867  95829  95831  95814  95832  95848  95820  95881  95842  95842  95839  95865  95867  95863  95837  95849
  976.081   963141   949.53   963065   949.93  96289  96300  96295  96342  96297  96305  96310  96291  96310  96326  96298  96310  96320  96320  96318  96344  96297  96295  96314  96325
  981.080   968115   957.32   967990   956.01  96785  96797  96793  96789  96794  96803  96808  96789  96808  96824  96796  96808  96817  96818  96815  96841  96794  96791  96812  96823
  986.080   972892   955.54   972769   956.04  97266  97281  97275  97272  97276  97286  97292  97271  97292  97258  97278  97289  97300  97303  97299  97275  97276  97273  97293  97306
  991.080   977704   955.34   977581   952.28  97746  97763  97757  97753  97756  97767  97774  97753  97774  97738  97758  97768  97783  97785  97781  97757  97756  97754  97775  97787
  996.080   982710   962.88   982584   961.30  98247  98263  98256  98254  98256  98267  98275  98251  98277  98238  98260  98267  98284  98287  98281  98257  98257  98257  98274  98286
 1001.080   987539   966.24   987457   965.97  98735  98749  98744  98741  98743  98755  98760  98740  98764  98726  98749  98754  98772  98724  98771  98745  98743  98744  98763  98774
 1006.080   992349   972.08   992216   970.20  99216  99229  99223  99222  99224  99234  99240  99224  99197  99207  99235  99235  99251  99205  99250  99226  99224  99224  99246  99253
 1011.080   997146   963.19   997060   962.89  99702  99712  99708  99707  99709  99718  99723  99708  99681  99692  99720  99718  99736  99691  99687  99710  99709  99708  99731  99736
 1016.081  1001999   968.56  1001908   968.02 100197 100159 100203 100201 100203 100212 100170 100202 100175 100186 100167 100214 100184 100185 100180 100205 100204 100204 100225 100231
 1021.080  1006709   966.88  1006611   966.11 100677 100638 100681 100683 100683 100644 100651 100634 100655 100665 100649 100696 100665 100666 100659 100683 100686 100682 100659 100664
 1026.080  1011557   961.31  1011312   960.67 101113 101125 101116 101120 101170 101127 101136 101116 101139 101150 101133 101182 101150 101151 101144 101169 101171 101166 101144 101147
 1031.080  1016248   958.62  1016049   957.89 101592 101604 101594 101600 101600 101607 101615 101593 101618 101626 101612 101613 101629 101629 101623 101648 101601 101645 101623 101625
 1036.080  1020948   958.02  1020836   958.73 102069 102084 102072 102078 102077 102086 102095 102072 102098 102105 102093 102091 102110 102109 102103 102081 102079 102075 102102 102105
 1041.081  1025756   955.13  1025642   952.55 102551 102565 102552 102558 102559 102567 102575 102552 102578 102585 102574 102572 102591 102590 102584 102562 102559 102556 102583 102585
 1046.080  1030544   950.17  1030384   949.39 103031 103043 103032 103038 103039 103047 103053 103031 103055 103015 103052 103052 103068 103067 103061 103042 103041 103035 103062 103064
 1051.080  1035362   953.42  1035250   954.60 103518 103531 103519 103525 103526 103532 103541 103516 103542 103500 103540 103538 103555 103506 103549 103527 103527 103520 103549 103551
 1056.080  1040176   951.54  1040070   949.73 104000 104014 104001 104007 104008 104016 104024 103997 104025 103978 104023 104018 104038 103985 104032 104006 104007 103998 104034 104035
 1061.081  1045035   956.24  1044934   955.70 104499 104454 104499 104506 104507 104515 104522 104495 104463 104474 104521 104516 104478 104478 104471 104505 104506 104497 104531 104532
 1066.081  1049896   962.95  1049795   963.39 104992 104955 104992 104998 105000 104966 104966 104988 104967 104971 104968 105010 104981 104975 104974 104998 105001 104990 104978 105021
 1071.080  1054652   963.29  1054597   963.72 105471 105438 105471 105476 105478 105447 105448 105467 105449 105452 105450 105489 105462 105456 105455 105478 105480 105470 105459 105453
 1076.080  1059381   962.89  1059139   963.42 105903 105914 105902 105908 105909 105924 105925 105898 105926 105930 105927 105966 105940 105932 105932 105957 105912 105949 105935 105931
 1081.080  1064093   960.97  1063899   959.77 106379 106390 106378 106383 106385 106400 106401 106374 106402 106407 106403 106395 106417 106408 106408 106431 106387 106425 106412 106407
 1086.080  1068954   958.92  1068796   958.92 106869 106881 106866 106871 106874 106890 106893 106862 106893 106897 106895 106884 106910 106899 106899 106922 106877 106868 106903 106897
 1091.080  1073802   957.15  1073700   957.15 107360 107371 107357 107362 107365 107381 107382 107353 107382 107387 107385 107374 107398 107389 107388 107363 107368 107358 107392 107387
 1096.080  1078633   956.14  1078493   956.48 107844 107857 107841 107845 107849 107867 107866 107837 107866 107821 107867 107858 107881 107873 107870 107846 107852 107840 107875 107871
 1101.080  1083628   962.48  1083490   961.34 108346 108356 108341 108346 108349 108365 108365 108337 108365 108320 108366 108359 108380 108372 108370 108344 108352 108339 108375 108371
 1106.080  1088402   967.45  1088205   967.48 108835 108799 108831 108837 108839 108808 108808 108827 108809 108812 108810 108850 108825 108816 108862 108836 108842 108829 108867 108865
 1111.080  1093097   968.56  1092990   968.32 109313 109278 109309 109315 109318 109288 109286 109305 109288 109290 109291 109329 109306 109294 109293 109315 109320 109309 109298 109342
 1116.080  1098244   977.99  1098139   976.44 109830 109793 109825 109831 109835 109801 109799 109821 109801 109803 109805 109843 109820 109808 109806 109832 109836 109824 109812 109858
 1121.080  1103393   983.39  1103307   983.99 110349 110308 110344 110350 110353 110314 110313 110341 110315 110320 110318 110359 110334 110321 110316 110348 110355 110339 110326 110377
 1126.080  1108409   992.92  1108177   994.56 110804 110817 110801 110852 110810 110824 110821 110797 110824 110827 110826 110865 110841 110831 110825 110855 110856 110845 110835 110830
 1131.080  1113444   997.38  1113257   997.25 111315 111331 111313 111319 111322 111336 111334 111309 111336 111342 111338 111332 111352 111344 111339 111368 111323 111358 111349 111341
 1136.081  1118238   998.02  1118046   998.22 111793 111810 111791 111797 111801 111816 111813 111788 111816 111821 111818 111810 111832 111824 111818 111848 111802 111837 111829 111820
 1141.080  1123100   996.61  1122948   997.11 112282 112303 112276 112282 112290 112308 112304 112274 112311 112318 112312 112296 112325 112319 112310 112284 112288 112333 112324 112309
 1146.080  1128162   995.70  1128006   995.64 112795 112808 112791 112797 112803 112815 112813 112790 112819 112775 112819 112812 112834 112827 112821 112801 112804 112790 112832 112822
 1151.080  1132984   984.77  1132828   984.06 113279 113290 113273 113278 113287 113297 113296 113272 113301 113255 113302 113292 113316 113309 113304 113281 113288 113272 113314 113306
 1156.080  1138155   988.49  1138008   991.34 113798 113808 113792 113795 113806 113814 113813 113790 113819 113773 113819 113808 113833 113827 113821 113797 113805 113790 113832 113823
 1161.080  1143015   986.17  1142871   984.06 114293 114257 114287 114291 114301 114309 114307 114288 114267 114271 114312 114305 114327 114275 114315 114294 114299 114288 114281 114319
 1166.080  1147682   983.39  1147590   983.66 114776 114738 114766 114770 114784 114745 114743 114768 114748 114752 114748 114785 114762 114755 114750 114775 114778 114767 114762 114800
 1171.080  1152870   993.93  1152727   992.55 115247 115255 115286 115291 115304 115262 115259 115288 115265 115270 115267 115306 115280 115272 115267 115294 115300 115285 115279 115320
 1176.081  1158046   997.79  1157846   996.34 115765 115771 115803 115808 115771 115779 115776 115804 115782 115787 115784 115825 115796 115790 115785 115813 115817 115803 115796 115837
 1181.080  1162836   994.60  1162632   994.76 116248 116253 116291 116295 116253 116261 116258 116237 116264 116272 116266 116314 116278 116271 116266 116299 116306 116289 116277 116270
 1186.080  1167701   988.26  1167497   987.95 116746 116751 116733 116738 116751 116758 116757 116733 116762 116768 116764 116757 116776 116770 116763 116795 116747 116785 116776 116768
 1191.080  1172499   984.53  1172297   985.84 117224 117231 117213 117218 117229 117239 117237 117212 117242 117252 117244 117236 117256 117252 117244 117274 117226 117264 117257 117246
 1196.080  1177195   985.81  1177036   981.95 117701 117708 117693 117698 117706 117718 117717 117691 117719 117685 117723 117715 117734 117729 117723 117708 117705 117697 117735 117726
