Test case: 
Description: 
	10 senders: persistent queues
	10 receivers: client acknowledge every 50 messages
Timestamp: 2011.11.1 23:44:56
Version: 
Setting up JMS benchmark connections... 

Start processing messages.
Thu Dec 01 23:44:56 EST 2011

  Seconds   Send   Send/Sec   Recv   Recv/Sec   RCV0   RCV1   RCV2   RCV3   RCV4   RCV5   RCV6   RCV7   RCV8   RCV9  SND10  SND11  SND12  SND13  SND14  SND15  SND16  SND17  SND18  SND19
  ------- -------- -------- -------- -------- ------ ------ ------ ------ ------ ------ ------ ------ ------ ------ ------ ------ ------ ------ ------ ------ ------ ------ ------ ------
    1.024        0     0.00        0     0.00      0      0      0      0      0      0      0      0      0      0      0      0      0      0      0      0      0      0      0      0
    6.024     4390   954.35     4729  1028.04    463    475    465    464    465    483    475    479    480    480    437    440    437    435    442    438    436    442    440    443
   11.024     9310   969.79     9643  1004.48    954    967    956    956    956    975    966    971    971    971    928    929    931    930    931    933    930    932    932    934
   16.024    14166   970.27    14489   992.40   1439   1452   1441   1442   1441   1459   1449   1455   1455   1456   1415   1415   1418   1415   1416   1417   1415   1418   1417   1420
   21.024    19121   975.56    19438   991.73   1934   1947   1936   1937   1936   1955   1942   1950   1950   1951   1911   1912   1911   1912   1911   1911   1911   1915   1912   1915
   26.024    23958   973.86    24276   986.79   2418   2432   2420   2421   2420   2439   2425   2432   2433   2436   2394   2397   2397   2395   2395   2394   2394   2399   2395   2398
   31.024    28808   961.42    29125   978.89   2903   2916   2904   2906   2905   2924   2910   2918   2919   2920   2878   2882   2882   2880   2881   2879   2879   2883   2881   2883
   36.024    33748   968.56    34056   969.33   3397   3410   3397   3399   3398   3418   3400   3411   3412   3414   3372   3376   3377   3373   3375   3374   3373   3377   3374   3377
   41.024    38820   973.02    39120   972.05   3903   3916   3903   3905   3904   3924   3909   3917   3919   3920   3878   3884   3883   3880   3882   3880   3881   3886   3880   3886
   46.024    43890   980.27    44189   979.53   4410   4422   4410   4412   4411   4431   4417   4423   4426   4427   4384   4392   4390   4386   4387   4387   4390   4394   4387   4393
   51.024    48669   981.68    49165   981.11   4908   4919   4908   4909   4907   4929   4916   4922   4923   4924   4882   4840   4887   4885   4886   4884   4838   4842   4884   4841
   56.024    53557   989.73    53858   989.16   5366   5378   5366   5369   5365   5387   5428   5434   5382   5383   5340   5348   5345   5397   5397   5343   5346   5349   5343   5349
   61.024    58519   997.05    58824   996.64   5873   5886   5873   5876   5871   5894   5881   5890   5890   5890   5849   5854   5851   5854   5851   5851   5851   5855   5850   5853
   66.024    63344   993.19    63652   993.19   6355   6369   6356   6359   6354   6377   6363   6373   6373   6373   6332   6337   6334   6336   6334   6333   6333   6337   6332   6336
   71.024    68143   984.03    68455   984.43   6835   6849   6837   6839   6834   6858   6841   6854   6854   6854   6811   6818   6815   6816   6812   6813   6813   6817   6812   6816
   76.024    73165   980.74    73480   982.92   7338   7352   7341   7341   7336   7360   7342   7357   7356   7357   7313   7319   7317   7319   7312   7316   7315   7320   7317   7317
   81.024    78037   982.21    78356   974.63   7825   7839   7829   7828   7823   7847   7830   7846   7845   7844   7801   7805   7804   7807   7800   7802   7803   7806   7804   7805
   86.024    83108   978.02    83419   978.35   8332   8346   8335   8334   8329   8354   8334   8352   8352   8351   8310   8313   8312   8315   8304   8309   8310   8313   8311   8311
   91.024    88213   981.31    88526   981.61   8842   8856   8847   8845   8840   8865   8845   8863   8863   8860   8819   8825   8821   8825   8815   8820   8822   8822   8822   8822
   96.024    93121   984.73    93476   984.70   9338   9350   9342   9340   9335   9358   9343   9358   9358   9354   9313   9320   9316   9320   9313   9315   9321   9316   9270   9317
  101.024    98115   990.70    98531   990.40   9845   9855   9848   9846   9840   9862   9848   9864   9864   9859   9818   9827   9820   9827   9818   9818   9775   9820   9772   9820
  106.024   102996   994.53   103400   994.23  10350  10363  10304  10302  10349  10368  10355  10321  10321  10367  10278  10282  10280  10283  10326  10325  10285  10326  10283  10328
  111.024   107720   994.50   108023   993.96  10787  10800  10791  10788  10787  10808  10842  10808  10807  10805  10764  10769  10767  10769  10813  10766  10771  10766  10769  10766
  116.024   112545   987.82   112847   987.52  11275  11287  11279  11275  11274  11296  11280  11295  11294  11292  11251  11257  11254  11256  11251  11254  11258  11254  11257  11253
  121.024   117544   984.26   117846   983.89  11777  11787  11778  11774  11773  11798  11777  11795  11795  11792  11750  11757  11752  11756  11750  11753  11760  11753  11760  11753
  126.024   122765   993.12   123072   993.19  12300  12309  12300  12297  12295  12321  12300  12318  12317  12315  12273  12280  12274  12279  12273  12276  12280  12276  12278  12276
  131.024   128049  1001.17   128351  1000.70  12827  12837  12827  12825  12823  12848  12830  12846  12844  12844  12801  12809  12802  12807  12802  12804  12809  12805  12806  12804
  136.024   133315  1012.25   133620  1007.01  13355  13364  13354  13352  13349  13373  13356  13373  13372  13372  13326  13336  13329  13334  13329  13332  13334  13332  13332  13331
  141.024   138289  1014.97   138605  1013.76  13854  13861  13854  13851  13846  13872  13851  13874  13871  13871  13824  13835  13825  13832  13824  13828  13832  13830  13830  13829
  146.025   143576  1026.21   143886  1026.48  14382  14389  14381  14378  14374  14400  14384  14401  14398  14399  14354  14363  14354  14361  14355  14358  14360  14357  14357  14357
  151.025   148776  1033.02   149141  1033.49  14908  14913  14908  14904  14898  14925  14908  14926  14925  14926  14880  14888  14878  14885  14880  14883  14884  14882  14834  14882
  156.025   153986  1036.14   154197  1036.28  15390  15441  15390  15435  15427  15456  15436  15408  15407  15407  15412  15370  15407  15416  15410  15414  15365  15412  15367  15413
  161.024   158785  1025.27   159087  1025.30  15886  15948  15887  15882  15933  15902  15941  15904  15902  15902  15859  15867  15914  15863  15916  15861  15861  15919  15866  15859
  166.024   163797  1021.31   164150  1021.31  16400  16405  16401  16397  16436  16416  16445  16418  16416  16416  16374  16382  16371  16378  16419  16375  16375  16374  16375  16374
  171.024   168720  1021.21   169073  1020.77  16898  16901  16898  16894  16883  16912  16943  16916  16914  16914  16870  16882  16867  16874  16866  16872  16873  16871  16874  16871
  176.024   173653  1009.33   173963  1009.33  17393  17395  17393  17387  17375  17405  17385  17410  17410  17410  17363  17375  17360  17368  17360  17366  17367  17365  17365  17364
  181.025   178691  1003.89   179007  1002.25  17900  17897  17900  17891  17876  17907  17885  17917  17917  17917  17866  17883  17862  17871  17861  17868  17874  17867  17872  17867
  186.024   183868   997.42   184176   996.98  18415  18417  18414  18406  18397  18426  18405  18432  18432  18432  18384  18399  18381  18388  18382  18386  18390  18386  18387  18385
  191.024   189064  1011.21   189373  1008.22  18934  18937  18934  18926  18918  18945  18926  18951  18951  18951  18904  18917  18902  18907  18904  18905  18909  18905  18907  18904
  196.024   194230  1006.68   194534  1006.71  19450  19454  19450  19441  19434  19462  19442  19467  19467  19467  19418  19434  19421  19424  19420  19422  19427  19421  19422  19421
  201.024   199407  1008.93   199706  1011.31  19968  19971  19968  19959  19950  19978  19956  19985  19985  19986  19935  19954  19937  19940  19937  19938  19947  19940  19941  19938
  206.024   204418  1018.99   204817  1020.30  20478  20483  20478  20471  20462  20489  20470  20495  20495  20496  20447  20413  20450  20451  20449  20450  20406  20453  20449  20450
  211.024   209577  1024.77   209778  1024.30  20948  21005  20951  20992  20981  21011  20991  20966  20966  20967  20969  20933  20971  20971  20970  20972  20927  20974  20919  20971
  216.025   214708  1026.85   214904  1026.31  21469  21479  21476  21465  21503  21533  21514  21487  21488  21490  21445  21456  21493  21495  21491  21494  21451  21447  21443  21493
  221.024   219613  1023.09   219964  1022.45  21978  21987  21988  21973  22022  21993  22031  21996  21997  21999  21953  21969  21953  21955  22009  21954  21962  21954  21951  21953
  226.024   224489  1015.40   224833  1015.13  22473  22481  22479  22467  22457  22487  22517  22490  22491  22491  22448  22460  22447  22450  22444  22448  22453  22448  22444  22447
  231.024   229726  1017.38   230021  1017.25  22996  23004  23002  22990  22982  23011  22993  23013  23015  23015  22972  22983  22971  22973  22969  22972  22976  22971  22968  22971
  236.025   234664  1015.00   234962  1011.61  23490  23497  23496  23484  23477  23506  23487  23507  23509  23509  23466  23478  23465  23467  23462  23466  23470  23465  23461  23464
  241.024   239924  1014.23   240225  1019.63  24018  24022  24023  24009  24002  24034  24011  24035  24036  24035  23993  24004  23991  23993  23986  23991  23997  23991  23989  23989
  246.024   244850  1006.58   245152  1006.81  24510  24515  24513  24502  24498  24526  24506  24528  24527  24527  24485  24494  24484  24486  24483  24484  24487  24484  24481  24482
  251.024   250176  1012.45   250478  1012.45  25042  25047  25047  25036  25030  25059  25039  25060  25059  25059  25017  25026  25017  25018  25015  25016  25021  25017  25014  25015
  256.024   255445  1021.74   255743  1021.91  25568  25574  25573  25562  25557  25586  25567  25586  25585  25585  25544  25553  25543  25546  25542  25543  25547  25545  25541  25541
  261.024   260568  1020.03   260878  1020.47  26085  26091  26044  26079  26077  26106  26085  26106  26102  26103  26061  26070  26060  26063  26058  26061  26015  26062  26060  26058
  266.024   265340  1016.54   265482  1016.88  26519  26580  26525  26568  26566  26540  26572  26540  26536  26536  26551  26504  26549  26552  26545  26550  26498  26551  26493  26547
  271.024   270399  1012.95   270563  1013.26  27034  27042  27041  27076  27075  27055  27084  27054  27051  27051  27012  27018  27056  27061  27057  27060  27012  27059  27008  27056
  276.024   275249  1016.85   275508  1017.05  27538  27547  27545  27532  27531  27559  27588  27558  27555  27555  27516  27522  27560  27517  27561  27516  27518  27514  27513  27512
  281.024   280474  1015.03   280735  1015.34  28066  28075  28073  28059  28058  28087  28065  28086  28083  28083  28042  28049  28037  28044  28088  28045  28048  28042  28041  28038
  286.024   285380  1004.50   285693  1005.00  28561  28570  28571  28552  28554  28583  28559  28584  28578  28581  28536  28547  28532  28540  28532  28539  28547  28536  28539  28532
  291.024   290492  1002.55   290794  1003.89  29071  29081  29078  29063  29066  29092  29072  29094  29088  29089  29047  29057  29046  29052  29045  29051  29057  29047  29046  29044
  296.024   295668  1014.73   295975  1020.30  29590  29599  29597  29579  29584  29611  29589  29612  29606  29608  29566  29575  29563  29570  29562  29569  29576  29563  29563  29561
  301.024   300859  1017.25   301168  1018.79  30112  30117  30116  30099  30103  30131  30110  30130  30124  30126  30085  30093  30082  30089  30084  30087  30094  30082  30083  30080
  306.025   305745  1013.79   306060  1012.52  30601  30605  30608  30586  30591  30619  30597  30626  30613  30614  30573  30582  30571  30577  30572  30575  30584  30570  30573  30568
  311.024   310572   998.49   310838  1000.27  31088  31093  31046  31073  31078  31107  31085  31064  31102  31102  31061  31069  31058  31065  31060  31064  31023  31057  31060  31055
  316.024   315477   994.63   315726   994.26  31577  31582  31533  31563  31568  31597  31574  31552  31590  31590  31551  31559  31548  31555  31552  31555  31513  31548  31549  31547
  321.024   320336   989.50   320591   989.77  32023  32079  32033  32059  32065  32044  32068  32050  32085  32085  32048  32005  32045  32051  32047  32051  32009  32043  31994  32043
  326.024   325260   985.94   325449   985.54  32529  32535  32539  32566  32520  32550  32576  32556  32539  32539  32504  32509  32552  32507  32555  32510  32518  32552  32500  32553
  331.024   330279   982.48   330515   981.64  33037  33044  33045  33069  33028  33057  33078  33062  33047  33048  33014  33016  33055  33017  33059  33018  33026  33055  33008  33011
  336.025   335109   983.72   335437   984.13  33534  33540  33542  33518  33524  33553  33578  33559  33544  33545  33510  33512  33505  33514  33511  33513  33526  33505  33506  33507
  341.024   340041   987.28   340316   989.23  34026  34033  34034  34011  34017  34046  34020  34051  34039  34039  34003  34005  33997  34008  34004  34006  34019  33999  33998  34002
  346.024   344965   987.92   345237   987.11  34518  34525  34526  34503  34508  34538  34514  34543  34531  34531  34494  34500  34489  34501  34497  34497  34511  34492  34490  34494
  351.024   349743   983.59   350013   982.58  34996  35003  35004  34982  34983  35015  34992  35021  35009  35008  34971  34979  34969  34979  34976  34973  34989  34969  34967  34971
  356.024   354559   978.42   354871   979.36  35483  35489  35490  35468  35468  35504  35475  35507  35493  35494  35456  35466  35453  35466  35464  35461  35429  35456  35450  35458
  361.024   359389   970.37   359692   967.75  35964  35973  35971  35951  35950  35985  35957  35988  35975  35978  35939  35949  35937  35951  35947  35943  35911  35941  35932  35939
  366.025   364289   964.43   364486   963.32  36453  36464  36409  36441  36440  36473  36446  36427  36465  36468  36430  36436  36426  36441  36435  36435  36400  36433  36424  36429
  371.025   369187   962.82   369290   963.79  36894  36955  36896  36932  36930  36914  36935  36919  36956  36959  36919  36928  36915  36931  36927  36924  36889  36923  36913  36918
  376.024   373966   963.52   374072   962.79  37387  37399  37390  37424  37421  37407  37427  37411  37403  37403  37411  37372  37407  37375  37419  37415  37383  37414  37361  37409
  381.024   378841   966.74   378928   965.44  37873  37885  37875  37908  37907  37892  37913  37897  37889  37889  37900  37860  37893  37863  37904  37905  37872  37901  37845  37898
  386.024   383667   975.17   383883   971.91  38379  38390  38381  38364  38363  38397  38419  38402  38394  38394  38355  38367  38401  38370  38361  38365  38380  38359  38352  38357
  391.024   388748   983.52   388998   981.81  38889  38901  38891  38876  38875  38909  38930  38915  38906  38906  38869  38878  38866  38883  38875  38874  38891  38874  38868  38870
  396.024   393542   980.03   393750   978.79  39369  39381  39372  39355  39355  39392  39361  39394  39386  39385  39347  39358  39344  39364  39354  39354  39371  39354  39347  39349
  401.024   398314   975.84   398519   976.04  39846  39857  39849  39833  39833  39869  39837  39871  39863  39861  39825  39835  39821  39841  39831  39832  39847  39831  39824  39827
  406.024   403252   979.50   403464   974.83  40340  40351  40343  40328  40328  40363  40332  40366  40358  40355  40318  40329  40314  40334  40324  40327  40341  40325  40318  40322
  411.024   408196   980.17   408455   979.36  40839  40850  40841  40828  40828  40862  40832  40865  40856  40854  40817  40827  40813  40833  40824  40827  40791  40825  40817  40822
  416.024   413144   979.29   413402   975.80  41334  41346  41336  41322  41322  41357  41326  41358  41351  41350  41311  41322  41307  41330  41318  41321  41288  41318  41313  41316
  421.024   417997   969.76   418107   966.74  41818  41832  41773  41806  41807  41794  41814  41794  41835  41834  41795  41808  41793  41814  41802  41810  41772  41802  41797  41804
  426.024   422842   968.66   422896   968.32  42302  42267  42256  42291  42291  42277  42296  42278  42319  42319  42278  42292  42276  42298  42287  42294  42256  42288  42282  42291
  431.024   427631   977.42   427785   977.28  42758  42770  42759  42794  42794  42782  42798  42781  42775  42774  42780  42747  42779  42752  42790  42750  42759  42791  42738  42745
  436.024   432535   976.54   432596   976.07  43249  43262  43251  43237  43236  43273  43285  43271  43266  43266  43268  43239  43268  43244  43278  43242  43249  43279  43231  43237
  441.024   437170   969.06   437321   967.05  43721  43734  43722  43710  43710  43746  43759  43744  43738  43737  43743  43711  43742  43715  43707  43714  43720  43706  43703  43709
  446.024   441869   960.70   442068   960.37  44195  44208  44196  44188  44187  44221  44230  44219  44212  44212  44215  44185  44171  44190  44184  44189  44194  44180  44178  44183
  451.025   446667   960.54   446857   963.22  44678  44691  44681  44672  44671  44703  44669  44702  44695  44695  44653  44670  44655  44674  44668  44674  44679  44663  44663  44668
  456.024   451465   957.38   451653   960.30  45157  45170  45159  45153  45152  45182  45150  45182  45174  45174  45133  45150  45135  45153  45148  45154  45157  45145  45142  45148
  461.024   456590   961.38   456780   960.91  45670  45684  45673  45663  45662  45697  45659  45697  45687  45688  45643  45664  45645  45666  45657  45668  45674  45654  45657  45662
  466.024   461608   967.42   461836   966.54  46176  46189  46177  46169  46168  46201  46167  46202  46193  46194  46151  46171  46154  46172  46164  46173  46132  46162  46162  46167
  471.024   466390   969.36   466577   968.96  46656  46669  46656  46647  46647  46681  46644  46633  46671  46673  46628  46650  46632  46652  46643  46652  46609  46640  46641  46643
  476.024   470929   968.72   471165   968.36  47130  47096  47083  47119  47119  47105  47117  47105  47144  47147  47100  47076  47107  47079  47114  47079  47082  47112  47064  47116
  481.024   475780   968.72   475869   970.27  47567  47581  47568  47603  47604  47589  47602  47589  47582  47584  47585  47561  47594  47564  47600  47564  47566  47596  47549  47601
  486.024   480591   970.81   480731   970.84  48052  48069  48055  48088  48089  48077  48089  48074  48069  48069  48071  48048  48080  48050  48086  48050  48051  48082  48033  48040
  491.024   485241   959.80   485431   959.80  48533  48548  48534  48519  48518  48557  48570  48554  48549  48549  48553  48528  48511  48530  48516  48530  48530  48513  48513  48517
  496.024   490145   956.01   490338   954.86  49024  49041  49025  49009  49008  49049  49060  49044  49039  49039  49043  49020  49002  49020  49007  49019  49020  49004  49003  49007
  501.024   495318   965.97   495506   965.97  49540  49559  49542  49526  49525  49568  49575  49559  49556  49556  49557  49539  49520  49537  49525  49537  49536  49522  49520  49525
  506.024   500414   985.27   500604   981.71  50057  50074  50059  50037  50036  50087  50037  50075  50071  50071  50019  50058  50031  50054  50036  50053  50054  50033  50037  50039
  511.024   505569   991.58   505754   991.58  50571  50587  50573  50555  50554  50598  50556  50588  50586  50586  50539  50570  50550  50567  50555  50568  50565  50550  50551  50554
  516.024   510725  1001.68   510906  1001.51  51089  51102  51088  51070  51069  51113  51070  51105  51100  51100  51052  51084  51067  51085  51070  51087  51080  51066  51066  51068
  521.024   515952  1017.15   516079  1018.39  51612  51626  51610  51592  51591  51585  51589  51628  51623  51623  51576  51605  51590  51608  51594  51610  51601  51588  51587  51593
  526.024   520737  1018.09   520859  1017.45  52060  52073  52058  52090  52089  52085  52087  52075  52121  52121  52073  52053  52088  52057  52093  52057  52049  52087  52089  52091
  531.024   525650  1011.44   525820  1010.84  52558  52571  52555  52585  52584  52581  52584  52572  52615  52615  52571  52551  52583  52554  52588  52554  52546  52583  52534  52586
  536.024   530908  1014.90   530973  1015.77  53083  53098  53080  53109  53109  53106  53110  53097  53090  53091  53098  53078  53109  53080  53113  53081  53072  53108  53059  53110
  541.024   536125  1019.06   536239  1018.26  53611  53624  53607  53635  53634  53632  53634  53624  53618  53620  53625  53604  53634  53607  53637  53608  53600  53633  53587  53590
  546.024   541088  1016.85   541371  1016.17  54125  54138  54117  54152  54151  54146  54151  54135  54126  54130  54142  54116  54094  54117  54097  54118  54114  54093  54098  54099
  551.024   545982  1006.11   546139  1007.11  54611  54624  54606  54584  54582  54632  54636  54625  54618  54621  54624  54604  54587  54606  54589  54608  54599  54584  54588  54593
  556.024   551037  1008.76   551242  1009.90  55120  55133  55118  55097  55092  55141  55147  55137  55127  55130  55086  55114  55097  55115  55099  55119  55109  55096  55101  55101
  561.024   556247  1018.73   556392  1017.95  55638  55653  55637  55617  55612  55661  55620  55655  55649  55650  55607  55633  55621  55637  55619  55640  55628  55617  55623  55622
  566.024   561153  1006.48   561290  1005.54  56129  56143  56127  56104  56100  56151  56109  56147  56140  56140  56097  56125  56111  56129  56107  56130  56121  56108  56112  56113
  571.024   566035   991.78   566157   992.08  56617  56633  56614  56591  56588  56637  56595  56634  56623  56625  56584  56614  56601  56617  56597  56617  56610  56596  56599  56600
  576.024   570723   991.14   570891   985.60  57060  57074  57107  57085  57081  57080  57090  57077  57118  57119  57077  57056  57096  57060  57090  57060  57054  57092  57042  57096
  581.024   575992  1000.50   576111  1000.87  57588  57602  57584  57611  57607  57608  57616  57605  57645  57645  57603  57584  57621  57586  57617  57588  57582  57618  57571  57622
  586.024   580840   993.46   580863   990.60  58072  58085  58070  58099  58091  58093  58100  58089  58082  58082  58089  58069  58106  58069  58102  58072  58066  58103  58057  58107
  591.025   585740   981.68   585807   982.99  58564  58579  58561  58600  58590  58585  58597  58581  58575  58575  58587  58563  58604  58560  58603  58564  58557  58603  58550  58549
  596.024   590854   993.46   591025   992.99  59088  59102  59086  59115  59106  59109  59115  59105  59099  59100  59104  59085  59072  59084  59073  59089  59081  59118  59072  59076
  601.024   595706   994.06   595886   994.36  59580  59593  59578  59555  59597  59601  59607  59597  59588  59590  59593  59576  59561  59574  59562  59579  59571  59559  59564  59567
  606.024   600607   999.53   600788   995.03  60071  60082  60067  60046  60086  60092  60097  60088  60078  60081  60083  60064  60052  60064  60053  60068  60061  60050  60055  60057
  611.024   605416   977.75   605546   978.12  60552  60562  60549  60525  60519  60573  60578  60569  60557  60562  60564  60546  60532  60546  60533  60548  60543  60529  60538  60537
  616.025   610150   975.54   610287   977.75  61031  61040  61025  61003  61000  61052  61009  61048  61037  61042  60997  61023  61010  61023  61011  61024  61021  61008  61017  61016
  621.024   615189   978.02   615330   978.89  61535  61545  61531  61505  61504  61556  61514  61552  61541  61547  61500  61529  61512  61528  61514  61528  61525  61510  61523  61520
  626.024   620090   972.92   620274   970.13  62027  62038  62026  62002  62000  62050  62009  62046  62036  62040  61996  62022  62008  62022  62011  62022  62018  62007  61968  62016
  631.024   624876   967.18   624906   967.01  62455  62517  62506  62478  62476  62479  62486  62475  62515  62519  62474  62501  62485  62503  62488  62501  62497  62485  62446  62496
  636.024   629691   969.39   629763   970.70  62955  62968  62955  62980  62978  62980  62986  62976  63014  62971  62976  62952  62986  62954  62991  62954  62947  62988  62948  62995
  641.024   634441   969.29   634511   968.86  63434  63448  63435  63458  63457  63461  63465  63457  63445  63451  63455  63433  63464  63434  63471  63434  63427  63468  63428  63427
  646.024   639461   975.33   639526   975.03  63934  63947  63934  63965  63964  63963  63970  63956  63943  63950  63962  63932  63970  63933  63977  63930  63927  63975  63931  63924
  651.024   644579   981.11   644699   980.44  64452  64465  64453  64479  64478  64479  64485  64473  64466  64469  64476  64450  64483  64452  64440  64451  64445  64488  64447  64447
  656.024   649496   980.10   649619   979.70  64944  64958  64945  64969  64968  64973  64977  64964  64959  64962  64967  64942  64972  64944  64933  64943  64938  64977  64940  64940
  661.024   654429   988.26   654553   991.38  65447  65462  65449  65421  65420  65478  65480  65469  65463  65464  65469  65446  65426  65447  65433  65447  65443  65430  65444  65444
  666.024   659443   995.07   659604   993.09  65951  65967  65954  65927  65926  65983  65985  65973  65969  65969  65925  65951  65934  65951  65940  65953  65947  65939  65952  65951
  671.024   664278   991.44   664387   991.11  66434  66451  66437  66411  66411  66465  66419  66456  66451  66452  66409  66435  66418  66433  66425  66435  66431  66422  66436  66434
  676.024   669285   992.48   669443   992.21  66940  66957  66943  66915  66915  66972  66922  66964  66957  66958  66915  66942  66923  66939  66928  66940  66938  66927  66891  66942
  681.025   674162   984.66   674262   982.38  67426  67444  67429  67402  67402  67413  67411  67449  67442  67444  67403  67428  67409  67425  67420  67426  67425  67416  67380  67430
  686.024   678928   978.99   679026   979.97  67913  67879  67915  67890  67889  67899  67897  67884  67929  67931  67891  67915  67899  67912  67906  67912  67859  67903  67866  67865
  691.024   684004   987.72   684062   990.23  68388  68403  68389  68413  68411  68422  68419  68409  68403  68405  68413  68389  68419  68385  68426  68387  68384  68423  68387  68391
  696.024   688986   983.29   689026   983.32  68881  68897  68882  68914  68912  68919  68919  68905  68898  68899  68914  68883  68923  68880  68929  68880  68879  68927  68886  68885
  701.024   694098   994.50   694152   994.16  69396  69414  69396  69422  69421  69431  69429  69418  69412  69413  69422  69399  69429  69395  69435  69395  69394  69431  69399  69399
  706.024   698981   988.69   699037   986.81  69884  69902  69884  69909  69909  69922  69918  69906  69901  69902  69911  69886  69916  69883  69923  69882  69884  69918  69890  69888
  711.024   703694   987.92   703891   988.05  70370  70386  70370  70396  70395  70405  70406  70392  70385  70386  70396  70371  70356  70367  70362  70367  70370  70358  70375  70372
  716.024   708701   994.97   708863   995.13  70876  70895  70876  70849  70848  70917  70919  70902  70890  70891  70847  70878  70856  70875  70864  70873  70881  70858  70889  70880
  721.024   713673   990.67   713770   991.98  71371  71390  71371  71351  71350  71408  71360  71395  71388  71386  71350  71373  71357  71371  71363  71370  71375  71359  71380  71375
  726.024   718804   992.55   718952   994.56  71890  71909  71887  71869  71871  71925  71877  71913  71907  71904  71867  71891  71876  71889  71881  71889  71893  71879  71847  71892
  731.024   723684   984.77   723782   984.63  72378  72397  72375  72355  72359  72364  72365  72401  72395  72393  72354  72379  72364  72377  72369  72377  72381  72369  72335  72379
  736.024   728503   982.28   728595   981.85  72859  72878  72857  72835  72843  72844  72846  72882  72876  72875  72836  72861  72848  72858  72852  72860  72862  72851  72815  72860
  741.024   733260   981.11   733307   979.23  73339  73314  73338  73314  73322  73326  73327  73316  73356  73355  73316  73341  73327  73339  73331  73342  73296  73331  73297  73340
  746.024   738186   980.91   738376   982.32  73845  73820  73845  73822  73830  73833  73835  73822  73862  73862  73824  73801  73834  73845  73839  73800  73802  73839  73804  73798
  751.024   743333   988.86   743376   988.62  74315  74339  74315  74342  74350  74352  74355  74343  74333  74332  74344  74321  74354  74315  74359  74318  74324  74358  74324  74316
  756.025   748326   982.15   748364   981.88  74813  74838  74812  74841  74850  74851  74855  74842  74832  74830  74844  74821  74853  74814  74859  74817  74822  74858  74825  74813
  761.024   753147   981.11   753237   982.69  75297  75326  75296  75332  75342  75339  75346  75329  75317  75313  75336  75305  75344  75297  75294  75300  75310  75350  75314  75297
  766.024   758154   990.10   758296   990.17  75810  75837  75810  75840  75799  75846  75855  75840  75831  75828  75843  75817  75801  75811  75807  75814  75821  75808  75821  75811
  771.024   763339  1006.24   763436  1006.38  76334  76360  76334  76315  76324  76370  76330  76363  76354  76352  76318  76339  76325  76334  76331  76338  76345  76331  76343  76335
  776.024   768137  1001.78   768232   996.95  76814  76839  76813  76794  76803  76849  76809  76844  76835  76832  76798  76821  76806  76812  76811  76817  76825  76811  76823  76813
  781.024   772937   988.46   773033   988.59  77293  77322  77291  77272  77285  77330  77287  77327  77315  77311  77276  77301  77286  77291  77292  77297  77306  77293  77303  77292
  786.024   777861   983.05   777954   983.32  77791  77817  77789  77768  77782  77825  77785  77776  77814  77807  77774  77796  77782  77788  77789  77797  77803  77790  77751  77791
  791.024   783058   995.50   783100   995.54  78314  78292  78313  78293  78305  78302  78310  78302  78338  78331  78300  78320  78307  78312  78313  78320  78280  78314  78276  78316
  796.024   788320  1002.42   788358  1000.60  78840  78819  78839  78818  78831  78827  78837  78827  78863  78857  78825  78848  78832  78838  78841  78845  78805  78841  78804  78841
  801.024   793211   990.70   793200   992.15  79330  79308  79329  79306  79320  79315  79326  79317  79302  79347  79314  79336  79321  79327  79331  79334  79293  79332  79292  79331
  806.024   797963   989.43   798005   990.91  79809  79790  79808  79788  79799  79796  79809  79797  79783  79826  79794  79766  79802  79807  79811  79813  79774  79813  79773  79810
  811.024   802579   988.19   802662   989.36  80242  80269  80238  80271  80280  80277  80289  80277  80263  80256  80274  80247  80283  80239  80292  80245  80255  80247  80255  80242
  816.024   807391   985.94   807481   987.52  80726  80758  80724  80757  80718  80765  80776  80765  80750  80742  80763  80731  80771  80725  80730  80728  80743  80732  80742  80726
  821.024   812524   984.73   812667   983.96  81242  81277  81240  81279  81231  81285  81300  81286  81269  81258  81286  81251  81235  81242  81245  81244  81263  81249  81267  81242
  826.024   817466   973.19   817534   972.52  81737  81767  81735  81766  81726  81777  81737  81775  81761  81753  81773  81747  81733  81738  81742  81740  81754  81745  81757  81737
  831.024   822485   980.81   822593   981.71  82247  82277  82246  82230  82238  82286  82248  82287  82271  82263  82237  82258  82246  82248  82254  82251  82264  82258  82221  82248
  836.024   827259   979.73   827319   978.62  82725  82755  82723  82706  82713  82766  82724  82716  82750  82741  82714  82736  82722  82725  82731  82727  82743  82737  82698  82726
  841.024   832248   987.62   832255   986.68  83224  83252  83221  83208  83211  83215  83223  83214  83246  83241  83215  83233  83221  83225  83230  83225  83238  83235  83200  83226
  846.024   837145   987.92   837142   988.26  83721  83696  83713  83698  83706  83706  83714  83705  83744  83739  83705  83730  83715  83724  83723  83718  83682  83733  83690  83725
  851.024   842300   987.65   842299   986.11  84233  84213  84232  84215  84222  84223  84230  84221  84257  84253  84221  84243  84230  84238  84242  84233  84199  84247  84206  84241
  856.024   847450   996.11   847446   997.05  84753  84731  84753  84734  84743  84743  84749  84742  84726  84772  84741  84764  84752  84757  84763  84754  84717  84767  84724  84711
  861.024   852494  1001.91   852505   998.59  85223  85251  85223  85254  85263  85265  85271  85264  85248  85243  85260  85232  85272  85225  85283  85274  85237  85236  85243  85232
  866.024   857249  1000.10   857305  1001.58  85704  85732  85704  85734  85743  85743  85750  85742  85728  85725  85740  85714  85751  85705  85714  85752  85719  85718  85723  85713
  871.024   862143  1000.03   862247  1001.71  86205  86231  86204  86231  86194  86242  86248  86241  86227  86224  86238  86214  86204  86205  86214  86203  86216  86217  86221  86211
  876.024   867151  1003.62   867249  1003.79  86705  86730  86705  86733  86694  86742  86749  86741  86727  86723  86741  86715  86703  86706  86714  86703  86716  86717  86724  86712
  881.025   871883   989.43   871928   989.33  87183  87208  87183  87162  87171  87220  87179  87218  87204  87200  87172  87194  87179  87185  87192  87180  87193  87196  87202  87190
  886.024   876840   984.63   876931   982.78  87685  87708  87685  87663  87671  87719  87677  87718  87705  87700  87673  87695  87680  87685  87692  87682  87693  87696  87653  87691
  891.024   881703   971.31   881796   970.50  88170  88193  88172  88149  88157  88205  88164  88205  88193  88188  88160  88181  88166  88173  88177  88169  88180  88183  88137  88177
  896.024   886763   980.74   886757   980.27  88674  88698  88678  88655  88665  88663  88671  88663  88697  88693  88667  88687  88672  88679  88684  88677  88684  88688  88644  88681
  901.024   891997   990.70   891987   990.10  89198  89220  89201  89179  89187  89187  89195  89185  89219  89216  89192  89210  89194  89203  89206  89203  89206  89212  89166  89205
  906.024   896715   981.04   896710   980.74  89674  89649  89677  89657  89666  89664  89673  89663  89695  89692  89670  89686  89674  89679  89681  89678  89635  89688  89643  89681
  911.024   901246   979.23   901289   980.67  90146  90120  90104  90127  90138  90135  90143  90136  90121  90119  90139  90112  90145  90105  90152  90150  90107  90115  90114  90107
  916.024   905981   973.19   906022   971.51  90577  90598  90581  90605  90615  90614  90622  90616  90598  90596  90618  90589  90623  90582  90631  90583  90585  90593  90594  90583
  921.024   910616   966.95   910701   965.03  91051  91070  91053  91078  91041  91086  91094  91089  91070  91069  91091  91063  91049  91056  91057  91056  91057  91065  91067  91055
  926.024   915420   958.39   915509   958.36  91532  91552  91533  91557  91521  91567  91575  91571  91551  91550  91572  91543  91529  91536  91537  91537  91538  91544  91548  91536
  931.024   920081   940.81   920162   940.71  92002  92023  92002  92028  91990  92037  91998  92041  92021  92020  91995  92012  92000  92009  92008  92009  92009  92015  92018  92006
  936.024   924847   940.64   924926   941.85  92483  92504  92483  92461  92471  92520  92478  92523  92501  92502  92475  92494  92482  92491  92488  92490  92491  92497  92451  92488
  941.024   929916   958.52   929951   954.73  92989  93013  92989  92969  92979  93028  92985  92982  93008  93009  92982  93001  92988  92999  92994  92997  92998  93004  92958  92995
  946.025   934740   955.17   934724   955.00  93471  93493  93471  93452  93463  93460  93467  93466  93490  93491  93464  93483  93470  93482  93477  93479  93481  93485  93442  93477
  951.024   939523   958.42   939513   956.88  93951  93974  93951  93929  93942  93940  93944  93943  93969  93970  93941  93962  93949  93959  93957  93957  93960  93965  93917  93956
  956.024   944307   958.79   944305   958.76  94432  94414  94431  94415  94425  94427  94431  94428  94450  94452  94427  94443  94432  94443  94439  94438  94397  94447  94403  94438
  961.024   949076   963.39   949113   963.46  94913  94892  94913  94895  94908  94907  94911  94910  94931  94933  94907  94924  94916  94878  94921  94919  94877  94929  94884  94921
  966.025   953846   964.03   953880   962.48  95394  95374  95394  95376  95389  95388  95394  95390  95412  95369  95390  95404  95397  95361  95402  95400  95360  95409  95365  95358
  971.024   958395   950.97   958422   950.67  95820  95848  95820  95850  95816  95859  95867  95864  95839  95839  95864  95832  95869  95835  95829  95827  95832  95836  95840  95831
  976.025   963128   949.60   963198   950.97  96298  96325  96298  96327  96294  96336  96347  96341  96316  96316  96344  96309  96303  96311  96307  96306  96309  96313  96317  96309
  981.024   968048   955.67   968118   955.17  96794  96823  96795  96823  96790  96834  96798  96838  96812  96811  96794  96805  96799  96808  96804  96802  96807  96808  96814  96807
  986.024   972874   955.34   972938   954.36  97275  97307  97276  97305  97273  97319  97279  97319  97292  97293  97276  97286  97282  97292  97286  97285  97291  97290  97297  97289
  991.024   977682   953.45   977701   954.43  97757  97789  97756  97739  97753  97801  97759  97802  97772  97773  97757  97766  97762  97772  97768  97765  97772  97770  97779  97771
  996.024   982641   961.37   982605   962.28  98257  98288  98255  98238  98253  98254  98259  98254  98272  98275  98258  98267  98262  98274  98270  98268  98269  98271  98231  98271
 1001.024   987522   969.43   987481   973.52  98744  98777  98743  98725  98741  98743  98745  98742  98760  98761  98746  98754  98751  98762  98757  98759  98758  98758  98718  98759
 1006.024   992328   966.98   992240   966.54  99225  99208  99223  99206  99223  99224  99226  99223  99240  99242  99227  99234  99232  99243  99238  99238  99239  99238  99200  99239
 1011.024   997079   963.15   997088   964.26  99711  99692  99707  99690  99709  99709  99709  99708  99725  99728  99711  99719  99716  99682  99722  99723  99675  99722  99686  99723
 1016.024  1001975   966.71  1002034   966.54 100208 100186 100203 100182 100203 100203 100204 100202 100221 100222 100204 100214 100211 100175 100218 100218 100169 100217 100179 100170
 1021.024  1006680   965.00  1006646   968.05 100640 100667 100682 100662 100636 100683 100683 100683 100655 100655 100683 100693 100690 100655 100650 100649 100650 100697 100660 100653
 1026.024  1011373   960.84  1011444   961.07 101124 101151 101116 101147 101120 101169 101169 101168 101140 101140 101167 101127 101124 101139 101134 101135 101134 101132 101145 101136
 1031.024  1016164   958.02  1016232   958.45 101603 101630 101596 101625 101600 101646 101646 101646 101620 101620 101644 101607 101604 101617 101615 101613 101613 101612 101623 101616
 1036.024  1020909   957.45  1021020   957.45 102081 102110 102073 102104 102079 102125 102126 102126 102098 102098 102076 102085 102082 102098 102093 102094 102093 102091 102102 102095
 1041.024  1025673   956.24  1025778   956.17 102561 102591 102555 102586 102559 102605 102559 102606 102578 102578 102557 102567 102565 102579 102574 102574 102574 102572 102536 102575
 1046.024  1030463   951.28  1030476   951.34 103041 103069 103036 103017 103039 103082 103038 103038 103058 103058 103037 103045 103045 103057 103053 103053 103052 103052 103016 103053
 1051.024  1035313   952.79  1035288   953.09 103527 103557 103520 103502 103526 103521 103524 103522 103544 103545 103522 103531 103531 103544 103541 103537 103537 103535 103500 103535
 1056.024  1040067   954.66  1040036   952.98 104007 103987 104000 103980 104008 103999 104003 104001 104024 104027 104002 104008 104011 103976 104023 104019 104019 104014 103978 104017
 1061.025  1044985   955.97  1045000   955.97 104505 104479 104499 104472 104507 104493 104501 104497 104522 104525 104499 104507 104511 104469 104521 104517 104459 104514 104474 104514
 1066.024  1049937   962.38  1049957   960.94 104999 104982 104992 104969 105000 104991 104997 104993 105016 105018 104994 105000 105003 104973 105014 105010 104958 105007 104970 105008
 1071.024  1054596   964.13  1054572   961.41 105430 105463 105473 105451 105432 105474 105477 105475 105447 105450 105473 105479 105483 105455 105446 105442 105440 105488 105450 105440
 1076.024  1059282   962.42  1059305   962.85 105908 105940 105905 105927 105910 105954 105955 105953 105925 105928 105952 105959 105912 105930 105925 105918 105918 105920 105929 105919
 1081.024  1063991   957.55  1064064   957.65 106384 106417 106380 106403 106385 106430 106433 106427 106401 106404 106429 106387 106387 106407 106401 106393 106393 106396 106404 106394
 1086.024  1068842   962.21  1068918   962.38 106873 106908 106869 106894 106874 106923 106875 106919 106890 106893 106871 106876 106876 106898 106892 106882 106883 106885 106896 106883
 1091.024  1073748   961.95  1073824   960.70 107364 107397 107359 107384 107364 107413 107367 107410 107381 107385 107363 107366 107366 107388 107383 107374 107371 107376 107387 107374
 1096.024  1078537   954.80  1078563   955.00 107848 107880 107843 107869 107848 107848 107849 107845 107864 107869 107847 107849 107851 107872 107867 107858 107854 107859 107822 107858
 1101.024  1083487   962.92  1083462   962.89 108349 108330 108344 108319 108349 108345 108348 108344 108365 108369 108345 108348 108350 108323 108368 108359 108355 108360 108320 108359
 1106.024  1088412   969.50  1088380   967.75 108840 108824 108837 108812 108839 108836 108839 108836 108855 108862 108837 108839 108841 108816 108861 108854 108847 108851 108811 108855
 1111.024  1093194   970.50  1093159   968.46 109317 109301 109315 109292 109316 109315 109317 109314 109333 109339 109317 109319 109320 109293 109338 109331 109326 109329 109290 109331
 1116.024  1098146   976.85  1098307   976.38 109833 109815 109831 109805 109832 109828 109834 109827 109848 109854 109830 109834 109835 109807 109804 109798 109794 109842 109804 109798
 1121.024  1103284   983.46  1103349   983.09 110350 110329 110346 110320 110294 110342 110349 110341 110363 110315 110345 110349 110350 110323 110316 110310 110305 110357 110320 110309
 1126.024  1108367   993.09  1108290   994.36 110806 110839 110805 110829 110806 110851 110855 110849 110822 110828 110850 110855 110855 110832 110827 110822 110817 110862 110827 110820
 1131.025  1113490   998.89  1113417   998.89 111319 111351 111316 111343 111318 111365 111368 111363 111334 111340 111364 111367 111368 111343 111338 111334 111329 111375 111340 111332
 1136.024  1118189   992.79  1118206   992.92 111798 111831 111795 111823 111797 111844 111846 111841 111813 111818 111844 111846 111800 111823 111816 111814 111808 111808 111820 111810
 1141.024  1122966   994.97  1123049   994.77 112282 112325 112282 112318 112283 112339 112281 112335 112299 112305 112279 112279 112284 112316 112304 112304 112296 112292 112314 112298
 1146.024  1128100  1000.30  1128176   995.84 112798 112835 112798 112824 112799 112845 112800 112841 112815 112821 112796 112797 112801 112825 112818 112816 112808 112808 112820 112811
 1151.025  1132879   984.90  1132798   986.58 113278 113268 113279 113256 113280 113280 113282 113275 113295 113305 113277 113278 113283 113307 113302 113299 113292 113292 113254 113295
 1156.025  1138010   988.29  1137977   992.95 113795 113786 113795 113774 113800 113798 113800 113793 113812 113824 113795 113796 113802 113777 113821 113815 113809 113809 113772 113814
 1161.024  1142976   982.85  1142940   982.08 114291 114283 114291 114271 114299 114293 114296 114288 114308 114320 114292 114294 114299 114275 114316 114310 114306 114305 114269 114310
 1166.024  1147649   983.89  1147702   983.59 114772 114764 114771 114752 114780 114774 114775 114769 114789 114756 114771 114775 114781 114756 114752 114745 114788 114787 114749 114745
 1171.024  1152784   997.32  1152839   993.02 115293 115280 115290 115270 115250 115293 115294 115286 115310 115273 115289 115294 115300 115273 115271 115263 115258 115306 115267 115263
 1176.024  1157954   995.10  1158019   994.73 115810 115797 115809 115788 115766 115811 115814 115806 115827 115791 115805 115812 115818 115790 115790 115778 115775 115823 115782 115781
 1181.024  1162787   996.68  1162748   998.25 116242 116279 116294 116270 116249 116294 116297 116288 116259 116276 116289 116295 116304 116271 116272 116261 116257 116309 116264 116265
 1186.024  1167656   988.49  1167668   988.42 116740 116778 116738 116767 116745 116791 116792 116785 116757 116775 116785 116789 116750 116769 116769 116758 116755 116756 116761 116764
 1191.024  1172451   980.97  1172420   981.11 117219 117258 117218 117247 117223 117271 117226 117265 117236 117257 117265 117268 117231 117249 117247 117236 117232 117236 117241 117246
 1196.024  1177147   985.30  1177213   982.72 117700 117735 117699 117724 117702 117749 117707 117743 117717 117737 117697 117700 117711 117726 117725 117717 117710 117718 117718 117725
