Test case: 
Description: 
	10 senders: persistent queues
	10 receivers: client acknowledge every 50 messages
Timestamp: 2011.11.1 23:44:56
Version: 
Setting up JMS benchmark connections... 

Start processing messages.
Thu Dec 01 23:44:56 EST 2011

  Seconds   Send   Send/Sec   Recv   Recv/Sec   RCV0   RCV1   RCV2   RCV3   RCV4   RCV5   RCV6   RCV7   RCV8   RCV9  SND10  SND11  SND12  SND13  SND14  SND15  SND16  SND17  SND18  SND19
  ------- -------- -------- -------- -------- ------ ------ ------ ------ ------ ------ ------ ------ ------ ------ ------ ------ ------ ------ ------ ------ ------ ------ ------ ------
    1.075        0     0.00        0     0.00      0      0      0      0      0      0      0      0      0      0      0      0      0      0      0      0      0      0      0      0
    6.075     4390   954.35     4683  1018.04    466    467    481    466    466    468    466    468    465    470    440    441    438    436    443    438    440    438    439    437
   11.076     9288   967.50     9581   998.02    957    956    970    955    956    958    955    958    956    960    933    935    922    929    929    925    928    927    929    931
   16.075    14141   968.56    14429   988.29   1442   1442   1454   1439   1442   1443   1439   1442   1441   1445   1418   1420   1410   1413   1416   1409   1413   1411   1413   1418
   21.075    19092   974.08    19378   988.67   1937   1936   1949   1935   1937   1938   1934   1937   1936   1939   1913   1915   1907   1906   1911   1907   1908   1906   1907   1912
   26.075    23932   972.85    24221   984.59   2422   2421   2433   2419   2420   2422   2420   2421   2420   2423   2397   2400   2390   2391   2394   2390   2393   2390   2390   2397
   31.075    28774   970.37    29068   981.99   2907   2907   2918   2903   2905   2906   2904   2906   2905   2907   2882   2884   2874   2875   2877   2875   2878   2874   2874   2881
   36.076    33711   967.35    34008   967.38   3401   3400   3411   3399   3399   3401   3399   3399   3398   3401   3375   3378   3369   3368   3371   3368   3372   3368   3367   3375
   41.075    38775   972.15    39079   972.55   3908   3907   3917   3907   3907   3908   3907   3905   3904   3909   3882   3885   3876   3872   3877   3874   3880   3876   3871   3882
   46.075    43852   979.70    44154   980.20   4417   4414   4425   4417   4414   4415   4412   4412   4411   4417   4390   4394   4383   4379   4386   4383   4388   4382   4378   4389
   51.075    48774   981.24    49072   981.64   4914   4911   4922   4865   4911   4912   4909   4907   4907   4914   4887   4891   4880   4876   4883   4880   4836   4879   4876   4886
   56.075    53515   989.09    53866   989.36   5372   5370   5434   5372   5370   5370   5368   5420   5419   5371   5346   5349   5339   5388   5342   5338   5343   5338   5388   5344
   61.075    58458   996.11    58756   996.24   5877   5874   5886   5876   5875   5875   5873   5872   5871   5877   5852   5854   5843   5839   5848   5844   5847   5843   5840   5848
   66.075    63289   992.58    63584   992.52   6361   6356   6369   6358   6358   6357   6356   6354   6354   6361   6335   6338   6325   6321   6331   6327   6330   6327   6324   6331
   71.075    68089   983.72    68386   983.49   6841   6836   6850   6838   6838   6837   6836   6835   6834   6841   6815   6818   6805   6801   6811   6807   6809   6806   6805   6812
   76.075    73109   981.81    73407   981.68   7342   7337   7351   7341   7340   7340   7339   7338   7337   7342   7317   7319   7305   7303   7313   7310   7312   7308   7306   7316
   81.075    77988   980.30    78285   980.27   7831   7824   7838   7830   7828   7826   7827   7825   7825   7831   7805   7806   7793   7789   7803   7797   7800   7796   7795   7804
   86.075    83055   982.72    83355   982.72   8338   8334   8344   8335   8336   8333   8333   8334   8331   8337   8311   8313   8301   8296   8311   8305   8304   8302   8302   8310
   91.076    88164   981.71    88470   981.91   8849   8846   8854   8846   8851   8844   8845   8845   8842   8848   8824   8824   8811   8807   8823   8814   8815   8812   8812   8822
   96.075    93119   984.90    93420   985.10   9343   9341   9349   9341   9346   9338   9340   9340   9336   9346   9318   9319   9306   9302   9319   9313   9310   9308   9306   9318
  101.075    98179   991.01    98472   990.91   9849   9846   9853   9847   9851   9844   9845   9846   9840   9851   9824   9825   9813   9805   9824   9819   9816   9815   9813   9825
  106.075   103137   994.56   103432   994.46  10353  10352  10361  10351  10309  10351  10350  10351  10346  10308  10328  10330  10319  10313  10282  10274  10321  10320  10320  10330
  111.075   107669   994.36   108011   994.23  10792  10791  10849  10789  10796  10788  10788  10789  10834  10795  10767  10769  10758  10802  10769  10761  10759  10758  10757  10769
  116.076   112490   987.78   112787   987.68  11279  11278  11288  11277  11284  11275  11275  11276  11273  11282  11254  11256  11245  11241  11256  11248  11246  11245  11243  11256
  121.075   117503   984.56   117799   984.23  11780  11779  11790  11777  11786  11777  11776  11777  11771  11786  11755  11757  11746  11741  11758  11753  11749  11745  11743  11756
  126.075   122718   993.26   123015   993.12  12301  12300  12313  12300  12305  12300  12299  12299  12294  12304  12276  12279  12268  12263  12277  12273  12271  12268  12265  12278
  131.075   128010  1001.04   128295  1000.77  12829  12828  12840  12828  12834  12827  12827  12826  12822  12834  12806  12809  12797  12791  12806  12802  12801  12797  12793  12808
  136.075   133271  1007.79   133561  1009.33  13356  13355  13366  13355  13359  13354  13354  13354  13349  13359  13333  13334  13322  13319  13331  13327  13327  13323  13320  13335
  141.075   138261  1012.08   138549  1012.15  13854  13853  13865  13856  13858  13853  13854  13853  13846  13857  13832  13834  13820  13817  13830  13827  13826  13824  13817  13834
  146.075   143544  1027.05   143832  1026.68  14382  14381  14393  14386  14386  14382  14381  14381  14374  14386  14361  14363  14348  14345  14358  14354  14356  14351  14345  14363
  151.076   148790  1033.12   149086  1033.15  14908  14907  14917  14911  14912  14908  14907  14908  14898  14910  14885  14888  14873  14870  14882  14878  14880  14876  14870  14888
  156.076   154058  1036.54   154401  1036.41  15439  15439  15448  15443  15443  15439  15439  15440  15427  15444  15416  15421  15401  15401  15365  15412  15411  15410  15401  15420
  161.075   158750  1025.44   159106  1025.74  15946  15885  15956  15888  15887  15946  15886  15887  15934  15891  15862  15868  15910  15907  15861  15858  15857  15856  15905  15866
  166.075   163803  1021.34   164056  1021.71  16400  16399  16409  16401  16401  16400  16401  16402  16439  16404  16377  16381  16364  16409  16374  16369  16372  16369  16409  16379
  171.075   168729  1020.74   168981  1021.21  16896  16896  16905  16900  16900  16897  16900  16899  16886  16902  16873  16880  16861  16857  16873  16869  16868  16865  16905  16878
  176.075   173617  1009.16   173913  1009.43  17389  17392  17398  17393  17392  17389  17393  17393  17379  17395  17367  17374  17353  17350  17367  17363  17363  17358  17350  17372
  181.075   178677  1002.95   178970  1002.85  17895  17899  17901  17900  17898  17893  17900  17900  17881  17903  17874  17881  17859  17853  17874  17870  17870  17865  17852  17879
  186.075   183836   992.21   184125   997.48  18411  18414  18418  18413  18413  18408  18415  18416  18399  18418  18388  18397  18375  18371  18389  18385  18386  18380  18371  18394
  191.075   189031  1008.09   189321  1007.48  18930  18933  18937  18932  18932  18928  18935  18936  18920  18938  18907  18918  18894  18890  18908  18905  18905  18899  18891  18914
  196.075   194194  1008.42   194480  1009.66  19445  19449  19454  19446  19449  19442  19450  19451  19439  19455  19423  19434  19409  19407  19425  19421  19421  19415  19409  19430
  201.075   199381  1011.98   199667  1008.93  19964  19967  19971  19966  19967  19960  19970  19971  19957  19974  19941  19955  19928  19924  19944  19941  19941  19933  19925  19949
  206.075   204425  1018.76   204764  1018.52  20474  20477  20482  20475  20477  20471  20479  20478  20469  20482  20450  20412  20440  20435  20452  20450  20449  20442  20437  20458
  211.075   209477  1023.49   209776  1023.69  20995  20998  21002  20995  20950  20992  20951  20950  20991  20952  20971  20932  20960  20955  20922  20920  20968  20963  20957  20929
  216.075   214511  1026.18   214954  1026.44  21517  21472  21525  21516  21475  21514  21474  21473  21512  21476  21444  21456  21433  21478  21445  21444  21441  21437  21480  21453
  221.075   219571  1022.85   219860  1022.82  21975  21981  22044  21976  21983  21973  21984  21984  21972  21988  21952  21970  21942  21939  21957  21953  21951  21945  21998  21964
  226.075   224444  1015.13   224733  1015.24  22469  22474  22479  22470  22474  22467  22476  22477  22466  22481  22447  22460  22435  22433  22450  22446  22446  22438  22433  22456
  231.075   229675  1016.58   229966  1016.74  22991  22997  23003  22994  22999  22990  22999  23000  22989  23004  22971  22984  22958  22956  22973  22967  22970  22961  22957  22978
  236.075   234620  1011.58   234905  1011.44  23484  23491  23497  23487  23494  23484  23493  23493  23483  23499  23465  23479  23453  23450  23470  23461  23464  23455  23451  23472
  241.075   239885  1016.31   240163  1019.70  24009  24018  24023  24012  24020  24009  24020  24020  24008  24024  23992  24006  23981  23975  24000  23987  23990  23981  23976  23997
  246.075   244795  1004.73   245075  1005.87  24502  24509  24516  24504  24510  24502  24509  24509  24501  24513  24485  24494  24472  24468  24489  24477  24480  24474  24469  24487
  251.075   250123  1012.01   250401  1016.64  25033  25041  25050  25037  25043  25035  25043  25041  25033  25045  25017  25029  25005  25002  25022  25009  25013  25006  25001  25019
  256.076   255336  1022.95   255665  1024.33  25558  25567  25577  25564  25569  25563  25568  25569  25559  25571  25541  25556  25532  25529  25499  25535  25539  25533  25528  25544
  261.075   260469  1020.00   260845  1019.63  26078  26084  26093  26083  26087  26079  26087  26088  26077  26089  26058  26025  26051  26046  26019  26053  26056  26052  26047  26062
  266.075   265240  1016.11   265635  1016.07  26567  26575  26583  26575  26578  26568  26521  26579  26566  26523  26547  26506  26543  26535  26498  26545  26548  26486  26536  26496
  271.075   270198  1012.35   270630  1012.68  27077  27081  27091  27081  27037  27077  27036  27037  27075  27038  27054  27022  27001  27043  27014  27002  27006  27001  27044  27011
  276.075   275196  1016.85   275434  1017.11  27534  27537  27547  27537  27541  27534  27541  27540  27580  27543  27510  27527  27506  27547  27519  27505  27511  27506  27550  27515
  281.076   280371  1015.03   280661  1015.44  28062  28065  28075  28064  28069  28062  28069  28068  28057  28070  28037  28056  28034  28024  28047  28032  28038  28033  28027  28043
  286.075   285343  1006.98   285623  1005.34  28557  28561  28569  28560  28569  28556  28566  28566  28552  28567  28534  28556  28530  28518  28546  28529  28538  28531  28521  28540
  291.075   290433  1002.28   290722  1002.58  29067  29071  29081  29069  29077  29067  29075  29076  29063  29076  29044  29062  29038  29030  29053  29039  29046  29039  29033  29049
  296.075   295610  1016.11   295904  1015.74  29586  29590  29599  29586  29595  29586  29593  29594  29581  29594  29563  29579  29556  29548  29570  29556  29563  29557  29551  29567
  301.075   300801  1017.35   301091  1015.74  30106  30109  30117  30103  30113  30104  30111  30113  30101  30114  30081  30099  30076  30068  30090  30075  30082  30074  30070  30086
  306.075   305707  1011.04   305995  1017.48  30595  30599  30605  30593  30608  30591  30600  30608  30588  30608  30569  30589  30566  30556  30579  30565  30577  30570  30557  30579
  311.076   310488  1000.81   310876  1002.38  31084  31086  31092  31083  31097  31079  31087  31096  31077  31095  31056  31028  31054  31043  31019  31052  31066  31057  31046  31067
  316.075   315274   994.26   315664   994.63  31574  31574  31582  31571  31535  31568  31575  31534  31568  31583  31545  31518  31540  31532  31507  31542  31505  31496  31535  31554
  321.075   320171   989.60   320576   990.07  32070  32068  32078  32066  32030  32063  32071  32032  32066  32032  32039  32013  32035  32026  32001  32034  32001  31990  32031  32001
  326.075   325137   985.54   325542   985.84  32526  32576  32585  32574  32536  32571  32527  32538  32573  32536  32546  32521  32491  32535  32505  32493  32506  32494  32539  32507
  331.075   330090   981.28   330458   982.32  33034  33033  33089  33031  33044  33073  33035  33046  33031  33042  33000  33028  32996  33037  33010  33001  33012  33002  32991  33013
  336.075   334999   982.92   335335   984.53  33531  33530  33538  33528  33541  33523  33532  33543  33529  33540  33496  33523  33491  33486  33505  33497  33506  33498  33489  33508
  341.076   339927   986.27   340260   986.07  34023  34022  34031  34021  34033  34018  34024  34034  34022  34032  33990  34015  33983  33981  33997  33990  33998  33989  33984  34000
  346.075   344846   989.09   345177   990.37  34515  34515  34522  34513  34523  34509  34516  34525  34516  34523  34482  34508  34475  34474  34488  34482  34489  34481  34477  34490
  351.075   349620   978.69   349957   981.14  34994  34993  34999  34991  35001  34986  34996  35003  34993  35001  34959  34983  34953  34953  34964  34960  34966  34959  34954  34969
  356.075   354474   974.97   354816   976.04  35480  35478  35485  35476  35487  35472  35482  35490  35478  35488  35445  35470  35438  35440  35448  35445  35449  35443  35439  35457
  361.075   359234   963.49   359640   966.28  35962  35960  35967  35959  35970  35954  35964  35973  35960  35971  35924  35903  35919  35920  35930  35924  35931  35924  35921  35938
  366.075   364073   962.62   364475   966.44  36451  36449  36456  36449  36456  36443  36451  36414  36449  36457  36414  36392  36407  36408  36371  36411  36420  36413  36411  36426
  371.075   368871   961.21   369329   961.91  36943  36939  36945  36939  36901  36934  36941  36902  36938  36947  36904  36879  36899  36898  36860  36902  36861  36853  36899  36916
  376.075   373686   961.38   374200   962.65  37434  37432  37436  37432  37394  37424  37432  37395  37431  37390  37393  37373  37389  37390  37354  37342  37352  37346  37389  37358
  381.075   378349   964.09   378814   965.17  37870  37870  37921  37869  37882  37910  37870  37881  37868  37873  37829  37859  37828  37825  37841  37825  37839  37832  37826  37845
  386.075   383389   970.30   383821   971.68  38374  38376  38428  38373  38388  38368  38376  38387  38373  38378  38334  38364  38332  38329  38343  38328  38343  38336  38330  38350
  391.075   388487   980.00   388887   981.48  38886  38887  38890  38885  38900  38880  38886  38899  38885  38889  38844  38874  38843  38839  38855  38838  38850  38845  38840  38859
  396.075   393277   976.74   393684   978.52  39364  39367  39370  39365  39380  39359  39366  39379  39365  39369  39323  39353  39322  39319  39333  39318  39330  39324  39318  39337
  401.075   398044   972.52   398454   974.13  39842  39843  39848  39842  39856  39837  39842  39856  39842  39846  39800  39830  39798  39795  39810  39796  39805  39802  39794  39814
  406.075   402987   975.07   403399   976.58  40336  40337  40343  40336  40351  40332  40336  40351  40336  40341  40295  40324  40292  40289  40305  40291  40299  40297  40287  40308
  411.075   407973   982.62   408389   985.84  40836  40835  40842  40835  40850  40831  40835  40851  40835  40839  40794  40823  40789  40789  40804  40790  40797  40796  40786  40805
  416.076   412827   974.70   413246   977.55  41332  41330  41335  41331  41298  41325  41331  41299  41331  41334  41290  41270  41283  41284  41251  41284  41293  41290  41282  41300
  421.075   417686   966.37   418095   968.42  41817  41815  41819  41816  41781  41813  41816  41784  41815  41819  41775  41758  41768  41769  41735  41770  41780  41777  41767  41787
  426.075   422380   968.49   422942   968.76  42301  42300  42305  42300  42266  42298  42300  42270  42299  42303  42259  42242  42253  42255  42221  42253  42213  42211  42251  42222
  431.075   427314   977.38   427780   977.65  42757  42802  42808  42755  42769  42802  42755  42774  42801  42757  42714  42746  42756  42711  42724  42754  42716  42713  42754  42726
  436.075   432080   976.31   432546   976.58  43249  43245  43297  43247  43259  43245  43247  43264  43244  43249  43206  43236  43199  43203  43215  43198  43206  43204  43197  43216
  441.075   436802   965.84   437222   967.58  43721  43717  43725  43719  43730  43717  43719  43737  43716  43721  43677  43708  43672  43675  43687  43670  43679  43676  43669  43689
  446.075   441551   960.67   441967   962.18  44195  44191  44201  44193  44205  44192  44193  44212  44190  44195  44151  44182  44147  44149  44164  44145  44155  44151  44143  44164
  451.075   446393   960.13   446807   960.34  44680  44676  44685  44676  44690  44677  44676  44695  44672  44680  44634  44669  44632  44634  44648  44628  44639  44635  44626  44648
  456.075   451186   958.79   451600   958.52  45158  45156  45165  45155  45169  45157  45155  45174  45153  45158  45113  45149  45111  45112  45127  45107  45118  45114  45107  45128
  461.076   456279   963.02   456735   967.95  45671  45669  45675  45667  45685  45670  45669  45693  45665  45671  45627  45611  45624  45628  45646  45621  45633  45629  45618  45642
  466.075   461280   968.49   461746   968.39  46177  46175  46183  46173  46191  46176  46175  46147  46172  46177  46132  46120  46130  46132  46100  46127  46135  46132  46125  46147
  471.075   466068   969.26   466484   970.74  46656  46655  46661  46651  46621  46656  46654  46623  46651  46656  46610  46597  46610  46613  46575  46605  46615  46611  46605  46627
  476.075   470746   968.42   471222   968.83  47130  47130  47133  47126  47094  47129  47129  47097  47124  47130  47083  47070  47082  47086  47049  47077  47087  47082  47079  47051
  481.075   475455   968.66   475927   968.96  47614  47567  47617  47612  47578  47614  47566  47583  47609  47567  47569  47555  47566  47523  47535  47563  47524  47520  47565  47535
  486.075   480119   970.94   480640   971.24  48051  48054  48102  48050  48066  48051  48052  48068  48093  48053  48006  48041  48004  48008  48019  48000  48009  48007  48004  48021
  491.075   484915   959.29   485394   960.03  48531  48534  48583  48529  48547  48530  48533  48548  48525  48534  48485  48523  48483  48488  48500  48477  48489  48487  48483  48500
  496.075   489825   954.63   490250   953.26  49021  49024  49024  49020  49038  49021  49023  49038  49016  49025  48977  49014  48974  48980  48990  48969  48979  48977  48974  48991
  501.075   494991   967.35   495418   967.72  49539  49539  49541  49538  49553  49539  49538  49554  49535  49542  49494  49528  49491  49495  49506  49486  49496  49495  49491  49509
  506.075   500168   979.03   500585   981.21  50055  50054  50052  50055  50075  50055  50055  50076  50050  50058  50011  50051  50005  50013  50028  49999  50015  50014  50005  50027
  511.075   505293   993.25   505724   996.68  50570  50569  50571  50569  50583  50570  50569  50587  50565  50571  50526  50558  50520  50526  50537  50514  50528  50525  50519  50540
  516.075   510394  1006.41   510829  1001.98  51085  51084  51086  51084  51100  51084  51085  51053  51080  51088  51041  51024  51036  51043  51053  51029  51043  51038  51033  51054
  521.075   515560  1014.97   515997  1015.20  51606  51605  51609  51606  51572  51606  51607  51573  51601  51612  51563  51544  51556  51565  51525  51552  51564  51560  51556  51575
  526.075   520494  1016.95   520995  1017.72  52107  52103  52108  52106  52070  52107  52108  52072  52100  52114  52061  52041  52054  52065  52023  52050  52013  52058  52056  52073
  531.075   525340  1010.37   525882  1011.01  52599  52597  52603  52598  52567  52599  52600  52568  52594  52557  52554  52538  52548  52510  52520  52544  52509  52503  52550  52564
  536.075   530549  1012.89   530990  1013.69  53076  53122  53128  53075  53091  53123  53078  53093  53120  53084  53079  53064  53076  53036  53046  53070  53033  53029  53075  53041
  541.075   535620  1017.72   536108  1018.05  53603  53600  53653  53603  53615  53602  53605  53617  53599  53611  53558  53588  53554  53564  53570  53549  53560  53556  53553  53568
  546.075   540729  1015.91   541232  1018.29  54113  54109  54173  54115  54130  54112  54115  54132  54108  54125  54068  54106  54064  54075  54085  54058  54071  54065  54061  54076
  551.075   545623  1007.21   546063  1007.32  54604  54600  54606  54604  54615  54603  54604  54617  54599  54611  54559  54591  54556  54564  54570  54551  54560  54553  54552  54567
  556.075   550723  1011.14   551162  1009.09  55114  55108  55116  55117  55125  55113  55116  55125  55108  55120  55070  55102  55065  55075  55080  55060  55071  55063  55061  55076
  561.075   555920  1019.73   556364  1018.05  55635  55629  55638  55635  55646  55633  55634  55646  55628  55640  55590  55622  55586  55595  55602  55581  55584  55583  55581  55596
  566.075   560764  1003.79   561270  1006.01  56127  56117  56127  56126  56137  56123  56126  56137  56120  56130  56079  56063  56076  56085  56091  56072  56072  56072  56069  56085
  571.075   565617   993.12   566140   994.06  56615  56603  56614  56612  56626  56609  56612  56628  56605  56616  56563  56549  56560  56572  56578  56559  56558  56556  56553  56569
  576.075   570492   985.40   570969   986.14  57107  57096  57107  57105  57066  57104  57105  57069  57101  57109  57057  57043  57052  57064  57017  57053  57048  57051  57045  57062
  581.075   575704   997.89   576235   999.30  57634  57622  57633  57632  57594  57629  57632  57596  57628  57635  57582  57570  57578  57543  57543  57579  57574  57578  57570  57587
  586.075   580504   989.53   580882   990.77  58070  58106  58118  58066  58078  58115  58066  58080  58113  58070  58067  58057  58064  58026  58027  58064  58009  58061  58056  58073
  591.075   585142   980.60   585717   981.07  58562  58604  58617  58557  58573  58556  58556  58574  58556  58562  58510  58555  58507  58520  58523  58507  58500  58505  58499  58516
  596.075   590379   992.21   590941   992.42  59087  59121  59135  59082  59092  59081  59081  59095  59081  59086  59035  59071  59033  59043  59044  59032  59024  59029  59027  59041
  601.075   595285   993.86   595752   993.66  59580  59562  59576  59574  59583  59572  59571  59584  59572  59578  59525  59561  59524  59534  59535  59524  59515  59520  59515  59532
  606.076   600180   994.63   600650   996.01  60069  60053  60067  60063  60072  60062  60062  60072  60063  60067  60013  60050  60014  60025  60024  60013  60004  60010  60006  60021
  611.075   604991   977.92   605459   977.45  60550  60532  60547  60544  60553  60544  60543  60553  60544  60549  60492  60531  60495  60507  60504  60495  60486  60493  60485  60503
  616.075   609778   974.30   610241   978.76  61028  61010  61025  61022  61032  61024  61022  61031  61021  61026  60972  61008  60974  60986  60982  60972  60965  60972  60964  60983
  621.076   614776   982.55   615287   978.72  61533  61513  61528  61526  61537  61529  61526  61538  61526  61531  61477  61462  61478  61491  61489  61477  61469  61477  61469  61487
  626.075   619712   969.66   620225   969.70  62025  62008  62022  62020  62031  62022  62020  62032  62021  62024  61971  61956  61972  61985  61983  61971  61962  61969  61963  61980
  631.075   624405   965.30   624914   968.32  62505  62486  62499  62498  62459  62502  62498  62460  62502  62505  62451  62434  62452  62413  62412  62452  62442  62448  62443  62458
  636.075   629414   969.53   629924   969.23  63004  62988  63001  63000  62961  63003  62999  62962  63002  63004  62951  62937  62951  62916  62913  62952  62943  62948  62943  62960
  641.075   633967   969.13   634521   968.86  63434  63467  63481  63478  63441  63433  63478  63442  63432  63435  63432  63417  63382  63395  63394  63382  63374  63378  63422  63391
  646.076   638866   976.14   639437   975.64  63933  63975  63988  63927  63942  63933  63931  63942  63932  63934  63880  63920  63883  63896  63894  63881  63873  63878  63871  63890
  651.075   644055   982.52   644613   980.67  64453  64488  64500  64449  64457  64452  64450  64459  64452  64453  64403  64434  64403  64413  64411  64401  64391  64396  64393  64410
  656.075   648987   980.74   649441   980.40  64945  64931  64942  64943  64951  64945  64943  64952  64944  64945  64896  64926  64896  64906  64905  64894  64885  64889  64887  64903
  661.075   654027   988.79   654474   991.95  65449  65433  65446  65445  65454  65450  65447  65454  65447  65449  65400  65430  65398  65411  65410  65398  65389  65393  65391  65407
  666.075   659080   990.44   659525   990.00  65952  65940  65954  65951  65958  65954  65952  65958  65952  65954  65905  65934  65903  65917  65916  65902  65894  65898  65898  65913
  671.076   663909   993.42   664356   993.05  66434  66425  66439  66433  66441  66437  66435  66441  66435  66436  66389  66417  66385  66401  66397  66385  66378  66381  66379  66397
  676.075   668924   993.59   669414   992.58  66938  66929  66944  66938  66947  66943  66942  66948  66942  66943  66897  66875  66890  66907  66903  66892  66884  66887  66885  66904
  681.075   673699   983.49   674278   982.58  67424  67417  67431  67423  67433  67430  67429  67433  67429  67429  67383  67365  67377  67347  67343  67379  67371  67373  67371  67390
  686.075   678555   980.30   679140   979.53  67911  67904  67918  67910  67918  67916  67915  67918  67915  67915  67869  67851  67863  67832  67827  67865  67856  67859  67858  67875
  691.075   683673   987.11   684206   986.91  68432  68427  68441  68430  68391  68436  68434  68392  68389  68434  68388  68374  68384  68355  68350  68340  68376  68378  68379  68349
  696.075   688394   983.69   689005   983.12  68881  68933  68948  68937  68887  68884  68883  68887  68884  68881  68835  68873  68832  68852  68845  68836  68824  68825  68827  68845
  701.075   693528   993.93   694026   994.06  69396  69436  69404  69392  69401  69401  69400  69402  69398  69396  69349  69383  69348  69364  69356  69349  69339  69339  69342  69359
  706.075   698415   986.44   698865   988.29  69884  69877  69893  69879  69890  69889  69891  69891  69887  69884  69836  69871  69838  69855  69847  69836  69828  69826  69831  69847
  711.075   703267   989.09   703708   987.55  70368  70364  70378  70363  70373  70374  70373  70374  70371  70370  70320  70359  70323  70342  70332  70320  70313  70311  70316  70331
  716.075   708348   995.57   708785   994.80  70873  70869  70882  70867  70883  70885  70883  70884  70883  70876  70824  70873  70833  70854  70842  70826  70819  70815  70823  70839
  721.075   713246   987.42   713735   989.26  71368  71367  71378  71364  71377  71378  71376  71378  71377  71372  71322  71314  71327  71348  71335  71322  71314  71312  71318  71334
  726.075   718367   999.36   718914   995.64  71887  71886  71895  71882  71895  71896  71894  71894  71895  71890  71840  71831  71845  71816  71852  71839  71830  71829  71834  71851
  731.075   723246   984.36   723796   986.11  72376  72375  72383  72371  72383  72383  72382  72382  72383  72378  72329  72318  72333  72303  72338  72326  72318  72319  72322  72340
  736.075   728065   981.61   728612   983.26  72857  72857  72864  72854  72866  72864  72863  72864  72864  72859  72811  72800  72815  72785  72820  72808  72800  72801  72803  72822
  741.075   732824   980.81   733373   981.28  73338  73337  73344  73336  73300  73345  73345  73345  73344  73339  73290  73280  73296  73267  73254  73288  73281  73281  73283  73304
  746.075   737798   980.20   738246   980.57  73845  73846  73849  73842  73806  73803  73803  73804  73803  73845  73798  73788  73755  73773  73762  73796  73786  73787  73790  73763
  751.075   742944   990.13   743392   988.76  74363  74317  74368  74361  74326  74323  74323  74325  74323  74363  74316  74308  74275  74292  74282  74268  74304  74306  74308  74285
  756.075   747739   983.89   748239   982.38  74812  74815  74868  74812  74825  74823  74823  74825  74822  74814  74767  74807  74775  74790  74782  74767  74754  74756  74758  74783
  761.075   752604   981.44   753104   981.48  75296  75299  75363  75295  75313  75308  75311  75313  75307  75299  75251  75298  75263  75279  75270  75252  75238  75240  75242  75271
  766.075   757713   991.61   758162   991.61  75810  75810  75817  75809  75822  75821  75822  75821  75819  75811  75765  75806  75771  75788  75780  75763  75751  75754  75756  75779
  771.075   762948  1006.14   763402  1007.68  76334  76334  76341  76333  76345  76346  76345  76346  76343  76335  76289  76329  76296  76310  76303  76287  76275  76278  76280  76301
  776.075   767700   996.85   768199   996.91  76814  76813  76820  76813  76825  76827  76824  76826  76823  76814  76766  76762  76775  76793  76784  76767  76753  76760  76759  76781
  781.075   772455   985.37   773012   985.74  77293  77292  77303  77295  77308  77308  77307  77308  77306  77292  77246  77241  77257  77223  77264  77248  77233  77241  77239  77263
  786.075   777419   987.92   777975   989.80  77791  77788  77801  77790  77804  77803  77802  77804  77802  77790  77744  77738  77752  77720  77758  77745  77731  77737  77736  77758
  791.075   782610   995.47   783214   994.13  78314  78313  78326  78313  78328  78328  78326  78328  78325  78313  78267  78262  78275  78245  78236  78269  78255  78260  78260  78281
  796.075   787824  1000.60   788234  1000.91  78841  78840  78852  78838  78806  78806  78804  78805  78803  78839  78793  78787  78753  78771  78761  78795  78783  78787  78786  78808
  801.075   792669   989.16   793126   989.29  79330  79329  79342  79328  79295  79295  79292  79294  79292  79329  79283  79277  79242  79261  79251  79283  79271  79278  79276  79247
  806.075   797380   991.04   797930   989.46  79810  79808  79822  79807  79775  79776  79773  79776  79775  79808  79762  79759  79724  79741  79732  79715  79751  79710  79756  79730
  811.077   802131   990.97   802588   989.23  80242  80241  80301  80240  80256  80256  80254  80256  80254  80288  80242  80238  80205  80222  80211  80195  80183  80190  80235  80210
  816.075   806902   986.04   807363   986.21  80729  80728  80738  80727  80743  80745  80743  80744  80742  80724  80679  80724  80694  80708  80699  80683  80669  80677  80671  80698
  821.075   812088   985.10   812550   984.43  81247  81246  81256  81245  81262  81265  81263  81264  81261  81241  81194  81246  81212  81230  81218  81203  81184  81196  81187  81218
  826.075   817004   972.68   817475   977.95  81741  81740  81750  81740  81752  81755  81754  81754  81753  81736  81690  81732  81702  81717  81707  81696  81679  81691  81681  81709
  831.075   822115   980.44   822579   980.64  82251  82250  82260  82251  82262  82264  82268  82264  82263  82246  82201  82241  82217  82228  82221  82207  82187  82201  82192  82220
  836.075   826801   978.83   827364   979.26  82728  82727  82737  82728  82742  82743  82750  82743  82743  82723  82679  82672  82697  82657  82701  82685  82663  82679  82669  82699
  841.076   831695   987.38   832282   990.20  83225  83225  83237  83223  83237  83239  83199  83238  83238  83221  83177  83173  83149  83159  83153  83181  83164  83175  83169  83195
  846.075   836645   987.21   837256   988.49  83722  83722  83735  83721  83737  83738  83689  83738  83737  83717  83672  83663  83641  83649  83644  83679  83661  83674  83668  83694
  851.075   841728   986.38   842183   986.17  84235  84235  84249  84235  84198  84198  84204  84199  84198  84232  84186  84177  84156  84165  84160  84190  84175  84183  84182  84154
  856.075   846869   995.47   847373   994.90  84755  84754  84768  84754  84716  84716  84724  84717  84716  84753  84707  84695  84675  84684  84679  84659  84694  84702  84702  84672
  861.076   852014   998.29   852570   998.02  85273  85272  85287  85272  85237  85236  85245  85238  85237  85273  85226  85215  85194  85203  85200  85179  85212  85172  85220  85193
  866.075   856765  1000.70   857270   998.72  85752  85751  85718  85704  85717  85716  85725  85718  85717  85752  85705  85695  85672  85684  85681  85659  85690  85653  85652  85674
  871.075   861656   999.13   862115  1001.14  86203  86204  86218  86203  86215  86214  86224  86215  86215  86204  86157  86193  86170  86182  86179  86158  86143  86152  86151  86171
  876.075   866667  1000.94   867120  1000.54  86704  86704  86718  86704  86714  86716  86726  86715  86714  86705  86658  86694  86672  86684  86680  86659  86643  86654  86652  86671
  881.075   871451   990.84   871904   995.70  87182  87182  87197  87183  87193  87193  87204  87193  87193  87184  87134  87172  87151  87164  87159  87138  87121  87133  87130  87149
  886.075   876402   984.40   876909   982.85  87683  87684  87698  87682  87693  87693  87705  87693  87693  87685  87634  87672  87651  87616  87659  87638  87620  87634  87630  87648
  891.075   881114   971.21   881726   971.31  88170  88171  88186  88170  88179  88180  88140  88179  88179  88172  88119  88108  88085  88102  88095  88125  88108  88121  88117  88134
  896.075   886175   980.47   886780   977.38  88674  88677  88691  88676  88683  88684  88650  88683  88683  88679  88624  88616  88595  88608  88603  88630  88613  88625  88622  88639
  901.075   891404   990.34   892007   988.76  89198  89200  89214  89199  89205  89206  89173  89205  89205  89202  89147  89139  89118  89131  89127  89152  89138  89147  89145  89160
  906.075   896168   980.50   896769   980.74  89674  89676  89690  89676  89682  89681  89649  89680  89682  89679  89622  89617  89595  89609  89603  89629  89614  89623  89620  89636
  911.075   900741   978.26   901304   978.89  90146  90149  90163  90149  90107  90107  90120  90106  90107  90150  90093  90087  90065  90080  90074  90053  90088  90049  90091  90061
  916.075   905470   972.28   905895   971.11  90624  90580  90594  90581  90583  90585  90600  90584  90583  90581  90570  90566  90544  90558  90553  90530  90518  90526  90568  90537
  921.075   910142   967.55   910566   966.17  91053  91052  91066  91052  91054  91056  91073  91055  91053  91052  91042  91039  91016  91030  91026  91001  90989  90998  90992  91009
  926.075   914896   957.35   915371   957.82  91533  91532  91547  91532  91535  91537  91553  91536  91533  91533  91474  91519  91496  91510  91508  91481  91469  91479  91471  91489
  931.075   919607   940.10   920080   940.47  92002  92001  92019  92001  92005  92008  92029  92007  92004  92004  91946  91990  91966  91982  91980  91952  91939  91950  91943  91959
  936.075   924423   941.61   924845   942.18  92483  92482  92501  92482  92486  92490  92462  92489  92485  92485  92428  92471  92447  92463  92461  92434  92421  92432  92423  92443
  941.075   929354   953.22   929918   953.12  92989  92988  93009  92988  92995  93000  92969  92997  92991  92992  92934  92929  92956  92922  92919  92942  92928  92940  92931  92953
  946.075   934130   956.85   934739   958.09  93471  93470  93491  93471  93477  93480  93452  93480  93473  93474  93416  93411  93391  93405  93402  93425  93410  93423  93413  93434
  951.075   938909   958.72   939525   956.85  93951  93950  93968  93950  93954  93960  93929  93959  93951  93953  93895  93886  93867  93882  93881  93902  93889  93902  93891  93914
  956.075   943748   960.64   944351   958.89  94432  94431  94452  94432  94438  94441  94415  94441  94433  94436  94377  94372  94353  94367  94368  94386  94370  94384  94373  94398
  961.075   948419   962.05   949027   961.78  94914  94913  94888  94913  94920  94876  94895  94875  94915  94918  94861  94852  94832  94846  94848  94822  94852  94819  94855  94832
  966.075   953239   962.45   953754   964.03  95394  95395  95371  95393  95356  95359  95376  95357  95398  95355  95343  95333  95314  95328  95329  95304  95335  95303  95336  95314
  971.075   957930   952.52   958348   950.81  95822  95821  95845  95867  95830  95833  95850  95831  95823  95826  95815  95807  95788  95803  95802  95778  95760  95778  95810  95789
  976.075   962656   949.63   963068   949.13  96299  96297  96321  96297  96307  96308  96327  96307  96301  96304  96293  96284  96266  96280  96280  96253  96238  96255  96241  96266
  981.075   967577   955.74   968044   955.47  96797  96794  96819  96794  96805  96806  96823  96805  96799  96802  96742  96780  96762  96777  96776  96750  96736  96753  96737  96764
  986.075   972403   953.42   972865   955.23  97279  97276  97301  97276  97288  97289  97306  97288  97278  97284  97224  97264  97244  97259  97258  97232  97218  97236  97220  97248
  991.075   977217   956.54   977674   959.70  97759  97755  97781  97756  97769  97770  97788  97770  97760  97766  97705  97746  97727  97742  97739  97713  97698  97718  97699  97730
  996.075   982030   961.14   982626   962.31  98258  98255  98282  98256  98269  98270  98240  98270  98262  98264  98207  98198  98179  98195  98191  98212  98197  98219  98200  98232
 1001.075   986903   967.38   987510   968.89  98745  98743  98770  98744  98758  98760  98727  98759  98751  98753  98695  98686  98665  98682  98678  98700  98686  98703  98688  98720
 1006.075   991664   968.59   992317   968.62  99226  99224  99249  99225  99238  99238  99209  99237  99235  99236  99175  99167  99146  99163  99161  99181  99166  99183  99169  99153
 1011.075   996463   963.05   997117   963.02  99711  99708  99734  99711  99676  99722  99695  99720  99719  99721  99661  99653  99631  99648  99645  99665  99650  99620  99653  99637
 1016.075  1001357   966.71  1001822   966.81 100207 100202 100180 100207 100170 100168 100189 100167 100165 100167 100156 100147 100125 100143 100138 100111 100146 100113 100148 100130
 1021.075  1006156   966.28  1006625   966.68 100689 100681 100661 100686 100651 100649 100669 100648 100644 100647 100637 100626 100607 100622 100618 100592 100626 100593 100627 100608
 1026.075  1010905   963.96  1011368   961.17 101125 101165 101144 101121 101137 101134 101154 101131 101127 101130 101073 101111 101092 101108 101102 101075 101062 101078 101111 101093
 1031.076  1015638   957.92  1016106   957.99 101603 101595 101622 101601 101616 101613 101633 101610 101604 101609 101553 101588 101569 101585 101579 101553 101540 101557 101542 101572
 1036.075  1020433   957.12  1020900   957.48 102081 102073 102102 102079 102097 102093 102112 102090 102083 102090 102030 102067 102048 102065 102059 102033 102018 102038 102020 102055
 1041.075  1025190   955.77  1025661   956.21 102562 102554 102583 102561 102576 102574 102544 102571 102563 102573 102510 102548 102529 102497 102541 102512 102498 102519 102500 102536
 1046.075  1029935   951.24  1030453   952.92 103040 103034 103063 103040 103054 103053 103024 103050 103042 103053 102990 103027 103005 102977 102973 102995 102978 102997 102979 103014
 1051.075  1034708   953.26  1035317   954.70 103527 103517 103550 103526 103541 103540 103510 103538 103527 103541 103478 103466 103444 103462 103459 103483 103464 103485 103463 103504
 1056.075  1039461   951.47  1040141   951.81 104009 103996 104034 104008 104024 104025 103990 104021 104009 104025 103959 103945 103923 103940 103936 103967 103946 103968 103941 103936
 1061.075  1044373   958.45  1044947   958.09 104508 104495 104533 104507 104462 104465 104487 104518 104507 104465 104457 104441 104416 104438 104433 104467 104443 104409 104439 104430
 1066.075  1049285   963.12  1049823   963.86 105001 104989 104977 105000 104968 104969 104982 104969 104999 104969 104950 104937 104913 104933 104930 104915 104936 104911 104933 104927
 1071.075  1054088   961.68  1054626   963.99 105480 105469 105458 105479 105450 105450 105462 105451 105476 105451 105428 105418 105395 105413 105410 105396 105415 105393 105413 105407
 1076.075  1058773   963.05  1059263   963.63 105911 105949 105935 105910 105927 105927 105940 105928 105909 105927 105858 105897 105875 105891 105888 105873 105845 105869 105892 105885
 1081.075  1063528   959.13  1064021   960.07 106387 106423 106412 106385 106403 106402 106416 106404 106385 106404 106333 106371 106351 106367 106364 106349 106320 106345 106367 106361
 1086.075  1068391   958.92  1068878   957.55 106876 106866 106902 106874 106895 106892 106907 106896 106874 106896 106823 106863 106844 106857 106856 106840 106809 106836 106809 106854
 1091.075  1073245   959.03  1073732   957.72 107367 107357 107393 107365 107384 107382 107348 107385 107366 107385 107315 107353 107334 107347 107298 107330 107299 107326 107299 107344
 1096.075  1078028   956.34  1078565   956.31 107850 107841 107876 107849 107867 107864 107830 107868 107850 107870 107798 107837 107818 107781 107779 107815 107782 107808 107783 107827
 1101.075  1082866   962.42  1083559   961.04 108350 108339 108376 108350 108366 108364 108328 108367 108350 108369 108298 108287 108267 108279 108275 108314 108281 108307 108281 108277
 1106.076  1087679   968.42  1088332   967.52 108840 108830 108866 108843 108810 108855 108821 108811 108843 108813 108788 108778 108759 108770 108765 108757 108771 108751 108772 108768
 1111.075  1092471   968.12  1093024   968.56 109317 109309 109299 109320 109288 109286 109301 109291 109320 109293 109265 109257 109238 109250 109243 109237 109250 109232 109252 109247
 1116.075  1097602   975.40  1098164   976.27 109831 109822 109815 109836 109800 109800 109814 109805 109835 109806 109781 109769 109749 109764 109757 109749 109764 109743 109766 109760
 1121.075  1102754   984.53  1103261   985.17 110346 110338 110329 110299 110314 110313 110330 110318 110353 110321 110301 110282 110264 110280 110272 110263 110279 110256 110282 110275
 1126.075  1107778   993.56  1108290   992.75 110852 110845 110837 110812 110821 110822 110836 110827 110809 110829 110758 110792 110773 110787 110779 110772 110784 110763 110787 110783
 1131.075  1112910  1000.23  1113418   997.21 111363 111358 111349 111324 111334 111336 111348 111341 111321 111344 111270 111304 111287 111302 111292 111284 111297 111276 111300 111298
 1136.075  1117652   996.31  1118117   994.73 111795 111790 111829 111802 111814 111815 111827 111823 111799 111823 111748 111783 111767 111779 111771 111764 111729 111755 111780 111776
 1141.075  1122517   995.87  1123022   996.48 112281 112272 112322 112290 112304 112306 112324 112318 112286 112319 112236 112277 112262 112274 112266 112257 112213 112246 112217 112269
 1146.075  1127604   995.44  1128124   995.60 112798 112788 112829 112803 112814 112816 112827 112823 112802 112824 112750 112782 112767 112778 112771 112766 112728 112755 112732 112775
 1151.075  1132330   984.30  1132905   986.58 113279 113271 113312 113287 113296 113299 113261 113306 113287 113307 113234 113264 113201 113212 113252 113248 113209 113237 113216 113257
 1156.075  1137361   987.85  1137985   988.42 113796 113790 113829 113805 113813 113816 113779 113776 113805 113776 113753 113733 113718 113730 113721 113766 113726 113754 113734 113726
 1161.075  1142273   982.21  1142941   982.92 114291 114287 114323 114301 114308 114310 114275 114272 114302 114272 114248 114230 114213 114226 114217 114215 114224 114249 114229 114222
 1166.075  1147034   981.27  1147618   983.69 114772 114769 114759 114784 114744 114745 114755 114752 114785 114753 114730 114711 114692 114706 114697 114695 114706 114684 114711 114702
 1171.075  1152166   991.64  1152703   992.68 115293 115289 115277 115255 115261 115262 115272 115270 115255 115269 115201 115227 115209 115223 115216 115212 115226 115201 115232 115219
 1176.076  1157345   994.66  1157884   995.30 115812 115808 115796 115772 115779 115780 115790 115789 115772 115786 115718 115745 115726 115742 115735 115730 115743 115719 115751 115736
 1181.075  1162173   996.21  1162715   995.03 116299 116293 116277 116255 116262 116262 116275 116270 116255 116267 116201 116226 116209 116226 116217 116212 116228 116200 116236 116218
 1186.075  1167138   992.79  1167628   991.51 116741 116786 116775 116752 116760 116761 116771 116767 116752 116763 116698 116725 116706 116722 116714 116710 116721 116700 116728 116714
 1191.075  1171844   984.13  1172377   984.53 117222 117218 117255 117230 117241 117240 117252 117247 117229 117243 117178 117206 117187 117203 117193 117190 117154 117180 117158 117195
 1196.075  1176633   982.52  1177159   982.08 117702 117699 117733 117707 117720 117718 117730 117723 117706 117721 117656 117684 117665 117682 117672 117668 117635 117659 117638 117674
