Test case: 
Description: 
	10 senders: persistent queues
	10 receivers: client acknowledge every 50 messages
Timestamp: 2011.11.1 23:44:56
Version: 
Setting up JMS benchmark connections... 

Start processing messages.
Thu Dec 01 23:44:56 EST 2011

  Seconds   Send   Send/Sec   Recv   Recv/Sec   RCV0   RCV1   RCV2   RCV3   RCV4   RCV5   RCV6   RCV7   RCV8   RCV9  SND10  SND11  SND12  SND13  SND14  SND15  SND16  SND17  SND18  SND19
  ------- -------- -------- -------- -------- ------ ------ ------ ------ ------ ------ ------ ------ ------ ------ ------ ------ ------ ------ ------ ------ ------ ------ ------ ------
    1.018        0     0.00        0     0.00      0      0      0      0      0      0      0      0      0      0      0      0      0      0      0      0      0      0      0      0
    6.018     4396   955.86     4800  1043.49    484    483    484    470    482    483    480    478    472    484    440    444    440    439    438    440    440    438    436    441
   11.018     9307   969.58     9705  1010.94    973    974    974    962    972    974    970    970    962    974    929    931    928    930    930    933    935    929    929    933
   16.019    14145   968.90    14554   996.85   1457   1459   1460   1448   1455   1458   1454   1456   1447   1460   1412   1415   1410   1413   1413   1420   1418   1413   1415   1416
   21.018    19103   974.69    19506   995.20   1953   1954   1954   1943   1951   1954   1950   1951   1942   1954   1907   1912   1907   1909   1909   1914   1914   1908   1912   1911
   26.018    23939   973.17    24349   989.80   2436   2439   2439   2427   2435   2437   2435   2435   2427   2439   2392   2396   2390   2391   2392   2397   2398   2393   2396   2394
   31.018    28784   967.40    29193   982.87   2920   2923   2923   2911   2920   2922   2919   2920   2912   2923   2876   2880   2875   2876   2877   2881   2883   2878   2880   2878
   36.018    33725   967.55    34139   967.82   3414   3418   3418   3406   3415   3416   3414   3414   3406   3418   3369   3374   3370   3370   3371   3375   3376   3372   3376   3372
   41.018    38793   972.21    39211   972.79   3920   3926   3926   3914   3920   3924   3922   3920   3914   3925   3874   3879   3879   3876   3877   3883   3882   3880   3884   3879
   46.018    43868   980.20    44284   980.37   4427   4433   4433   4422   4427   4431   4430   4427   4421   4433   4381   4386   4386   4383   4384   4392   4389   4389   4392   4386
   51.018    48691   981.41    48957   981.74   4924   4881   4881   4869   4924   4928   4877   4923   4869   4881   4879   4883   4883   4881   4879   4840   4886   4837   4840   4883
   56.018    53746   989.33    53944   989.46   5437   5388   5388   5376   5437   5386   5385   5383   5376   5388   5391   5397   5342   5392   5392   5347   5399   5344   5347   5395
   61.019    58484   996.68    58883   996.34   5889   5892   5891   5881   5889   5892   5889   5887   5879   5894   5844   5850   5848   5845   5845   5852   5852   5848   5852   5848
   66.018    63315   992.92    63713   992.38   6373   6375   6373   6365   6372   6375   6373   6370   6360   6377   6327   6334   6331   6327   6328   6335   6335   6331   6336   6331
   71.018    68117   984.03    68514   983.32   6854   6855   6854   6844   6852   6855   6854   6850   6840   6856   6807   6815   6811   6807   6807   6816   6816   6811   6816   6811
   76.018    73145   982.42    73537   981.61   7357   7358   7356   7347   7354   7357   7356   7352   7342   7358   7309   7317   7314   7309   7311   7318   7319   7314   7319   7315
   81.018    78026   982.75    78412   988.42   7843   7846   7844   7835   7841   7843   7844   7840   7830   7846   7797   7806   7802   7797   7798   7807   7806   7803   7807   7803
   86.018    83089   976.11    83479   980.81   8349   8351   8351   8342   8348   8351   8350   8347   8337   8353   8304   8311   8308   8304   8303   8314   8312   8310   8313   8310
   91.018    88200   980.37    88589   980.10   8860   8861   8862   8854   8859   8861   8862   8856   8848   8866   8814   8822   8821   8814   8814   8825   8821   8821   8827   8821
   96.018    93149   985.03    93542   984.87   9355   9355   9356   9353   9354   9355   9361   9350   9343   9360   9308   9317   9316   9309   9309   9322   9315   9314   9324   9315
  101.018    98098   991.04    98490   990.87   9860   9863   9861   9805   9859   9860   9813   9855   9848   9866   9812   9823   9822   9816   9814   9775   9820   9820   9776   9820
  106.018   103122   994.46   103517   994.56  10367  10369  10368  10315  10368  10368  10324  10361  10355  10322  10321  10328  10326  10324  10321  10285  10325  10279  10286  10327
  111.018   107645   993.96   108041   994.30  10804  10807  10806  10802  10805  10805  10810  10800  10792  10810  10758  10766  10764  10761  10759  10771  10764  10765  10773  10764
  116.018   112514   987.42   112912   987.68  11290  11294  11293  11289  11292  11292  11297  11288  11280  11297  11245  11253  11250  11248  11247  11258  11251  11252  11260  11250
  121.018   117524   983.99   117917   984.13  11789  11795  11792  11792  11793  11793  11799  11787  11780  11797  11745  11754  11752  11749  11749  11761  11751  11751  11762  11750
  126.018   122739   992.92   123134   992.99  12313  12318  12313  12311  12315  12315  12319  12310  12301  12319  12268  12277  12274  12272  12271  12280  12273  12272  12281  12271
  131.018   128023  1002.48   128415  1004.16  12841  12847  12841  12839  12843  12842  12847  12838  12829  12848  12796  12804  12803  12801  12799  12808  12801  12800  12811  12800
  136.018   133288  1008.86   133683  1008.79  13368  13374  13369  13365  13369  13369  13373  13366  13357  13373  13322  13332  13329  13328  13326  13334  13327  13327  13335  13328
  141.018   138274  1016.98   138670  1015.20  13866  13874  13867  13864  13868  13868  13872  13865  13855  13871  13821  13831  13827  13828  13824  13834  13823  13825  13835  13826
  146.018   143556  1024.93   143949  1024.73  14393  14403  14395  14392  14395  14396  14400  14393  14383  14399  14348  14359  14355  14356  14352  14361  14354  14354  14363  14354
  151.018   148806  1032.92   149198  1032.88  14918  14927  14920  14917  14920  14920  14925  14917  14909  14925  14873  14885  14881  14880  14877  14885  14879  14879  14888  14879
  156.018   154017  1036.24   154413  1036.38  15447  15459  15452  15399  15452  15451  15408  15449  15440  15456  15405  15416  15412  15410  15408  15367  15409  15411  15369  15410
  161.018   158821  1025.30   159343  1025.57  15953  15905  15960  15895  15960  15959  15904  15957  15948  15902  15912  15862  15858  15856  15915  15863  15915  15858  15864  15918
  166.018   163772  1021.31   164167  1021.34  16457  16419  16413  16408  16414  16413  16417  16410  16401  16415  16368  16375  16372  16371  16369  16377  16419  16372  16378  16371
  171.018   168687  1020.57   169083  1020.57  16904  16916  16909  16907  16910  16908  16915  16904  16897  16913  16864  16871  16868  16869  16865  16876  16865  16869  16874  16866
  176.018   173624  1008.99   174014  1008.89  17397  17410  17402  17400  17403  17401  17408  17398  17390  17405  17356  17364  17362  17364  17359  17369  17358  17364  17369  17359
  181.018   178671  1002.18   179064  1002.21  17900  17917  17905  17907  17911  17904  17916  17900  17893  17911  17859  17871  17866  17869  17862  17877  17860  17871  17876  17860
  186.018   183838   997.08   184229   996.95  18418  18431  18423  18422  18426  18422  18431  18419  18411  18426  18377  18387  18382  18385  18380  18392  18378  18387  18390  18380
  191.018   189037  1007.52   189425  1004.63  18939  18951  18942  18942  18946  18941  18950  18938  18930  18946  18898  18906  18901  18905  18900  18912  18900  18907  18909  18899
  196.018   194197  1012.92   194585  1012.68  19458  19467  19458  19457  19461  19458  19465  19454  19446  19461  19413  19422  19416  19421  19415  19429  19419  19423  19423  19416
  201.018   199384  1009.26   199762  1008.69  19974  19985  19974  19977  19979  19975  19985  19970  19963  19980  19932  19941  19935  19939  19931  19950  19937  19943  19943  19933
  206.018   204438  1018.96   204869  1018.66  20485  20495  20485  20486  20490  20487  20494  20482  20474  20491  20444  20451  20446  20449  20444  20409  20447  20452  20452  20444
  211.018   209545  1024.36   209977  1023.96  21005  21015  21006  20958  21010  21009  20966  21002  20994  21012  20966  20972  20967  20919  20965  20930  20967  20924  20972  20963
  216.018   214580  1026.78   215106  1026.48  21530  21488  21529  21481  21531  21531  21489  21525  21517  21485  21439  21444  21441  21443  21487  21455  21491  21448  21445  21487
  221.019   219530  1023.26   219902  1022.72  21990  21995  21989  21991  21990  21990  22001  21985  21977  21994  21948  21952  21950  21951  21947  21968  21951  21962  21954  21947
  226.019   224463  1015.64   224839  1015.23  22484  22490  22483  22484  22484  22484  22492  22479  22471  22488  22443  22446  22445  22444  22441  22457  22445  22453  22448  22441
  231.018   229692  1017.01   230070  1017.01  23006  23013  23007  23007  23007  23006  23015  23003  22995  23011  22966  22969  22968  22968  22964  22978  22968  22975  22971  22965
  236.018   234636  1011.68   235009  1011.41  23499  23507  23501  23501  23501  23500  23509  23497  23489  23505  23460  23463  23462  23462  23459  23473  23462  23471  23465  23459
  241.018   239897  1012.75   240266  1012.25  24024  24035  24026  24028  24027  24025  24036  24022  24013  24030  23987  23989  23990  23989  23984  23998  23987  23996  23993  23984
  246.018   244816  1007.95   245191  1004.60  24518  24527  24519  24518  24520  24519  24526  24515  24507  24522  24479  24482  24481  24481  24477  24486  24480  24486  24486  24478
  251.018   250140  1015.71   250515  1020.74  25050  25059  25051  25051  25053  25052  25059  25047  25039  25054  25011  25013  25013  25014  25010  25018  25012  25019  25018  25012
  256.018   255408  1021.41   255781  1022.99  25575  25586  25579  25577  25579  25579  25584  25574  25566  25582  25538  25540  25540  25541  25536  25545  25539  25545  25545  25539
  261.018   260536  1020.07   260961  1020.07  26094  26106  26096  26094  26096  26096  26103  26092  26083  26101  26056  26057  26058  26058  26054  26062  26055  26017  26063  26056
  266.019   265252  1016.24   265682  1016.38  26582  26540  26585  26527  26585  26585  26536  26581  26572  26589  26545  26546  26548  26492  26543  26495  26542  26498  26497  26546
  271.018   270264  1012.58   270785  1012.82  27089  27054  27094  27042  27093  27093  27050  27090  27083  27097  27004  27055  27008  27008  27052  27010  27050  27012  27012  27053
  276.018   275160  1016.61   275537  1016.68  27593  27558  27551  27546  27549  27549  27554  27546  27539  27552  27508  27510  27512  27513  27508  27513  27555  27515  27516  27510
  281.018   280434  1014.90   280806  1014.80  28120  28085  28076  28073  28076  28076  28081  28073  28067  28079  28035  28038  28039  28040  28035  28041  28082  28042  28044  28038
  286.018   285342  1004.53   285713  1004.46  28563  28584  28570  28572  28572  28570  28580  28567  28562  28573  28530  28532  28534  28537  28529  28540  28526  28541  28541  28532
  291.018   290444  1003.66   290824  1002.15  29076  29094  29081  29082  29084  29081  29090  29078  29073  29085  29040  29042  29043  29047  29040  29049  29039  29050  29050  29044
  296.018   295622  1019.13   295999  1015.84  29593  29613  29597  29599  29602  29598  29608  29596  29591  29602  29558  29559  29561  29564  29558  29567  29556  29568  29569  29562
  301.018   300810  1018.59   301191  1015.50  30114  30133  30117  30117  30121  30117  30126  30116  30109  30121  30075  30078  30081  30083  30077  30086  30076  30085  30088  30081
  306.018   305708  1018.66   306078  1020.03  30602  30627  30605  30607  30609  30604  30615  30603  30597  30609  30563  30565  30570  30572  30565  30582  30563  30581  30578  30569
  311.018   310493   998.79   310905  1000.17  31090  31067  31092  31094  31096  31091  31102  31091  31085  31097  31052  31054  31060  31059  31053  31021  31051  31020  31065  31058
  316.018   315389   996.48   315801   994.46  31580  31554  31582  31585  31585  31580  31590  31583  31575  31587  31543  31545  31550  31549  31545  31509  31540  31507  31556  31545
  321.018   320251   990.07   320656   989.16  32075  32049  32077  32029  32080  32075  32036  32081  32071  32083  32035  32040  32044  31995  32042  32007  32036  32005  32003  32044
  326.018   325327   986.31   325670   985.17  32582  32553  32585  32534  32586  32584  32541  32537  32577  32591  32543  32549  32552  32502  32553  32515  32544  32511  32508  32550
  331.018   330150   982.99   330582   981.51  33085  33058  33089  33041  33044  33087  33049  33046  33035  33048  33000  33006  33010  33010  33010  33023  33049  33020  33016  33006
  336.018   335120   985.34   335501   984.03  33583  33555  33537  33538  33540  33585  33545  33542  33532  33544  33495  33501  33505  33508  33505  33519  33549  33521  33514  33503
  341.018   340008   990.44   340330   987.42  34025  34048  34031  34030  34033  34029  34038  34035  34025  34036  33990  33996  34001  34001  33999  34012  33993  34013  34008  33995
  346.018   344927   989.56   345257   988.46  34518  34540  34523  34523  34525  34522  34531  34528  34518  34529  34481  34487  34493  34493  34491  34501  34487  34506  34501  34487
  351.019   349710   982.18   350039   984.43  34996  35018  35000  35002  35002  35001  35009  35008  34995  35008  34958  34966  34973  34973  34969  34978  34966  34983  34979  34965
  356.018   354571   973.46   354895   974.40  35480  35504  35485  35488  35489  35486  35494  35493  35481  35495  35444  35452  35459  35459  35456  35464  35451  35468  35467  35451
  361.018   359396   970.13   359714   967.95  35961  35985  35968  35969  35971  35968  35976  35975  35963  35978  35925  35934  35943  35941  35938  35948  35934  35950  35951  35932
  366.018   364243   964.23   364603   963.49  36450  36471  36457  36458  36461  36459  36464  36464  36452  36467  36416  36424  36433  36431  36429  36437  36422  36389  36439  36423
  371.018   368999   964.43   369497   963.52  36939  36962  36946  36949  36948  36947  36955  36952  36943  36956  36904  36914  36924  36871  36919  36878  36914  36878  36884  36913
  376.018   373779   963.39   374134   962.62  37430  37406  37438  37391  37440  37439  37399  37399  37390  37402  37396  37405  37367  37365  37366  37370  37405  37368  37379  37358
  381.018   378645   966.11   378989   964.97  37917  37891  37924  37876  37927  37927  37884  37883  37874  37886  37882  37891  37855  37853  37851  37855  37891  37856  37866  37845
  386.019   383654   972.68   383948   971.68  38423  38397  38430  38381  38385  38385  38389  38387  38379  38392  38339  38397  38360  38360  38356  38362  38397  38361  38371  38351
  391.019   388728   982.68   389014   981.61  38933  38909  38892  38893  38896  38896  38900  38901  38890  38904  38850  38861  38870  38874  38868  38873  38911  38871  38886  38864
  396.018   393477   977.72   393810   978.46  39414  39390  39370  39374  39375  39375  39380  39379  39369  39384  39329  39341  39350  39354  39346  39354  39342  39350  39366  39345
  401.018   398243   976.51   398533   974.36  39841  39867  39846  39851  39852  39852  39857  39857  39849  39861  39806  39818  39827  39830  39823  39832  39819  39825  39843  39820
  406.018   403186   978.59   403473   981.24  40335  40361  40339  40346  40346  40346  40351  40351  40343  40355  40300  40312  40321  40325  40317  40326  40312  40321  40338  40314
  411.018   408180   979.53   408467   979.33  40834  40860  40840  40845  40846  40846  40850  40850  40842  40854  40800  40812  40820  40826  40815  40825  40812  40819  40838  40813
  416.018   413032   977.65   413418   979.03  41328  41355  41334  41340  41340  41340  41346  41346  41338  41351  41294  41306  41315  41273  41309  41321  41307  41312  41286  41309
  421.018   417878   966.48   418265   968.12  41812  41840  41818  41826  41825  41825  41831  41830  41823  41835  41778  41790  41802  41756  41794  41806  41790  41799  41770  41793
  426.018   422572   969.87   423053   969.87  42295  42273  42301  42309  42309  42310  42315  42315  42307  42319  42262  42274  42238  42242  42278  42239  42273  42233  42254  42279
  431.018   427508   977.21   427838   978.59  42799  42776  42803  42761  42812  42813  42769  42770  42762  42773  42765  42777  42742  42745  42733  42744  42776  42736  42756  42734
  436.019   432407   975.97   432737   975.87  43286  43268  43292  43251  43300  43301  43260  43262  43254  43263  43252  43266  43232  43235  43224  43234  43264  43227  43248  43225
  441.018   437046   967.05   437376   966.91  43762  43739  43769  43723  43728  43729  43731  43734  43726  43735  43680  43694  43705  43707  43696  43707  43741  43699  43720  43697
  446.018   441751   960.47   442071   959.97  44234  44213  44197  44197  44203  44203  44207  44208  44200  44209  44154  44170  44180  44182  44170  44183  44170  44175  44196  44171
  451.018   446591   960.37   446911   959.70  44719  44695  44681  44683  44687  44687  44691  44691  44683  44694  44638  44654  44664  44667  44656  44666  44655  44658  44680  44653
  456.018   451391   959.16   451662   960.03  45154  45174  45162  45162  45167  45167  45170  45170  45162  45174  45121  45135  45142  45146  45134  45146  45136  45138  45160  45133
  461.018   456531   963.22   456781   964.43  45663  45688  45672  45675  45676  45676  45684  45684  45675  45688  45631  45647  45659  45661  45648  45661  45646  45653  45679  45646
  466.018   461535   967.72   461846   967.05  46171  46193  46180  46181  46183  46184  46189  46190  46181  46194  46138  46155  46164  46164  46154  46164  46155  46156  46133  46152
  471.019   466269   969.46   466635   969.09  46649  46673  46657  46659  46664  46663  46667  46669  46661  46673  46617  46635  46644  46593  46631  46643  46633  46635  46608  46630
  476.018   470849   968.39   471366   970.17  47121  47146  47130  47132  47137  47134  47140  47144  47136  47146  47089  47108  47067  47065  47104  47066  47106  47059  47081  47104
  481.018   475693   968.36   476029   968.89  47606  47582  47617  47618  47621  47620  47627  47582  47574  47582  47572  47592  47552  47549  47589  47551  47591  47545  47565  47587
  486.018   480457   970.47   480795   971.07  48094  48068  48102  48057  48106  48106  48065  48068  48061  48068  48058  48077  48038  48035  48028  48038  48077  48029  48053  48024
  491.018   485154   958.86   485601   960.43  48576  48548  48583  48537  48587  48587  48546  48549  48540  48548  48489  48506  48517  48514  48508  48517  48558  48509  48533  48503
  496.018   490013   954.03   490362   955.30  49067  49038  49026  49027  49029  49029  49036  49040  49032  49038  48982  48999  49006  49004  48999  49006  48999  49000  49023  48995
  501.018   495182   968.66   495534   968.22  49581  49556  49544  49544  49547  49547  49553  49559  49547  49556  49499  49517  49523  49522  49516  49521  49517  49515  49539  49513
  506.018   500339   985.50   500630   979.97  50043  50072  50055  50058  50061  50061  50070  50076  50063  50071  50011  50032  50039  50040  50031  50038  50028  50031  50061  50028
  511.018   505485   991.68   505788   992.18  50563  50587  50573  50573  50579  50578  50584  50589  50576  50586  50530  50548  50553  50553  50546  50551  50546  50545  50570  50543
  516.019   510587  1001.58   510937  1001.95  51077  51101  51088  51087  51094  51092  51101  51104  51093  51100  51043  51062  51068  51069  51060  51068  51061  51062  51037  51057
  521.018   515808  1016.95   516162  1012.11  51600  51623  51610  51609  51617  51616  51624  51625  51615  51623  51566  51586  51590  51591  51582  51591  51583  51583  51557  51579
  526.018   520749  1017.58   521145  1017.48  52098  52121  52108  52106  52114  52113  52124  52124  52116  52121  52065  52085  52089  52040  52081  52091  52082  52084  52055  52077
  531.018   525543  1010.77   525941  1010.70  52595  52615  52603  52601  52608  52607  52568  52569  52560  52615  52560  52578  52532  52537  52575  52535  52576  52528  52551  52571
  536.018   530744  1013.69   531043  1013.96  53121  53091  53127  53078  53132  53132  53093  53094  53085  53090  53085  53103  53056  53062  53051  53061  53100  53052  53076  53098
  541.018   535912  1017.92   536309  1017.92  53647  53619  53652  53607  53657  53656  53620  53621  53612  53618  53608  53583  53583  53588  53578  53589  53625  53579  53602  53577
  546.019   540976  1017.79   541327  1015.74  54165  54128  54172  54116  54119  54117  54130  54129  54123  54128  54068  54091  54091  54102  54088  54100  54145  54087  54118  54086
  551.018   545819  1005.47   546215  1005.27  54647  54620  54651  54608  54610  54609  54620  54617  54613  54620  54562  54586  54582  54587  54578  54589  54578  54577  54603  54577
  556.018   550920  1009.23   551224  1009.36  55110  55130  55112  55119  55119  55119  55132  55127  55125  55131  55071  55096  55094  55097  55087  55100  55089  55087  55113  55086
  561.018   556132  1020.10   556428  1019.90  55632  55650  55633  55639  55641  55641  55651  55647  55643  55651  55593  55616  55614  55616  55610  55621  55607  55609  55639  55607
  566.018   560995  1008.42   561325  1005.97  56121  56140  56120  56129  56128  56131  56143  56137  56134  56142  56086  56106  56105  56109  56102  56112  56096  56101  56080  56098
  571.018   565861   993.19   566191   992.65  56609  56625  56607  56614  56614  56618  56631  56623  56622  56628  56572  56590  56592  56597  56589  56599  56581  56589  56567  56585
  576.018   570753   987.55   571128   988.36  57104  57120  57100  57109  57107  57111  57124  57117  57113  57123  57067  57086  57085  57039  57085  57092  57075  57082  57062  57080
  581.018   575925  1002.01   576244   999.43  57629  57646  57627  57635  57634  57637  57602  57643  57590  57601  57592  57613  57613  57567  57611  57570  57601  57561  57589  57608
  586.018   580627   991.91   580947   990.67  58114  58083  58113  58071  58119  58122  58085  58079  58075  58086  58077  58098  58047  58051  58047  58054  58087  58046  58075  58045
  591.019   585516   982.05   585899   980.91  58615  58575  58613  58563  58619  58621  58578  58571  58567  58577  58575  58540  58538  58546  58539  58546  58589  58537  58570  58536
  596.018   590692   994.97   591112   993.12  59130  59100  59129  59088  59136  59138  59101  59096  59092  59102  59045  59067  59063  59067  59065  59071  59103  59062  59088  59061
  601.018   595597   994.63   595919   994.30  59619  59590  59619  59578  59577  59578  59592  59587  59585  59594  59534  59557  59554  59559  59557  59561  59592  59554  59578  59551
  606.018   600444   993.09   600727   993.26  60062  60081  60062  60067  60068  60069  60081  60077  60076  60084  60025  60046  60044  60048  60046  60050  60034  60044  60067  60040
  611.018   605249   979.19   605536   981.34  60542  60563  60542  60549  60547  60549  60562  60559  60557  60566  60506  60527  60525  60529  60528  60531  60514  60525  60545  60519
  616.018   610032   977.11   610322   976.11  61021  61041  61022  61028  61026  61028  61040  61037  61036  61043  60985  61007  61003  61007  61005  61008  60993  61004  61022  60998
  621.018   615076   978.32   615360   978.49  61525  61545  61523  61533  61529  61531  61545  61541  61540  61548  61489  61511  61507  61510  61509  61514  61496  61509  61526  61505
  626.018   620018   969.36   620303   969.80  62020  62038  62020  62028  62024  62026  62038  62036  62032  62041  61986  62006  62001  62004  62002  62007  61991  62002  62019  62000
  631.018   624709   965.10   625098   967.21  62500  62519  62500  62508  62501  62504  62517  62516  62512  62521  62464  62485  62482  62433  62481  62486  62470  62482  62447  62479
  636.018   629618   969.16   629861   969.46  63002  63020  63002  62960  63003  63006  62968  62968  62960  62972  62967  62985  62982  62933  62983  62937  62972  62930  62949  62980
  641.018   634265   968.93   634605   969.19  63482  63450  63481  63439  63483  63485  63448  63447  63439  63451  63447  63464  63412  63413  63412  63416  63451  63410  63429  63411
  646.018   639167   975.60   639629   975.13  63989  63950  63989  63938  63989  63992  63947  63947  63938  63950  63895  63913  63914  63910  63910  63916  63958  63909  63930  63912
  651.018   644360   980.97   644792   980.81  64501  64469  64501  64457  64501  64505  64467  64466  64457  64468  64418  64437  64432  64428  64432  64436  64471  64427  64448  64431
  656.018   649283   980.40   649614   980.27  64992  64961  64991  64950  64943  64948  64959  64959  64950  64961  64910  64930  64924  64921  64925  64928  64960  64919  64942  64924
  661.018   654269   990.23   654542   988.09  65444  65464  65444  65455  65444  65450  65462  65462  65453  65464  65417  65434  65427  65425  65428  65431  65412  65422  65445  65428
  666.018   659323   995.17   659601   997.99  65952  65969  65952  65959  65952  65957  65967  65966  65958  65969  65924  65940  65933  65930  65934  65934  65920  65927  65948  65933
  671.018   664152   996.41   664432   994.40  66435  66452  66437  66442  66437  66439  66451  66448  66440  66451  66408  66422  66416  66413  66416  66417  66404  66409  66430  66417
  676.018   669213   993.19   669485   991.88  66939  66960  66942  66949  66941  66943  66958  66954  66943  66956  66914  66928  66922  66918  66921  66925  66909  66916  66936  66924
  681.018   674079   982.82   674362   982.65  67431  67446  67431  67437  67431  67432  67443  67440  67429  67442  67401  67413  67409  67405  67407  67413  67396  67402  67422  67411
  686.018   678895   980.00   679225   976.41  67918  67932  67918  67922  67917  67919  67928  67927  67916  67928  67886  67901  67895  67891  67894  67898  67886  67889  67858  67897
  691.018   683916   987.11   684336   987.35  68439  68451  68437  68396  68437  68440  68447  68402  68437  68450  68406  68421  68370  68366  68414  68372  68406  68409  68381  68371
  696.018   688680   983.12   689133   982.92  68943  68898  68940  68893  68940  68946  68895  68896  68884  68898  68853  68867  68864  68861  68860  68866  68909  68856  68876  68868
  701.018   693823   994.13   694239   993.99  69448  69413  69445  69407  69445  69450  69409  69410  69399  69413  69369  69383  69378  69378  69375  69382  69414  69372  69390  69382
  706.018   698707   988.19   699074   988.26  69936  69901  69932  69898  69933  69891  69898  69898  69886  69901  69858  69870  69865  69868  69862  69870  69902  69860  69881  69871
  711.018   703554   987.52   703832   987.35  70374  70387  70417  70381  70373  70376  70383  70382  70372  70387  70343  70355  70352  70350  70347  70354  70389  70344  70366  70354
  716.018   708570   993.79   708829   993.42  70877  70893  70871  70890  70874  70877  70889  70887  70878  70893  70849  70860  70856  70860  70851  70862  70842  70849  70876  70865
  721.018   713531   988.89   713801   987.15  71377  71388  71371  71384  71373  71376  71384  71384  71376  71388  71346  71357  71353  71353  71348  71357  71343  71346  71369  71359
  726.018   718711  1001.31   718982   996.81  71896  71907  71890  71901  71891  71894  71902  71902  71895  71904  71863  71875  71871  71873  71867  71874  71860  71865  71887  71876
  731.018   723590   984.40   723864   984.46  72385  72395  72378  72389  72379  72381  72391  72391  72383  72392  72352  72364  72359  72360  72358  72361  72347  72352  72373  72364
  736.018   728403   981.48   728681   983.59  72867  72876  72862  72870  72861  72863  72872  72872  72864  72874  72833  72846  72840  72841  72839  72842  72830  72833  72854  72845
  741.018   733067   980.94   733435   982.38  73347  73356  73341  73304  73340  73343  73352  73352  73345  73355  73314  73324  73321  73277  73319  73322  73308  73313  73289  73280
  746.018   738084   982.32   738499   981.14  73853  73862  73849  73809  73846  73850  73858  73859  73850  73863  73773  73830  73829  73785  73825  73828  73815  73819  73796  73784
  751.019   743131   988.46   743447   988.39  74371  74332  74368  74330  74366  74368  74328  74331  74320  74333  74293  74349  74299  74304  74296  74300  74335  74336  74315  74304
  756.018   748019   981.78   748436   981.64  74871  74830  74868  74829  74865  74868  74826  74830  74819  74830  74791  74800  74798  74802  74793  74799  74834  74785  74814  74803
  761.018   752883   981.11   753256   980.50  75306  75314  75361  75318  75357  75360  75308  75315  75303  75314  75276  75285  75283  75290  75278  75284  75324  75270  75302  75291
  766.018   757996   991.41   758219   991.21  75821  75827  75817  75829  75817  75817  75822  75827  75815  75827  75789  75799  75796  75800  75792  75795  75831  75784  75810  75800
  771.018   763189  1007.68   763460  1006.01  76346  76351  76342  76352  76341  76341  76346  76351  76339  76351  76312  76323  76320  76324  76316  76319  76308  76308  76335  76324
  776.018   767987   998.52   768259   997.01  76826  76830  76822  76831  76821  76821  76827  76832  76819  76830  76793  76802  76800  76804  76794  76798  76789  76788  76815  76804
  781.018   772789   988.69   773064   990.60  77307  77309  77302  77314  77303  77303  77306  77314  77298  77308  77274  77281  77279  77284  77273  77278  77269  77267  77297  77287
  786.018   777750   984.83   778035   985.23  77806  77807  77799  77808  77800  77800  77802  77811  77795  77807  77771  77778  77775  77779  77771  77774  77765  77763  77792  77782
  791.018   782988   995.54   783272   995.77  78330  78330  78323  78331  78324  78324  78327  78334  78319  78330  78293  78302  78299  78304  78295  78297  78290  78287  78316  78305
  796.018   788107   998.93   788486  1000.91  78856  78857  78850  78809  78850  78850  78853  78860  78845  78856  78820  78828  78826  78782  78820  78824  78817  78813  78794  78783
  801.018   793000   988.76   793330   988.99  79346  79347  79339  79298  79339  79339  79342  79299  79335  79346  79309  79317  79317  79270  79310  79313  79307  79302  79284  79271
  806.018   797708   989.13   798130   989.23  79825  79827  79818  79780  79819  79819  79821  79781  79815  79825  79741  79797  79749  79752  79790  79793  79786  79782  79765  79753
  811.018   802323   989.43   802697   989.50  80258  80259  80300  80261  80301  80300  80252  80261  80247  80258  80222  80230  80229  80233  80222  80226  80266  80214  80246  80235
  816.018   807190   986.28   807510   985.81  80745  80743  80786  80750  80739  80786  80738  80748  80733  80742  80709  80717  80716  80720  80708  80712  80752  80699  80733  80724
  821.018   812324   984.43   812590   983.83  81263  81260  81252  81269  81258  81253  81256  81268  81251  81260  81230  81235  81236  81240  81224  81230  81216  81216  81253  81244
  826.018   817257   973.19   817536   973.19  81757  81755  81749  81760  81752  81748  81751  81763  81746  81755  81724  81729  81729  81732  81717  81724  81713  81710  81745  81734
  831.018   822359   979.03   822643   980.57  82268  82266  82260  82269  82262  82261  82262  82273  82256  82266  82234  82240  82239  82245  82226  82235  82223  82219  82254  82244
  836.018   827142   979.26   827416   979.40  82746  82743  82738  82749  82738  82738  82738  82751  82733  82742  82713  82717  82718  82724  82703  82713  82701  82696  82734  82723
  841.018   832065   988.59   832394   990.20  83241  83242  83237  83245  83236  83237  83237  83247  83231  83241  83209  83214  83214  83173  83201  83211  83199  83196  83229  83219
  846.018   837029   988.52   837308   989.19  83739  83739  83731  83690  83730  83730  83735  83747  83728  83739  83707  83710  83711  83664  83696  83709  83692  83694  83728  83718
  851.018   842066   988.15   842414   987.62  84253  84253  84249  84207  84249  84249  84249  84209  84243  84253  84220  84225  84222  84180  84214  84221  84208  84208  84190  84178
  856.018   847206   994.97   847610   995.81  84772  84772  84768  84727  84770  84770  84768  84728  84763  84772  84689  84745  84742  84698  84734  84741  84728  84727  84706  84696
  861.018   852213   998.39   852706   998.69  85290  85290  85289  85246  85289  85289  85239  85249  85235  85290  85209  85214  85214  85221  85255  85212  85248  85198  85227  85215
  866.018   856966   999.19   857218  1000.03  85721  85721  85720  85726  85721  85721  85720  85731  85716  85721  85688  85696  85694  85698  85686  85692  85728  85679  85709  85696
  871.018   861956  1001.51   862208  1000.50  86221  86219  86220  86224  86221  86221  86218  86228  86215  86221  86188  86195  86193  86196  86187  86191  86228  86179  86206  86193
  876.018   866913  1001.17   867219  1003.72  86722  86720  86721  86725  86722  86722  86719  86729  86717  86722  86687  86695  86694  86698  86687  86691  86682  86680  86706  86693
  881.018   871694   992.58   872002   991.24  87200  87197  87199  87204  87201  87201  87197  87207  87196  87200  87166  87174  87172  87178  87165  87169  87158  87157  87184  87171
  886.018   876699   984.73   877009   981.61  87702  87699  87700  87703  87702  87702  87698  87707  87696  87700  87668  87676  87673  87678  87664  87670  87659  87657  87684  87670
  891.019   881567   974.36   881878   968.26  88189  88187  88186  88190  88189  88187  88186  88193  88183  88188  88154  88162  88159  88165  88150  88155  88148  88143  88174  88157
  896.018   886569   980.50   886934   981.07  88694  88693  88692  88696  88694  88693  88691  88697  88690  88694  88658  88669  88663  88621  88656  88660  88654  88647  88679  88662
  901.018   891747   988.56   892112   989.16  89217  89215  89215  89169  89217  89217  89213  89219  89212  89218  89180  89192  89186  89143  89178  89184  89176  89170  89155  89183
  906.018   896514   980.67   896827   980.91  89694  89691  89691  89647  89693  89693  89689  89694  89641  89694  89657  89668  89662  89621  89654  89660  89654  89646  89633  89659
  911.018   901049   978.93   901411   979.16  90121  90164  90163  90118  90165  90165  90162  90120  90112  90121  90082  90094  90088  90094  90125  90133  90125  90118  90105  90085
  916.018   905738   971.28   905952   971.24  90599  90594  90595  90595  90596  90596  90593  90597  90589  90598  90559  90571  90566  90574  90605  90564  90604  90550  90583  90562
  921.018   910415   966.44   910675   966.37  91071  91069  91069  91066  91069  91069  91065  91068  91060  91069  91031  91042  91037  91046  91032  91036  91077  91025  91055  91034
  926.018   915171   958.19   915482   957.99  91551  91550  91550  91547  91550  91550  91546  91548  91540  91550  91512  91522  91517  91526  91512  91517  91508  91506  91536  91515
  931.018   919875   940.74   920180   941.88  92023  92019  92019  92016  92019  92019  92016  92019  92011  92019  91981  91992  91987  91995  91982  91989  91980  91976  92007  91986
  936.019   924687   942.11   924995   943.59  92505  92500  92500  92499  92500  92499  92498  92500  92494  92500  92463  92474  92468  92475  92461  92473  92459  92458  92488  92468
  941.018   929760   956.51   930062   956.11  93012  93007  93006  93006  93007  93005  93005  93006  93001  93007  92970  92981  92976  92982  92968  92979  92966  92965  92996  92977
  946.018   934575   954.70   934886   956.08  93495  93489  93488  93487  93490  93488  93487  93489  93484  93489  93452  93463  93458  93463  93448  93460  93449  93447  93476  93459
  951.019   939269   958.26   939676   956.44  93973  93968  93968  93966  93969  93968  93966  93968  93962  93968  93931  93942  93936  93894  93928  93936  93928  93926  93909  93939
  956.018   944100   958.69   944452   958.56  94456  94449  94449  94405  94451  94449  94448  94450  94446  94449  94412  94423  94419  94381  94409  94419  94412  94407  94396  94422
  961.018   948868   961.74   949173   961.64  94891  94930  94930  94884  94933  94930  94932  94932  94881  94930  94894  94905  94901  94861  94893  94902  94892  94889  94875  94856
  966.018   953598   962.52   953901   962.42  95375  95411  95411  95366  95415  95411  95369  95369  95363  95411  95375  95388  95338  95342  95376  95339  95374  95372  95357  95337
  971.018   958134   950.57   958398   950.87  95849  95838  95838  95840  95841  95838  95840  95840  95836  95838  95801  95814  95809  95813  95804  95810  95847  95796  95830  95810
  976.018   962911   949.33   963171   949.16  96326  96315  96314  96318  96320  96315  96318  96317  96313  96315  96277  96294  96288  96292  96281  96287  96326  96272  96307  96287
  981.018   967835   955.47   968143   955.30  96824  96811  96811  96816  96817  96811  96816  96815  96811  96811  96773  96793  96785  96790  96776  96785  96776  96767  96805  96785
  986.018   972662   955.20   972965   955.17  97306  97292  97292  97300  97301  97294  97297  97297  97294  97292  97255  97276  97267  97277  97257  97266  97258  97249  97289  97268
  991.018   977468   956.44   977775   954.90  97786  97773  97772  97782  97782  97774  97779  97779  97775  97773  97734  97758  97749  97756  97738  97748  97739  97729  97770  97747
  996.019   982466   958.83   982774   958.96  98287  98272  98272  98283  98281  98275  98278  98278  98275  98273  98235  98256  98247  98258  98237  98247  98239  98230  98272  98245
 1001.018   987296   970.50   987658   972.15  98775  98760  98760  98771  98770  98762  98766  98767  98766  98761  98722  98745  98736  98744  98724  98736  98728  98717  98709  98735
 1006.018   992065   967.05   992426   967.21  99254  99241  99241  99205  99253  99245  99249  99250  99246  99242  99203  99228  99219  99176  99206  99219  99210  99198  99190  99216
 1011.018   996912   963.19   997218   963.12  99737  99726  99725  99689  99736  99730  99733  99733  99683  99726  99689  99711  99704  99661  99691  99702  99696  99683  99675  99700
 1016.018  1001668   966.78  1001977   966.98 100184 100221 100221 100183 100183 100226 100180 100180 100178 100221 100185 100158 100151 100155 100186 100149 100190 100178 100169 100147
 1021.018  1006468   966.74  1006736   967.05 100664 100702 100703 100662 100664 100658 100661 100661 100659 100702 100664 100639 100632 100634 100665 100629 100672 100657 100649 100627
 1026.018  1011211   961.27  1011431   961.68 101147 101139 101139 101148 101146 101140 101145 101145 101143 101139 101098 101122 101117 101120 101148 101112 101107 101142 101135 101110
 1031.018  1015897   958.15  1016224   956.95 101625 101619 101619 101627 101625 101619 101624 101624 101623 101619 101578 101599 101596 101597 101579 101592 101587 101571 101612 101586
 1036.018  1020682   956.95  1021015   956.01 102105 102095 102096 102108 102105 102097 102105 102104 102103 102097 102055 102078 102075 102078 102057 102070 102064 102048 102093 102064
 1041.018  1025488   953.99  1025818   954.80 102584 102577 102578 102589 102584 102576 102587 102585 102582 102576 102537 102557 102556 102557 102537 102549 102546 102530 102574 102545
 1046.018  1030278   955.40  1030617   951.68 103067 103058 103058 103067 103064 103057 103066 103064 103060 103056 103016 103036 103036 103034 103017 103029 103026 103009 103051 103024
 1051.018  1035093   952.55  1035433   953.29 103552 103544 103545 103508 103550 103544 103553 103550 103547 103540 103503 103522 103523 103522 103502 103514 103513 103493 103492 103509
 1056.018  1039856   951.17  1040250   951.88 104034 104024 104027 103987 104030 104025 104038 104034 104030 104021 103983 104006 104008 103952 103980 103997 103995 103971 103971 103993
 1061.018  1044775   957.48  1045107   955.74 104533 104522 104525 104482 104528 104522 104476 104532 104468 104519 104484 104505 104446 104444 104479 104496 104494 104469 104465 104493
 1066.019  1049722   962.75  1049971   963.26 104972 105016 105018 104978 105019 105017 104983 104983 104974 105011 104977 104995 104952 104947 104971 104985 104987 104963 104962 104983
 1071.018  1054287   963.19  1054680   963.69 105453 105495 105450 105460 105451 105494 105466 105465 105455 105491 105409 105427 105434 105430 105451 105417 105419 105443 105442 105415
 1076.018  1059067   962.85  1059318   963.12 105932 105925 105928 105938 105929 105924 105946 105942 105932 105922 105887 105906 105910 105907 105930 105894 105896 105923 105919 105895
 1081.018  1063773   959.26  1064077   956.44 106407 106401 106404 106414 106405 106401 106421 106418 106409 106397 106363 106381 106386 106383 106405 106369 106372 106351 106394 106369
 1086.018  1068629   960.40  1068986   957.45 106897 106890 106893 106907 106895 106890 106914 106911 106902 106887 106852 106872 106877 106875 106848 106858 106861 106841 106887 106858
 1091.018  1073534   960.13  1073883   959.06 107387 107379 107384 107396 107385 107381 107403 107400 107391 107377 107343 107362 107365 107365 107339 107350 107352 107332 107376 107350
 1096.018  1078367   956.34  1078625   958.29 107870 107862 107868 107832 107870 107865 107840 107883 107875 107860 107827 107845 107847 107848 107824 107833 107836 107815 107860 107832
 1101.018  1083265   962.58  1083572   962.99 108371 108363 108369 108330 108371 108366 108338 108333 108373 108358 108327 108346 108346 108298 108322 108334 108336 108314 108310 108332
 1106.018  1088117   966.98  1088439   969.33 108861 108855 108862 108821 108863 108855 108829 108826 108817 108850 108815 108837 108790 108789 108811 108824 108824 108802 108803 108822
 1111.018  1092897   969.43  1093220   968.49 109338 109334 109338 109301 109339 109334 109308 109305 109295 109328 109293 109313 109268 109269 109289 109300 109302 109281 109283 109299
 1116.018  1098042   975.64  1098365   976.11 109853 109847 109853 109814 109856 109850 109823 109819 109808 109842 109809 109828 109782 109782 109804 109814 109818 109796 109795 109814
 1121.019  1103145   982.15  1103417   983.42 110371 110362 110316 110330 110318 110366 110339 110334 110323 110358 110326 110346 110294 110297 110320 110329 110335 110312 110309 110277
 1126.018  1108075   992.15  1108355   996.04 110828 110823 110829 110837 110830 110822 110845 110843 110833 110865 110782 110803 110804 110806 110826 110835 110792 110817 110819 110791
 1131.018  1113147   998.02  1113434   997.35 111341 111336 111341 111349 111342 111334 111357 111357 111346 111331 111293 111313 111318 111320 111338 111301 111303 111329 111330 111302
 1136.018  1117884   994.13  1118221   993.12 111819 111814 111818 111828 111820 111813 111835 111837 111828 111809 111772 111791 111797 111798 111770 111779 111782 111807 111808 111780
 1141.018  1122710   994.43  1123113   994.90 112308 112300 112302 112320 112308 112300 112327 112332 112323 112293 112259 112276 112287 112291 112254 112264 112268 112242 112302 112267
 1146.018  1127845   995.27  1128228   995.64 112821 112816 112818 112827 112820 112816 112835 112837 112829 112809 112775 112791 112797 112797 112770 112781 112784 112760 112808 112782
 1151.018  1132660   983.89  1132953   984.60 113305 113296 113301 113309 113304 113297 113317 113271 113263 113290 113256 113271 113278 113279 113253 113262 113264 113241 113290 113266
 1156.018  1137775   991.81  1138033   991.07 113823 113813 113819 113778 113820 113814 113786 113790 113782 113808 113773 113787 113795 113746 113770 113778 113781 113758 113806 113781
 1161.018  1142687   981.07  1142991   986.85 114318 114308 114314 114276 114316 114308 114283 114286 114277 114305 114268 114283 114290 114243 114267 114273 114276 114255 114254 114278
 1166.018  1147447   982.68  1147797   983.09 114799 114789 114795 114757 114794 114788 114764 114766 114758 114787 114748 114763 114725 114723 114750 114753 114757 114734 114735 114759
 1171.018  1152634   994.19  1152991   992.58 115319 115310 115316 115273 115315 115309 115280 115285 115277 115307 115266 115283 115243 115240 115268 115273 115277 115252 115253 115279
 1176.018  1157771   994.19  1158067   994.63 115785 115829 115783 115790 115831 115828 115798 115802 115795 115826 115785 115802 115762 115758 115786 115791 115796 115772 115773 115746
 1181.018  1162559   994.33  1162798   997.85 116268 116261 116267 116271 116263 116315 116279 116285 116278 116311 116271 116289 116243 116239 116272 116277 116229 116256 116254 116229
 1186.018  1167368   989.83  1167665   991.17 116767 116759 116763 116770 116760 116758 116777 116781 116775 116755 116715 116733 116741 116738 116766 116720 116725 116752 116752 116726
 1191.018  1172075   982.89  1172462   982.42 117244 117239 117243 117250 117239 117238 117258 117261 117255 117235 117195 117213 117222 117220 117198 117199 117205 117184 117234 117205
 1196.018  1176874   982.89  1177251   982.35 117724 117719 117721 117727 117719 117718 117735 117739 117733 117716 117675 117694 117701 117698 117679 117679 117685 117665 117712 117686
