Test case: 
Description: 
	10 senders: persistent queues
	10 receivers: client acknowledge every 50 messages
Timestamp: 2011.11.1 19:37:2
Version: 
Setting up JMS benchmark connections... 

Start processing messages.
Thu Dec 01 19:37:02 EST 2011

  Seconds   Send   Send/Sec   Recv   Recv/Sec   RCV0   RCV1   RCV2   RCV3   RCV4   RCV5   RCV6   RCV7   RCV8   RCV9  SND10  SND11  SND12  SND13  SND14  SND15  SND16  SND17  SND18  SND19
  ------- -------- -------- -------- -------- ------ ------ ------ ------ ------ ------ ------ ------ ------ ------ ------ ------ ------ ------ ------ ------ ------ ------ ------ ------
    1.208        0     0.00        0     0.00      0      0      0      0      0      0      0      0      0      0      0      0      0      0      0      0      0      0      0      0
    6.208     1150   249.95     1150   249.95    115    115    115    115    115    115    115    115    115    115    115    115    115    118    116    115    115    111    114    116
   11.208     2723   265.10     2706   262.19    272    273    273    273    251    273    272    273    273    273    273    272    271    275    275    272    272    266    273    274
   16.208     4339   295.75     4350   297.95    435    435    435    434    436    435    435    435    435    435    431    432    429    435    436    430    431    449    432    434
   21.208     7376   373.78     7514   357.50    750    751    750    752    755    752    750    751    752    751    732    739    728    749    753    732    743    720    734    746
   26.208    14244   571.06    14600   559.80   1459   1473   1460   1471   1394   1471   1459   1473   1467   1473   1418   1427   1417   1441   1454   1414   1420   1394   1411   1448
   31.208    23154   776.22    23172   767.84   2351   2277   2351   2363   2288   2277   2351   2278   2359   2277   2310   2319   2307   2328   2347   2306   2314   2286   2301   2336
   36.208    32376  1035.67    32208  1033.25   3271   3198   3272   3197   3207   3198   3272   3198   3195   3200   3235   3243   3228   3251   3268   3233   3241   3205   3222   3250
   41.208    41519  1289.13    41410  1290.84   4187   4119   4187   4120   4130   4120   4187   4119   4118   4123   4149   4159   4142   4163   4181   4147   4157   4118   4142   4161
   46.208    49887  1510.23    49734  1511.98   5034   4945   5035   4945   4959   4945   5035   4945   4942   4949   4983   5001   4970   5004   5024   4982   4995   4942   4975   5011
   51.208    57697  1675.79    57399  1674.05   5732   5742   5732   5742   5750   5742   5732   5743   5740   5744   5770   5778   5754   5781   5797   5766   5778   5734   5758   5781
   56.208    65700  1705.81    65397  1704.60   6531   6542   6533   6541   6550   6543   6532   6543   6539   6543   6571   6584   6551   6580   6602   6567   6581   6530   6556   6578
   61.208    73615  1674.57    73481  1688.16   7336   7352   7341   7349   7360   7352   7339   7352   7348   7352   7374   7390   7355   7388   7330   7377   7390   7340   7362   7309
   66.208    81350  1622.79    81191  1643.72   8105   8124   8110   8117   8138   8124   8109   8123   8117   8124   8154   8162   8128   8159   8103   8154   8162   8116   8133   8079
   71.208    88928  1572.50    88854  1589.44   8875   8890   8877   8883   8900   8890   8877   8889   8883   8890   8918   8931   8891   8844   8873   8920   8931   8879   8893   8848
   76.208    96790  1558.96    96824  1577.65   9673   9687   9673   9681   9699   9686   9674   9686   9678   9687   9709   9648   9685   9640   9668   9712   9721   9675   9690   9642
   81.208   104819  1568.76   104929  1592.48  10484  10498  10485  10492  10510  10495  10484  10495  10488  10498  10521  10460  10497  10450  10480  10521  10448  10485  10501  10456
   86.208   112987  1573.99   113103  1593.12  11301  11315  11303  11308  11332  11312  11301  11312  11304  11315  11335  11278  11315  11269  11294  11337  11263  11303  11319  11274
   91.208   120510  1567.52   120926  1576.31  12082  12098  12085  12089  12116  12094  12082  12096  12086  12098  12032  12051  12101  12042  12070  12034  12036  12085  12013  12046
   96.208   128286  1572.42   128732  1577.08  12865  12878  12866  12871  12894  12874  12864  12874  12868  12878  12822  12837  12804  12832  12854  12823  12821  12862  12801  12830
  101.209   136267  1585.97   136627  1579.80  13663  13674  13664  13668  13614  13671  13662  13671  13666  13674  13620  13637  13602  13628  13651  13621  13616  13663  13600  13629
  106.208   144215  1591.44   144640  1582.58  14465  14475  14466  14469  14418  14471  14463  14471  14466  14476  14425  14437  14407  14429  14450  14428  14417  14389  14404  14429
  111.208   152117  1584.09   152588  1573.09  15260  15272  15262  15265  15203  15267  15258  15267  15262  15272  15212  15232  15200  15220  15243  15218  15209  15172  15190  15221
  116.208   159739  1563.84   160213  1557.20  16022  16037  16022  16027  15968  16031  16018  16029  16022  16037  15978  15993  15963  15981  16001  15983  15969  15939  15954  15978
  121.208   167780  1581.17   168075  1564.80  16824  16760  16824  16828  16774  16832  16820  16829  16824  16760  16779  16795  16768  16781  16808  16789  16775  16745  16759  16781
  126.208   175778  1586.21   176012  1571.41  17625  17560  17625  17629  17575  17559  17620  17631  17627  17561  17581  17595  17574  17580  17608  17588  17572  17544  17561  17575
  131.208   183782  1584.28   183788  1575.02  18426  18359  18426  18353  18375  18359  18423  18354  18352  18361  18384  18395  18373  18379  18411  18386  18371  18346  18363  18374
  136.208   191545  1576.71   191449  1565.27  19119  19133  19201  19126  19150  19133  19201  19127  19124  19135  19157  19169  19146  19159  19188  19161  19147  19129  19140  19149
  141.208   199369  1572.99   199177  1563.39  19910  19921  19911  19915  19935  19922  19911  19916  19913  19923  19937  19953  19931  19938  19969  19944  19928  19916  19923  19930
  146.209   207266  1576.71   207168  1575.67  20709  20720  20710  20715  20732  20721  20709  20715  20712  20725  20738  20750  20730  20730  20691  20741  20729  20713  20717  20727
  151.208   215224  1573.96   215204  1581.51  21512  21524  21512  21519  21536  21524  21512  21519  21515  21531  21539  21553  21530  21535  21495  21544  21528  21517  21524  21459
  156.208   223078  1565.70   223103  1580.23  22300  22316  22300  22310  22330  22316  22300  22308  22302  22321  22335  22260  22326  22333  22283  22337  22326  22308  22320  22250
  161.208   230743  1557.89   230815  1578.09  23073  23087  23073  23082  23096  23087  23073  23079  23075  23090  23095  23034  23093  23095  23057  23101  23089  23071  23081  23027
  166.208   238739  1565.91   238834  1587.48  23877  23888  23877  23884  23895  23888  23877  23881  23877  23890  23891  23835  23894  23891  23856  23901  23891  23875  23879  23826
  171.208   246722  1574.09   246893  1598.62  24682  24695  24683  24689  24700  24695  24683  24687  24683  24696  24697  24645  24698  24620  24661  24707  24698  24678  24682  24636
  176.208   254674  1578.07   254924  1591.70  25484  25498  25484  25492  25504  25498  25487  25492  25485  25500  25502  25448  25501  25420  25467  25505  25426  25480  25485  25440
  181.208   262044  1566.16   262521  1572.64  26244  26255  26246  26251  26264  26256  26248  26251  26246  26260  26186  26207  26257  26180  26227  26266  26188  26237  26170  26202
  186.208   269550  1556.91   270089  1561.54  27000  27012  27003  27009  27021  27012  27003  27009  27001  27019  26947  26967  26941  26935  26980  26951  26944  26996  26928  26961
  191.208   277131  1554.06   277674  1549.33  27758  27771  27761  27768  27780  27771  27761  27767  27758  27779  27703  27721  27696  27696  27737  27712  27705  27755  27688  27718
  196.208   284693  1537.01   285307  1533.79  28521  28534  28524  28531  28544  28534  28524  28531  28521  28543  28470  28483  28458  28460  28499  28479  28467  28439  28455  28483
  201.208   292545  1532.32   293027  1527.45  29310  29320  29311  29318  29253  29322  29310  29319  29310  29254  29252  29270  29242  29245  29289  29265  29254  29223  29237  29268
  206.208   300311  1526.21   300799  1518.76  30086  30098  30088  30094  30031  30100  30086  30098  30086  30032  30032  30042  30016  30016  30070  30041  30031  30000  30018  30045
  211.208   307927  1532.01   308345  1519.93  30850  30857  30850  30854  30794  30787  30850  30858  30850  30795  30795  30804  30777  30779  30832  30802  30794  30761  30775  30808
  216.208   315542  1538.39   315817  1522.08  31612  31544  31612  31616  31557  31550  31611  31545  31612  31558  31556  31568  31536  31539  31593  31565  31559  31526  31534  31566
  221.208   323341  1540.52   323530  1528.51  32391  32322  32392  32320  32335  32328  32391  32323  32392  32336  32331  32345  32317  32316  32378  32345  32337  32307  32315  32350
  226.208   331060  1545.34   331012  1533.72  33094  33101  33095  33099  33113  33106  33094  33101  33095  33114  33107  33125  33094  33096  33081  33129  33116  33086  33098  33128
  231.208   338637  1533.94   338667  1531.60  33859  33867  33860  33863  33880  33872  33859  33867  33859  33881  33873  33892  33859  33860  33844  33896  33880  33851  33866  33816
  236.208   346230  1525.07   346245  1525.03  34616  34625  34617  34621  34638  34630  34618  34625  34616  34639  34633  34656  34620  34619  34600  34653  34640  34610  34625  34574
  241.208   354119  1531.44   354145  1536.91  35406  35413  35406  35412  35430  35420  35408  35413  35406  35431  35423  35447  35411  35410  35393  35441  35428  35400  35408  35358
  246.208   361815  1532.47   361888  1546.06  36178  36187  36178  36187  36200  36196  36187  36187  36187  36201  36189  36216  36180  36177  36173  36212  36196  36167  36178  36127
  251.209   369363  1526.44   369504  1542.75  36939  36949  36940  36949  36961  36957  36949  36949  36949  36962  36949  36898  36942  36937  36935  36977  36960  36932  36942  36891
  256.208   377019  1524.09   377151  1542.99  37702  37713  37703  37714  37727  37723  37714  37713  37714  37728  37717  37666  37706  37703  37698  37740  37724  37697  37711  37657
  261.208   384594  1531.78   384979  1546.07  38487  38495  38487  38496  38507  38506  38498  38496  38498  38509  38493  38445  38487  38487  38480  38445  38427  38478  38415  38437
  266.208   392344  1539.75   392804  1549.25  39268  39277  39268  39279  39290  39291  39281  39277  39281  39292  39271  39230  39270  39192  39260  39228  39212  39261  39199  39221
  271.208   399971  1528.49   400435  1532.62  40033  40039  40033  40042  40053  40053  40046  40039  40044  40053  40035  39990  40033  39954  40030  39990  39970  40025  39958  39986
  276.208   407364  1523.39   407972  1526.07  40785  40793  40785  40797  40807  40807  40800  40793  40798  40807  40715  40739  40713  40708  40784  40747  40725  40780  40711  40742
  281.208   415066  1528.61   415738  1531.06  41559  41568  41559  41576  41586  41586  41576  41568  41574  41586  41491  41519  41493  41483  41561  41528  41502  41481  41491  41517
  286.209   422917  1534.90   423586  1532.38  42344  42352  42345  42361  42370  42371  42361  42352  42360  42370  42274  42304  42283  42267  42349  42309  42287  42266  42271  42307
  291.208   430537  1536.74   430976  1526.04  43106  43114  43106  43125  43054  43057  43123  43114  43120  43057  43036  43064  43046  43031  43109  43074  43048  43027  43036  43066
  296.208   438164  1532.50   438539  1519.35  43871  43879  43870  43813  43817  43819  43889  43879  43883  43819  43797  43831  43811  43796  43871  43836  43810  43788  43798  43826
  301.208   445893  1535.87   446277  1525.81  44651  44659  44651  44597  44600  44601  44595  44658  44664  44601  44578  44610  44592  44575  44578  44618  44590  44566  44581  44605
  306.209   453729  1550.69   454052  1536.02  45436  45444  45436  45381  45387  45387  45380  45443  45372  45386  45362  45395  45377  45359  45362  45400  45371  45354  45362  45387
  311.208   461318  1546.88   461507  1530.70  46196  46129  46197  46142  46148  46147  46141  46127  46133  46147  46123  46158  46133  46118  46122  46158  46132  46110  46116  46148
  316.208   468885  1535.05   469075  1521.56  46952  46886  46952  46900  46904  46904  46899  46884  46891  46903  46882  46915  46889  46877  46879  46912  46887  46866  46874  46904
  321.208   476553  1531.24   476665  1533.19  47651  47659  47651  47674  47680  47680  47673  47656  47664  47677  47658  47687  47661  47650  47655  47685  47668  47642  47646  47601
  326.208   484328  1536.11   484452  1540.70  48429  48438  48431  48452  48458  48458  48452  48435  48443  48456  48436  48465  48439  48429  48435  48460  48447  48421  48422  48374
  331.208   491950  1527.32   492062  1536.41  49189  49198  49190  49215  49221  49219  49215  49195  49202  49218  49199  49226  49202  49192  49197  49223  49208  49186  49185  49132
  336.208   499478  1517.03   499665  1530.69  49949  49956  49950  49976  49981  49981  49976  49954  49962  49980  49956  49910  49964  49949  49955  49983  49967  49950  49947  49897
  341.208   507398  1528.10   507593  1538.81  50740  50750  50743  50768  50774  50774  50769  50748  50753  50774  50746  50703  50753  50739  50747  50776  50764  50745  50739  50686
  346.209   515056  1536.71   515403  1541.61  51519  51533  51527  51551  51554  51553  51551  51528  51534  51553  51522  51483  51534  51523  51531  51483  51468  51522  51520  51470
  351.208   522636  1533.64   523061  1544.05  52285  52298  52291  52317  52320  52320  52317  52293  52300  52320  52286  52245  52301  52214  52293  52248  52233  52290  52286  52240
  356.208   530638  1539.98   531080  1550.52  53086  53100  53090  53121  53123  53122  53121  53094  53101  53122  53090  53045  53102  53011  53094  53050  53029  53090  53088  53039
  361.208   538261  1542.25   538806  1553.83  53853  53869  53858  53898  53899  53897  53898  53864  53872  53898  53868  53810  53879  53779  53867  53816  53799  53865  53773  53805
  366.208   546128  1560.32   546784  1563.17  54659  54669  54660  54692  54694  54691  54692  54665  54670  54692  54587  54616  54595  54585  54662  54625  54605  54662  54583  54608
  371.208   554110  1562.25   554770  1564.83  55465  55475  55466  55500  55423  55497  55499  55471  55476  55498  55395  55423  55402  55391  55468  55428  55411  55391  55389  55412
  376.208   562109  1573.74   562476  1566.60  56266  56278  56266  56224  56225  56221  56223  56272  56278  56223  56195  56226  56198  56188  56267  56229  56209  56189  56196  56212
  381.208   569995  1583.09   570358  1571.88  57060  57075  57059  57006  57008  57003  57005  57065  57072  57005  56980  57018  56983  56977  57066  57015  57000  56972  56981  57003
  386.208   577648  1572.38   578088  1564.46  57829  57840  57829  57785  57787  57781  57785  57832  57837  57783  57758  57789  57758  57749  57758  57791  57770  57747  57758  57770
  391.208   585675  1585.85   586128  1574.98  58632  58644  58633  58591  58592  58585  58588  58635  58641  58587  58563  58593  58560  58553  58559  58593  58569  58550  58561  58574
  396.208   593629  1588.89   594011  1574.50  59426  59365  59429  59388  59387  59382  59384  59431  59436  59383  59355  59392  59357  59346  59357  59390  59367  59340  59356  59369
  401.208   601638  1584.45   602022  1575.25  60230  60166  60231  60189  60188  60182  60184  60232  60237  60183  60152  60199  60158  60147  60158  60189  60169  60142  60155  60169
  406.208   609165  1567.25   609550  1570.30  61000  60921  61000  60949  60946  60939  60942  61000  60912  60941  60912  60967  60916  60908  60915  60950  60932  60902  60917  60846
  411.208   617169  1569.82   617314  1575.76  61714  61726  61714  61750  61748  61742  61745  61714  61718  61743  61710  61762  61717  61706  61720  61748  61731  61709  61714  61652
  416.208   625208  1583.34   625361  1586.29  62520  62533  62520  62554  62550  62546  62548  62520  62524  62546  62514  62566  62514  62510  62529  62553  62534  62515  62518  62455
  421.208   633082  1578.05   633331  1583.99  63317  63329  63317  63351  63348  63343  63346  63317  63321  63342  63308  63281  63307  63302  63323  63352  63335  63310  63313  63251
  426.208   640985  1567.38   641212  1580.74  64102  64114  64102  64146  64137  64132  64138  64102  64107  64132  64099  64063  64101  64095  64105  64148  64130  64103  64104  64037
  431.208   648644  1562.05   648973  1567.79  64883  64891  64883  64918  64908  64906  64910  64883  64885  64906  64874  64846  64875  64860  64882  64921  64826  64871  64873  64816
  436.208   656524  1579.21   657011  1579.99  65687  65695  65687  65721  65712  65709  65714  65687  65690  65709  65676  65654  65675  65587  65684  65648  65628  65673  65679  65620
  441.209   664526  1578.99   665019  1588.05  66488  66497  66488  66520  66513  66508  66515  66488  66491  66511  66479  66456  66473  66383  66485  66448  66428  66475  66480  66419
  446.208   672499  1573.46   673019  1585.50  67288  67296  67288  67323  67312  67307  67313  67288  67292  67312  67276  67254  67279  67177  67277  67245  67224  67275  67274  67218
  451.208   680068  1565.39   680686  1572.33  68050  68061  68049  68095  68085  68076  68083  68049  68055  68083  68045  68014  68050  67942  68042  68007  67987  68044  67958  67979
  456.208   687940  1568.01   688614  1575.35  68854  68863  68851  68814  68882  68876  68882  68851  68859  68882  68843  68818  68767  68748  68844  68817  68795  68765  68762  68781
  461.208   695952  1579.71   696630  1580.95  69656  69665  69651  69615  69683  69679  69684  69652  69660  69685  69647  69620  69566  69550  69646  69619  69595  69565  69561  69583
  466.208   703932  1585.67   704459  1576.54  70462  70471  70458  70421  70411  70486  70412  70458  70466  70414  70373  70424  70374  70356  70452  70422  70400  70372  70370  70389
  471.208   711748  1578.54   712208  1567.97  71251  71260  71245  71200  71188  71185  71188  71245  71255  71191  71149  71209  71153  71136  71242  71204  71181  71151  71149  71174
  476.208   719493  1569.38   719929  1561.43  72019  72026  72012  71977  71965  71963  71966  72011  72021  71969  71926  71979  71930  71910  72009  71980  71956  71930  71928  71945
  481.208   727403  1583.32   727917  1572.18  72819  72826  72810  72775  72764  72762  72765  72810  72820  72766  72727  72780  72723  72706  72732  72779  72756  72730  72730  72740
  486.208   734962  1570.34   735425  1560.67  73578  73507  73567  73534  73527  73518  73528  73567  73577  73522  73487  73535  73481  73462  73486  73535  73509  73485  73483  73499
  491.209   742817  1566.71   743287  1557.05  74292  74298  74362  74329  74322  74311  74322  74362  74373  74316  74278  74330  74275  74254  74278  74330  74304  74278  74281  74209
  496.208   750436  1552.90   750849  1551.73  75061  75064  75122  75091  75084  75078  75087  75122  75059  75081  75042  75088  75041  75014  75044  75087  75064  75039  75039  74978
  501.208   758023  1542.03   758439  1545.99  75819  75822  75885  75851  75843  75836  75845  75885  75815  75838  75802  75852  75799  75772  75801  75849  75822  75801  75795  75730
  506.208   765896  1546.64   766252  1551.74  76618  76622  76602  76648  76637  76633  76640  76602  76615  76635  76597  76568  76592  76567  76600  76641  76616  76595  76591  76529
  511.208   773486  1531.14   773853  1538.93  77380  77382  77362  77406  77396  77392  77400  77362  77377  77396  77356  77327  77351  77328  77359  77401  77373  77352  77350  77289
  516.208   781048  1530.42   781488  1540.38  78144  78147  78123  78170  78159  78157  78163  78124  78141  78160  78121  78089  78121  78095  78122  78163  78057  78115  78112  78053
  521.208   789052  1535.69   789481  1539.31  78942  78946  78924  78969  78959  78956  78961  78924  78940  78960  78924  78887  78923  78890  78925  78962  78862  78917  78910  78852
  526.208   796668  1536.19   797105  1539.51  79703  79707  79688  79733  79721  79719  79723  79688  79701  79722  79689  79650  79684  79650  79686  79722  79623  79681  79673  79610
  531.208   804286  1533.49   804723  1539.30  80464  80469  80444  80497  80485  80482  80488  80445  80461  80488  80449  80409  80449  80408  80452  80480  80384  80446  80438  80371
  536.208   812073  1533.93   812688  1539.73  81261  81265  81237  81297  81283  81280  81285  81238  81256  81286  81248  81198  81251  81116  81248  81191  81176  81246  81234  81165
  541.208   819650  1538.93   820252  1541.58  82029  82030  82006  81982  82044  82041  82046  82006  82023  82045  82010  81964  81935  81890  82011  81962  81947  82005  81991  81935
  546.208   827151  1536.78   827837  1537.18  82789  82790  82764  82742  82801  82798  82805  82764  82783  82801  82765  82718  82692  82647  82768  82722  82707  82764  82673  82695
  551.208   834795  1529.98   835571  1531.49  83569  83570  83545  83525  83583  83578  83510  83546  83563  83582  83473  83497  83468  83425  83547  83501  83489  83467  83456  83472
  556.208   842571  1535.39   843194  1536.46  84346  84349  84320  84302  84286  84355  84287  84322  84342  84285  84254  84275  84245  84201  84325  84276  84267  84247  84231  84250
  561.208   850074  1531.24   850698  1535.13  85102  85104  85079  85062  85044  85037  85046  85081  85100  85043  85014  85035  85002  84958  85009  85036  85025  85003  84988  85004
  566.208   857837  1530.64   858472  1523.42  85881  85883  85857  85840  85821  85813  85822  85858  85878  85819  85789  85813  85777  85733  85789  85812  85801  85777  85766  85780
  571.208   865642  1535.99   866267  1531.66  86658  86660  86637  86619  86601  86594  86603  86639  86656  86600  86571  86598  86554  86513  86569  86590  86581  86560  86545  86561
  576.209   873248  1539.06   873727  1532.05  87344  87346  87398  87381  87362  87354  87365  87400  87417  87360  87333  87360  87315  87273  87326  87353  87340  87319  87307  87322
  581.208   880880  1540.69   881341  1530.19  88109  88111  88169  88151  88132  88123  88135  88172  88109  88130  88102  88134  88089  88049  88096  88121  88109  88090  88078  88012
  586.208   888705  1540.19   889196  1538.61  88898  88900  88951  88934  88916  88910  88919  88956  88898  88914  88883  88915  88870  88838  88876  88905  88892  88871  88856  88799
  591.208   896322  1541.74   896819  1540.00  89660  89663  89713  89695  89678  89673  89682  89718  89660  89677  89646  89680  89633  89595  89640  89664  89651  89636  89618  89559
  596.208   904313  1546.41   904821  1547.42  90460  90462  90514  90496  90479  90474  90481  90518  90460  90477  90443  90480  90430  90396  90436  90466  90450  90440  90416  90356
  601.209   911838  1540.00   912344  1541.14  91220  91223  91271  91254  91240  91236  91241  91201  91219  91239  91203  91166  91193  91152  91194  91224  91210  91201  91177  91118
  606.208   919839  1548.00   920281  1554.45  92021  92023  91997  92055  92042  92038  92042  92002  92020  92041  92002  91965  91996  91951  91996  92027  92012  91998  91974  91918
  611.208   927663  1556.96   928259  1561.60  92821  92822  92794  92851  92839  92835  92839  92800  92819  92839  92800  92764  92792  92749  92790  92826  92734  92797  92770  92716
  616.208   935432  1550.40   936033  1557.15  93597  93598  93567  93633  93617  93617  93618  93574  93594  93618  93579  93535  93570  93533  93568  93523  93504  93579  93550  93491
  621.208   943181  1559.09   943869  1565.60  94385  94383  94354  94410  94399  94399  94400  94358  94381  94400  94358  94322  94348  94235  94352  94315  94292  94357  94326  94276
  626.208   951213  1560.95   951839  1559.65  95190  95187  95158  95141  95204  95202  95204  95162  95186  95205  95161  95124  95152  95039  95153  95118  95095  95158  95135  95078
  631.208   959178  1575.93   959880  1577.20  95994  95992  95962  95945  96008  96006  96007  95966  95992  96008  95964  95928  95882  95844  95956  95921  95900  95961  95938  95884
  636.208   967055  1568.88   967781  1572.30  96787  96785  96746  96725  96801  96800  96800  96751  96784  96802  96756  96716  96661  96625  96749  96706  96683  96757  96731  96671
  641.208   974671  1564.80   975316  1566.34  97554  97551  97519  97501  97492  97565  97565  97525  97551  97493  97522  97487  97441  97398  97512  97482  97454  97516  97420  97439
  646.208   982579  1574.50   983170  1574.16  98353  98351  98319  98301  98293  98291  98292  98325  98351  98294  98246  98285  98239  98197  98311  98283  98250  98314  98220  98234
  651.209   990468  1584.26   991210  1581.07  99158  99154  99122  99106  99096  99096  99096  99130  99154  99098  99049  99087  99048  98996  99037  99088  99052  99047  99024  99040
  656.208   998486  1583.79   999159  1580.07  99885  99956  99926  99907  99899  99899  99899  99933  99954  99901  99850  99887  99856  99797  99841  99892  99850  99848  99825  99840
  661.208  1006166  1570.72  1006760  1563.98 100647 100643 100699 100675 100665 100664 100665 100704 100730 100668 100618 100660 100625 100563 100602 100664 100619 100609 100589 100617
  666.208  1013990  1567.15  1014599  1565.84 101445 101439 101487 101465 101456 101457 101459 101493 101438 101460 101412 101452 101415 101350 101400 101451 101407 101400 101378 101325
  671.208  1022038  1581.64  1022637  1582.72 102249 102242 102291 102268 102261 102261 102263 102297 102242 102263 102218 102253 102221 102156 102205 102254 102214 102204 102182 102131
  676.208  1030006  1583.47  1030621  1586.93 103047 103040 103091 103067 103059 103060 103061 103095 103040 103061 103015 103051 103017 102950 102999 103048 103015 103005 102979 102927
  681.208  1037882  1579.31  1038498  1580.99 103832 103825 103883 103854 103847 103848 103848 103888 103823 103850 103807 103842 103805 103736 103789 103836 103803 103792 103765 103707
  686.208  1045514  1565.22  1046145  1569.01 104600 104593 104642 104620 104611 104612 104613 104647 104592 104615 104566 104602 104570 104498 104554 104597 104563 104558 104531 104475
  691.208  1053484  1575.12  1054030  1570.89 105398 105389 105438 105416 105408 105409 105409 105366 105387 105410 105364 105402 105367 105293 105347 105393 105358 105357 105330 105273
  696.208  1061371  1569.70  1061915  1575.20 106195 106185 106156 106212 106205 106206 106206 106160 106183 106207 106160 106120 106165 106088 106143 106190 106152 106158 106126 106069
  701.208  1069179  1566.24  1069880  1572.32 106992 106982 106952 107009 107000 107003 107003 106956 106980 107003 106954 106916 106959 106885 106938 106910 106875 106952 106923 106867
  706.209  1076860  1554.09  1077565  1557.21 107760 107747 107713 107783 107770 107776 107776 107718 107746 107776 107726 107675 107733 107658 107709 107674 107635 107721 107694 107635
  711.208  1084697  1555.54  1085405  1558.62 108546 108533 108504 108561 108552 108556 108556 108509 108532 108556 108511 108460 108513 108440 108487 108467 108425 108503 108474 108417
  716.208  1092663  1569.34  1093447  1569.34 109350 109339 109308 109364 109357 109360 109360 109312 109337 109360 109316 109259 109247 109243 109292 109272 109225 109309 109276 109224
  721.208  1100461  1566.17  1101318  1569.09 110144 110134 110104 110084 110152 110154 110154 110107 110131 110154 110038 110057 110037 109960 110085 110065 110018 110110 110070 110021
  726.209  1108320  1566.50  1109118  1569.08 110943 110933 110900 110874 110950 110867 110951 110903 110930 110867 110825 110850 110826 110748 110802 110859 110812 110907 110869 110822
  731.208  1115902  1562.68  1116626  1560.94 111704 111697 111666 111646 111636 111640 111639 111667 111691 111640 111597 111615 111594 111522 111569 111622 111573 111668 111559 111583
  736.208  1123815  1573.11  1124596  1570.49 112501 112494 112464 112443 112433 112437 112435 112464 112488 112437 112397 112414 112391 112321 112373 112417 112370 112392 112355 112385
  741.208  1131761  1576.81  1132474  1574.40 113221 113289 113259 113238 113227 113232 113231 113259 113285 113233 113193 113208 113187 113117 113161 113212 113164 113191 113151 113177
  746.208  1139784  1575.54  1140496  1573.36 114021 114092 114062 114040 114030 114033 114033 114063 114088 114034 113999 114010 113990 113916 113961 114015 113965 113995 113955 113978
  751.208  1147310  1563.69  1148037  1559.26 114783 114772 114827 114798 114790 114793 114793 114829 114857 114795 114759 114776 114750 114676 114716 114782 114731 114751 114711 114658
  756.208  1155213  1566.06  1155867  1563.71 115577 115566 115614 115589 115584 115586 115586 115615 115562 115588 115550 115565 115538 115468 115507 115571 115512 115542 115509 115451
  761.208  1163233  1580.54  1163912  1581.61 116384 116369 116418 116394 116389 116390 116390 116419 116367 116392 116350 116371 116337 116266 116307 116374 116315 116347 116311 116255
  766.208  1171235  1583.66  1171924  1583.09 117185 117171 117219 117194 117191 117192 117192 117219 117168 117193 117153 117174 117134 117063 117106 117173 117119 117148 117111 117054
  771.208  1178901  1566.58  1179573  1574.40 117951 117933 117991 117958 117954 117955 117955 117991 117929 117956 117917 117946 117903 117829 117870 117945 117887 117913 117878 117813
  776.208  1186724  1562.48  1187421  1569.63 118739 118720 118769 118742 118740 118741 118741 118769 118718 118742 118702 118726 118684 118609 118658 118721 118667 118696 118661 118600
  781.208  1194580  1573.50  1195354  1582.80 119532 119513 119564 119534 119532 119534 119534 119564 119513 119534 119492 119521 119476 119404 119454 119514 119390 119485 119452 119392
  786.209  1202004  1559.60  1202788  1558.42 120290 120273 120247 120292 120290 120292 120292 120247 120273 120292 120253 120206 120230 120161 120209 120196 120150 120239 120206 120154
  791.208  1209577  1542.08  1210369  1542.99 121049 121033 121006 121050 121048 121050 121049 121004 121031 121049 121009 120964 120986 120918 120963 120957 120907 120997 120965 120911
  796.208  1217269  1529.21  1218049  1532.20 121816 121801 121774 121818 121816 121820 121817 121771 121800 121816 121778 121729 121756 121688 121733 121729 121675 121769 121732 121680
  801.208  1225004  1531.54  1225785  1534.87 122590 122574 122548 122592 122590 122593 122591 122544 122573 122590 122552 122504 122527 122461 122508 122504 122448 122542 122506 122452
  806.208  1232636  1527.82  1233551  1527.32 123366 123351 123325 123368 123367 123369 123368 123320 123351 123366 123333 123283 123232 123163 123285 123282 123227 123319 123285 123227
  811.208  1240186  1520.00  1241187  1517.45 124131 124114 124089 124131 124130 124133 124131 124082 124114 124132 124017 124047 123995 123926 124050 124042 123989 124082 124048 123990
  816.209  1247809  1526.83  1248832  1524.38 124896 124878 124851 124896 124895 124897 124897 124846 124879 124897 124781 124810 124757 124688 124812 124801 124753 124846 124808 124753
  821.208  1255568  1533.27  1256143  1530.99 125597 125654 125628 125597 125596 125598 125598 125622 125655 125598 125556 125587 125532 125464 125587 125577 125531 125623 125584 125527
  826.208  1263047  1533.59  1263839  1531.44 126365 126425 126398 126365 126365 126368 126368 126391 126427 126367 126328 126356 126305 126237 126279 126345 126303 126319 126276 126299
  831.208  1270628  1528.46  1271420  1526.24 127123 127183 127158 127121 127123 127126 127127 127150 127184 127125 127085 127115 127063 126994 127037 127107 127058 127078 127033 127058
  836.208  1278139  1519.03  1279019  1517.82 127883 127944 127917 127881 127884 127885 127885 127910 127945 127885 127841 127876 127821 127752 127801 127868 127818 127835 127790 127816
  841.208  1285919  1526.34  1286640  1522.48 128660 128643 128694 128659 128663 128661 128665 128688 128644 128663 128625 128653 128597 128529 128580 128648 128592 128614 128562 128519
  846.208  1293668  1531.29  1294409  1524.38 129438 129422 129468 129437 129439 129438 129442 129463 129422 129440 129402 129426 129373 129307 129354 129421 129361 129388 129338 129298
  851.208  1301280  1526.07  1302033  1534.70 130200 130185 130232 130200 130200 130200 130204 130225 130185 130202 130161 130189 130132 130071 130115 130177 130121 130149 130102 130063
  856.208  1308849  1526.64  1309623  1531.14 130959 130945 130991 130959 130959 130959 130962 130983 130945 130961 130919 130948 130889 130829 130871 130930 130880 130902 130855 130826
  861.208  1316626  1532.87  1317389  1537.20 131734 131723 131772 131734 131735 131734 131738 131761 131722 131736 131695 131729 131668 131612 131648 131708 131658 131678 131630 131600
  866.208  1324336  1539.87  1325190  1544.09 132514 132504 132550 132515 132515 132514 132517 132542 132504 132515 132474 132427 132445 132394 132425 132484 132434 132457 132408 132388
  871.208  1331936  1531.49  1332718  1538.61 133275 133264 133234 133275 133276 133275 133277 133302 133265 133275 133231 133188 133205 133152 133188 133242 133193 133219 133169 133149
  876.208  1339365  1520.37  1340244  1522.38 134036 134023 133992 134036 134036 134036 134037 133986 134025 134037 133989 133945 133964 133909 133946 133924 133877 133981 133927 133903
  881.208  1347121  1523.21  1348020  1528.10 134812 134801 134770 134812 134814 134813 134814 134764 134804 134816 134764 134723 134737 134687 134724 134698 134654 134753 134703 134678
  886.208  1354893  1526.95  1355806  1528.83 135591 135580 135549 135590 135593 135592 135592 135542 135583 135594 135542 135498 135514 135462 135504 135477 135430 135529 135481 135456
  891.208  1362408  1520.54  1363389  1522.82 136348 136339 136307 136349 136353 136350 136350 136299 136342 136352 136297 136256 136272 136146 136265 136233 136190 136290 136242 136217
  896.208  1370000  1516.41  1370979  1515.34 137105 137099 137067 137108 137113 137109 137109 137057 137101 137111 137061 137015 137028 136905 137023 136993 136950 137048 137001 136976
  901.208  1377685  1522.11  1378745  1523.76 137880 137873 137845 137885 137889 137886 137887 137834 137878 137888 137762 137789 137804 137680 137802 137767 137724 137824 137781 137752
  906.208  1385309  1534.11  1386303  1533.00 138657 138653 138624 138664 138593 138664 138590 138612 138655 138591 138543 138569 138505 138458 138504 138544 138501 138601 138557 138527
  911.208  1392887  1525.40  1393734  1526.34 139415 139412 139382 139347 139350 139347 139348 139370 139414 139349 139296 139329 139259 139213 139264 139302 139258 139364 139317 139285
  916.208  1400320  1519.26  1401236  1519.50 140171 140171 140141 140104 140107 140104 140107 140129 140097 140105 140055 140088 140019 139975 140019 140055 140020 140044 140001 140044
  921.208  1408114  1528.71  1408876  1523.88 140874 140874 140919 140884 140888 140884 140887 140907 140874 140885 140836 140863 140799 140758 140802 140832 140797 140820 140783 140824
  926.208  1415802  1531.78  1416655  1530.13 141653 141653 141697 141662 141665 141661 141664 141685 141652 141663 141612 141641 141575 141532 141575 141609 141576 141599 141561 141522
  931.208  1423422  1526.95  1424281  1522.75 142415 142416 142459 142424 142427 142424 142426 142449 142416 142425 142373 142402 142336 142292 142342 142372 142338 142355 142325 142287
  936.208  1431015  1525.91  1431870  1523.86 143175 143175 143219 143182 143185 143182 143184 143209 143176 143183 143129 143160 143098 143051 143101 143134 143101 143116 143080 143045
  941.208  1438796  1532.82  1439642  1535.30 143955 143952 143996 143958 143962 143959 143961 143988 143952 143959 143908 143936 143874 143830 143881 143911 143881 143893 143857 143825
  946.208  1446539  1543.29  1447463  1546.07 144737 144734 144778 144740 144744 144742 144743 144768 144735 144742 144694 144641 144659 144605 144663 144695 144665 144672 144639 144606
  951.208  1454126  1536.28  1455058  1544.53 145498 145496 145537 145500 145503 145500 145501 145528 145495 145500 145451 145400 145416 145364 145423 145453 145423 145431 145398 145367
  956.208  1461701  1526.04  1462536  1533.99 146251 146250 146212 146255 146260 146255 146259 146291 146248 146255 146210 146151 146168 146122 146183 146217 146185 146187 146155 146123
  961.209  1469510  1538.81  1470448  1536.19 147051 147051 147013 147054 147057 147056 147057 147008 147047 147054 147006 146950 146963 146916 146982 146931 146900 146984 146957 146921
  966.208  1477513  1547.58  1478451  1545.23 147851 147852 147814 147854 147856 147856 147856 147810 147848 147854 147808 147751 147764 147712 147786 147730 147699 147784 147756 147723
  971.208  1485533  1549.95  1486475  1550.52 148654 148654 148616 148657 148659 148657 148657 148614 148650 148657 148610 148550 148567 148517 148590 148530 148500 148586 148556 148527
  976.208  1493351  1551.78  1494399  1549.87 149450 149449 149401 149452 149453 149451 149451 149398 149442 149452 149402 149339 149359 149218 149384 149317 149286 149377 149348 149321
  981.209  1501092  1560.77  1502130  1559.40 150220 150217 150184 150223 150225 150222 150222 150181 150212 150224 150173 150118 150129 150002 150153 150096 150066 150147 150118 150090
  986.208  1508989  1573.93  1510111  1575.84 151019 151016 150982 151021 151025 151019 151019 150978 151010 151022 150971 150920 150928 150798 150874 150890 150862 150945 150914 150887
  991.208  1516964  1579.60  1518009  1578.15 151816 151813 151779 151819 151747 151816 151816 151775 151809 151819 151768 151714 151726 151598 151669 151688 151658 151743 151716 151684
  996.208  1524898  1580.10  1525961  1579.19 152619 152616 152582 152547 152549 152619 152619 152579 152611 152620 152494 152514 152528 152396 152468 152492 152462 152541 152518 152485
 1001.209  1532614  1567.68  1533342  1569.60 153316 153313 153359 153320 153325 153316 153315 153359 153400 153319 153267 153292 153226 153173 153244 153272 153240 153325 153305 153270
 1006.208  1540332  1571.34  1541181  1569.87 154111 154106 154147 154114 154118 154111 154110 154147 154104 154113 154056 154078 154019 153965 154033 154064 154030 154029 154008 154050
 1011.208  1548286  1581.07  1549208  1574.53 154914 154907 154950 154916 154922 154914 154913 154950 154906 154916 154856 154883 154826 154771 154836 154864 154832 154831 154809 154778
 1016.208  1556283  1579.06  1557209  1575.17 155714 155708 155751 155715 155722 155714 155713 155751 155706 155715 155655 155685 155624 155567 155636 155666 155635 155628 155610 155577
 1021.208  1564223  1576.66  1565127  1574.98 156504 156498 156549 156505 156514 156504 156502 156550 156496 156505 156449 156482 156415 156362 156433 156461 156433 156418 156401 156369
 1026.208  1571871  1568.56  1572796  1566.48 157274 157265 157308 157273 157282 157273 157272 157310 157265 157274 157217 157243 157183 157122 157202 157221 157191 157187 157169 157136
 1031.208  1579983  1579.28  1580891  1590.49 158083 158075 158117 158083 158091 158083 158083 158120 158074 158082 158029 158052 157992 157932 158013 158034 158003 158003 157981 157944
 1036.208  1588028  1590.23  1588936  1597.38 158887 158880 158922 158887 158895 158887 158887 158926 158879 158886 158832 158855 158798 158739 158815 158839 158808 158809 158786 158747
 1041.208  1595958  1586.17  1596879  1594.30 159689 159681 159725 159689 159699 159689 159689 159650 159680 159688 159633 159579 159599 159539 159612 159637 159610 159610 159590 159549
 1046.208  1603411  1572.83  1604413  1581.12 160450 160443 160405 160451 160463 160451 160451 160407 160442 160450 160396 160337 160360 160308 160373 160317 160292 160371 160349 160308
 1051.208  1611331  1567.79  1612347  1574.13 161242 161235 161204 161243 161253 161244 161245 161205 161234 161242 161184 161134 161152 161094 161163 161116 161087 161163 161139 161099
 1056.208  1619323  1576.61  1620345  1579.73 162042 162034 162004 162043 162054 162045 162045 162003 162033 162042 161982 161936 161950 161895 161962 161912 161890 161961 161940 161895
 1061.208  1627246  1570.20  1628344  1576.54 162842 162833 162804 162843 162853 162845 162845 162804 162833 162842 162780 162737 162749 162622 162765 162712 162690 162759 162740 162692
 1066.208  1635132  1562.28  1636248  1563.19 163632 163622 163590 163636 163649 163637 163637 163590 163622 163633 163576 163527 163538 163397 163557 163498 163474 163551 163532 163482
 1071.208  1642781  1555.60  1643889  1556.21 164397 164387 164361 164397 164407 164398 164398 164361 164386 164397 164336 164295 164300 164167 164313 164274 164245 164316 164291 164244
 1076.208  1650737  1575.10  1651863  1573.99 165201 165192 165166 165201 165137 165204 165204 165166 165191 165201 165066 165103 165103 164972 165112 165074 165050 165118 165091 165048
 1081.208  1658589  1575.47  1659798  1574.19 165994 165986 165959 165996 165932 165997 165997 165960 165984 165993 165857 165896 165899 165766 165831 165867 165842 165909 165882 165840
 1086.209  1666085  1561.60  1667156  1560.49 166752 166744 166716 166680 166690 166681 166681 166718 166742 166752 166615 166657 166657 166522 166590 166620 166599 166592 166636 166597
 1091.208  1673541  1548.44  1674618  1545.09 167438 167503 167479 167442 167450 167442 167443 167482 167501 167438 167375 167417 167346 167283 167352 167379 167360 167351 167323 167355
 1096.208  1681382  1549.36  1682564  1543.69 168233 168298 168273 168236 168247 168236 168237 168276 168295 168233 168171 168206 168139 168070 168146 168171 168154 168142 168115 168068
 1101.208  1688995  1543.04  1690111  1543.44 168995 168985 169037 168998 169008 168998 169000 169038 169057 168995 168930 168967 168902 168831 168905 168935 168915 168905 168875 168830
 1106.208  1696703  1533.66  1697729  1533.32 169762 169750 169812 169767 169779 169766 169771 169812 169748 169762 169704 169739 169669 169605 169677 169711 169687 169675 169641 169595
 1111.208  1704487  1532.18  1705540  1529.60 170546 170533 170590 170548 170557 170548 170551 170590 170531 170546 170479 170513 170451 170385 170454 170485 170461 170459 170422 170378
 1116.208  1712055  1534.68  1713104  1536.63 171302 171290 171347 171304 171314 171302 171308 171347 171288 171302 171233 171273 171206 171143 171212 171237 171218 171216 171183 171134
 1121.208  1719798  1541.76  1720856  1546.36 172077 172063 172123 172081 172089 172079 172083 172123 172061 172077 172008 172049 171980 171919 171986 172011 171994 171988 171956 171907
 1126.208  1727593  1537.72  1728512  1541.88 172859 172845 172827 172861 172868 172860 172862 172827 172845 172858 172790 172828 172758 172698 172768 172793 172769 172769 172735 172685
 1131.208  1735146  1538.49  1736145  1542.15 173622 173606 173591 173627 173633 173624 173625 173590 173606 173621 173553 173516 173523 173460 173528 173552 173530 173537 173500 173447
 1136.208  1743068  1542.55  1744133  1551.81 174420 174404 174390 174426 174434 174424 174424 174387 174404 174420 174356 174314 174325 174260 174327 174353 174257 174335 174296 174245
 1141.208  1750593  1531.31  1751748  1537.35 175183 175166 175151 175186 175195 175185 175185 175149 175166 175182 175115 175074 175085 175018 175090 175039 175020 175094 175056 175002
 1146.209  1758370  1538.19  1759537  1542.15 175960 175944 175929 175965 175975 175965 175966 175928 175944 175961 175896 175853 175865 175795 175867 175814 175796 175872 175831 175781
 1151.208  1766144  1539.82  1767307  1543.34 176736 176722 176707 176741 176750 176741 176743 176708 176722 176737 176670 176631 176644 176570 176643 176594 176573 176647 176609 176563
 1156.208  1773634  1529.45  1774883  1540.56 177494 177482 177464 177498 177506 177498 177501 177465 177481 177494 177351 177390 177402 177326 177396 177349 177327 177406 177367 177320
 1161.208  1781596  1545.81  1782860  1549.26 178300 178287 178269 178301 178238 178301 178307 178271 178286 178300 178154 178193 178208 178057 178200 178154 178129 178209 178171 178121
 1166.208  1789499  1547.52  1790832  1548.32 179097 179083 179065 179100 179035 179100 179103 179068 179083 179098 178949 178993 178929 178854 178997 178951 178931 179011 178969 178915
 1171.209  1797074  1550.81  1798440  1548.72 179870 179851 179832 179873 179794 179873 179790 179836 179851 179870 179705 179760 179686 179618 179683 179717 179694 179785 179743 179683
 1176.208  1804903  1558.98  1806239  1554.41 180659 180645 180629 180589 180597 180589 180594 180632 180646 180659 180509 180559 180489 180416 180489 180510 180495 180501 180457 180478
 1181.208  1812907  1564.01  1814082  1559.08 181383 181444 181430 181388 181396 181388 181393 181432 181445 181383 181308 181364 181288 181218 181288 181312 181298 181299 181255 181277
 1186.208  1820960  1582.99  1822150  1575.67 182190 182250 182235 182196 182204 182196 182200 182238 182251 182190 182114 182168 182092 182026 182090 182116 182105 182102 182064 182083
 1191.208  1828599  1571.41  1829875  1566.01 182957 183030 183011 182962 182975 182965 182971 183016 183031 182957 182888 182943 182864 182798 182861 182890 182877 182871 182831 182776
 1196.208  1836416  1566.54  1837617  1562.18 183743 183805 183789 183747 183759 183750 183755 183794 183732 183743 183668 183720 183652 183580 183644 183666 183655 183657 183613 183561
