Test case: 
Description: 
	10 senders: persistent queues
	10 receivers: client acknowledge every 50 messages
Timestamp: 2011.11.1 19:37:2
Version: 
Setting up JMS benchmark connections... 

Start processing messages.
Thu Dec 01 19:37:02 EST 2011

  Seconds   Send   Send/Sec   Recv   Recv/Sec   RCV0   RCV1   RCV2   RCV3   RCV4   RCV5   RCV6   RCV7   RCV8   RCV9  SND10  SND11  SND12  SND13  SND14  SND15  SND16  SND17  SND18  SND19
  ------- -------- -------- -------- -------- ------ ------ ------ ------ ------ ------ ------ ------ ------ ------ ------ ------ ------ ------ ------ ------ ------ ------ ------ ------
    1.150        0     0.00        0     0.00      0      0      0      0      0      0      0      0      0      0      0      0      0      0      0      0      0      0      0      0
    6.150     1133   234.57     1160   221.74    116    116    116    116    116    116    116    116    116    116    114    112    111    116    117    111    115    112    115    110
   11.150     2674   263.46     2710   262.63    273    273    273    253    273    273    273    273    273    273    254    267    266    271    273    266    272    272    271    262
   16.150     4354   294.13     4326   296.32    433    433    431    433    433    431    433    433    433    433    434    448    448    430    433    426    433    430    428    444
   21.150     7373   370.99     7468   381.04    748    748    744    748    748    744    748    748    744    748    749    717    719    738    745    728    740    741    736    760
   26.151    14156   571.53    14368   557.34   1438   1438   1434   1438   1438   1434   1438   1438   1434   1438   1450   1400   1399   1413   1433   1411   1417   1430   1420   1383
   31.150    23057   773.07    23274   757.26   2328   2328   2326   2328   2328   2326   2328   2328   2326   2328   2337   2289   2286   2301   2321   2302   2312   2322   2311   2276
   36.150    32273  1029.53    32498  1020.30   3250   3251   3248   3250   3251   3248   3250   3250   3249   3251   3256   3206   3204   3218   3247   3228   3233   3246   3234   3201
   41.150    41462  1286.07    41657  1281.21   4165   4168   4164   4165   4168   4165   4165   4165   4164   4168   4176   4130   4130   4137   4160   4145   4152   4161   4152   4119
   46.151    49714  1500.18    50066  1498.84   5005   5011   5004   5005   5011   5005   5005   5005   5004   5011   4916   4960   4959   4974   5001   4976   4990   5002   4990   4946
   51.150    57591  1669.46    57846  1664.50   5783   5788   5783   5783   5787   5784   5784   5783   5783   5788   5722   5755   5748   5755   5783   5761   5776   5779   5770   5742
   56.150    65599  1710.49    65856  1702.04   6584   6589   6584   6584   6588   6584   6585   6584   6584   6590   6519   6559   6548   6557   6581   6564   6579   6582   6568   6542
   61.150    73685  1680.17    73788  1673.62   7394   7318   7394   7394   7396   7394   7393   7394   7393   7318   7324   7372   7356   7364   7388   7378   7386   7390   7374   7353
   66.150    81323  1625.10    80828  1621.81   8082   8087   8082   8082   8084   8082   8080   8082   8080   8087   8097   8146   8133   8135   8075   8147   8160   8164   8144   8122
   71.150    88833  1576.51    88554  1573.72   8854   8858   8855   8854   8859   8854   8852   8856   8853   8859   8868   8910   8893   8824   8848   8911   8925   8852   8913   8889
   76.150    96633  1566.93    96531  1559.28   9651   9656   9653   9651   9657   9651   9650   9653   9651   9658   9662   9707   9689   9621   9646   9704   9643   9649   9630   9682
   81.150   104654  1571.46   104636  1570.08  10460  10468  10464  10460  10468  10462  10459  10464  10462  10469  10473  10522  10499  10427  10457  10440  10451  10460  10434  10491
   86.150   112834  1577.37   112821  1576.06  11279  11286  11283  11279  11286  11279  11279  11283  11281  11286  11293  11336  11319  11245  11276  11257  11270  11278  11249  11311
   91.150   120513  1565.17   120564  1569.66  12053  12061  12057  12052  12061  12053  12052  12058  12056  12061  12071  12033  12098  12019  12051  12034  12041  12051  12022  12093
   96.150   128380  1571.21   128437  1597.62  12841  12847  12844  12840  12847  12841  12840  12846  12844  12847  12858  12822  12878  12808  12840  12828  12829  12834  12811  12872
  101.150   136352  1586.93   136418  1606.23  13639  13644  13643  13638  13644  13639  13640  13645  13642  13644  13656  13615  13672  13607  13634  13630  13626  13633  13611  13668
  106.150   144294  1594.50   144428  1607.28  14440  14445  14444  14439  14445  14440  14440  14447  14443  14445  14457  14417  14400  14407  14435  14432  14428  14437  14415  14466
  111.150   152219  1590.23   152361  1598.42  15233  15238  15237  15233  15238  15233  15233  15243  15235  15238  15256  15201  15189  15199  15227  15217  15223  15232  15209  15266
  116.150   159766  1569.77   159979  1577.25  15995  16000  15999  15996  15999  15995  15995  16003  15998  15999  16012  15964  15956  15959  15987  15982  15986  15994  15974  15952
  121.150   167805  1579.40   168024  1566.85  16800  16805  16803  16800  16803  16800  16800  16808  16802  16803  16811  16773  16762  16763  16791  16785  16787  16797  16776  16760
  126.150   175809  1584.03   176033  1571.41  17600  17606  17604  17600  17604  17600  17601  17608  17604  17606  17608  17577  17562  17563  17589  17589  17584  17597  17579  17561
  131.150   183807  1576.85   184043  1572.18  18402  18406  18405  18401  18405  18400  18402  18409  18405  18408  18409  18377  18364  18359  18388  18390  18384  18395  18380  18361
  136.151   191484  1565.66   191823  1561.23  19180  19184  19182  19179  19184  19177  19179  19187  19184  19187  19104  19154  19142  19138  19161  19166  19163  19169  19157  19130
  141.150   199338  1565.94   199653  1562.05  19962  19967  19964  19962  19967  19961  19962  19971  19966  19971  19895  19942  19926  19920  19942  19951  19947  19953  19943  19919
  146.150   207322  1577.72   207565  1574.16  20760  20767  20763  20761  20767  20759  20760  20694  20766  20768  20693  20737  20726  20719  20741  20750  20748  20749  20745  20714
  151.151   215361  1578.01   215335  1575.09  21567  21497  21569  21567  21502  21566  21567  21501  21497  21502  21500  21544  21529  21522  21541  21555  21551  21556  21546  21517
  156.150   223121  1572.42   222810  1569.70  22275  22280  22278  22275  22291  22274  22276  22288  22282  22291  22286  22341  22317  22229  22249  22349  22345  22350  22345  22310
  161.150   230819  1562.11   230567  1561.21  23052  23058  23054  23052  23064  23049  23053  23063  23058  23064  23058  23105  23084  23007  23029  23116  23107  23119  23110  23084
  166.151   238830  1573.58   238579  1569.05  23854  23859  23856  23852  23865  23851  23854  23864  23859  23865  23859  23905  23886  23809  23827  23916  23906  23921  23914  23887
  171.150   246609  1578.42   246647  1576.98  24660  24667  24662  24658  24672  24658  24661  24672  24665  24672  24672  24714  24693  24615  24634  24651  24637  24652  24648  24693
  176.150   254639  1579.80   254689  1581.34  25463  25471  25466  25463  25476  25463  25466  25476  25469  25476  25475  25517  25495  25421  25439  25451  25443  25451  25449  25498
  181.150   262176  1565.94   262302  1576.07  26223  26234  26228  26222  26238  26223  26226  26238  26232  26238  26239  26204  26255  26178  26200  26214  26208  26212  26209  26257
  186.150   269746  1556.91   269879  1579.50  26980  26993  26985  26981  26996  26980  26984  26995  26989  26996  26997  26962  27015  26936  26957  26969  26967  26965  26963  27015
  191.150   277262  1553.32   277452  1568.15  27738  27750  27743  27739  27752  27737  27742  27751  27748  27752  27754  27720  27695  27699  27714  27733  27725  27727  27723  27772
  196.150   284887  1540.49   285070  1549.95  28501  28511  28504  28501  28515  28500  28504  28511  28509  28514  28516  28482  28457  28463  28476  28497  28489  28489  28485  28533
  201.150   292667  1542.97   292942  1539.88  29288  29298  29292  29288  29302  29286  29293  29298  29296  29301  29304  29265  29242  29251  29262  29283  29275  29271  29270  29244
  206.150   300438  1534.30   300690  1525.54  30061  30073  30066  30061  30079  30061  30069  30073  30071  30076  30080  30042  30018  30027  30041  30060  30051  30051  30047  30021
  211.150   308062  1532.08   308317  1523.29  30823  30835  30830  30824  30841  30823  30833  30835  30833  30840  30839  30804  30780  30789  30806  30823  30814  30813  30811  30783
  216.150   315676  1528.12   315932  1519.33  31585  31596  31591  31587  31601  31585  31595  31596  31595  31601  31600  31566  31543  31552  31566  31586  31572  31574  31571  31546
  221.150   323374  1534.82   323720  1527.30  32363  32374  32370  32366  32383  32363  32373  32375  32373  32380  32303  32348  32317  32327  32344  32363  32351  32350  32348  32323
  226.150   331176  1537.15   331447  1533.02  33145  33153  33150  33147  33087  33145  33153  33155  33153  33159  33083  33126  33095  33107  33131  33145  33130  33131  33127  33101
  231.150   338815  1533.32   339014  1526.07  33910  33917  33915  33910  33851  33909  33917  33918  33917  33850  33845  33891  33855  33872  33892  33912  33894  33895  33893  33866
  236.150   346415  1524.38   346546  1520.39  34671  34679  34679  34671  34609  34671  34679  34601  34679  34607  34605  34647  34620  34634  34651  34674  34650  34655  34652  34627
  241.150   354249  1531.28   354119  1529.13  35458  35388  35389  35458  35399  35463  35389  35389  35389  35397  35397  35440  35414  35346  35446  35467  35438  35444  35442  35415
  246.150   361732  1535.27   361755  1532.52  36229  36158  36161  36229  36171  36156  36160  36161  36160  36170  36176  36209  36182  36116  36140  36161  36211  36138  36209  36190
  251.150   369358  1532.90   369219  1526.86  36914  36920  36923  36914  36934  36918  36920  36922  36920  36934  36935  36972  36947  36878  36906  36922  36973  36901  36972  36952
  256.150   376866  1525.23   376893  1525.03  37681  37687  37692  37681  37701  37686  37688  37688  37688  37701  37700  37740  37711  37643  37674  37686  37664  37665  37664  37719
  261.150   384664  1530.62   384681  1532.50  38460  38465  38470  38458  38483  38464  38466  38466  38466  38483  38482  38520  38494  38428  38451  38461  38442  38444  38440  38502
  266.151   392498  1535.94   392525  1542.92  39246  39250  39254  39242  39267  39248  39251  39250  39250  39267  39262  39299  39274  39214  39234  39248  39227  39231  39225  39284
  271.150   400043  1528.93   400153  1544.77  40008  40013  40017  40005  40031  40010  40013  40013  40012  40031  40023  39986  40039  39972  39995  40007  39990  39992  39992  40047
  276.150   407574  1530.74   407697  1539.06  40763  40767  40773  40760  40783  40764  40768  40768  40767  40784  40776  40739  40793  40725  40748  40761  40744  40742  40745  40801
  281.150   415260  1535.25   415464  1546.80  41540  41545  41550  41537  41558  41540  41546  41545  41545  41558  41553  41511  41493  41502  41520  41534  41526  41520  41524  41577
  286.150   423014  1546.01   423315  1552.48  42325  42329  42335  42322  42344  42325  42331  42330  42330  42344  42335  42290  42279  42284  42303  42317  42308  42306  42307  42285
  291.150   430650  1540.67   430945  1544.87  43088  43091  43099  43084  43107  43089  43093  43094  43093  43107  43097  43054  43043  43048  43064  43081  43070  43073  43071  43049
  296.150   438284  1531.29   438572  1524.65  43851  43852  43862  43848  43871  43852  43854  43857  43854  43871  43860  43820  43807  43811  43828  43845  43833  43836  43835  43809
  301.150   446022  1535.02   446388  1528.04  44633  44634  44645  44629  44652  44634  44635  44639  44635  44652  44565  44608  44589  44594  44606  44623  44611  44615  44619  44592
  306.150   453867  1540.52   454224  1535.38  45417  45416  45430  45412  45436  45416  45419  45422  45420  45436  45348  45396  45376  45379  45388  45406  45395  45400  45401  45378
  311.150   461485  1538.26   461824  1530.00  46178  46175  46189  46173  46196  46175  46180  46182  46180  46196  46110  46157  46134  46142  46150  46168  46156  46162  46165  46141
  316.150   469058  1529.65   469249  1520.76  46935  46934  46944  46933  46879  46934  46937  46938  46937  46878  46869  46913  46891  46896  46910  46925  46912  46918  46924  46900
  321.150   476798  1533.37   476913  1524.88  47709  47707  47645  47705  47652  47707  47711  47714  47711  47652  47645  47687  47664  47669  47684  47698  47688  47692  47699  47672
  326.151   484568  1532.48   484695  1529.66  48488  48485  48421  48485  48431  48485  48488  48493  48488  48431  48427  48466  48437  48443  48460  48477  48462  48471  48477  48448
  331.150   492177  1528.09   492229  1522.72  49248  49246  49184  49247  49192  49247  49248  49177  49248  49192  49186  49227  49199  49204  49224  49237  49222  49231  49239  49208
  336.150   499542  1519.80   499373  1515.07  49933  49931  49944  49933  49951  49931  49931  49937  49931  49951  49946  49987  49958  49890  49907  49995  49978  49991  49923  49967
  341.150   507299  1527.00   507288  1525.69  50725  50722  50735  50725  50743  50722  50722  50729  50722  50743  50735  50775  50749  50682  50700  50709  50770  50704  50717  50758
  346.150   515113  1535.08   515086  1538.10  51504  51502  51514  51505  51523  51502  51502  51509  51502  51523  51520  51555  51530  51464  51483  51493  51548  51483  51500  51537
  351.150   522689  1532.32   522750  1538.15  52271  52268  52281  52272  52288  52268  52269  52276  52269  52288  52282  52318  52294  52232  52248  52260  52236  52252  52264  52303
  356.150   530711  1536.96   530749  1545.49  53072  53066  53083  53072  53089  53066  53067  53078  53067  53089  53087  53123  53097  53036  53051  53063  53034  53051  53065  53104
  361.150   538319  1539.62   538423  1550.19  53838  53834  53849  53839  53857  53834  53836  53842  53836  53858  53864  53811  53873  53802  53816  53827  53800  53818  53835  53873
  366.150   546265  1562.68   546472  1577.92  54643  54639  54651  54644  54660  54639  54643  54648  54643  54662  54660  54619  54589  54608  54624  54630  54605  54624  54636  54670
  371.150   554323  1572.65   554535  1580.23  55450  55446  55457  55450  55466  55446  55449  55453  55449  55469  55464  55422  55397  55417  55430  55437  55410  55429  55442  55475
  376.150   562336  1579.53   562548  1587.45  56252  56247  56258  56252  56267  56247  56250  56255  56250  56270  56264  56226  56196  56218  56228  56238  56213  56232  56244  56277
  381.150   570145  1586.29   570467  1592.07  57044  57039  57050  57044  57061  57036  57042  57047  57041  57063  57056  57011  56979  57010  57020  57029  56997  57020  57038  56985
  386.150   577850  1569.13   578175  1568.42  57815  57812  57821  57815  57830  57807  57814  57818  57812  57831  57813  57789  57753  57777  57792  57795  57773  57788  57808  57762
  391.150   585807  1583.12   586216  1580.27  58619  58616  58626  58619  58633  58611  58618  58622  58616  58636  58540  58592  58554  58579  58599  58598  58575  58591  58611  58568
  396.150   593761  1581.04   594174  1575.17  59415  59412  59421  59415  59429  59408  59414  59417  59411  59432  59337  59385  59349  59375  59394  59391  59371  59387  59408  59364
  401.151   601778  1579.36   602116  1573.09  60217  60214  60224  60217  60230  60210  60217  60219  60212  60156  60136  60187  60147  60180  60192  60194  60177  60190  60210  60165
  406.150   609407  1561.76   609664  1557.30  60983  60978  60994  60981  60907  60973  60981  60984  60974  60909  60893  60945  60905  60945  60957  60959  60942  60952  60984  60925
  411.150   617311  1569.65   617560  1562.07  61777  61773  61709  61775  61714  61770  61775  61779  61771  61717  61700  61748  61706  61735  61749  61755  61743  61750  61697  61728
  416.150   625350  1578.59   625614  1574.09  62582  62578  62515  62580  62520  62575  62580  62584  62577  62523  62504  62555  62507  62544  62551  62560  62545  62555  62501  62528
  421.150   633221  1578.29   633421  1571.41  63302  63376  63311  63375  63316  63370  63376  63302  63374  63319  63295  63349  63302  63266  63347  63353  63338  63349  63294  63328
  426.150   640934  1567.35   640952  1566.64  64084  64081  64095  64077  64101  64167  64081  64085  64077  64104  64077  64142  64093  64045  64054  64057  64129  64143  64077  64117
  431.150   648689  1561.39   648674  1562.40  64866  64862  64876  64860  64881  64858  64862  64866  64860  64883  64851  64914  64868  64825  64837  64837  64898  64912  64857  64890
  436.150   656656  1575.42   656729  1579.42  65672  65669  65682  65665  65686  65663  65666  65672  65666  65688  65657  65718  65672  65629  65644  65639  65701  65641  65663  65692
  441.150   664574  1578.32   664729  1582.85  66472  66468  66483  66465  66487  66463  66465  66472  66465  66489  66451  66518  66470  66425  66444  66437  66429  66439  66467  66494
  446.150   672484  1576.07   672717  1580.64  67274  67266  67281  67263  67286  67260  67263  67273  67263  67288  67250  67246  67267  67222  67243  67233  67226  67236  67267  67294
  451.150   680140  1566.21   680337  1574.36  68035  68028  68043  68025  68048  68022  68025  68034  68027  68050  68016  68010  68036  67985  68013  67998  67989  67998  68030  68065
  456.151   688083  1574.52   688387  1586.63  68840  68834  68847  68831  68851  68828  68830  68840  68834  68852  68818  68809  68837  68789  68817  68803  68791  68803  68831  68785
  461.150   696094  1583.09   696401  1596.38  69641  69634  69647  69634  69652  69630  69633  69641  69635  69654  69622  69608  69638  69591  69618  69602  69592  69605  69634  69584
  466.150   704097  1586.74   704464  1593.96  70447  70441  70452  70441  70459  70436  70441  70447  70441  70459  70429  70418  70368  70398  70425  70408  70401  70416  70442  70392
  471.150   711903  1581.97   712303  1587.10  71230  71222  71239  71222  71247  71217  71224  71230  71224  71248  71215  71197  71143  71177  71207  71188  71184  71192  71231  71169
  476.150   719641  1569.33   720015  1574.19  72001  71995  72008  71995  72014  71992  71997  72001  71997  72015  71985  71973  71922  71946  71979  71961  71959  71967  71998  71951
  481.150   727633  1580.77   728004  1576.01  72800  72795  72807  72795  72812  72789  72796  72800  72796  72814  72783  72773  72726  72745  72776  72758  72761  72767  72794  72750
  486.151   735114  1568.14   735572  1557.64  73557  73551  73565  73551  73570  73547  73551  73557  73551  73572  73462  73532  73482  73496  73532  73515  73515  73521  73551  73508
  491.150   742964  1557.80   743459  1552.13  74353  74348  74362  74348  74366  74344  74350  74354  74348  74286  74249  74326  74271  74293  74324  74308  74310  74319  74262  74302
  496.150   750599  1547.43   750997  1540.79  75115  75107  75122  75109  75050  75105  75111  75115  75107  75056  75018  75090  75035  75055  75084  75070  75070  75082  75030  75065
  501.151   758188  1536.98   758514  1531.88  75875  75867  75803  75870  75807  75866  75871  75874  75867  75814  75774  75848  75791  75815  75846  75828  75830  75843  75787  75826
  506.150   766166  1542.99   766472  1541.11  76670  76661  76602  76663  76605  76660  76664  76670  76662  76615  76575  76643  76594  76611  76646  76622  76627  76640  76583  76625
  511.150   773614  1530.30   773918  1528.22  77354  77421  77362  77422  77366  77420  77422  77354  77422  77375  77336  77402  77356  77292  77331  77381  77385  77401  77345  77385
  516.150   781154  1534.45   781308  1529.45  78114  78185  78124  78107  78128  78183  78107  78114  78107  78139  78100  78164  78114  78053  78088  78065  78150  78165  78108  78147
  521.150   789163  1536.96   789175  1534.04  78918  78908  78925  78911  78928  78907  78911  78918  78911  78938  78899  78963  78914  78860  78890  78865  78951  78965  78907  78949
  526.150   796643  1537.45   796815  1537.52  79682  79672  79690  79674  79692  79672  79675  79682  79675  79701  79663  79723  79675  79626  79652  79627  79639  79654  79670  79714
  531.150   804237  1537.03   804391  1539.55  80439  80429  80446  80432  80450  80429  80433  80439  80433  80461  80425  80486  80439  80380  80407  80386  80398  80410  80427  80479
  536.150   811986  1531.66   812311  1535.32  81231  81219  81240  81222  81245  81218  81224  81232  81224  81256  81215  81193  81233  81171  81198  81177  81185  81203  81224  81187
  541.150   819700  1541.24   820028  1544.77  82001  81994  82009  81995  82014  81993  81997  82005  81997  82023  81984  81971  81997  81939  81966  81949  81959  81979  81991  81965
  546.150   827278  1539.93   827608  1548.46  82760  82751  82767  82752  82773  82750  82754  82763  82755  82783  82741  82723  82756  82698  82725  82706  82718  82741  82749  82721
  551.150   835093  1533.64   835426  1546.93  83542  83534  83548  83534  83554  83530  83537  83547  83537  83563  83523  83504  83536  83481  83509  83487  83499  83519  83533  83502
  556.150   842795  1543.61   843192  1546.13  84318  84310  84323  84310  84333  84307  84313  84322  84313  84343  84297  84283  84239  84259  84288  84266  84274  84295  84313  84281
  561.150   850368  1537.67   850773  1543.37  85075  85066  85084  85067  85092  85065  85071  85083  85071  85099  85057  85040  84997  85017  85046  85018  85030  85054  85070  85039
  566.151   858084  1536.58   858549  1536.14  85852  85845  85861  85845  85868  85843  85850  85859  85848  85878  85763  85820  85774  85794  85825  85802  85810  85836  85840  85820
  571.150   865884  1539.90   866268  1534.46  86631  86624  86641  86622  86648  86622  86629  86640  86629  86582  86545  86598  86556  86576  86607  86585  86587  86615  86618  86597
  576.150   873499  1534.93   873889  1529.16  87393  87386  87402  87387  87410  87386  87390  87402  87390  87343  87309  87355  87315  87336  87373  87349  87347  87380  87380  87355
  581.150   881197  1529.46   881523  1523.49  88166  88158  88175  88159  88100  88159  88162  88175  88162  88107  88075  88128  88082  88106  88140  88122  88118  88150  88152  88124
  586.151   888956  1533.14   889361  1528.14  88949  88941  88955  88942  88889  88942  88945  88956  88945  88897  88864  88910  88866  88891  88922  88904  88900  88936  88857  88906
  591.150   896576  1535.10   896820  1529.73  89710  89701  89642  89703  89650  89703  89705  89642  89705  89659  89624  89671  89632  89651  89684  89667  89665  89694  89621  89667
  596.150   904412  1541.26   904819  1536.90  90512  90501  90440  90503  90448  90503  90505  90442  90505  90460  90421  90470  90434  90374  90483  90389  90462  90494  90422  90463
  601.150   911942  1535.27   912338  1533.39  91196  91261  91200  91263  91209  91261  91263  91202  91263  91220  91179  91230  91195  91137  91170  91150  91221  91250  91187  91223
  606.150   919953  1546.01   920060  1546.85  91999  91990  92002  91990  92011  92063  91990  92004  91990  92021  91981  92030  91993  91938  91969  91949  92027  92051  91988  92027
  611.150   927933  1555.57   927958  1558.22  92795  92787  92800  92788  92808  92784  92788  92801  92788  92819  92778  92830  92792  92738  92768  92747  92822  92847  92787  92824
  616.150   935467  1554.92   935686  1554.58  93569  93558  93575  93559  93581  93555  93559  93577  93559  93594  93554  93610  93578  93511  93544  93518  93518  93546  93564  93524
  621.150   943320  1563.26   943552  1565.54  94355  94346  94359  94348  94365  94344  94347  94361  94347  94380  94335  94391  94356  94296  94332  94304  94306  94342  94349  94309
  626.150   951362  1567.75   951596  1567.05  95160  95150  95164  95151  95170  95150  95151  95166  95151  95183  95145  95191  95159  95099  95134  95110  95111  95145  95153  95115
  631.150   959333  1585.15   959636  1584.55  95963  95953  95968  95955  95975  95953  95955  95971  95955  95988  95948  95996  95886  95902  95941  95914  95915  95948  95960  95923
  636.150   967097  1575.77   967497  1585.64  96748  96739  96753  96740  96763  96739  96740  96757  96740  96778  96737  96703  96662  96691  96725  96703  96696  96729  96747  96704
  641.150   974854  1569.18   975229  1580.92  97521  97513  97527  97514  97537  97513  97514  97529  97514  97547  97507  97484  97440  97461  97501  97477  97481  97503  97518  97482
  646.151   982847  1579.56   983233  1585.00  98321  98313  98329  98314  98337  98313  98315  98329  98314  98348  98306  98285  98236  98261  98301  98281  98279  98299  98317  98282
  651.150   990877  1585.44   991270  1588.29  99126  99116  99133  99118  99140  99116  99119  99133  99118  99151  99109  99084  99036  99062  99107  99086  99084  99102  99117  99090
  656.150   998898  1581.68   999218  1587.08  99929  99918  99936  99921  99943  99918  99921  99934  99921  99877  99912  99887  99836  99865  99914  99886  99883  99903  99919  99893
  661.150  1006506  1570.67  1006919  1565.10 100700 100688 100707 100692 100715 100688 100693 100706 100692 100638 100599 100650 100598 100633 100688 100656 100655 100671 100690 100666
  666.150  1014434  1578.05  1014747  1564.63 101488 101480 101495 101481 101429 101480 101481 101495 101481 101437 101401 101448 101397 101423 101476 101446 101447 101461 101477 101458
  671.150  1022400  1582.48  1022784  1574.93 102293 102284 102298 102284 102232 102284 102285 102298 102285 102241 102201 102249 102204 102224 102281 102252 102250 102269 102207 102263
  676.151  1030372  1579.18  1030771  1573.91 103091 103082 103095 103084 103031 103084 103085 103095 103085 103039 103000 103046 103003 103019 103080 103048 103048 103067 103004 103057
  681.150  1038185  1572.60  1038664  1566.86 103883 103874 103884 103875 103812 103875 103876 103886 103876 103823 103782 103836 103792 103815 103872 103755 103842 103858 103787 103846
  686.150  1045683  1557.00  1046066  1559.08 104567 104635 104568 104637 104586 104637 104637 104569 104637 104593 104554 104598 104554 104497 104557 104526 104604 104621 104561 104611
  691.150  1053635  1568.72  1053874  1567.99 105363 105433 105364 105433 105381 105433 105357 105365 105357 105388 105349 105394 105348 105290 105352 105319 105398 105416 105359 105410
  696.150  1061596  1569.97  1061605  1572.42 106158 106153 106159 106153 106178 106153 106153 106160 106153 106185 106149 106186 106145 106082 106147 106114 106193 106215 106154 106211
  701.150  1069505  1570.27  1069571  1570.03 106954 106950 106955 106950 106975 106950 106950 106956 106950 106981 106947 106985 106942 106874 106944 106922 106989 106938 106954 107010
  706.150  1077166  1558.27  1077193  1557.84 107715 107711 107716 107711 107741 107711 107711 107718 107711 107748 107712 107756 107715 107639 107703 107687 107757 107694 107719 107784
  711.150  1084868  1561.43  1085104  1555.79 108506 108504 108507 108504 108527 108504 108504 108510 108504 108534 108499 108538 108499 108433 108490 108474 108460 108485 108505 108485
  716.150  1092911  1577.13  1093146  1574.62 109309 109308 109311 109308 109332 109308 109308 109314 109308 109340 109309 109339 109299 109238 109297 109277 109261 109290 109310 109291
  721.150  1100767  1576.38  1101096  1579.43 110105 110103 110106 110103 110127 110103 110103 110109 110103 110134 110103 110134 110019 110028 110089 110070 110052 110085 110106 110081
  726.151  1108627  1571.98  1109061  1586.24 110901 110899 110902 110900 110925 110898 110899 110905 110899 110933 110901 110842 110807 110828 110882 110869 110842 110882 110900 110874
  731.150  1116303  1562.65  1116705  1576.44 111667 111663 111668 111664 111687 111662 111664 111669 111664 111697 111662 111616 111581 111598 111647 111634 111616 111645 111661 111643
  736.150  1124293  1573.64  1124686  1588.51 112465 112460 112465 112462 112484 112460 112463 112467 112463 112497 112463 112415 112383 112395 112444 112433 112414 112444 112460 112442
  741.150  1132257  1580.13  1132561  1582.32 113261 113254 113261 113257 113280 113254 113258 113262 113258 113216 113261 113211 113180 113194 113240 113228 113207 113239 113256 113241
  746.151  1140213  1572.72  1140587  1568.36 114065 114057 114065 114059 114083 114058 114060 114065 114060 114015 113983 114012 113980 114001 114044 114031 114015 114041 114062 114044
  751.150  1147834  1565.30  1148148  1556.81 114830 114823 114830 114822 114765 114823 114823 114831 114824 114777 114748 114767 114736 114767 114803 114798 114779 114802 114830 114804
  756.150  1155727  1567.84  1156030  1555.79 115616 115611 115616 115608 115560 115609 115611 115619 115611 115569 115541 115560 115532 115554 115587 115582 115572 115587 115615 115597
  761.150  1163616  1579.99  1164069  1568.74 116420 116416 116420 116413 116363 116413 116414 116423 116414 116373 116343 116362 116334 116360 116394 116310 116373 116394 116345 116401
  766.150  1171635  1581.07  1172078  1569.97 117221 117217 117221 117214 117163 117214 117216 117223 117214 117175 117145 117161 117138 117159 117195 117117 117175 117198 117146 117201
  771.150  1179288  1562.99  1179775  1559.93 117993 117989 117993 117984 117923 117986 117988 117994 117985 117940 117906 117924 117901 117928 117964 117874 117943 117972 117908 117968
  776.150  1187044  1561.33  1187347  1556.50 118696 118767 118696 118762 118711 118764 118767 118696 118762 118726 118694 118706 118686 118630 118745 118661 118725 118750 118698 118749
  781.150  1194850  1567.33  1195145  1569.58 119491 119491 119491 119555 119504 119556 119491 119491 119554 119521 119489 119498 119480 119426 119471 119456 119519 119478 119489 119544
  786.150  1202422  1556.28  1202576  1559.40 120248 120248 120248 120240 120264 120239 120248 120248 120312 120281 120245 120255 120236 120185 120230 120215 120277 120234 120244 120301
  791.150  1209999  1546.03  1210085  1541.53 121006 121006 121006 120999 121023 120998 121006 121006 120996 121039 121005 121016 120990 120940 120989 120972 121033 120993 121003 121058
  796.151  1217678  1531.98  1217764  1530.47 121773 121773 121775 121768 121792 121766 121773 121775 121763 121806 121774 121783 121758 121704 121760 121740 121803 121762 121770 121824
  801.150  1225418  1534.92  1225503  1531.93 122547 122547 122549 122542 122563 122540 122547 122549 122538 122581 122549 122556 122531 122483 122537 122512 122579 122534 122542 122595
  806.150  1233122  1535.91  1233276  1538.66 123324 123324 123327 123319 123342 123316 123324 123327 123315 123358 123330 123334 123309 123262 123315 123291 123278 123311 123319 123373
  811.151  1240595  1524.87  1240900  1530.30 124087 124085 124089 124084 124103 124078 124087 124089 124077 124121 124090 124024 124076 124024 124077 124052 124040 124072 124079 124061
  816.150  1248147  1526.38  1248538  1537.05 124850 124848 124851 124848 124868 124842 124851 124852 124842 124886 124855 124788 124762 124786 124837 124816 124802 124834 124844 124823
  821.150  1255910  1532.89  1256307  1545.94 125627 125624 125628 125624 125646 125618 125629 125630 125618 125663 125628 125568 125536 125565 125612 125592 125577 125609 125624 125599
  826.150  1263537  1531.21  1263936  1546.85 126398 126397 126398 126396 126415 126387 126398 126400 126389 126358 126328 126337 126305 126337 126384 126360 126349 126379 126391 126367
  831.150  1271130  1521.01  1271519  1528.66 127156 127158 127156 127152 127174 127147 127156 127157 127148 127115 127091 127094 127067 127095 127142 127117 127112 127136 127151 127125
  836.150  1278720  1516.95  1279123  1519.90 127917 127918 127917 127912 127936 127906 127917 127918 127908 127874 127848 127850 127831 127851 127901 127874 127874 127898 127910 127883
  841.150  1286480  1526.02  1286893  1518.47 128694 128694 128694 128689 128711 128685 128693 128695 128686 128652 128625 128627 128608 128628 128677 128651 128649 128678 128679 128658
  846.150  1294242  1533.94  1294562  1524.08 129468 129468 129468 129463 129410 129459 129467 129469 129461 129429 129400 129403 129382 129405 129458 129427 129425 129452 129455 129435
  851.150  1301787  1529.03  1302189  1518.66 130231 130231 130232 130226 130172 130222 130231 130231 130223 130190 130164 130164 130146 130170 130222 130187 130186 130212 130140 130196
  856.150  1309295  1525.17  1309779  1517.38 130989 130990 130990 130985 130931 130982 130990 130989 130984 130949 130923 130925 130904 130928 130978 130945 130947 130892 130899 130954
  861.151  1316985  1525.54  1317565  1523.56 131768 131769 131770 131765 131706 131760 131770 131768 131764 131725 131697 131699 131682 131708 131759 131647 131721 131668 131674 131730
  866.150  1324777  1532.65  1325195  1530.07 132545 132545 132469 132543 132489 132542 132469 132545 132542 132506 132480 132482 132460 132484 132538 132423 132498 132451 132455 132506
  871.150  1332227  1524.80  1332407  1524.77 133228 133228 133230 133225 133247 133300 133230 133228 133225 133266 133242 133242 133221 133171 133221 133184 133258 133212 133214 133262
  876.150  1339828  1516.71  1339921  1519.56 133987 133986 133988 133985 134005 133984 133988 133987 133985 134026 134001 134002 133983 133931 133982 133944 134018 133970 133975 134022
  881.150  1347609  1525.00  1347700  1524.66 134764 134764 134765 134763 134783 134761 134767 134765 134763 134805 134778 134774 134764 134704 134759 134724 134795 134748 134757 134806
  886.150  1355382  1533.42  1355480  1530.97 135542 135543 135543 135542 135560 135539 135544 135543 135541 135583 135557 135550 135542 135487 135538 135502 135574 135526 135526 135580
  891.150  1362895  1530.15  1363066  1524.31 136300 136301 136302 136301 136320 136298 136302 136301 136300 136341 136316 136307 136301 136244 136300 136260 136259 136285 136285 136338
  896.151  1370405  1523.26  1370658  1522.89 137060 137060 137061 137060 137081 137056 137060 137060 137060 137100 137072 136990 137062 136998 137059 137022 137017 137043 137046 137096
  901.150  1378022  1534.16  1378416  1538.76 137837 137836 137836 137836 137856 137833 137836 137836 137836 137874 137847 137772 137762 137773 137842 137800 137789 137818 137824 137795
  906.150  1385822  1535.67  1386204  1547.92 138616 138615 138615 138614 138636 138611 138616 138614 138614 138653 138622 138554 138542 138551 138620 138577 138575 138596 138607 138578
  911.150  1393322  1526.09  1393699  1540.99 139373 139371 139373 139370 139394 139368 139373 139370 139372 139335 139304 139310 139302 139309 139377 139337 139328 139355 139368 139332
  916.150  1400915  1520.07  1401292  1534.73 140133 140130 140133 140130 140152 140126 140132 140128 140133 140095 140062 140067 140061 140072 140134 140098 140089 140113 140128 140091
  921.150  1408687  1526.39  1409073  1530.85 140911 140907 140912 140907 140931 140905 140911 140905 140912 140872 140838 140841 140840 140848 140912 140873 140867 140892 140904 140872
  926.151  1416460  1532.47  1416853  1526.70 141688 141685 141690 141685 141707 141684 141690 141684 141690 141650 141613 141617 141618 141625 141689 141653 141645 141669 141683 141648
  931.150  1424093  1532.87  1424479  1521.93 142450 142450 142452 142448 142469 142447 142452 142447 142452 142412 142377 142380 142385 142389 142453 142414 142408 142434 142444 142409
  936.150  1431699  1526.44  1431997  1515.91 143208 143212 143212 143207 143152 143204 143213 143204 143213 143172 143137 143140 143146 143150 143213 143177 143166 143198 143205 143167
  941.150  1439405  1535.94  1439779  1525.37 143987 143990 143990 143985 143931 143981 143992 143981 143992 143950 143916 143916 143924 143928 143991 143954 143940 143899 143987 143950
  946.150  1447135  1537.95  1447579  1532.58 144766 144771 144771 144766 144710 144761 144771 144761 144771 144731 144698 144697 144705 144706 144772 144735 144723 144676 144688 144735
  951.151  1454657  1529.66  1455173  1526.17 145525 145531 145530 145525 145469 145519 145532 145519 145532 145491 145461 145455 145465 145466 145535 145420 145478 145437 145449 145491
  956.150  1462118  1518.54  1462415  1517.70 146284 146208 146205 146285 146220 146277 146207 146277 146207 146245 146211 146210 146222 146141 146293 146170 146237 146185 146199 146250
  961.150  1470108  1528.51  1470401  1530.66 147077 147010 147006 147078 147023 147072 147009 147072 147009 147045 147012 147009 147019 146943 147087 146972 147035 146987 147000 147044
  966.150  1478050  1542.48  1478263  1544.90 147802 147811 147807 147804 147824 147874 147811 147874 147810 147846 147811 147811 147822 147744 147812 147775 147838 147791 147800 147846
  971.150  1486068  1552.79  1486136  1552.92 148605 148614 148609 148606 148626 148600 148614 148600 148613 148649 148612 148613 148621 148544 148615 148577 148642 148593 148603 148648
  976.150  1493965  1555.70  1493979  1553.93 149385 149398 149393 149390 149414 149382 149398 149380 149397 149442 149405 149407 149415 149332 149397 149361 149435 149380 149391 149442
  981.150  1501649  1566.80  1501794  1562.00 150169 150180 150173 150173 150193 150167 150180 150166 150180 150213 150175 150175 150186 150117 150183 150143 150204 150160 150171 150135
  986.150  1509399  1584.03  1509769  1586.48 150966 150977 150971 150971 150990 150965 150977 150964 150977 151011 150970 150895 150909 150915 150980 150944 150927 150958 150969 150932
  991.150  1517382  1583.85  1517739  1585.99 151763 151775 151767 151767 151786 151762 151774 151762 151774 151809 151770 151687 151712 151712 151780 151740 151725 151754 151771 151731
  996.150  1525413  1581.43  1525770  1588.98 152564 152580 152572 152572 152589 152564 152578 152564 152578 152609 152573 152490 152514 152516 152588 152540 152528 152555 152575 152534
 1001.150  1533107  1569.70  1533566  1585.50 153341 153360 153351 153352 153370 153341 153356 153342 153356 153397 153270 153265 153288 153297 153366 153321 153306 153330 153355 153309
 1006.151  1541007  1567.92  1541368  1579.56 154132 154148 154140 154140 154156 154132 154145 154132 154144 154099 154067 154057 154082 154085 154159 154106 154098 154116 154137 154100
 1011.150  1549031  1576.95  1549402  1581.78 154936 154951 154944 154944 154959 154936 154947 154936 154946 154903 154872 154858 154883 154887 154958 154910 154907 154918 154936 154902
 1016.150  1557025  1584.97  1557399  1582.35 155735 155752 155743 155743 155759 155735 155747 155736 155745 155704 155668 155659 155687 155685 155756 155710 155705 155718 155735 155702
 1021.150  1564966  1581.58  1565353  1576.51 156527 156552 156539 156539 156560 156527 156543 156529 156544 156493 156459 156450 156478 156484 156555 156507 156494 156513 156530 156496
 1026.150  1572606  1570.77  1572904  1560.91 157292 157313 157301 157300 157243 157292 157305 157294 157303 157261 157224 157220 157246 157244 157316 157266 157263 157272 157291 157264
 1031.150  1580708  1581.68  1580994  1570.70 158101 158122 158111 158108 158051 158101 158114 158102 158113 158071 158034 158029 158057 158057 158129 158075 158072 158081 158102 158072
 1036.150  1588600  1581.36  1588969  1579.28 158906 158851 158916 158913 158856 158906 158922 158906 158917 158876 158843 158829 158861 158863 158934 158804 158875 158886 158832 158873
 1041.150  1596454  1577.50  1596901  1577.67 159707 159650 159716 159715 159656 159708 159645 159708 159718 159678 159645 159629 159660 159586 159735 159605 159678 159606 159635 159675
 1046.150  1603969  1564.13  1604363  1564.36 160474 160407 160397 160482 160412 160475 160402 160477 160399 160438 160408 160389 160420 160342 160413 160359 160442 160369 160391 160436
 1051.150  1611931  1562.95  1612226  1565.27 161262 161205 161196 161194 161210 161263 161202 161264 161198 161232 161205 161185 161212 161140 161214 161158 161234 161163 161190 161230
 1056.150  1619924  1574.75  1619991  1577.50 161985 162005 161994 161992 162009 161987 162002 161989 161995 162033 162007 161984 162012 161936 162014 161956 162036 161959 161989 162031
 1061.150  1627938  1571.64  1628004  1574.87 162788 162806 162795 162793 162810 162788 162802 162791 162797 162834 162810 162786 162812 162738 162813 162758 162834 162760 162796 162831
 1066.151  1635723  1569.11  1635846  1570.05 163570 163592 163580 163574 163596 163570 163588 163573 163580 163623 163601 163573 163606 163522 163592 163542 163538 163546 163581 163622
 1071.150  1643322  1564.80  1643555  1562.89 164344 164362 164351 164347 164365 164343 164358 164347 164351 164387 164365 164335 164293 164290 164364 164308 164316 164320 164347 164384
 1076.150  1651311  1583.29  1651602  1582.55 165148 165166 165156 165151 165170 165149 165163 165151 165156 165192 165173 165066 165101 165100 165168 165113 165123 165125 165150 165192
 1081.150  1659177  1582.87  1659544  1582.74 165942 165960 165951 165945 165966 165943 165957 165945 165950 165985 165972 165866 165896 165895 165964 165902 165915 165918 165942 165907
 1086.150  1666695  1566.91  1667117  1576.17 166700 166718 166708 166702 166724 166701 166714 166701 166706 166743 166662 166626 166653 166650 166719 166666 166672 166678 166699 166670
 1091.150  1674303  1547.93  1674731  1560.18 167462 167482 167470 167463 167486 167462 167475 167462 167467 167502 167426 167384 167410 167412 167482 167425 167431 167440 167463 167430
 1096.150  1682249  1550.69  1682673  1560.82 168256 168276 168264 168257 168280 168256 168271 168256 168261 168296 168224 168178 168205 168204 168279 168218 168227 168232 168260 168222
 1101.150  1689882  1549.45  1690219  1553.04 169018 169036 169027 169020 169041 169020 169033 169018 169023 168983 168989 168939 168969 168970 169040 168984 168988 168997 169020 168986
 1106.150  1697607  1538.76  1697950  1534.19 169792 169810 169802 169795 169813 169796 169805 169793 169797 169747 169754 169710 169743 169744 169815 169763 169759 169771 169792 169756
 1111.150  1705396  1537.50  1705729  1525.85 170568 170587 170581 170572 170591 170572 170584 170569 170574 170531 170536 170492 170522 170524 170591 170540 170535 170546 170572 170538
 1116.151  1712962  1539.30  1713297  1526.01 171325 171343 171337 171331 171347 171331 171339 171327 171330 171287 171285 171252 171277 171283 171347 171300 171287 171306 171330 171295
 1121.150  1720568  1541.91  1720976  1531.01 172101 172120 172111 172109 172044 172108 172113 172102 172108 172060 172061 172032 172055 172060 172129 171997 172059 172001 172107 172067
 1126.150  1728220  1532.27  1728712  1526.36 172883 172822 172893 172891 172825 172888 172893 172884 172890 172843 172843 172811 172837 172761 172906 172780 172842 172780 172811 172849
 1131.150  1735866  1532.68  1736332  1529.43 173646 173589 173652 173652 173589 173650 173652 173646 173651 173605 173609 173573 173602 173529 173668 173544 173605 173546 173576 173614
 1136.150  1743797  1539.16  1744028  1538.15 174447 174387 174377 174377 174387 174450 174378 174447 174374 174404 174412 174379 174403 174326 174389 174346 174408 174344 174377 174413
 1141.150  1751416  1531.11  1751415  1533.09 175132 175149 175140 175138 175148 175133 175140 175132 175137 175166 175174 175141 175164 175085 175152 175106 175171 175104 175141 175178
 1146.150  1759188  1538.00  1759190  1540.09 175910 175926 175917 175915 175924 175910 175917 175911 175914 175946 175950 175921 175944 175863 175927 175881 175947 175882 175917 175956
 1151.151  1766971  1544.21  1766989  1541.56 176690 176705 176697 176695 176705 176690 176697 176691 176693 176726 176730 176695 176724 176641 176707 176661 176724 176660 176695 176734
 1156.150  1774314  1541.51  1774559  1535.87 177448 177462 177452 177451 177461 177448 177452 177450 177450 177485 177489 177374 177405 177397 177466 177417 177406 177418 177450 177492
 1161.150  1782376  1555.54  1782601  1550.00 178252 178267 178256 178255 178265 178252 178257 178254 178254 178289 178294 178183 178209 178201 178266 178227 178215 178227 178260 178294
 1166.150  1790363  1557.21  1790578  1559.33 179051 179063 179053 179054 179062 179050 179055 179052 179052 179086 179093 178983 179009 178997 179064 179024 179014 179027 179056 179096
 1171.151  1797832  1554.82  1798225  1567.90 179813 179830 179817 179818 179829 179813 179819 179817 179814 179855 179774 179739 179771 179759 179829 179792 179775 179792 179822 179779
 1176.150  1805841  1557.68  1806208  1570.00 180614 180627 180616 180616 180627 180614 180616 180616 180613 180649 180580 180541 180574 180560 180624 180591 180577 180589 180622 180583
 1181.150  1813838  1564.92  1814208  1576.70 181413 181429 181416 181416 181429 181413 181415 181416 181412 181449 181379 181340 181377 181361 181423 181392 181376 181390 181419 181381
 1186.150  1821909  1586.70  1822202  1593.58 182221 182235 182223 182223 182235 182221 182222 182223 182219 182180 182186 182146 182184 182172 182231 182199 182185 182195 182223 182188
 1191.150  1829642  1571.48  1829950  1570.97 182994 183011 183000 183000 183011 182994 182998 183000 182993 182949 182954 182918 182958 182948 183007 182973 182961 182972 182996 182955
 1196.150  1837449  1566.98  1837758  1559.73 183775 183789 183781 183781 183789 183775 183778 183781 183774 183735 183741 183698 183739 183726 183787 183753 183741 183753 183775 183736
