Test case: 
Description: 
	10 senders: persistent queues
	10 receivers: client acknowledge every 50 messages
Timestamp: 2011.11.1 19:37:2
Version: 
Setting up JMS benchmark connections... 

Start processing messages.
Thu Dec 01 19:37:02 EST 2011

  Seconds   Send   Send/Sec   Recv   Recv/Sec   RCV0   RCV1   RCV2   RCV3   RCV4   RCV5   RCV6   RCV7   RCV8   RCV9  SND10  SND11  SND12  SND13  SND14  SND15  SND16  SND17  SND18  SND19
  ------- -------- -------- -------- -------- ------ ------ ------ ------ ------ ------ ------ ------ ------ ------ ------ ------ ------ ------ ------ ------ ------ ------ ------ ------
    1.165        0     0.00        0     0.00      0      0      0      0      0      0      0      0      0      0      0      0      0      0      0      0      0      0      0      0
    6.165     1147   240.22     1150   250.00    115    115    115    115    115    115    115    115    115    115    116    111    114    116    115    116    116    118    114    111
   11.165     2701   263.13     2730   262.50    273    273    273    273    273    273    273    273    273    273    274    265    271    272    271    275    273    256    272    272
   16.165     4343   296.01     4338   297.10    435    435    431    431    434    435    434    434    435    434    432    449    435    429    430    432    434    441    430    431
   21.165     7393   369.54     7466   373.27    749    751    735    735    749    749    749    750    750    749    738    723    751    727    734    747    752    754    731    736
   26.165    14297   569.76    14423   570.85   1440   1466   1420   1420   1438   1440   1439   1459   1459   1442   1420   1399   1458   1411   1416   1430   1458   1467   1416   1422
   31.165    23125   775.14    23326   764.49   2329   2357   2312   2311   2328   2328   2328   2351   2351   2331   2311   2288   2352   2301   2312   2318   2349   2271   2308   2315
   36.166    32328  1040.44    32548  1029.06   3250   3278   3236   3235   3249   3251   3251   3272   3275   3251   3238   3208   3272   3217   3230   3238   3266   3190   3228   3241
   41.165    41502  1294.24    41547  1287.16   4165   4113   4153   4152   4164   4165   4168   4187   4112   4168   4151   4130   4192   4132   4145   4157   4182   4112   4146   4155
   46.165    49879  1506.11    49807  1503.99   5008   4932   4991   4988   5004   5005   5011   4926   4931   5011   4993   4962   5041   4969   4978   4994   5030   4936   4984   4992
   51.165    57546  1669.93    57672  1666.61   5785   5734   5774   5770   5782   5784   5788   5732   5735   5788   5776   5750   5738   5750   5760   5778   5729   5733   5760   5772
   56.165    65556  1704.40    65680  1701.88   6587   6534   6574   6570   6584   6585   6589   6532   6536   6589   6578   6553   6540   6549   6559   6580   6532   6534   6560   6571
   61.165    73634  1678.76    73764  1673.76   7396   7343   7382   7380   7393   7393   7398   7338   7343   7398   7383   7362   7345   7359   7368   7387   7338   7342   7366   7384
   66.165    81351  1624.42    81228  1621.93   8084   8111   8156   8155   8166   8166   8086   8107   8111   8086   8153   8135   8117   8135   8139   8160   8107   8112   8138   8155
   71.165    88992  1575.30    88747  1578.66   8856   8879   8922   8921   8851   8851   8857   8875   8877   8858   8917   8895   8883   8899   8902   8926   8873   8877   8900   8920
   76.166    96874  1561.91    96713  1569.06   9652   9677   9714   9714   9650   9650   9655   9673   9673   9655   9635   9694   9678   9695   9697   9721   9665   9679   9698   9712
   81.165   104824  1573.86   104815  1576.95  10463  10487  10524  10524  10460  10459  10466  10483  10483  10466  10443  10505  10490  10509  10511  10454  10478  10487  10431  10516
   86.165   112779  1579.55   112845  1582.77  11282  11303  11267  11267  11279  11279  11283  11301  11301  11283  11267  11322  11305  11252  11253  11272  11296  11305  11246  11261
   91.165   120541  1567.82   120603  1571.78  12057  12084  12040  12040  12052  12052  12057  12082  12082  12057  12043  12103  12089  12025  12027  12043  12071  12085  12020  12035
   96.165   128399  1573.61   128470  1577.50  12844  12865  12830  12830  12840  12840  12845  12865  12866  12845  12831  12885  12868  12815  12819  12832  12854  12865  12807  12823
  101.165   136301  1582.38   136452  1592.99  13642  13662  13630  13630  13638  13638  13643  13662  13664  13643  13629  13604  13666  13613  13623  13631  13654  13659  13606  13616
  106.165   144325  1584.92   144470  1595.29  14442  14463  14435  14435  14439  14437  14445  14463  14466  14445  14428  14407  14468  14420  14423  14431  14456  14459  14411  14422
  111.165   152250  1582.52   152415  1588.42  15236  15258  15228  15228  15232  15229  15242  15258  15262  15242  15219  15188  15268  15206  15218  15227  15255  15257  15205  15207
  116.166   159801  1572.82   160032  1573.12  15998  16018  15992  15992  15994  15992  16003  16019  16023  16001  15978  15955  16026  15973  15980  15990  16013  15944  15969  15973
  121.165   167846  1582.50   168068  1577.80  16802  16820  16796  16797  16799  16797  16807  16821  16824  16805  16783  16760  16828  16778  16785  16796  16818  16750  16769  16779
  126.166   175854  1584.77   176079  1579.87  17603  17620  17599  17599  17600  17598  17607  17623  17625  17605  17584  17561  17630  17578  17585  17599  17620  17548  17567  17582
  131.165   183848  1585.20   184089  1572.68  18404  18423  18400  18398  18402  18400  18408  18424  18425  18405  18381  18359  18430  18377  18383  18399  18418  18350  18371  18380
  136.165   191597  1568.68   191612  1561.36  19182  19119  19176  19174  19178  19176  19185  19119  19120  19183  19157  19134  19207  19151  19155  19174  19194  19123  19145  19157
  141.165   199280  1562.65   199466  1561.28  19965  19911  19959  19958  19961  19959  19967  19910  19910  19966  19935  19921  19914  19936  19938  19957  19901  19907  19928  19943
  146.165   207263  1577.17   207451  1573.58  20765  20710  20756  20756  20759  20756  20766  20708  20709  20766  20733  20720  20712  20736  20732  20752  20696  20708  20730  20744
  151.165   215296  1577.05   215500  1574.06  21571  21513  21562  21562  21564  21561  21572  21511  21512  21572  21537  21521  21514  21537  21534  21560  21501  21511  21533  21548
  156.165   223226  1568.48   223180  1568.51  22280  22301  22359  22359  22361  22359  22281  22299  22300  22281  22332  22314  22302  22338  22327  22357  22285  22301  22326  22344
  161.165   230882  1560.32   230880  1559.91  23054  23074  23123  23123  23124  23124  23056  23071  23073  23058  23095  23083  23074  23101  23089  23119  23056  23070  23091  23104
  166.165   238732  1568.99   238589  1576.41  23853  23877  23849  23848  23849  23849  23858  23872  23875  23859  23819  23881  23872  23901  23889  23921  23860  23868  23814  23907
  171.166   246647  1582.00   246654  1583.54  24660  24683  24655  24654  24655  24654  24665  24679  24682  24667  24626  24689  24675  24707  24621  24651  24667  24675  24625  24711
  176.165   254598  1580.54   254687  1585.10  25463  25485  25458  25457  25459  25458  25469  25482  25485  25471  25428  25492  25480  25434  25425  25454  25471  25474  25427  25513
  181.165   262126  1566.44   262293  1570.23  26223  26246  26219  26216  26220  26217  26230  26244  26246  26232  26187  26251  26239  26193  26186  26214  26233  26234  26191  26198
  186.165   269687  1551.51   269868  1561.61  26982  27003  26975  26971  26980  26975  26988  27001  27003  26990  26945  27009  26996  26947  26942  26970  26989  26991  26943  26955
  191.165   277291  1549.60   277451  1555.03  27740  27761  27735  27731  27738  27734  27746  27759  27760  27747  27707  27769  27752  27707  27704  27732  27749  27750  27707  27714
  196.165   284832  1539.30   285079  1552.42  28502  28524  28499  28495  28501  28498  28507  28522  28523  28508  28467  28454  28514  28470  28465  28492  28512  28513  28470  28475
  201.165   292703  1537.74   292953  1545.82  29289  29311  29285  29283  29289  29284  29295  29310  29311  29296  29258  29244  29300  29250  29254  29281  29299  29302  29257  29258
  206.165   300465  1531.41   300711  1531.51  30064  30087  30061  30060  30064  30059  30071  30086  30088  30071  30032  30018  30079  30021  30031  30056  30076  30079  30033  30040
  211.165   308012  1534.77   308338  1532.18  30827  30850  30823  30823  30827  30821  30834  30850  30850  30833  30795  30779  30843  30781  30793  30821  30835  30764  30797  30804
  216.166   315551  1528.61   315964  1523.64  31590  31613  31587  31587  31589  31584  31595  31613  31613  31593  31560  31538  31602  31542  31556  31581  31522  31530  31557  31563
  221.165   323337  1532.42   323523  1528.29  32367  32316  32366  32366  32368  32363  32373  32316  32316  32372  32337  32320  32380  32324  32334  32361  32297  32307  32334  32343
  226.165   331058  1537.82   331330  1533.69  33148  33096  33147  33147  33149  33147  33153  33096  33095  33152  33120  33101  33083  33100  33113  33139  33076  33086  33117  33123
  231.166   338712  1531.33   338966  1526.59  33911  33859  33910  33910  33912  33910  33917  33860  33860  33917  33883  33867  33848  33867  33878  33904  33843  33852  33882  33888
  236.165   346305  1522.38   346569  1520.47  34672  34617  34671  34671  34675  34671  34679  34617  34617  34679  34647  34624  34606  34627  34638  34661  34601  34611  34646  34644
  241.165   354217  1534.66   354382  1529.43  35461  35406  35461  35460  35463  35461  35390  35406  35407  35467  35436  35417  35398  35420  35430  35456  35391  35400  35432  35437
  246.165   361926  1538.41   362040  1533.31  36231  36187  36231  36230  36233  36230  36163  36187  36187  36161  36207  36187  36173  36188  36197  36220  36169  36174  36205  36206
  251.165   369306  1532.25   369424  1535.13  36991  36949  36917  36991  36918  36916  36924  36948  36948  36922  36893  36951  36932  36950  36880  36981  36930  36932  36890  36967
  256.165   376964  1530.03   376940  1530.54  37682  37713  37685  37682  37686  37684  37692  37713  37714  37689  37658  37714  37700  37714  37647  37746  37693  37697  37655  37740
  261.165   384607  1532.06   384737  1535.99  38462  38496  38463  38461  38464  38461  38470  38495  38498  38467  38433  38495  38480  38415  38425  38446  38478  38480  38432  38523
  266.165   392455  1538.12   392576  1538.56  39246  39278  39247  39246  39249  39246  39255  39275  39283  39251  39225  39278  39262  39205  39209  39229  39260  39265  39219  39303
  271.165   400002  1528.66   400198  1529.53  40008  40040  40008  40008  40010  40008  40019  40038  40046  40013  39989  40036  40027  39970  39974  39990  40014  40030  39983  39989
  276.166   407541  1523.10   407740  1525.89  40762  40793  40762  40762  40764  40762  40773  40793  40801  40768  40744  40791  40781  40724  40730  40742  40769  40782  40736  40742
  281.165   415306  1533.39   415509  1538.79  41539  41568  41539  41539  41540  41539  41550  41568  41581  41546  41519  41567  41554  41500  41505  41520  41545  41562  41517  41517
  286.165   423153  1539.63   423356  1549.83  42324  42352  42323  42323  42325  42323  42335  42354  42366  42331  42305  42351  42341  42282  42286  42305  42334  42348  42300  42301
  291.165   430703  1539.33   430902  1544.19  43088  43114  43085  43085  43088  43085  43097  43115  43052  43093  43066  43037  43101  43044  43054  43067  43099  43111  43063  43061
  296.165   438258  1531.85   438538  1532.01  43850  43879  43850  43850  43851  43849  43859  43880  43814  43856  43827  43799  43865  43809  43817  43829  43788  43876  43825  43823
  301.165   445985  1537.89   446349  1538.42  44631  44658  44631  44631  44632  44629  44642  44659  44597  44639  44605  44581  44649  44585  44598  44608  44573  44582  44603  44601
  306.165   453831  1548.24   454106  1537.87  45414  45443  45413  45414  45414  45412  45425  45368  45381  45422  45389  45365  45434  45370  45383  45394  45357  45365  45387  45387
  311.166   461430  1537.58   461623  1529.63  46173  46127  46171  46173  46172  46171  46184  46128  46142  46182  46147  46127  46193  46128  46145  46154  46116  46128  46145  46147
  316.165   468910  1522.72   469195  1520.20  46930  46883  46929  46930  46930  46929  46941  46885  46900  46938  46899  46884  46873  46885  46901  46908  46871  46885  46900  46904
  321.165   476675  1527.18   476937  1527.01  47704  47656  47704  47704  47704  47704  47715  47658  47674  47714  47675  47659  47650  47661  47677  47689  47646  47660  47673  47685
  326.165   484462  1534.87   484727  1531.71  48483  48435  48483  48483  48483  48483  48495  48437  48452  48493  48458  48435  48428  48440  48454  48468  48425  48440  48452  48462
  331.165   492066  1530.81   492262  1525.20  49245  49196  49244  49245  49244  49244  49180  49197  49215  49252  49214  49193  49191  49203  49213  49232  49181  49200  49213  49226
  336.165   499587  1522.58   499786  1520.30  50006  49957  50004  50004  50004  50004  49939  49956  49976  49936  49969  49957  49951  49963  49894  49991  49944  49960  49975  49983
  341.165   507432  1533.47   507636  1533.78  50722  50750  50798  50798  50797  50798  50731  50750  50765  50727  50760  50741  50744  50753  50691  50786  50737  50751  50693  50776
  346.165   515093  1542.05   515132  1538.86  51502  51532  51501  51501  51501  51502  51509  51532  51546  51506  51467  51524  51527  51531  51474  51487  51518  51535  51473  51557
  351.165   522599  1533.26   522796  1536.28  52269  52297  52268  52268  52268  52269  52276  52297  52313  52271  52232  52290  52294  52223  52243  52251  52280  52300  52240  52246
  356.165   530577  1538.66   530794  1542.92  53067  53098  53066  53066  53066  53067  53078  53098  53116  53072  53030  53087  53093  53015  53045  53046  53080  53101  53041  53039
  361.165   538261  1541.51   538479  1547.99  53835  53866  53835  53835  53835  53835  53843  53866  53891  53838  53798  53857  53859  53785  53810  53815  53853  53871  53807  53806
  366.165   546270  1558.72   546519  1560.50  54641  54669  54641  54641  54640  54641  54649  54669  54686  54642  54597  54656  54659  54588  54617  54621  54649  54666  54611  54606
  371.165   554338  1563.52   554578  1567.38  55446  55476  55446  55447  55447  55446  55455  55476  55492  55447  55406  55463  55464  55393  55425  55430  55455  55472  55418  55412
  376.165   562337  1575.02   562597  1585.02  56246  56278  56246  56250  56250  56249  56258  56278  56292  56250  56208  56259  56262  56194  56225  56232  56253  56275  56216  56213
  381.165   570256  1586.93   570428  1592.23  57035  57072  57035  57042  57042  57037  57050  57075  56998  57042  56997  57054  57055  56981  57018  57023  57056  57067  57004  57001
  386.165   577791  1579.26   578134  1580.87  57806  57838  57805  57814  57813  57807  57819  57841  57777  57814  57768  57740  57826  57752  57791  57794  57741  57828  57774  57777
  391.165   585747  1588.29   586178  1585.10  58610  58643  58609  58618  58618  58611  58624  58645  58582  58618  58572  58543  58624  58553  58595  58600  58546  58554  58580  58580
  396.165   593700  1583.99   593985  1580.07  59405  59362  59405  59414  59414  59408  59420  59365  59378  59414  59363  59337  59420  59350  59393  59394  59341  59351  59374  59377
  401.165   601711  1576.48   602004  1572.95  60206  60164  60207  60217  60217  60210  60222  60166  60178  60217  60162  60136  60223  60150  60192  60196  60137  60155  60177  60183
  406.165   609323  1559.26   609616  1557.18  60969  60916  60969  60981  60981  60973  60988  60921  60936  60982  60927  60892  60988  60913  60959  60961  60893  60908  60937  60945
  411.165   617241  1560.84   617598  1564.60  61767  61722  61768  61775  61775  61770  61780  61726  61739  61776  61728  61695  61704  61711  61752  61758  61697  61717  61733  61746
  416.165   625273  1578.26   625646  1576.61  62570  62527  62573  62580  62580  62574  62586  62530  62543  62583  62530  62501  62512  62513  62555  62555  62499  62519  62539  62550
  421.165   633239  1578.36   633532  1573.79  63367  63322  63369  63376  63376  63372  63304  63327  63339  63380  63321  63297  63305  63310  63351  63358  63298  63316  63336  63347
  426.165   641152  1573.86   641261  1574.16  64160  64108  64163  64171  64081  64167  64088  64113  64125  64085  64112  64083  64093  64106  64146  64155  64087  64099  64132  64139
  431.165   648715  1564.62   648935  1567.17  64932  64887  64933  64861  64862  64935  64868  64890  64901  64866  64881  64860  64871  64873  64836  64921  64863  64876  64824  64910
  436.165   656617  1579.40   656755  1579.30  65661  65690  65661  65667  65669  65663  65672  65695  65705  65672  65611  65665  65676  65680  65642  65653  65667  65683  65625  65715
  441.166   664550  1577.11   664763  1580.13  66462  66491  66462  66466  66468  66462  66475  66497  66505  66475  66412  66467  66477  66484  66442  66453  66471  66483  66422  66439
  446.165   672453  1574.58   672750  1577.84  67259  67292  67259  67264  67267  67259  67275  67296  67304  67275  67205  67270  67278  67207  67239  67247  67268  67284  67221  67234
  451.165   680103  1564.40   680376  1566.48  68021  68052  68021  68028  68030  68021  68035  68061  68072  68035  67971  68036  68044  67969  67999  68011  68039  68051  67985  67998
  456.165   688140  1569.13   688420  1574.83  68826  68856  68828  68835  68836  68828  68839  68862  68871  68839  68776  68837  68848  68774  68808  68818  68833  68851  68787  68808
  461.165   696153  1584.19   696433  1586.17  69628  69657  69631  69635  69635  69631  69640  69663  69673  69640  69577  69637  69645  69580  69607  69623  69633  69654  69588  69609
  466.165   704221  1587.05   704496  1594.23  70435  70463  70438  70442  70441  70437  70446  70468  70480  70446  70385  70443  70457  70383  70416  70425  70440  70462  70395  70415
  471.165   711957  1581.76   712335  1587.17  71215  71251  71218  71223  71223  71217  71231  71256  71270  71231  71165  71230  71242  71161  71201  71205  71139  71250  71174  71190
  476.165   719618  1577.55   719972  1574.40  71992  72019  71993  71996  71997  71992  72002  72022  71958  72001  71941  71997  72010  71937  71980  71980  71919  71942  71946  71966
  481.165   727528  1586.24   727962  1586.61  72790  72819  72792  72795  72796  72789  72801  72822  72758  72800  72740  72721  72806  72733  72776  72777  72719  72743  72745  72768
  486.166   735093  1567.95   735463  1565.74  73548  73578  73549  73551  73552  73547  73560  73504  73516  73558  73493  73480  73566  73491  73533  73533  73474  73498  73500  73525
  491.165   743054  1561.74   743338  1552.75  74345  74292  74346  74350  74350  74344  74355  74296  74306  74354  74287  74272  74363  74287  74336  74333  74267  74287  74306  74316
  496.165   750677  1543.31   750966  1541.19  75106  75061  75106  75111  75111  75104  75116  75063  75073  75115  75047  75039  75122  75048  75095  75091  75036  75055  75068  75076
  501.166   758190  1535.23   758562  1532.42  75866  75818  75867  75871  75871  75865  75876  75821  75832  75875  75808  75791  75800  75809  75857  75851  75795  75811  75827  75841
  506.165   766158  1546.39   766520  1544.18  76660  76616  76661  76665  76665  76659  76671  76622  76630  76671  76605  76593  76598  76603  76655  76644  76595  76610  76621  76634
  511.165   773753  1535.87   773967  1531.21  77420  77377  77421  77424  77424  77418  77355  77382  77391  77355  77364  77351  77356  77365  77416  77407  77354  77370  77378  77392
  516.165   781312  1537.75   781604  1534.93  78185  78141  78186  78189  78189  78182  78116  78147  78153  78116  78131  78115  78121  78131  78100  78175  78116  78130  78139  78154
  521.165   789149  1536.36   789378  1539.85  78985  78940  78909  78913  78913  78982  78918  78946  78953  78919  78931  78913  78922  78927  78901  78897  78918  78926  78859  78955
  526.165   796778  1534.19   796856  1537.38  79672  79701  79672  79676  79676  79668  79684  79707  79716  79684  79692  79672  79687  79691  79664  79660  79681  79689  79625  79717
  531.166   804237  1534.38   804448  1537.13  80431  80461  80432  80434  80434  80427  80441  80469  80478  80441  80374  80440  80445  80371  80421  80422  80442  80454  80387  80481
  536.165   812081  1531.81   812368  1532.42  81221  81255  81222  81227  81224  81215  81232  81265  81275  81232  81163  81238  81239  81159  81214  81215  81241  81247  81178  81282
  541.165   819771  1536.41   820068  1539.30  81995  82022  81995  82000  81997  81990  82002  82028  82037  82002  81939  82000  82003  81930  81982  81988  82005  82011  81946  81967
  546.165   827353  1537.18   827644  1537.05  82751  82782  82751  82758  82754  82749  82759  82787  82794  82759  82696  82763  82764  82687  82735  82744  82766  82767  82701  82730
  551.165   835166  1534.06   835461  1538.86  83534  83562  83534  83540  83537  83530  83541  83567  83575  83541  83477  83543  83545  83468  83513  83527  83546  83545  83487  83515
  556.165   842777  1538.52   843231  1548.49  84311  84342  84310  84317  84313  84307  84316  84345  84354  84316  84251  84245  84319  84247  84288  84305  84251  84320  84259  84292
  561.165   850344  1542.10   850729  1547.97  85069  85100  85066  85074  85071  85064  85074  85102  85036  85073  85008  85000  85076  85008  85043  85062  85006  85075  85014  85052
  566.166   858047  1536.80   858513  1538.17  85848  85878  85845  85853  85850  85843  85853  85881  85811  85851  85791  85778  85851  85784  85826  85838  85785  85776  85792  85826
  571.165   865854  1541.48   866229  1536.71  86626  86656  86624  86633  86629  86622  86632  86584  86592  86631  86571  86562  86631  86560  86607  86617  86566  86560  86573  86607
  576.165   873457  1536.61   873771  1529.09  87389  87342  87386  87394  87392  87385  87393  87346  87351  87393  87333  87321  87392  87322  87366  87378  87322  87321  87333  87369
  581.165   881082  1529.01   881477  1523.47  88160  88107  88159  88167  88163  88157  88167  88111  88119  88167  88101  88089  88081  88093  88135  88153  88093  88089  88105  88143
  586.165   888913  1532.01   889327  1528.15  88942  88896  88942  88951  88949  88940  88950  88900  88907  88950  88883  88870  88866  88876  88915  88937  88875  88876  88888  88927
  591.165   896531  1534.33   896942  1532.79  89703  89657  89703  89713  89709  89701  89711  89663  89671  89711  89644  89630  89630  89636  89677  89698  89635  89638  89651  89692
  596.165   904537  1543.98   904945  1539.78  90502  90459  90502  90513  90511  90501  90511  90464  90471  90511  90445  90428  90436  90439  90478  90500  90432  90436  90452  90491
  601.165   912121  1537.45   912465  1536.54  91261  91219  91261  91198  91269  91261  91270  91225  91231  91270  91201  91190  91195  91196  91238  91256  91192  91196  91208  91249
  606.165   920074  1551.74   920264  1552.62  92064  92021  92065  91999  91997  92064  91997  92027  92033  91997  92004  91989  92000  91998  91966  92057  91995  92002  92010  92053
  611.165   927962  1557.97   928019  1561.86  92787  92820  92788  92798  92795  92787  92794  92825  92830  92795  92799  92783  92801  92794  92763  92777  92793  92804  92803  92845
  616.165   935569  1551.03   935755  1555.09  93558  93597  93558  93572  93568  93559  93567  93601  93607  93568  93493  93561  93578  93578  93538  93548  93568  93581  93585  93539
  621.165   943254  1559.77   943620  1558.32  94346  94383  94346  94358  94355  94346  94353  94387  94391  94355  94280  94345  94362  94280  94323  94337  94351  94363  94285  94328
  626.165   951296  1561.17   951662  1559.73  95150  95187  95150  95163  95160  95150  95157  95191  95195  95159  95081  95148  95171  95087  95128  95138  95155  95164  95091  95133
  631.166   959339  1576.51   959698  1577.05  95953  95991  95953  95967  95964  95953  95961  95995  95999  95962  95890  95953  95975  95891  95931  95940  95958  95967  95895  95939
  636.165   967202  1569.03   967575  1578.22  96738  96784  96738  96752  96749  96738  96745  96789  96794  96748  96671  96743  96764  96671  96712  96721  96750  96760  96685  96725
  641.165   974912  1565.34   975289  1578.59  97512  97551  97513  97526  97522  97513  97519  97553  97559  97521  97447  97511  97534  97446  97484  97491  97515  97524  97461  97499
  646.166   982832  1578.29   983288  1587.48  98313  98350  98313  98326  98323  98313  98320  98351  98358  98321  98242  98238  98336  98244  98285  98292  98311  98323  98261  98300
  651.165   990717  1590.07   991255  1588.22  99116  99155  99116  99130  99129  99116  99124  99155  99088  99126  99047  99036  99142  99049  99088  99095  99039  99051  99067  99103
  656.165   998737  1586.58   999194  1581.51  99917  99955  99917  99933  99933  99917  99926  99880  99887  99929  99848  99837  99946  99853  99894  99896  99840  99850  99869  99904
  661.165  1006434  1574.21  1006803  1568.37 100687 100641 100687 100705 100705 100687 100698 100643 100650 100700 100616 100602 100723 100623 100667 100673 100600 100615 100637 100678
  666.165  1014272  1576.91  1014721  1563.83 101478 101439 101478 101493 101494 101479 101485 101439 101447 101489 101405 101400 101435 101415 101454 101465 101396 101410 101426 101466
  671.165  1022307  1577.42  1022761  1574.70 102282 102242 102282 102297 102298 102283 102290 102242 102251 102294 102211 102200 102237 102216 102256 102269 102199 102214 102233 102272
  676.165  1030299  1577.07  1030749  1574.08 103081 103038 103081 103097 103099 103081 103090 103039 103050 103093 103013 103001 103033 103014 103055 103068 102998 103011 103032 103074
  681.165  1038183  1575.19  1038465  1569.52 103871 103822 103870 103801 103803 103872 103883 103823 103835 103885 103802 103791 103813 103801 103847 103858 103788 103798 103818 103867
  686.165  1045829  1564.63  1046119  1561.68 104633 104592 104632 104573 104574 104634 104643 104593 104601 104644 104562 104554 104586 104564 104607 104617 104560 104567 104582 104630
  691.165  1053787  1573.62  1053923  1573.46 105428 105387 105428 105369 105369 105430 105363 105389 105397 105363 105357 105350 105381 105359 105404 105413 105351 105363 105377 105432
  696.166  1061670  1578.01  1061881  1575.02 106224 106182 106224 106165 106165 106227 106158 106184 106194 106158 106152 106149 106178 106156 106123 106209 106141 106156 106178 106228
  701.165  1069487  1572.99  1069777  1572.68 107021 106978 107019 106966 106966 106950 106953 106980 106991 106953 106948 106942 106979 106954 106916 107006 106936 106953 106902 106951
  706.165  1077061  1557.21  1077250  1557.48 107705 107744 107701 107731 107730 107711 107713 107746 107756 107713 107722 107710 107745 107728 107677 107689 107699 107717 107662 107712
  711.165  1084853  1555.54  1085147  1563.86 108499 108529 108495 108518 108518 108504 108505 108532 108542 108505 108500 108496 108531 108429 108469 108485 108488 108503 108449 108503
  716.165  1092808  1568.56  1093186  1574.13 109302 109334 109299 109323 109322 109308 109308 109337 109345 109308 109229 109301 109334 109229 109277 109284 109288 109307 109252 109307
  721.165  1100753  1565.67  1101135  1576.44 110098 110129 110095 110118 110116 110103 110103 110131 110139 110103 110019 110095 110133 110026 110066 110080 110084 110101 110045 110104
  726.165  1108721  1566.63  1109099  1575.25 110889 110928 110887 110916 110913 110899 110899 110930 110939 110899 110809 110894 110931 110817 110867 110875 110889 110896 110841 110902
  731.165  1116349  1562.26  1116739  1565.42 111657 111690 111656 111680 111675 111663 111663 111692 111700 111663 111577 111652 111693 111585 111631 111638 111649 111657 111602 111665
  736.165  1124171  1575.57  1124718  1579.70 112454 112487 112454 112480 112475 112462 112460 112488 112498 112460 112373 112373 112490 112384 112428 112435 112448 112382 112398 112460
  741.165  1132116  1580.94  1132601  1582.21 113251 113281 113251 113278 113272 113257 113254 113285 113218 113254 113168 113167 113280 113178 113225 113233 113243 113172 113194 113256
  746.165  1140131  1579.65  1140626  1577.84 114054 114083 114053 114080 114076 114061 114057 114088 114017 114057 113975 113967 114082 113981 114027 114037 114039 113969 113998 114056
  751.165  1147686  1566.54  1148194  1562.15 114817 114851 114817 114849 114844 114826 114821 114770 114778 114821 114735 114727 114849 114744 114796 114799 114723 114733 114761 114819
  756.165  1155509  1559.93  1155993  1555.77 115605 115560 115604 115634 115627 115614 115608 115563 115570 115608 115531 115519 115558 115536 115584 115589 115514 115527 115546 115605
  761.165  1163563  1571.31  1163962  1569.06 116409 116365 116408 116362 116431 116419 116413 116367 116375 116413 116335 116323 116364 116345 116393 116392 116315 116330 116353 116413
  766.166  1171565  1577.67  1171966  1570.25 117209 117165 117208 117163 117230 117219 117214 117168 117176 117214 117133 117124 117162 117143 117195 117192 117118 117131 117152 117215
  771.165  1179239  1563.12  1179549  1560.20 117979 117924 117978 117923 117915 117991 117984 117930 117940 117985 117904 117892 117921 117915 117966 117962 117880 117894 117923 117982
  776.165  1187061  1559.46  1187388  1556.38 118760 118713 118758 118712 118706 118770 118762 118717 118727 118763 118684 118676 118712 118698 118746 118742 118664 118675 118704 118760
  781.165  1194936  1573.07  1195251  1569.15 119553 119506 119551 119505 119502 119491 119555 119512 119520 119556 119477 119474 119503 119496 119469 119538 119459 119468 119495 119557
  786.165  1202529  1562.55  1202841  1561.95 120311 120266 120311 120264 120261 120248 120312 120272 120281 120315 120237 120235 120265 120252 120230 120296 120217 120224 120255 120318
  791.165  1209964  1544.13  1210275  1549.09 121069 121025 121070 121023 121019 121004 120997 121030 121039 120999 120994 120992 121026 121008 120985 121053 120978 120985 120940 121003
  796.165  1217488  1530.66  1217805  1535.66 121760 121796 121761 121793 121787 121772 121764 121799 121806 121767 121764 121760 121796 121702 121751 121745 121746 121748 121706 121770
  801.165  1225138  1532.33  1225538  1540.59 122535 122568 122535 122563 122559 122546 122538 122571 122582 122541 122462 122532 122565 122474 122527 122516 122520 122519 122478 122545
  806.165  1232896  1530.37  1233312  1535.84 123312 123347 123311 123341 123338 123323 123314 123349 123359 123318 123237 123303 123345 123255 123300 123290 123291 123296 123256 123323
  811.165  1240518  1519.35  1240938  1525.52 124074 124109 124074 124102 124100 124087 124077 124111 124122 124082 123999 124069 124105 124019 124062 124052 124053 124055 124022 124082
  816.165  1248136  1520.03  1248583  1524.43 124839 124874 124839 124867 124862 124851 124841 124876 124887 124847 124759 124832 124869 124780 124822 124815 124812 124817 124787 124843
  821.165  1255824  1531.24  1256349  1533.19 125615 125650 125615 125645 125639 125629 125618 125652 125663 125623 125536 125533 125644 125552 125598 125590 125588 125599 125563 125621
  826.165  1263450  1537.18  1263972  1538.99 126385 126419 126385 126413 126408 126400 126387 126422 126358 126395 126303 126306 126413 126322 126368 126363 126361 126293 126333 126388
  831.166  1271031  1532.25  1271560  1531.48 127145 127177 127145 127170 127167 127159 127147 127181 127115 127154 127062 127067 127171 127080 127127 127122 127117 127049 127092 127144
  836.165  1278543  1526.49  1279159  1522.60 127905 127939 127904 127930 127927 127919 127906 127942 127872 127915 127819 127826 127934 127839 127884 127879 127799 127806 127853 127904
  841.165  1286238  1528.71  1286856  1527.27 128684 128714 128682 128709 128702 128696 128684 128640 128651 128694 128596 128606 128633 128618 128661 128654 128575 128584 128629 128682
  846.165  1293980  1530.70  1294535  1524.06 129458 129413 129457 129485 129482 129469 129458 129417 129428 129468 129370 129378 129405 129390 129437 129429 129347 129363 129403 129458
  851.165  1301588  1522.75  1302084  1519.09 130221 130177 130219 130170 130244 130232 130221 130181 130189 130230 130129 130139 130165 130150 130200 130188 130110 130121 130166 130220
  856.165  1309171  1521.11  1309599  1518.02 130979 130935 130979 130930 130928 130991 130979 130941 130948 130989 130886 130894 130924 130913 130955 130948 130866 130878 130924 130983
  861.165  1316939  1527.20  1317378  1524.11 131759 131711 131759 131705 131704 131772 131759 131717 131724 131768 131666 131669 131698 131694 131731 131725 131640 131655 131700 131761
  866.165  1324744  1534.65  1325110  1531.43 132542 132493 132542 132487 132485 132473 132538 132499 132506 132545 132445 132448 132479 132475 132507 132502 132426 132438 132480 132544
  871.165  1332259  1531.39  1332633  1528.44 133302 133253 133300 133247 133244 133234 133299 133260 133266 133228 133209 133205 133240 133231 133191 133259 133185 133199 133239 133301
  876.165  1339622  1521.28  1340068  1525.44 133987 134012 133983 134005 134001 133992 134056 134019 134027 133986 133966 133961 133997 133920 133951 134020 133945 133955 133919 133988
  881.165  1347398  1527.17  1347782  1530.99 134766 134791 134760 134784 134782 134770 134760 134800 134805 134764 134743 134738 134778 134694 134731 134799 134721 134734 134695 134765
  886.165  1355093  1530.60  1355552  1536.88 135543 135567 135538 135560 135558 135548 135538 135575 135583 135542 135517 135518 135557 135471 135509 135503 135497 135507 135475 135539
  891.165  1362678  1524.28  1363145  1530.52 136303 136329 136298 136320 136316 136306 136298 136333 136342 136300 136274 136277 136318 136232 136268 136260 136255 136263 136234 136297
  896.165  1370265  1514.13  1370747  1523.22 137064 137090 137056 137082 137078 137066 137056 137095 137101 137059 137033 137033 137079 136990 137027 137021 137018 137021 136991 137052
  901.165  1377948  1522.82  1378510  1529.13 137841 137864 137834 137857 137853 137843 137833 137872 137878 137835 137733 137809 137852 137768 137802 137794 137794 137797 137770 137829
  906.165  1385725  1536.96  1386300  1538.44 138619 138644 138612 138637 138632 138621 138612 138653 138657 138613 138517 138585 138628 138543 138577 138573 138574 138574 138546 138608
  911.165  1393222  1529.93  1393881  1533.86 139380 139401 139369 139396 139390 139380 139369 139412 139415 139369 139275 139346 139389 139301 139332 139326 139333 139258 139298 139364
  916.165  1400733  1526.46  1401315  1525.28 140140 140157 140128 140153 140148 140139 140129 140095 140097 140129 140028 140030 140148 140057 140091 140088 140092 140021 140054 140124
  921.166  1408435  1530.34  1409096  1528.99 140919 140937 140905 140933 140924 140917 140907 140872 140875 140907 140808 140808 140926 140836 140867 140868 140796 140797 140831 140898
  926.165  1416219  1534.38  1416879  1535.25 141698 141714 141683 141711 141702 141695 141685 141653 141653 141685 141584 141584 141704 141619 141646 141650 141572 141576 141607 141677
  931.165  1423780  1527.35  1424428  1522.42 142459 142400 142446 142473 142465 142457 142448 142416 142416 142448 142349 142348 142390 142385 142410 142415 142336 142335 142372 142440
  936.165  1431370  1518.76  1431951  1516.38 143220 143158 143204 143157 143226 143218 143208 143176 143176 143208 143107 143108 143145 143142 143171 143175 143095 143098 143127 143202
  941.165  1439151  1528.15  1439736  1523.15 144000 143936 143984 143936 144003 143995 143988 143952 143955 143987 143883 143887 143925 143920 143949 143953 143873 143875 143907 143979
  946.165  1446946  1537.92  1447388  1535.77 144705 144715 144764 144716 144707 144774 144769 144735 144737 144766 144671 144668 144706 144696 144725 144734 144650 144653 144686 144757
  951.165  1454462  1531.73  1454986  1529.65 145465 145474 145523 145475 145466 145535 145529 145496 145498 145525 145429 145427 145465 145454 145408 145492 145413 145413 145444 145517
  956.165  1462027  1523.07  1462461  1520.96 146217 146227 146284 146227 146217 146210 146290 146249 146251 146289 146187 146180 146221 146218 146161 146252 146165 146167 146201 146275
  961.166  1469999  1537.99  1470293  1536.51 147017 147030 147077 147030 147018 147011 147005 147049 147051 147005 146981 146975 147027 147012 146960 147051 146967 146965 146991 147070
  966.165  1477933  1547.18  1478231  1547.85 147819 147832 147803 147832 147819 147811 147807 147850 147851 147807 147780 147779 147826 147735 147764 147853 147767 147768 147790 147871
  971.165  1485789  1554.55  1486258  1555.96 148621 148635 148605 148635 148621 148613 148610 148654 148654 148610 148581 148579 148629 148535 148565 148651 148572 148571 148514 148592
  976.165  1493590  1552.48  1494138  1562.42 149407 149424 149389 149424 149407 149397 149395 149450 149450 149395 149374 149374 149418 149320 149354 149352 149359 149373 149296 149370
  981.165  1501354  1563.42  1501921  1569.97 150189 150200 150171 150200 150188 150180 150179 150218 150218 150178 150140 150146 150194 150103 150136 150138 150129 150141 150076 150151
  986.165  1509319  1574.03  1509905  1581.54 150987 150999 150969 150998 150986 150978 150978 151016 151016 150978 150934 150944 150991 150899 150935 150935 150927 150937 150871 150946
  991.166  1517211  1573.91  1517880  1586.46 151783 151799 151765 151797 151782 151774 151775 151815 151815 151775 151655 151742 151787 151693 151728 151732 151724 151736 151672 151742
  996.165  1525239  1577.20  1525756  1589.55 152586 152599 152567 152599 152585 152578 152578 152543 152543 152578 152457 152545 152586 152499 152531 152536 152526 152534 152473 152552
 1001.165  1532971  1571.11  1533546  1574.93 153365 153381 153348 153385 153366 153359 153359 153314 153314 153355 153230 153245 153372 153276 153314 153314 153314 153325 153252 153329
 1006.166  1540771  1575.34  1541418  1573.32 154150 154162 154136 154165 154151 154148 154147 154108 154108 154143 154022 154039 154154 154066 154101 154105 154091 154032 154044 154117
 1011.165  1548716  1584.25  1549445  1579.25 154954 154965 154939 154968 154954 154951 154950 154909 154910 154945 154827 154843 154952 154868 154901 154909 154815 154835 154848 154918
 1016.165  1556716  1579.77  1557451  1577.01 155756 155766 155740 155769 155756 155751 155751 155708 155711 155743 155622 155650 155756 155666 155701 155708 155615 155635 155647 155716
 1021.165  1564643  1576.70  1565334  1571.23 156555 156568 156535 156479 156558 156550 156550 156500 156501 156538 156408 156441 156558 156459 156500 156502 156405 156425 156437 156508
 1026.165  1572208  1563.19  1572887  1566.07 157313 157250 157298 157250 157316 157310 157310 157268 157272 157300 157173 157208 157244 157222 157260 157267 157174 157192 157198 157270
 1031.165  1580312  1575.67  1580981  1576.38 158120 158059 158107 158059 158126 158120 158120 158079 158082 158109 157985 158019 158053 158032 158070 158076 157985 158003 158010 158079
 1036.165  1588278  1583.85  1588728  1582.47 158851 158864 158911 158864 158854 158851 158851 158883 158886 158913 158793 158822 158856 158836 158796 158884 158785 158806 158818 158882
 1041.165  1596273  1584.97  1596733  1581.41 159650 159666 159712 159665 159654 159650 159650 159685 159686 159715 159594 159618 159660 159632 159594 159680 159588 159607 159615 159685
 1046.165  1603882  1568.32  1604339  1567.55 160407 160426 160480 160423 160410 160407 160407 160448 160450 160481 160354 160377 160416 160397 160351 160445 160345 160366 160378 160453
 1051.165  1611791  1569.52  1612280  1565.12 161205 161221 161267 161218 161207 161206 161205 161242 161242 161267 161145 161169 161208 161187 161150 161234 161142 161158 161162 161236
 1056.166  1619563  1578.52  1620122  1579.77 162003 162019 161991 162018 162007 162005 162005 162042 162041 161991 161943 161969 162011 161909 161945 162038 161942 161957 161886 161963
 1061.165  1627567  1572.55  1628130  1576.88 162804 162819 162792 162819 162807 162806 162806 162843 162842 162792 162743 162765 162814 162709 162745 162839 162743 162758 162690 162761
 1066.165  1635358  1567.79  1635987  1579.77 163590 163604 163573 163604 163592 163592 163592 163633 163633 163574 163531 163556 163603 163491 163533 163542 163534 163551 163477 163540
 1071.165  1643037  1558.59  1643675  1569.87 164360 164373 164346 164373 164362 164362 164362 164395 164395 164347 164292 164320 164370 164265 164301 164316 164300 164313 164251 164309
 1076.165  1651081  1570.82  1651724  1584.85 165165 165178 165151 165178 165167 165167 165167 165200 165200 165151 165094 165127 165173 165068 165109 165120 165106 165120 165053 165111
 1081.165  1658941  1571.85  1659675  1580.10 165958 165971 165944 165972 165967 165966 165966 165992 165992 165947 165816 165917 165966 165863 165902 165917 165899 165908 165848 165905
 1086.165  1666528  1562.90  1667253  1563.48 166716 166730 166701 166732 166725 166724 166724 166750 166750 166701 166575 166677 166724 166620 166662 166675 166662 166666 166604 166663
 1091.165  1673996  1550.17  1674725  1547.82 167480 167493 167462 167494 167488 167488 167486 167436 167436 167462 167337 167364 167482 167383 167423 167441 167421 167354 167368 167423
 1096.165  1681852  1554.87  1682663  1550.27 168274 168286 168256 168287 168281 168281 168281 168231 168230 168256 168125 168155 168281 168172 168218 168239 168141 168144 168162 168215
 1101.165  1689466  1553.01  1690278  1548.41 169034 169048 169019 169048 169041 169042 169043 168993 168992 169018 168888 168916 169041 168935 168978 168998 168904 168904 168924 168978
 1106.165  1697166  1540.81  1697996  1535.44 169809 169820 169793 169821 169813 169814 169817 169759 169759 169791 169652 169683 169818 169712 169747 169770 169670 169669 169694 169751
 1111.165  1704878  1533.61  1705626  1528.68 170587 170522 170569 170521 170591 170591 170595 170542 170542 170566 170435 170467 170515 170486 170525 170543 170453 170455 170469 170530
 1116.165  1712364  1530.32  1713121  1526.09 171342 171281 171325 171282 171348 171348 171277 171298 171298 171322 171189 171222 171270 171243 171208 171303 171210 171211 171222 171286
 1121.165  1720102  1536.78  1720866  1535.20 172119 172054 172100 172056 172125 172125 172050 172069 172070 172098 171965 171996 172042 172021 171981 172078 171981 171979 171998 172061
 1126.165  1727910  1535.00  1728454  1531.31 172822 172838 172883 172839 172829 172829 172830 172851 172852 172881 172744 172778 172823 172804 172761 172856 172762 172759 172779 172844
 1131.165  1735532  1535.45  1736087  1532.03 173589 173600 173646 173601 173592 173592 173593 173615 173615 173644 173507 173540 173583 173563 173524 173621 173526 173520 173542 173606
 1136.165  1743509  1541.74  1744082  1541.07 174387 174400 174447 174400 174390 174390 174392 174416 174416 174444 174304 174339 174379 174360 174324 174422 174323 174317 174336 174405
 1141.165  1751036  1538.42  1751689  1537.95 175149 175160 175205 175160 175150 175150 175153 175180 175179 175203 175064 175101 175144 175045 175084 175182 175082 175077 175092 175165
 1146.165  1758826  1545.94  1759395  1544.87 175928 175937 175906 175938 175928 175928 175931 175959 175957 175983 175842 175875 175922 175822 175865 175962 175862 175860 175872 175944
 1151.165  1766466  1542.94  1767106  1546.56 176708 176716 176687 176717 176706 176707 176710 176736 176735 176684 176621 176656 176703 176606 176644 176737 176641 176641 176572 176645
 1156.165  1774033  1534.63  1774677  1545.87 177465 177474 177445 177475 177462 177464 177467 177493 177491 177441 177379 177414 177460 177363 177398 177495 177398 177396 177327 177403
 1161.165  1782011  1546.51  1782729  1559.87 178270 178281 178249 178280 178267 178269 178273 178298 178297 178245 178180 178219 178268 178169 178202 178228 178204 178199 178133 178209
 1166.165  1789969  1545.60  1790701  1553.52 179066 179081 179046 179081 179063 179065 179072 179094 179093 179040 178978 179016 179065 178967 178997 179022 178996 178995 178929 179004
 1171.165  1797542  1548.78  1798374  1551.70 179833 179851 179808 179850 179830 179831 179842 179865 179865 179799 179663 179785 179834 179732 179765 179782 179763 179763 179694 179761
 1176.165  1805523  1556.66  1806334  1559.58 180630 180646 180610 180645 180627 180627 180636 180656 180656 180601 180465 180576 180634 180532 180557 180588 180556 180554 180497 180564
 1181.165  1813367  1566.01  1814187  1563.99 181431 181445 181409 181444 181430 181430 181436 181381 181381 181400 181264 181305 181433 181330 181353 181392 181351 181279 181297 181363
 1186.165  1821428  1582.65  1822255  1580.87 182236 182251 182216 182250 182236 182236 182243 182191 182189 182207 182069 182114 182238 182136 182155 182198 182155 182085 182104 182174
 1191.165  1829071  1570.46  1829995  1568.64 183012 183031 182989 183029 183012 183012 183019 182958 182955 182978 182839 182880 183017 182912 182931 182971 182846 182856 182875 182944
 1196.165  1836884  1563.89  1837643  1564.73 183791 183730 183770 183728 183790 183792 183796 183744 183742 183760 183620 183665 183790 183691 183708 183754 183631 183644 183656 183725
