Test case: 
Description: 
	10 senders: persistent queues
	10 receivers: client acknowledge every 50 messages
Timestamp: 2011.11.1 22:42:31
Version: 
Setting up JMS benchmark connections... 

Start processing messages.
Thu Dec 01 22:42:31 EST 2011

  Seconds   Send   Send/Sec   Recv   Recv/Sec   RCV0   RCV1   RCV2   RCV3   RCV4   RCV5   RCV6   RCV7   RCV8   RCV9  SND10  SND11  SND12  SND13  SND14  SND15  SND16  SND17  SND18  SND19
  ------- -------- -------- -------- -------- ------ ------ ------ ------ ------ ------ ------ ------ ------ ------ ------ ------ ------ ------ ------ ------ ------ ------ ------ ------
    1.137        0     0.00        0     0.00      0      0      0      0      0      0      0      0      0      0      0      0      0      0      0      0      0      0      0      0
    6.137     2026   440.43     2276   494.35    226    227    229    227    230    227    228    226    228    228    202    201    202    202    202    204    205    203    203    202
   11.138     4610   480.21     4864   506.46    485    485    488    487    488    486    486    484    488    487    461    461    462    459    460    463    466    460    459    459
   16.138     7094   482.33     7345   494.04    733    733    737    735    736    734    734    732    737    734    710    709    709    709    708    711    715    708    708    707
   21.137     9675   480.36     9929   493.21    992    990    995    993    994    994    994    991    994    992    968    968    969    967    965    968    974    965    967    964
   26.138    12283   488.86    12506   499.19   1255   1253   1231   1256   1256   1231   1257   1254   1257   1256   1231   1231   1232   1230   1229   1232   1211   1228   1231   1228
   31.137    14660   494.32    14949   503.01   1514   1514   1493   1491   1491   1492   1489   1486   1490   1489   1463   1462   1464   1463   1462   1464   1472   1489   1463   1487
   36.137    17270   511.56    17526   511.76   1749   1748   1756   1754   1754   1757   1753   1750   1754   1751   1727   1726   1729   1726   1726   1727   1736   1723   1727   1723
   41.138    19841   510.25    20096   510.29   2005   2004   2013   2011   2011   2014   2011   2007   2012   2008   1984   1986   1988   1983   1982   1983   1994   1979   1984   1978
   46.137    22521   513.34    22770   513.27   2274   2273   2280   2278   2280   2281   2276   2274   2279   2275   2251   2254   2256   2251   2250   2251   2262   2248   2252   2246
   51.137    24989   506.01    25241   504.93   2523   2523   2529   2527   2529   2513   2524   2522   2527   2524   2499   2504   2505   2499   2499   2498   2493   2496   2502   2494
   56.137    27524   504.75    27746   506.39   2781   2781   2785   2760   2763   2771   2782   2780   2784   2759   2757   2738   2738   2759   2757   2756   2753   2754   2759   2753
   61.137    30050   513.72    30269   513.22   3024   3023   3027   3027   3031   3038   3025   3021   3026   3027   2998   3005   3005   3001   3000   3000   3021   2997   3002   3021
   66.137    32690   516.64    32933   515.34   3290   3290   3293   3293   3298   3304   3291   3289   3293   3292   3267   3271   3271   3267   3267   3267   3285   3266   3268   3261
   71.137    35282   516.33    35517   516.56   3551   3553   3554   3553   3558   3539   3552   3550   3554   3553   3530   3534   3533   3528   3528   3528   3520   3528   3530   3523
   76.137    37890   508.91    38122   508.31   3814   3816   3817   3815   3797   3803   3815   3813   3816   3816   3794   3772   3795   3791   3790   3792   3784   3792   3792   3788
   81.138    40411   510.81    40646   510.23   4067   4068   4069   4068   4048   4056   4068   4066   4068   4068   4045   4027   4046   4043   4041   4044   4035   4045   4044   4041
   86.137    42716   508.91    43017   509.08   4316   4292   4295   4293   4299   4305   4317   4315   4291   4294   4272   4277   4269   4269   4267   4271   4286   4269   4270   4266
   91.137    45315   510.30    45537   511.38   4550   4553   4554   4552   4558   4565   4551   4549   4552   4553   4532   4538   4528   4527   4528   4530   4546   4529   4530   4527
   96.137    47897   508.56    48120   507.92   4808   4811   4813   4810   4817   4821   4809   4808   4811   4812   4791   4796   4787   4786   4787   4788   4803   4786   4787   4786
  101.137    50537   504.93    50781   506.07   5075   5080   5081   5079   5087   5064   5076   5078   5081   5080   5060   5039   5057   5055   5057   5057   5046   5055   5056   5055
  106.137    53150   505.27    53367   504.87   5339   5340   5342   5340   5323   5324   5337   5339   5341   5342   5322   5300   5318   5316   5320   5318   5307   5316   5317   5316
  111.137    55627   509.61    55962   508.94   5608   5609   5582   5608   5588   5591   5605   5608   5581   5582   5562   5565   5557   5555   5561   5557   5574   5584   5557   5555
  116.137    58211   519.09    58443   515.91   5840   5840   5842   5838   5847   5852   5862   5840   5841   5841   5822   5826   5820   5817   5820   5821   5832   5817   5818   5818
  121.137    60921   521.95    61133   521.61   6112   6112   6114   6111   6119   6123   6107   6111   6112   6112   6092   6097   6091   6088   6091   6092   6104   6088   6089   6089
  126.137    63572   521.61    63783   522.99   6379   6380   6382   6379   6387   6363   6374   6378   6380   6381   6360   6363   6359   6356   6359   6360   6345   6356   6357   6357
  131.137    66199   517.79    66416   517.85   6645   6647   6648   6645   6625   6630   6639   6644   6646   6647   6625   6600   6625   6622   6624   6625   6609   6623   6623   6623
  136.137    68733   518.52    68977   518.59   6904   6907   6884   6905   6889   6892   6901   6906   6906   6883   6861   6864   6860   6884   6883   6861   6871   6883   6883   6883
  141.137    71263   524.70    71528   520.60   7169   7147   7149   7144   7155   7156   7167   7146   7146   7149   7127   7130   7126   7122   7123   7127   7136   7124   7123   7125
  146.137    73925   526.49    74135   524.92   7410   7412   7416   7411   7421   7420   7407   7411   7412   7415   7394   7395   7393   7388   7389   7393   7400   7392   7389   7392
  151.137    76542   520.67    76752   522.35   7672   7674   7678   7673   7681   7681   7670   7673   7673   7677   7657   7657   7656   7649   7650   7654   7661   7654   7650   7654
  156.138    79105   513.69    79313   514.43   7930   7930   7934   7929   7935   7937   7927   7929   7930   7932   7914   7913   7912   7906   7906   7910   7917   7911   7906   7910
  161.137    81590   511.06    81852   510.76   8189   8188   8193   8188   8169   8170   8186   8189   8188   8192   8146   8144   8147   8164   8167   8169   8150   8169   8165   8169
  166.137    84065   511.90    84346   510.52   8442   8441   8422   8443   8426   8427   8441   8442   8441   8421   8403   8400   8404   8418   8421   8397   8406   8399   8418   8399
  171.137    86611   515.05    86836   512.00   8678   8677   8685   8679   8688   8689   8702   8677   8677   8684   8665   8663   8667   8653   8657   8660   8667   8662   8655   8662
  176.137    89264   512.99    89467   512.72   8946   8942   8950   8943   8954   8954   8944   8943   8942   8949   8929   8929   8932   8918   8923   8924   8932   8928   8921   8928
  181.137    91835   507.95    92037   511.21   9203   9202   9204   9201   9208   9210   9203   9202   9201   9203   9186   9186   9189   9177   9180   9181   9188   9184   9180   9184
  186.137    94407   507.06    94662   506.80   9467   9469   9470   9466   9473   9447   9468   9466   9467   9469   9452   9425   9426   9442   9444   9447   9426   9450   9445   9450
  191.137    96902   512.01    97056   509.30   9703   9702   9729   9701   9706   9706   9704   9701   9702   9702   9687   9687   9688   9680   9709   9683   9690   9685   9709   9684
  196.137    99457   516.51    99640   513.22   9964   9963   9963   9962   9967   9966   9965   9963   9964   9963   9948   9947   9948   9942   9943   9945   9950   9946   9943   9945
  201.137   102063   517.62   102245   517.08  10225  10223  10223  10223  10227  10225  10226  10224  10225  10224  10210  10207  10208  10203  10204  10206  10211  10206  10203  10205
  206.137   104660   509.77   104842   511.68  10485  10483  10484  10484  10485  10482  10487  10484  10484  10484  10468  10464  10467  10464  10466  10465  10470  10465  10464  10467
  211.137   107286   509.77   107474   509.30  10747  10747  10748  10746  10749  10745  10751  10747  10747  10747  10730  10726  10729  10728  10728  10728  10733  10727  10727  10730
  216.137   109714   509.63   109971   507.28  11002  11002  11002  11000  10980  10999  10983  11001  11001  11001  10960  10980  10962  10960  10982  10983  10964  10981  10981  10961
  221.137   112176   512.55   112357   513.46  11236  11236  11236  11233  11238  11232  11241  11235  11235  11235  11219  11213  11222  11218  11216  11218  11223  11214  11214  11219
  226.137   114776   514.06   114955   513.93  11495  11496  11496  11493  11497  11492  11499  11497  11495  11495  11478  11473  11482  11478  11477  11478  11483  11474  11474  11479
  231.137   117324   510.44   117505   512.08  11751  11751  11751  11748  11752  11747  11754  11752  11749  11750  11733  11729  11736  11732  11733  11733  11737  11729  11729  11733
  236.138   119927   505.34   120101   503.32  12011  12009  12011  12009  12011  12006  12013  12013  12008  12010  11993  11989  11998  11992  11993  11994  11999  11987  11988  11994
  241.138   122419   501.21   122623   500.91  12264  12264  12265  12264  12266  12262  12266  12245  12263  12264  12246  12242  12229  12245  12247  12247  12229  12242  12244  12248
  246.138   124858   506.41   125061   503.76  12498  12523  12499  12498  12499  12521  12500  12503  12522  12498  12480  12475  12487  12479  12481  12481  12489  12501  12503  12482
  251.137   127561   516.28   127741   516.24  12774  12773  12775  12774  12774  12771  12776  12778  12772  12774  12755  12752  12761  12754  12756  12757  12766  12751  12753  12756
  256.137   130159   514.43   130340   515.40  13034  13033  13035  13034  13033  13031  13035  13039  13032  13034  13014  13012  13022  13013  13015  13017  13026  13012  13013  13015
  261.137   132831   517.83   133012   517.83  13301  13301  13302  13301  13300  13298  13302  13306  13301  13300  13281  13279  13289  13280  13282  13283  13292  13280  13282  13283
  266.137   135372   510.35   135549   510.49  13557  13557  13559  13557  13557  13553  13558  13537  13556  13558  13536  13535  13544  13536  13540  13539  13523  13539  13538  13542
  271.138   137859   513.78   138132   512.60  13815  13816  13818  13815  13814  13809  13816  13797  13815  13817  13795  13792  13780  13794  13775  13797  13782  13772  13796  13776
  276.137   140476   522.30   140622   521.26  14059  14059  14061  14058  14058  14081  14060  14067  14059  14060  14039  14062  14050  14038  14044  14040  14051  14041  14066  14045
  281.137   143107   521.68   143280   521.44  14328  14328  14329  14327  14327  14322  14329  14334  14328  14328  14308  14304  14318  14308  14312  14309  14318  14309  14308  14313
  286.137   145782   521.29   145945   522.70  14596  14595  14596  14592  14591  14589  14596  14602  14595  14593  14575  14571  14586  14574  14580  14574  14588  14577  14574  14583
  291.137   148372   515.47   148536   518.39  14854  14855  14854  14852  14851  14847  14855  14861  14855  14852  14835  14830  14843  14834  14840  14833  14845  14837  14833  14842
  296.137   150959   516.96   151184   516.83  15121  15122  15122  15120  15118  15115  15122  15102  15122  15120  15101  15097  15083  15100  15105  15100  15086  15103  15100  15084
  301.137   153546   522.95   153700   519.80  15363  15363  15364  15362  15385  15382  15364  15368  15363  15386  15367  15364  15348  15341  15345  15367  15353  15343  15366  15352
  306.137   156004   520.20   156154   521.21  15616  15616  15616  15615  15613  15611  15618  15622  15614  15613  15594  15594  15601  15594  15599  15595  15606  15597  15620  15604
  311.137   158550   516.51   158721   517.32  15874  15873  15874  15872  15868  15868  15875  15879  15870  15868  15850  15851  15857  15851  15857  15852  15865  15854  15851  15862
  316.137   161213   515.20   161385   517.25  16141  16138  16140  16137  16135  16135  16141  16146  16137  16135  16116  16118  16123  16117  16122  16118  16131  16120  16119  16129
  321.138   163864   514.68   164062   514.98  16411  16410  16410  16409  16404  16406  16411  16390  16408  16403  16385  16390  16393  16389  16393  16389  16375  16391  16386  16373
  326.137   166574   517.72   166772   514.97  16681  16681  16681  16680  16675  16677  16682  16661  16680  16674  16656  16660  16663  16660  16664  16661  16648  16662  16656  16644
  331.137   169011   517.05   169180   517.55  16913  16913  16913  16912  16938  16909  16914  16921  16912  16935  16920  16893  16896  16892  16896  16893  16907  16893  16916  16905
  336.137   171634   522.75   171784   524.50  17180  17180  17180  17177  17175  17174  17181  17186  17179  17172  17157  17160  17161  17159  17163  17158  17171  17157  17180  17168
  341.137   174223   524.11   174401   525.25  17441  17441  17440  17438  17437  17436  17443  17449  17441  17435  17418  17420  17422  17419  17424  17420  17434  17419  17416  17431
  346.137   176772   522.11   176973   520.57  17700  17701  17700  17698  17696  17695  17702  17686  17701  17694  17676  17680  17682  17679  17683  17680  17670  17677  17676  17669
  351.137   179412   515.92   179622   514.21  17964  17967  17965  17964  17962  17960  17967  17948  17968  17957  17939  17945  17945  17943  17948  17945  17935  17943  17939  17930
  356.137   182055   512.52   182206   511.81  18226  18205  18229  18226  18225  18224  18231  18213  18204  18223  18205  18208  18209  18205  18211  18208  18202  18207  18205  18195
  361.137   184461   516.71   184611   516.95  18458  18463  18462  18458  18457  18456  18463  18473  18464  18457  18439  18440  18441  18438  18445  18440  18462  18439  18464  18453
  366.137   186982   513.34   187158   515.08  18714  18717  18716  18713  18711  18711  18718  18725  18720  18713  18694  18694  18696  18694  18699  18696  18715  18694  18692  18708
  371.137   189581   514.56   189787   514.63  18978  18980  18979  18975  18974  18973  18981  18986  18984  18977  18955  18956  18960  18957  18961  18958  18954  18957  18953  18970
  376.137   192138   513.02   192347   510.67  19237  19238  19238  19232  19232  19231  19240  19220  19243  19236  19213  19213  19218  19214  19222  19214  19211  19218  19211  19204
  381.137   194753   508.66   194860   506.98  19497  19475  19475  19494  19493  19493  19477  19481  19479  19496  19475  19475  19479  19476  19484  19474  19473  19481  19472  19464
  386.138   197370   507.82   197473   509.70  19739  19741  19741  19760  19760  19759  19744  19747  19744  19738  19742  19742  19745  19742  19725  19741  19741  19723  19739  19730
  391.137   199867   515.12   200022   517.13  20002  20005  20004  19997  19995  19995  20006  20010  20007  20001  19979  19978  19982  19979  19986  19977  20004  19985  20004  19993
  396.137   202384   515.99   202590   516.16  20259  20261  20260  20254  20253  20253  20262  20266  20263  20259  20237  20236  20240  20236  20242  20234  20235  20241  20234  20249
  401.137   204922   512.27   205106   509.85  20512  20516  20515  20506  20506  20507  20516  20496  20518  20514  20491  20488  20493  20491  20496  20486  20490  20497  20486  20504
  406.137   207467   508.29   207671   506.38  20768  20773  20771  20764  20764  20764  20772  20752  20773  20770  20748  20746  20750  20748  20753  20743  20748  20754  20742  20735
  411.137   209998   506.16   210120   508.47  21027  21005  21002  21023  21022  21022  21003  21011  21004  21001  21007  21005  21008  21006  20984  21001  21007  20987  21000  20993
  416.137   212514   506.46   212685   509.61  21267  21270  21266  21261  21286  21260  21267  21275  21269  21264  21244  21243  21246  21243  21250  21267  21245  21253  21265  21258
  421.137   215052   508.09   215228   509.53  21525  21526  21524  21519  21515  21517  21525  21528  21526  21523  21501  21501  21504  21500  21508  21497  21501  21508  21518  21514
  426.137   217613   510.17   217835   508.09  21787  21788  21784  21778  21775  21777  21784  21793  21787  21782  21761  21761  21764  21758  21767  21756  21763  21769  21759  21755
  431.137   220299   513.32   220501   511.17  22057  22057  22054  22046  22044  22045  22053  22036  22058  22051  22029  22031  22032  22026  22037  22026  22031  22037  22027  22023
  436.137   222867   511.54   223018   509.77  22291  22290  22312  22307  22305  22304  22313  22295  22290  22311  22287  22291  22292  22286  22296  22283  22291  22272  22286  22283
  441.137   225374   510.87   225504   513.62  22548  22545  22542  22563  22562  22562  22543  22550  22548  22541  22543  22520  22549  22541  22526  22539  22547  22529  22541  22539
  446.137   227959   515.64   228102   517.35  22818  22813  22808  22805  22805  22804  22809  22817  22816  22807  22787  22789  22792  22785  22792  22807  22790  22798  22810  22809
  451.137   230497   515.60   230671   515.50  23075  23068  23065  23062  23062  23061  23067  23074  23073  23064  23041  23047  23049  23041  23049  23063  23048  23054  23040  23065
  456.137   233090   517.58   233313   514.06  23339  23330  23330  23327  23327  23326  23330  23338  23337  23329  23306  23311  23314  23305  23313  23302  23313  23317  23305  23304
  461.137   235673   512.42   235846   508.79  23574  23590  23592  23587  23589  23586  23592  23574  23571  23591  23567  23571  23576  23566  23574  23563  23573  23552  23566  23565
  466.137   238221   510.00   238319   509.97  23828  23821  23822  23841  23843  23840  23846  23829  23828  23821  23823  23827  23830  23820  23828  23818  23827  23808  23821  23819
  471.137   240745   511.33   240850   514.01  24091  24086  24086  24077  24080  24076  24085  24093  24091  24085  24085  24064  24068  24082  24065  24080  24063  24072  24084  24082
  476.137   243291   510.81   243439   511.81  24348  24344  24345  24337  24338  24336  24343  24353  24351  24344  24321  24322  24326  24320  24324  24339  24323  24332  24344  24340
  481.137   245818   513.26   245996   510.77  24608  24605  24606  24597  24598  24597  24604  24588  24588  24605  24584  24582  24586  24579  24585  24573  24584  24590  24579  24576
  486.137   248424   512.79   248607   507.82  24870  24866  24867  24857  24859  24858  24867  24848  24849  24866  24844  24842  24847  24839  24846  24834  24845  24851  24840  24836
  491.137   250984   508.56   251059   507.89  25102  25098  25099  25114  25117  25114  25099  25109  25109  25098  25103  25100  25105  25096  25105  25095  25102  25083  25098  25097
  496.137   253586   509.31   253708   511.96  25368  25362  25363  25380  25382  25378  25364  25374  25374  25363  25342  25366  25344  25361  25370  25360  25368  25347  25365  25363
  501.137   256097   511.68   256269   513.93  25628  25622  25621  25637  25615  25636  25623  25634  25631  25622  25602  25599  25603  25618  25602  25620  25602  25606  25623  25622
  506.137   258562   511.58   258764   511.64  25886  25880  25879  25866  25872  25865  25882  25866  25889  25879  25857  25855  25860  25849  25860  25851  25857  25865  25854  25854
  511.137   261139   512.38   261286   509.60  26118  26137  26136  26124  26129  26123  26138  26124  26122  26135  26114  26112  26118  26107  26119  26110  26113  26121  26112  26113
  516.137   263699   509.16   263869   507.82  26377  26394  26394  26384  26386  26382  26396  26384  26379  26393  26373  26370  26376  26364  26376  26370  26372  26354  26373  26371
  521.137   266314   506.78   266383   510.87  26639  26630  26630  26645  26647  26644  26631  26646  26641  26630  26633  26631  26638  26626  26636  26632  26635  26616  26634  26633
  526.137   268734   505.02   268901   505.76  26893  26884  26885  26900  26878  26899  26884  26900  26895  26883  26864  26862  26867  26879  26866  26885  26866  26869  26889  26887
  531.137   271184   505.34   271355   504.40  27148  27139  27139  27127  27130  27126  27136  27127  27149  27134  27116  27114  27119  27134  27118  27112  27119  27123  27116  27113
  536.137   273808   510.74   273977   507.82  27411  27404  27405  27392  27395  27391  27402  27392  27385  27400  27381  27378  27385  27372  27383  27377  27384  27389  27382  27377
  541.137   276294   505.13   276436   505.84  27636  27656  27632  27643  27646  27642  27652  27641  27639  27649  27632  27631  27636  27622  27634  27627  27635  27615  27633  27629
  546.137   278863   504.66   278978   503.62  27894  27888  27890  27898  27903  27898  27910  27896  27895  27906  27890  27888  27893  27879  27891  27883  27893  27873  27888  27885
  551.137   281337   500.64   281520   504.43  28153  28148  28148  28158  28163  28157  28144  28157  28153  28139  28125  28123  28128  28140  28125  28144  28128  28132  28147  28145
  556.138   283971   507.18   284122   506.64  28415  28411  28412  28420  28400  28419  28407  28420  28415  28403  28389  28386  28392  28403  28389  28406  28392  28395  28411  28408
  561.137   286520   513.72   286685   510.81  28679  28675  28676  28658  28665  28657  28670  28659  28678  28668  28656  28650  28658  28642  28655  28645  28659  28659  28649  28647
  566.138   289103   508.15   289242   507.99  28912  28933  28935  28917  28923  28916  28929  28917  28934  28926  28914  28909  28918  28901  28913  28902  28917  28915  28907  28907
  571.137   291653   511.02   291737   510.82  29168  29166  29167  29174  29181  29173  29185  29174  29166  29183  29171  29168  29175  29159  29171  29158  29174  29148  29164  29165
  576.137   294089   508.34   294222   508.94  29425  29421  29423  29431  29412  29430  29414  29431  29422  29413  29402  29398  29405  29416  29402  29416  29405  29401  29421  29423
  581.137   296624   511.28   296757   509.53  29684  29677  29682  29665  29670  29664  29672  29692  29681  29670  29659  29657  29665  29648  29660  29675  29665  29660  29678  29657
  586.137   299202   510.25   299341   508.10  29946  29937  29942  29926  29932  29925  29934  29926  29941  29932  29920  29919  29924  29908  29921  29934  29925  29920  29913  29918
  591.137   301747   505.94   301882   505.64  30178  30193  30198  30183  30188  30181  30191  30184  30197  30189  30178  30175  30181  30166  30179  30163  30182  30177  30170  30176
  596.137   304329   505.02   304419   504.21  30437  30452  30432  30443  30446  30440  30449  30443  30431  30446  30436  30434  30439  30423  30437  30422  30440  30435  30428  30435
  601.137   306706   503.46   306934   504.83  30690  30682  30685  30697  30701  30694  30703  30697  30684  30701  30663  30662  30667  30676  30665  30675  30668  30663  30679  30688
  606.138   309275   506.04   309421   505.67  30947  30938  30941  30953  30932  30951  30934  30953  30940  30932  30918  30919  30924  30935  30921  30934  30926  30918  30936  30944
  611.137   311808   507.85   311926   506.41  31205  31196  31199  31184  31192  31183  31194  31183  31198  31192  31178  31179  31184  31167  31179  31191  31183  31178  31193  31176
  616.137   314309   501.80   314449   503.51  31435  31451  31454  31439  31446  31438  31449  31437  31453  31447  31434  31434  31439  31424  31434  31420  31439  31432  31422  31431
  621.137   316880   501.68   316965   502.58  31691  31708  31685  31696  31703  31695  31705  31695  31683  31704  31690  31691  31696  31681  31691  31677  31696  31689  31680  31689
  626.137   319305   500.82   319490   502.27  31951  31939  31943  31953  31961  31952  31963  31951  31941  31936  31922  31923  31928  31939  31924  31935  31927  31922  31937  31948
  631.137   321903   507.48   322032   503.42  32209  32200  32202  32211  32195  32212  32197  32209  32201  32196  32182  32183  32188  32198  32185  32195  32188  32181  32196  32207
  636.137   324407   505.22   324557   505.32  32464  32456  32457  32467  32449  32441  32453  32465  32456  32449  32440  32441  32442  32428  32441  32449  32442  32435  32452  32437
  641.138   327017   504.26   327080   505.03  32698  32717  32717  32699  32710  32700  32715  32698  32716  32710  32700  32701  32702  32688  32701  32710  32703  32699  32713  32700
  646.137   329515   504.33   329628   504.30  32952  32972  32972  32953  32964  32957  32970  32952  32971  32965  32955  32956  32956  32944  32956  32938  32957  32954  32944  32955
  651.138   332003   502.28   332066   504.13  33204  33202  33203  33204  33220  33210  33198  33204  33202  33219  33209  33186  33210  33199  33187  33190  33210  33207  33196  33209
  656.138   334555   510.02   334672   508.57  33470  33468  33468  33469  33460  33477  33464  33469  33467  33460  33448  33451  33449  33467  33452  33455  33450  33446  33461  33476
  661.137   337079   508.39   337215   507.75  33725  33725  33726  33725  33717  33709  33721  33725  33725  33717  33707  33709  33707  33698  33709  33712  33707  33704  33719  33707
  666.137   339702   509.50   339845   506.44  33989  33989  33990  33988  33980  33968  33986  33988  33987  33980  33968  33973  33970  33958  33973  33976  33969  33965  33983  33967
  671.137   342188   504.75   342340   505.99  34243  34218  34218  34242  34235  34224  34240  34242  34243  34235  34224  34203  34226  34216  34229  34206  34226  34222  34212  34224
  676.137   344758   507.23   344834   508.51  34479  34481  34480  34478  34500  34486  34477  34478  34478  34497  34485  34465  34464  34478  34464  34467  34489  34486  34475  34485
  681.137   347228   510.02   347358   512.30  34737  34739  34737  34735  34731  34744  34734  34736  34735  34730  34718  34722  34719  34712  34722  34725  34721  34716  34731  34742
  686.137   349802   509.75   349956   511.93  34997  34998  34997  34994  34990  35006  34993  34995  34995  34991  34977  34981  34980  34971  34985  34985  34983  34975  34991  34974
  691.137   352460   512.65   352591   510.74  35264  35264  35264  35260  35256  35245  35260  35260  35260  35258  35244  35245  35246  35239  35250  35250  35248  35242  35255  35241
  696.137   355055   509.56   355234   509.13  35528  35528  35527  35524  35521  35509  35526  35524  35524  35523  35509  35508  35511  35504  35490  35490  35512  35508  35519  35504
  701.137   357585   514.08   357692   513.44  35766  35766  35765  35762  35785  35773  35764  35762  35763  35786  35772  35746  35749  35769  35751  35753  35775  35746  35757  35767
  706.137   360032   511.68   360167   513.66  36018  36018  36018  36015  36011  36025  36017  36015  36016  36014  35998  35999  36003  35994  36005  36005  36002  35999  36009  36018
  711.137   362582   513.54   362716   514.51  36274  36274  36274  36269  36266  36279  36271  36269  36270  36270  36252  36253  36259  36250  36260  36260  36257  36253  36265  36273
  716.137   365188   512.82   365322   511.28  36539  36538  36537  36530  36529  36516  36534  36531  36534  36534  36515  36516  36522  36513  36522  36524  36520  36517  36530  36509
  721.138   367832   508.88   367988   508.84  36805  36804  36803  36796  36797  36784  36801  36796  36801  36801  36783  36784  36789  36780  36763  36790  36787  36783  36796  36777
  726.138   370359   509.80   370494   508.32  37042  37041  37040  37060  37062  37048  37065  37060  37038  37038  37047  37021  37026  37043  37026  37026  37051  37047  37031  37041
  731.137   372870   511.21   373029   512.11  37302  37301  37300  37317  37293  37307  37296  37317  37298  37298  37279  37281  37285  37300  37286  37286  37283  37280  37290  37300
  736.137   375473   517.21   375604   517.08  37564  37564  37562  37554  37555  37573  37558  37553  37561  37560  37541  37542  37549  37536  37550  37548  37544  37544  37554  37565
  741.137   378138   521.19   378264   520.08  37833  37833  37830  37823  37824  37814  37826  37822  37830  37829  37810  37813  37817  37805  37820  37817  37813  37813  37822  37808
  746.137   380760   517.33   380880   517.74  38094  38094  38093  38084  38085  38077  38087  38084  38091  38091  38073  38075  38081  38066  38082  38078  38075  38074  38084  38072
  751.137   383273   512.28   383424   510.44  38347  38347  38346  38339  38341  38332  38343  38339  38346  38344  38328  38329  38335  38319  38308  38331  38328  38329  38338  38328
  756.137   385699   511.43   385848   511.06  38577  38577  38575  38594  38596  38586  38598  38594  38577  38574  38582  38559  38567  38574  38562  38563  38582  38559  38568  38583
  761.137   388225   513.59   388325   512.45  38835  38835  38832  38828  38828  38845  38830  38826  38833  38833  38814  38816  38825  38808  38819  38819  38839  38816  38827  38842
  766.137   390770   513.34   390923   512.33  39096  39095  39093  39088  39086  39104  39090  39087  39091  39093  39072  39075  39085  39068  39078  39080  39073  39075  39086  39078
  771.137   393377   507.89   393503   507.89  39358  39355  39354  39348  39346  39339  39350  39348  39351  39354  39333  39336  39345  39328  39340  39340  39334  39335  39346  39340
  776.137   395920   501.17   396039   501.91  39610  39609  39609  39602  39600  39589  39604  39602  39605  39609  39589  39588  39599  39583  39594  39593  39590  39590  39600  39594
  781.137   398424   502.30   398520   502.20  39843  39842  39842  39860  39860  39847  39862  39860  39863  39841  39847  39847  39832  39841  39825  39850  39848  39848  39833  39853
  786.137   401014   510.17   401105   510.10  40109  40109  40108  40127  40100  40111  40102  40127  40103  40109  40115  40086  40099  40108  40092  40090  40115  40089  40100  40120
  791.137   403535   512.94   403655   513.61  40369  40369  40368  40362  40361  40371  40363  40361  40363  40368  40351  40346  40358  40343  40352  40349  40373  40349  40360  40354
  796.137   406066   511.54   406209   508.59  40625  40624  40623  40617  40617  40625  40619  40617  40618  40624  40606  40603  40615  40599  40606  40604  40602  40605  40616  40610
  801.137   408696   506.21   408811   505.84  40887  40886  40885  40880  40880  40862  40882  40880  40881  40888  40869  40866  40877  40862  40869  40867  40866  40869  40878  40873
  806.137   411203   506.74   411275   506.91  41118  41117  41116  41136  41138  41120  41139  41137  41136  41118  41125  41120  41107  41116  41125  41124  41122  41126  41108  41130
  811.137   413611   508.76   413706   509.60  41371  41369  41371  41370  41370  41373  41372  41370  41370  41370  41360  41357  41361  41354  41358  41358  41375  41359  41364  41365
  816.137   416199   508.74   416291   508.74  41629  41629  41629  41628  41628  41632  41630  41628  41629  41629  41618  41615  41621  41613  41617  41617  41633  41617  41624  41624
  821.137   418734   505.84   418826   504.87  41883  41883  41882  41881  41881  41886  41883  41881  41883  41883  41872  41868  41875  41867  41871  41870  41886  41870  41877  41878
  826.137   421317   504.55   421403   502.77  42144  42144  42141  42140  42141  42122  42143  42140  42144  42144  42134  42127  42136  42128  42134  42131  42121  42131  42136  42139
  831.137   423910   503.79   424017   502.72  42405  42405  42403  42402  42403  42383  42405  42402  42405  42404  42396  42390  42397  42389  42370  42394  42383  42394  42397  42400
  836.137   426384   508.46   426436   508.76  42644  42644  42642  42641  42642  42650  42644  42641  42645  42643  42635  42629  42636  42628  42636  42633  42650  42634  42664  42639
  841.137   428947   513.76   429031   514.26  42903  42903  42902  42901  42901  42908  42904  42901  42906  42902  42894  42889  42897  42887  42894  42893  42908  42893  42894  42898
  846.137   431580   515.20   431668   515.10  43167  43168  43166  43165  43162  43171  43169  43165  43168  43167  43158  43152  43160  43152  43156  43155  43172  43157  43157  43161
  851.137   434211   515.27   434322   516.68  43431  43432  43431  43430  43429  43437  43435  43431  43433  43433  43423  43416  43425  43417  43421  43421  43415  43424  43423  43426
  856.138   436872   513.79   436958   513.79  43698  43698  43698  43697  43694  43677  43701  43697  43699  43699  43690  43684  43691  43682  43687  43689  43678  43690  43689  43692
  861.137   439356   513.89   439495   513.09  43957  43957  43956  43955  43953  43936  43935  43955  43958  43933  43923  43944  43925  43940  43920  43946  43935  43924  43947  43952
  866.137   441880   519.13   441961   520.10  44194  44192  44192  44191  44215  44198  44198  44191  44194  44196  44186  44179  44188  44176  44184  44183  44198  44188  44210  44188
  871.137   444452   519.41   444525   519.92  44452  44450  44451  44450  44449  44458  44457  44449  44453  44456  44445  44438  44449  44435  44444  44444  44458  44447  44443  44449
  876.137   447018   514.70   447094   515.10  44710  44707  44707  44706  44706  44715  44715  44706  44710  44712  44701  44696  44705  44692  44701  44702  44713  44702  44700  44706
  881.137   449518   507.77   449593   508.17  44962  44958  44958  44960  44958  44944  44968  44958  44962  44965  44953  44948  44957  44944  44953  44955  44943  44955  44951  44959
  886.137   451971   504.06   452113   502.45  45219  45215  45216  45216  45214  45202  45199  45215  45219  45198  45187  45206  45190  45201  45186  45189  45200  45187  45207  45218
  891.137   454566   508.69   454715   506.41  45459  45479  45483  45482  45479  45468  45463  45482  45458  45462  45452  45446  45454  45468  45450  45454  45464  45451  45470  45457
  896.137   457129   510.00   457174   509.63  45719  45712  45715  45714  45712  45727  45723  45714  45717  45721  45711  45705  45713  45701  45710  45713  45723  45710  45727  45716
  901.137   459647   506.41   459715   508.83  45973  45965  45970  45969  45966  45983  45976  45969  45970  45974  45964  45958  45968  45955  45964  45969  45978  45964  45957  45970
  906.138   462183   503.69   462254   506.11  46231  46223  46227  46224  46223  46213  46232  46225  46226  46230  46219  46214  46224  46212  46221  46224  46210  46219  46213  46227
  911.137   464814   506.59   464891   505.82  46494  46486  46491  46488  46486  46476  46495  46491  46491  46493  46482  46477  46487  46476  46483  46487  46473  46482  46477  46490
  916.137   467300   512.72   467376   509.60  46732  46750  46730  46751  46749  46738  46733  46730  46731  46732  46721  46740  46726  46739  46722  46725  46737  46721  46740  46729
  921.137   469845   510.84   469917   508.22  46991  46983  46988  46986  47011  46999  46992  46987  46989  46991  46980  46975  46985  46974  46982  46983  46998  46981  47000  46987
  926.137   472468   512.95   472513   513.86  47252  47245  47252  47248  47244  47261  47255  47251  47252  47253  47243  47238  47248  47237  47244  47245  47258  47245  47261  47249
  931.137   475043   514.06   475109   516.58  47514  47507  47515  47510  47507  47498  47516  47514  47514  47514  47505  47502  47510  47500  47508  47507  47496  47510  47494  47511
  936.138   477596   510.59   477677   511.49  47770  47762  47775  47767  47763  47757  47776  47769  47769  47769  47759  47757  47767  47755  47763  47761  47752  47764  47751  47767
  941.137   480187   511.02   480264   510.05  48011  48029  48014  48034  48030  48025  48014  48037  48035  48035  48028  48024  48006  48023  48002  48028  48021  48004  48017  48034
  946.137   482626   512.50   482757   512.63  48271  48285  48273  48264  48288  48281  48274  48268  48264  48289  48260  48253  48265  48252  48261  48257  48278  48262  48275  48263
  951.137   485229   514.51   485285   514.85  48532  48521  48533  48525  48523  48542  48533  48528  48526  48522  48521  48514  48524  48511  48520  48518  48539  48522  48537  48523
  956.137   487784   511.34   487862   514.19  48791  48781  48792  48785  48784  48778  48792  48789  48786  48784  48781  48775  48784  48771  48781  48778  48774  48783  48773  48784
  961.137   490440   510.44   490511   513.36  49056  49046  49056  49050  49049  49042  49057  49055  49051  49049  49047  49041  49050  49037  49047  49043  49039  49049  49038  49049
  966.137   492931   510.29   493083   510.05  49312  49303  49312  49307  49306  49299  49315  49313  49310  49306  49304  49297  49281  49294  49277  49300  49295  49282  49294  49307
  971.137   495436   508.22   495560   508.05  49543  49563  49543  49565  49565  49558  49547  49544  49567  49565  49537  49555  49537  49552  49537  49531  49554  49542  49553  49538
  976.137   498040   514.63   498084   513.46  49808  49803  49808  49804  49805  49823  49812  49809  49807  49805  49803  49796  49802  49792  49802  49796  49819  49807  49820  49803
  981.137   500679   517.58   500750   518.96  50078  50073  50078  50074  50073  50066  50079  50079  50076  50074  50072  50064  50073  50062  50071  50064  50062  50076  50063  50072
  986.137   503253   516.22   503356   516.02  50339  50335  50339  50333  50333  50327  50339  50338  50338  50335  50331  50325  50335  50322  50330  50323  50322  50311  50324  50330
  991.137   505892   512.63   505995   512.84  50603  50600  50603  50595  50597  50593  50601  50602  50603  50598  50594  50589  50597  50587  50592  50586  50587  50577  50589  50594
  996.137   508450   515.33   508604   512.78  50866  50865  50866  50860  50861  50858  50863  50865  50840  50860  50833  50853  50835  50849  50829  50850  50850  50839  50854  50858
 1001.137   510986   520.08   511053   518.17  51103  51101  51103  51098  51099  51120  51101  51102  51104  51122  51097  51091  51100  51088  51092  51088  51115  51101  51118  51096
 1006.137   513593   519.90   513679   521.38  51365  51363  51365  51362  51362  51383  51363  51364  51367  51385  51359  51354  51365  51350  51355  51352  51379  51364  51356  51359
 1011.137   516136   516.91   516197   518.36  51622  51620  51622  51620  51619  51613  51621  51621  51624  51615  51617  51612  51620  51608  51611  51609  51607  51621  51614  51617
 1016.137   518683   513.42   518773   513.86  51879  51878  51879  51876  51877  51871  51879  51878  51883  51873  51873  51869  51878  51866  51868  51866  51863  51853  51872  51875
 1021.137   521351   513.05   521463   512.48  52148  52147  52148  52146  52146  52140  52148  52147  52151  52142  52142  52137  52124  52134  52137  52134  52133  52125  52141  52144
 1026.137   523862   513.72   523976   509.73  52406  52406  52406  52405  52381  52399  52383  52405  52385  52400  52375  52395  52382  52369  52371  52393  52391  52383  52399  52404
 1031.138   526366   514.31   526452   514.88  52640  52640  52640  52639  52641  52661  52643  52639  52647  52662  52635  52629  52644  52630  52631  52628  52653  52645  52633  52638
 1036.137   529031   515.40   529064   516.28  52908  52908  52908  52904  52908  52900  52910  52904  52913  52901  52902  52895  52909  52897  52898  52894  52919  52912  52899  52906
 1041.137   531644   518.66   531729   520.34  53176  53174  53174  53170  53175  53165  53177  53170  53180  53168  53168  53160  53175  53164  53164  53162  53160  53153  53167  53171
 1046.137   534254   518.04   534365   516.93  53439  53438  53437  53434  53439  53429  53440  53434  53443  53432  53432  53424  53414  53426  53427  53424  53426  53418  53428  53435
 1051.137   536792   512.21   536898   510.40  53695  53694  53693  53689  53695  53685  53696  53689  53674  53688  53663  53681  53671  53682  53683  53679  53681  53676  53685  53691
 1056.137   539277   513.79   539309   512.79  53927  53926  53926  53923  53931  53945  53928  53923  53934  53946  53921  53940  53931  53914  53915  53938  53941  53935  53919  53923
 1061.137   541841   517.57   541901   518.44  54192  54190  54191  54187  54195  54183  54193  54187  54198  54185  54186  54178  54194  54179  54180  54177  54204  54173  54182  54188
 1066.137   544459   516.88   544543   517.75  54456  54455  54455  54452  54458  54448  54457  54452  54461  54449  54449  54442  54457  54443  54445  54442  54444  54438  54447  54452
 1071.137   547043   513.10   547151   512.13  54719  54715  54716  54713  54718  54711  54717  54713  54720  54709  54711  54703  54691  54704  54704  54704  54704  54700  54708  54714
 1076.137   549644   509.40   549695   507.42  54976  54976  54976  54973  54953  54970  54975  54972  54955  54969  54971  54963  54953  54965  54963  54963  54965  54960  54967  54974
 1081.137   552154   510.07   552196   508.83  55208  55208  55208  55230  55211  55228  55233  55231  55213  55226  55202  55222  55212  55197  55222  55223  55223  55220  55226  55207
 1086.137   554614   512.99   554678   514.90  55467  55467  55467  55463  55470  55461  55465  55463  55472  55483  55463  55455  55471  55455  55454  55456  55482  55453  55459  55466
 1091.137   557150   512.90   557211   513.78  55723  55723  55723  55720  55726  55717  55720  55718  55728  55713  55718  55712  55727  55711  55710  55712  55713  55710  55717  55720
 1096.137   559675   509.71   559766   506.59  55979  55979  55979  55974  55980  55973  55976  55974  55982  55970  55973  55968  55958  55965  55965  55967  55969  55965  55971  55974
 1101.137   562227   506.96   562315   502.00  56234  56234  56235  56229  56235  56228  56231  56229  56236  56224  56229  56223  56214  56220  56220  56222  56224  56220  56226  56229
 1106.137   564755   500.32   564819   500.79  56489  56489  56490  56484  56467  56483  56486  56484  56467  56480  56459  56479  56469  56475  56475  56477  56480  56476  56481  56484
 1111.137   567266   501.78   567304   503.42  56722  56722  56724  56717  56725  56740  56746  56743  56725  56740  56718  56713  56728  56708  56708  56736  56738  56733  56740  56744
 1116.137   569696   505.23   569758   506.04  56978  56977  56979  56974  56980  56971  56975  56973  56981  56970  56973  56968  56985  56965  56966  56966  56968  56963  56968  56974
 1121.137   572221   505.74   572306   505.67  57233  57233  57233  57229  57235  57225  57229  57227  57236  57226  57227  57224  57215  57219  57221  57221  57224  57218  57223  57229
 1126.137   574784   505.35   574860   502.43  57488  57488  57488  57485  57490  57481  57484  57482  57492  57482  57483  57480  57470  57475  57477  57478  57480  57474  57481  57486
 1131.137   577332   499.19   577390   499.83  57745  57745  57745  57741  57745  57736  57738  57736  57722  57737  57739  57733  57726  57731  57731  57732  57734  57729  57735  57742
 1136.138   579793   498.59   579807   499.50  57974  57973  57974  57971  57976  57991  57993  57991  57976  57988  57966  57986  57980  57961  57985  57985  57988  57982  57989  57971
 1141.137   582235   501.38   582331   503.32  58235  58235  58235  58229  58236  58225  58227  58225  58236  58248  58225  58220  58241  58221  58219  58218  58222  58217  58222  58230
 1146.137   584800   506.85   584889   507.75  58493  58493  58493  58489  58494  58485  58485  58484  58494  58479  58484  58481  58474  58478  58477  58476  58481  58479  58480  58490
 1151.137   587379   508.67   587471   503.74  58751  58751  58752  58749  58752  58744  58742  58741  58751  58738  58742  58740  58732  58735  58734  58733  58738  58738  58739  58748
 1156.138   589961   505.08   590058   504.01  59009  59009  59011  59008  59010  59003  59001  59001  59010  58996  59000  58998  58990  58992  58991  58992  58995  58995  58999  59009
 1161.137   592510   502.52   592478   502.95  59240  59240  59243  59239  59242  59260  59260  59258  59241  59255  59257  59256  59245  59251  59250  59248  59254  59251  59258  59240
 1166.139   594888   502.37   594937   505.22  59489  59489  59492  59487  59491  59483  59508  59506  59490  59502  59480  59478  59493  59473  59498  59495  59502  59499  59481  59489
 1171.137   597393   506.90   597468   507.03  59746  59746  59751  59745  59751  59740  59741  59739  59749  59760  59736  59735  59752  59732  59732  59753  59736  59733  59738  59746
 1176.137   599942   506.46   600004   503.91  60002  60004  60007  60001  60006  59998  59997  59995  60005  59989  59996  59994  60005  59989  59990  59983  59994  59991  59996  60004
 1181.137   602576   503.64   602665   503.54  60270  60272  60274  60268  60273  60263  60261  60259  60272  60253  60262  60260  60247  60255  60256  60247  60260  60255  60262  60272
 1186.137   605117   502.80   605085   501.80  60501  60503  60506  60501  60505  60519  60518  60516  60505  60511  60517  60517  60505  60512  60513  60503  60517  60511  60518  60504
 1191.137   607502   501.31   607598   504.66  60752  60755  60758  60752  60757  60771  60769  60768  60755  60761  60742  60743  60755  60739  60765  60754  60742  60762  60744  60756
