Test case: 
Description: 
	10 senders: persistent queues
	10 receivers: client acknowledge every 50 messages
Timestamp: 2011.11.1 22:42:31
Version: 
Setting up JMS benchmark connections... 

Start processing messages.
Thu Dec 01 22:42:31 EST 2011

  Seconds   Send   Send/Sec   Recv   Recv/Sec   RCV0   RCV1   RCV2   RCV3   RCV4   RCV5   RCV6   RCV7   RCV8   RCV9  SND10  SND11  SND12  SND13  SND14  SND15  SND16  SND17  SND18  SND19
  ------- -------- -------- -------- -------- ------ ------ ------ ------ ------ ------ ------ ------ ------ ------ ------ ------ ------ ------ ------ ------ ------ ------ ------ ------
    0.997        0     0.00        0     0.00      0      0      0      0      0      0      0      0      0      0      0      0      0      0      0      0      0      0      0      0
    5.997     2026   440.43     2394   520.43    239    239    239    239    239    237    239    241    241    241    204    201    202    204    203    202    203    202    203    202
   10.997     4607   479.90     4979   518.65    497    499    499    497    497    494    496    499    501    500    462    459    460    461    463    460    462    459    463    458
   15.997     7092   483.97     7460   500.27    746    748    747    745    744    742    743    746    750    749    711    708    708    708    715    707    710    709    712    704
   20.997     9676   480.41    10037   498.83   1004   1007   1004   1002   1002   1000   1002   1004   1006   1006    968    966    967    966    973    966    970    968    970    962
   25.997    12281   488.82    12528   503.54   1239   1241   1239   1265   1265   1263   1266   1268   1241   1241   1231   1229   1231   1229   1208   1230   1233   1231   1233   1226
   30.997    14655   494.16    14991   506.45   1499   1503   1499   1496   1497   1496   1497   1499   1503   1502   1490   1462   1462   1463   1468   1462   1465   1461   1463   1459
   35.997    17268   511.48    17626   511.14   1763   1766   1763   1760   1761   1761   1760   1763   1765   1764   1726   1726   1727   1726   1730   1725   1728   1726   1728   1726
   40.997    19830   510.84    20197   509.80   2021   2023   2021   2016   2018   2018   2016   2019   2023   2022   1982   1982   1984   1981   1988   1981   1983   1981   1985   1983
   45.997    22505   512.84    22876   510.32   2288   2290   2290   2285   2286   2285   2284   2287   2292   2289   2249   2250   2251   2249   2254   2250   2251   2249   2253   2249
   50.997    24984   504.11    25273   504.48   2538   2509   2509   2535   2535   2533   2532   2534   2511   2537   2497   2496   2501   2496   2500   2499   2501   2496   2501   2497
   55.997    27521   504.70    27745   508.96   2771   2771   2770   2768   2770   2766   2790   2793   2774   2772   2756   2755   2734   2756   2758   2757   2759   2755   2760   2731
   60.997    29995   514.77    30370   516.07   3039   3039   3037   3035   3038   3033   3033   3035   3041   3040   2998   2997   3001   2998   3002   3000   3001   2998   3003   2997
   65.998    32662   516.58    33033   517.01   3304   3304   3304   3302   3304   3300   3302   3301   3307   3305   3265   3263   3267   3264   3269   3267   3270   3263   3271   3263
   70.997    35271   514.53    35646   510.27   3566   3565   3565   3565   3565   3563   3563   3561   3567   3566   3526   3525   3528   3523   3530   3528   3531   3523   3532   3525
   75.997    37908   510.81    38275   508.93   3828   3828   3828   3828   3829   3826   3825   3824   3830   3829   3788   3789   3792   3785   3796   3793   3795   3786   3795   3789
   80.997    40311   510.13    40598   512.58   4055   4056   4056   4055   4055   4053   4078   4077   4057   4056   4041   4041   4021   4039   4022   4020   4023   4038   4047   4019
   85.997    42743   509.06    43075   513.56   4304   4308   4306   4304   4306   4302   4306   4327   4307   4305   4291   4267   4271   4268   4271   4272   4274   4287   4274   4268
   90.997    45286   513.14    45642   512.50   4564   4566   4565   4564   4566   4562   4565   4559   4567   4564   4525   4526   4530   4528   4532   4532   4534   4519   4532   4528
   95.997    47875   508.00    48228   506.46   4823   4826   4822   4823   4823   4821   4824   4820   4824   4822   4786   4785   4789   4787   4790   4790   4791   4780   4791   4786
  100.997    50556   505.12    50917   504.61   5092   5096   5091   5092   5092   5090   5092   5088   5093   5091   5054   5054   5057   5057   5058   5057   5059   5046   5060   5054
  105.997    53145   504.58    53504   503.47   5352   5333   5352   5353   5353   5351   5353   5350   5354   5353   5315   5316   5318   5318   5319   5318   5321   5309   5322   5314
  110.997    55622   511.78    55959   514.46   5591   5603   5591   5592   5593   5591   5593   5619   5594   5592   5584   5555   5558   5557   5560   5557   5559   5576   5562   5554
  115.998    58204   517.92    58544   518.22   5853   5863   5854   5855   5855   5851   5853   5851   5855   5854   5818   5815   5819   5819   5821   5820   5820   5836   5822   5814
  120.997    60890   523.62    61258   523.15   6124   6135   6125   6126   6126   6122   6124   6124   6126   6126   6089   6087   6090   6090   6093   6091   6089   6082   6094   6085
  125.997    63561   521.14    63908   519.19   6392   6376   6393   6393   6394   6390   6392   6390   6394   6394   6354   6353   6357   6358   6361   6358   6356   6349   6362   6353
  130.998    66214   517.65    66564   516.31   6658   6641   6658   6660   6659   6656   6658   6654   6660   6660   6618   6617   6623   6624   6627   6624   6620   6614   6629   6618
  135.997    68667   516.51    68961   517.82   6892   6902   6892   6895   6893   6890   6892   6915   6894   6896   6880   6878   6859   6858   6862   6857   6880   6876   6864   6853
  140.997    71300   523.49    71613   524.43   7157   7167   7158   7160   7158   7155   7157   7181   7159   7161   7146   7119   7124   7125   7129   7123   7145   7141   7130   7118
  145.997    73890   526.39    74244   526.02   7423   7432   7423   7427   7424   7421   7423   7420   7425   7426   7386   7386   7391   7391   7395   7391   7387   7383   7396   7384
  150.997    76509   519.63    76866   521.98   7685   7695   7685   7689   7686   7683   7685   7683   7688   7687   7648   7648   7653   7652   7657   7653   7649   7644   7659   7646
  155.997    79069   514.46    79404   513.26   7942   7926   7941   7945   7942   7939   7941   7941   7944   7943   7906   7904   7907   7907   7913   7909   7906   7901   7914   7902
  160.997    81550   509.25    81969   509.72   8202   8184   8200   8177   8201   8198   8199   8201   8204   8203   8166   8162   8140   8166   8146   8141   8164   8159   8145   8161
  165.997    84003   512.90    84330   514.88   8431   8439   8428   8433   8429   8425   8427   8455   8431   8432   8396   8391   8399   8393   8404   8397   8419   8414   8401   8389
  170.997    86573   512.52    86922   512.89   8693   8700   8689   8696   8690   8687   8689   8691   8693   8694   8659   8652   8660   8654   8667   8659   8656   8650   8664   8652
  175.997    89229   512.99    89575   512.68   8957   8966   8955   8962   8955   8952   8954   8957   8959   8958   8924   8917   8926   8919   8933   8925   8922   8915   8929   8919
  180.997    91802   505.45    92149   504.35   9213   9220   9213   9218   9214   9212   9213   9217   9215   9214   9183   9178   9181   9178   9189   9180   9182   9172   9184   9175
  185.997    94396   507.97    94747   507.57   9478   9457   9478   9455   9481   9477   9478   9484   9480   9479   9449   9443   9418   9442   9427   9444   9448   9435   9449   9441
  190.997    96798   510.77    97142   509.16   9714   9718   9712   9714   9714   9712   9713   9716   9715   9714   9681   9677   9676   9676   9684   9676   9681   9693   9682   9672
  195.997    99405   515.97    99756   517.65   9976   9979   9973   9976   9975   9975   9974   9977   9976   9975   9943   9939   9937   9937   9944   9936   9942   9952   9942   9933
  200.997   101980   516.14   102359   517.15  10237  10238  10233  10237  10236  10236  10234  10237  10236  10235  10202  10199  10198  10197  10203  10197  10202  10186  10202  10194
  205.997   104586   507.63   104956   507.57  10496  10497  10493  10496  10498  10494  10494  10497  10496  10495  10462  10461  10460  10457  10462  10457  10463  10447  10463  10454
  210.997   107212   509.26   107583   509.19  10759  10759  10756  10759  10760  10757  10757  10760  10759  10757  10725  10723  10724  10719  10724  10720  10725  10710  10726  10716
  215.998   109547   507.57   109891   508.20  10989  10989  10987  10990  10990  10987  10988  10991  10991  10989  10956  10954  10956  10951  10954  10950  10955  10967  10958  10946
  220.997   112109   513.77   112475   514.51  11247  11247  11246  11248  11248  11245  11247  11250  11249  11248  11215  11213  11214  11209  11214  11209  11212  11203  11217  11203
  225.997   114708   513.52   115075   514.06  11508  11506  11505  11509  11509  11504  11507  11510  11508  11509  11477  11472  11474  11468  11474  11468  11472  11464  11477  11462
  230.997   117255   507.52   117622   507.08  11763  11760  11759  11763  11764  11760  11761  11765  11762  11765  11731  11727  11728  11723  11729  11725  11725  11720  11730  11717
  235.997   119852   504.43   120213   503.26  12022  12018  12017  12022  12025  12020  12019  12025  12020  12025  11991  11986  11986  11984  11990  11983  11988  11979  11988  11977
  240.997   122325   501.24   122687   500.94  12276  12274  12273  12253  12254  12274  12275  12278  12276  12254  12221  12240  12216  12238  12219  12238  12242  12236  12243  12232
  245.997   124734   509.65   125093   510.15  12510  12507  12506  12511  12511  12508  12508  12511  12509  12512  12479  12474  12475  12472  12477  12471  12476  12468  12477  12465
  250.997   127489   516.11   127855   516.11  12786  12784  12784  12786  12786  12784  12784  12788  12786  12787  12755  12750  12750  12747  12751  12747  12751  12744  12752  12742
  255.997   130082   515.05   130451   515.99  13044  13045  13044  13045  13045  13043  13045  13048  13046  13046  13015  13009  13009  13007  13010  13006  13010  13005  13010  13001
  260.997   132759   511.86   133131   512.06  13313  13313  13312  13313  13313  13311  13312  13316  13314  13314  13282  13277  13277  13274  13276  13274  13278  13273  13279  13269
  265.997   135302   510.47   135669   510.77  13568  13571  13568  13569  13569  13566  13569  13572  13570  13547  13513  13533  13537  13530  13533  13531  13534  13530  13536  13525
  270.997   137783   514.35   138148   514.45  13826  13803  13825  13802  13802  13799  13826  13829  13827  13809  13774  13766  13769  13788  13768  13788  13791  13763  13793  13783
  275.997   140346   523.89   140709   524.03  14069  14072  14069  14071  14071  14069  14068  14073  14069  14078  14045  14035  14038  14032  14037  14030  14034  14033  14035  14027
  280.997   143032   520.72   143395   521.49  14336  14340  14338  14340  14341  14338  14336  14342  14338  14346  14312  14304  14307  14301  14305  14299  14302  14303  14303  14296
  285.997   145693   521.86   146055   522.63  14603  14604  14606  14604  14607  14602  14602  14610  14603  14614  14579  14570  14575  14565  14572  14566  14568  14568  14569  14561
  290.997   148286   515.05   148643   514.55  14861  14864  14864  14863  14868  14861  14861  14867  14861  14873  14838  14829  14834  14824  14832  14825  14828  14829  14827  14820
  295.997   150904   516.58   151287   516.24  15128  15132  15132  15130  15134  15128  15128  15135  15127  15113  15079  15097  15075  15091  15099  15092  15095  15096  15093  15087
  300.997   153489   522.75   153797   522.52  15396  15372  15373  15371  15375  15369  15395  15375  15393  15378  15344  15338  15341  15357  15341  15358  15361  15336  15360  15353
  305.998   155896   521.81   156280   521.61  15624  15625  15626  15624  15628  15622  15625  15627  15647  15632  15594  15592  15593  15586  15593  15588  15592  15588  15588  15582
  310.997   158468   517.13   158821   516.80  15880  15880  15883  15882  15885  15878  15880  15884  15879  15890  15851  15850  15851  15843  15851  15845  15848  15844  15846  15839
  315.997   161132   511.91   161487   514.26  16148  16148  16148  16148  16150  16146  16147  16152  16143  16157  16116  16116  16116  16111  16117  16111  16114  16112  16112  16107
  320.997   163836   513.24   164166   514.21  16419  16418  16420  16419  16422  16415  16416  16424  16413  16400  16386  16385  16386  16383  16387  16382  16384  16383  16382  16378
  325.997   166384   515.84   166797   515.03  16689  16690  16664  16691  16666  16686  16687  16669  16685  16670  16630  16630  16630  16626  16631  16654  16655  16653  16653  16622
  330.997   168896   516.07   169260   517.95  16923  16922  16923  16923  16925  16920  16921  16927  16946  16930  16889  16889  16889  16885  16889  16887  16888  16885  16914  16881
  335.997   171511   524.01   171891   523.88  17188  17188  17190  17188  17191  17186  17187  17194  17183  17196  17152  17153  17153  17148  17152  17152  17152  17149  17152  17148
  340.997   174125   525.40   174507   525.47  17450  17449  17451  17450  17451  17448  17450  17455  17446  17457  17413  17415  17414  17410  17413  17413  17415  17411  17413  17408
  345.997   176719   516.34   177098   518.86  17708  17710  17710  17708  17711  17706  17710  17714  17705  17716  17672  17675  17673  17670  17671  17673  17675  17671  17671  17668
  350.998   179365   511.31   179719   513.12  17973  17975  17974  17974  17977  17972  17975  17978  17970  17951  17937  17941  17937  17935  17934  17938  17941  17936  17934  17932
  355.997   181873   515.40   182250   514.19  18235  18237  18211  18238  18215  18234  18238  18216  18235  18217  18200  18179  18201  18172  18197  18176  18180  18174  18200  18194
  360.997   184349   517.67   184734   518.37  18468  18469  18469  18471  18474  18467  18470  18475  18493  18478  18432  18435  18434  18430  18454  18435  18437  18433  18432  18427
  365.997   186867   515.30   187261   514.90  18721  18725  18726  18726  18728  18722  18725  18731  18723  18734  18686  18689  18689  18685  18682  18689  18691  18688  18686  18682
  370.997   189494   512.13   189888   511.70  18984  18988  18990  18987  18991  18984  18989  18994  18985  18996  18949  18953  18951  18946  18946  18953  18954  18951  18947  18944
  375.997   192076   508.20   192447   509.78  19241  19249  19249  19245  19249  19241  19249  19253  19242  19229  19207  19211  19208  19204  19204  19212  19213  19210  19206  19201
  380.997   194612   505.52   194938   507.16  19502  19486  19486  19507  19486  19502  19486  19490  19503  19490  19469  19470  19468  19466  19465  19448  19449  19447  19467  19463
  385.997   197177   510.94   197554   510.94  19770  19752  19753  19747  19752  19744  19752  19757  19771  19756  19710  19711  19735  19706  19731  19714  19716  19715  19735  19704
  390.997   199728   516.07   200131   516.68  20007  20013  20017  20010  20014  20007  20016  20021  20008  20018  19973  19975  19972  19969  19967  19978  19978  19977  19972  19967
  395.997   202297   516.11   202699   514.63  20264  20270  20274  20267  20270  20265  20272  20276  20265  20276  20230  20231  20230  20226  20225  20233  20235  20233  20229  20225
  400.997   204832   508.83   205215   508.42  20518  20523  20528  20521  20526  20519  20526  20530  20518  20506  20482  20484  20484  20480  20477  20487  20487  20487  20484  20480
  405.997   207394   505.30   207727   506.64  20775  20779  20758  20778  20782  20775  20782  20760  20776  20762  20738  20739  20741  20736  20735  20743  20743  20742  20741  20736
  410.997   209841   506.53   210226   509.41  21033  21012  21017  21036  21013  21032  21013  21016  21034  21020  20996  20997  20973  20994  20993  20974  20973  20974  20999  20968
  415.997   212381   509.33   212764   510.40  21271  21276  21281  21274  21278  21270  21276  21280  21272  21286  21234  21235  21237  21233  21257  21238  21237  21238  21237  21235
  420.997   214926   510.02   215334   508.44  21528  21533  21537  21530  21535  21528  21533  21537  21531  21542  21490  21492  21496  21490  21488  21495  21494  21496  21494  21491
  425.997   217527   508.47   217914   507.97  21791  21792  21797  21791  21795  21787  21792  21796  21790  21783  21753  21752  21755  21750  21747  21755  21755  21756  21754  21750
  430.997   220209   509.01   220597   510.02  22059  22060  22065  22059  22064  22055  22060  22066  22058  22051  22020  22020  22024  22017  22016  22025  22023  22025  22021  22018
  435.997   222748   508.26   223117   511.17  22318  22320  22298  22319  22298  22314  22321  22300  22319  22310  22280  22278  22285  22277  22274  22260  22282  22257  22278  22277
  440.997   225158   512.28   225527   512.58  22548  22551  22554  22550  22554  22545  22551  22556  22551  22567  22510  22509  22517  22508  22531  22517  22512  22513  22535  22506
  445.997   227786   516.95   228201   517.15  22816  22817  22822  22818  22819  22814  22818  22821  22819  22837  22779  22778  22783  22776  22774  22783  22780  22779  22780  22774
  450.997   230354   515.91   230738   516.04  23074  23074  23078  23075  23075  23068  23074  23078  23076  23066  23036  23031  23040  23032  23029  23041  23038  23038  23039  23030
  455.997   232996   511.85   233383   511.85  23339  23339  23341  23340  23340  23331  23339  23342  23341  23331  23300  23294  23304  23297  23293  23304  23303  23302  23304  23295
  460.997   235554   508.81   235993   508.74  23600  23602  23602  23600  23600  23594  23598  23601  23602  23594  23560  23556  23566  23557  23554  23540  23563  23538  23564  23556
  465.997   237997   508.24   238382   508.78  23829  23830  23831  23829  23828  23849  23853  23854  23830  23849  23815  23812  23794  23786  23810  23794  23791  23793  23818  23784
  470.998   240540   515.27   240932   516.04  24090  24096  24095  24091  24090  24087  24090  24091  24092  24110  24050  24048  24057  24048  24071  24058  24053  24058  24053  24044
  475.997   243109   513.22   243499   513.36  24349  24354  24353  24350  24350  24348  24349  24352  24351  24343  24311  24311  24315  24307  24303  24315  24312  24317  24314  24304
  480.997   245711   513.59   246109   513.19  24610  24616  24615  24610  24610  24610  24609  24612  24612  24605  24571  24571  24575  24567  24564  24574  24572  24577  24575  24565
  485.997   248295   506.38   248717   506.64  24870  24877  24876  24871  24870  24870  24871  24873  24873  24866  24832  24832  24836  24828  24824  24834  24833  24812  24836  24828
  490.997   250869   506.95   251238   504.60  25127  25108  25107  25128  25127  25127  25127  25132  25132  25123  25090  25087  25092  25087  25083  25091  25089  25071  25094  25085
  495.997   253389   512.92   253810   513.19  25392  25372  25371  25393  25393  25366  25392  25371  25371  25389  25329  25352  25356  25326  25348  25330  25353  25337  25334  25324
  500.997   255904   513.84   256297   514.72  25624  25632  25630  25627  25627  25625  25624  25631  25630  25647  25588  25583  25588  25587  25608  25589  25584  25597  25594  25586
  505.997   258448   513.84   258839   513.00  25881  25891  25888  25882  25884  25880  25880  25888  25887  25878  25845  25840  25843  25845  25839  25845  25841  25856  25851  25843
  510.997   261000   509.56   261422   509.46  26140  26147  26146  26139  26143  26138  26139  26147  26146  26137  26103  26097  26102  26104  26096  26101  26098  26087  26110  26102
  515.997   263578   506.04   263952   504.33  26398  26379  26378  26397  26401  26396  26397  26405  26404  26397  26360  26357  26359  26360  26353  26358  26358  26345  26367  26361
  520.997   266115   506.56   266489   507.63  26658  26641  26639  26658  26638  26656  26659  26642  26640  26658  26621  26618  26621  26596  26615  26619  26619  26606  26603  26597
  525.997   268536   506.61   268937   506.78  26888  26896  26893  26889  26892  26886  26891  26897  26894  26911  26850  26847  26850  26851  26869  26850  26850  26860  26857  26852
  530.997   271037   506.93   271431   507.00  27140  27150  27144  27140  27145  27138  27142  27149  27146  27137  27103  27100  27104  27102  27097  27101  27101  27114  27109  27106
  535.997   273685   507.72   274084   507.05  27406  27416  27409  27405  27410  27403  27406  27415  27411  27403  27366  27365  27370  27369  27361  27366  27366  27377  27374  27371
  540.997   276172   502.32   276569   501.51  27658  27642  27659  27656  27660  27654  27658  27666  27662  27654  27618  27617  27623  27619  27613  27617  27618  27602  27624  27621
  545.997   278706   501.74   279109   501.85  27914  27899  27916  27912  27916  27909  27915  27899  27919  27910  27873  27872  27878  27874  27870  27873  27874  27860  27880  27852
  550.997   281224   501.74   281576   503.66  28147  28158  28150  28170  28151  28168  28149  28160  28153  28170  28132  28130  28136  28109  28131  28106  28133  28122  28115  28110
  555.997   283732   509.14   284162   509.31  28411  28422  28414  28408  28416  28406  28413  28423  28417  28432  28370  28368  28373  28373  28369  28369  28371  28385  28380  28374
  560.998   286340   511.71   286775   512.18  28674  28687  28678  28671  28683  28669  28677  28685  28681  28670  28632  28630  28636  28636  28632  28633  28635  28623  28647  28636
  565.997   288927   508.84   289335   507.50  28933  28920  28936  28930  28942  28928  28935  28942  28939  28930  28890  28890  28896  28896  28891  28891  28893  28882  28904  28894
  570.997   291479   507.52   291882   506.85  29191  29178  29193  29187  29173  29187  29191  29198  29196  29188  29148  29147  29155  29153  29151  29149  29151  29140  29135  29150
  575.997   293941   506.91   294343   507.75  29447  29434  29423  29444  29430  29443  29422  29428  29426  29446  29405  29404  29411  29383  29408  29380  29382  29397  29391  29380
  580.997   296437   508.79   296817   510.60  29680  29691  29680  29677  29688  29675  29679  29684  29684  29679  29663  29635  29644  29641  29639  29638  29639  29653  29647  29638
  585.997   298996   512.20   299419   510.22  29941  29950  29941  29936  29947  29934  29939  29945  29946  29940  29898  29896  29905  29903  29899  29898  29899  29889  29909  29900
  590.997   301561   508.20   301965   506.26  30197  30182  30198  30192  30205  30191  30197  30202  30203  30198  30155  30152  30160  30159  30159  30155  30155  30145  30165  30156
  595.997   304146   504.73   304530   503.99  30456  30442  30457  30451  30438  30450  30456  30461  30462  30457  30413  30410  30419  30417  30418  30414  30415  30404  30422  30414
  600.997   306607   501.78   306922   503.02  30686  30695  30686  30705  30692  30704  30686  30690  30691  30687  30665  30662  30673  30646  30671  30668  30669  30659  30651  30643
  605.997   309067   504.87   309463   506.48  30942  30951  30942  30962  30949  30936  30943  30946  30948  30944  30923  30919  30903  30902  30900  30898  30900  30915  30908  30899
  610.997   311568   507.77   312018   507.50  31202  31208  31198  31194  31210  31195  31200  31202  31208  31201  31155  31151  31160  31162  31159  31155  31157  31147  31165  31157
  615.997   314115   504.73   314563   504.77  31456  31463  31452  31448  31465  31450  31454  31456  31464  31455  31408  31405  31415  31417  31414  31409  31413  31401  31419  31414
  620.997   316680   501.01   317050   500.77  31712  31692  31709  31703  31696  31707  31711  31713  31695  31712  31665  31662  31672  31674  31670  31666  31669  31656  31675  31671
  625.997   319208   499.33   319627   500.50  31969  31950  31967  31961  31954  31965  31968  31971  31952  31970  31923  31920  31929  31906  31928  31923  31927  31915  31933  31904
  630.997   321774   503.32   322094   507.52  32203  32209  32201  32221  32213  32201  32225  32205  32212  32204  32182  32179  32189  32167  32186  32182  32184  32174  32167  32164
  635.997   324227   505.27   324609   505.70  32456  32463  32456  32475  32468  32454  32454  32458  32468  32457  32437  32433  32417  32424  32417  32412  32414  32430  32423  32420
  640.997   326752   507.77   327187   506.39  32717  32725  32715  32710  32728  32715  32713  32718  32728  32718  32671  32667  32679  32685  32678  32673  32672  32664  32683  32680
  645.997   329273   507.00   329710   504.88  32972  32980  32970  32964  32958  32970  32969  32973  32982  32972  32924  32922  32934  32914  32932  32928  32926  32919  32938  32936
  650.997   331784   503.36   332198   503.12  33227  33208  33224  33216  33214  33224  33223  33226  33210  33226  33176  33176  33189  33171  33184  33181  33179  33171  33192  33165
  655.997   334418   505.86   334808   505.86  33468  33474  33464  33481  33479  33490  33490  33493  33476  33493  33441  33441  33456  33437  33451  33448  33446  33437  33430  33431
  660.997   336885   503.59   337277   507.75  33726  33732  33722  33738  33734  33723  33721  33724  33733  33724  33699  33699  33687  33693  33681  33680  33678  33693  33688  33687
  665.998   339472   507.85   339896   509.23  33987  33997  33982  34001  33997  33985  33981  33986  33997  33983  33962  33934  33946  33956  33942  33940  33937  33956  33949  33950
  670.998   341950   508.22   342399   506.91  34245  34226  34238  34230  34251  34242  34235  34242  34252  34238  34192  34191  34201  34186  34197  34195  34193  34184  34206  34205
  675.997   344549   510.10   344972   507.95  34508  34488  34500  34491  34488  34504  34498  34504  34490  34501  34455  34453  34464  34449  34460  34456  34456  34445  34468  34443
  680.997   347109   509.80   347507   510.20  34742  34745  34758  34751  34745  34740  34756  34763  34747  34760  34711  34711  34723  34709  34719  34714  34711  34706  34704  34701
  685.998   349655   505.54   350021   508.59  35002  35004  34990  35010  35006  35000  35015  34994  35007  34993  34970  34973  34955  34970  34951  34975  34970  34966  34963  34962
  690.997   352264   510.84   352666   511.17  35270  35272  35258  35276  35273  35267  35253  35262  35274  35261  35236  35237  35223  35209  35219  35213  35234  35232  35232  35229
  695.999   354837   513.21   355287   512.47  35534  35536  35523  35516  35537  35531  35519  35527  35538  35526  35499  35477  35486  35475  35485  35478  35475  35472  35496  35494
  700.997   357388   517.17   357791   513.84  35771  35774  35787  35778  35775  35770  35780  35791  35776  35789  35737  35739  35749  35738  35749  35741  35736  35734  35733  35732
  705.997   359910   512.10   360312   512.16  36023  36027  36038  36030  36028  36024  36031  36042  36029  36040  35990  35991  36001  35990  36001  35993  35988  35986  35985  35985
  710.997   362434   509.06   362808   510.87  36278  36281  36268  36286  36282  36280  36286  36272  36283  36292  36244  36247  36257  36245  36230  36248  36242  36242  36240  36239
  715.997   365011   510.07   365415   511.38  36541  36544  36532  36551  36543  36544  36550  36536  36546  36528  36506  36511  36494  36507  36494  36485  36504  36505  36503  36502
  720.997   367604   511.29   368033   511.33  36809  36810  36799  36791  36810  36811  36790  36803  36814  36796  36774  36752  36760  36748  36761  36752  36770  36746  36771  36770
  725.997   370156   513.16   370557   511.51  37046  37046  37061  37054  37074  37048  37055  37065  37051  37057  37011  37016  37023  37009  37022  37016  37007  37009  37036  37007
  730.998   372721   511.91   373121   512.68  37304  37306  37319  37314  37307  37306  37315  37323  37311  37316  37271  37276  37281  37269  37280  37274  37267  37269  37267  37267
  735.998   375358   511.85   375696   513.46  37566  37570  37557  37578  37568  37567  37576  37561  37574  37579  37534  37538  37545  37531  37545  37539  37532  37534  37531  37529
  740.997   377999   516.41   378393   517.85  37836  37840  37826  37847  37839  37838  37845  37830  37843  37849  37803  37808  37813  37800  37788  37782  37802  37804  37801  37798
  745.997   380525   517.11   380938   517.42  38098  38102  38088  38084  38103  38100  38082  38092  38104  38085  38066  38044  38050  38063  38051  38046  38039  38040  38065  38061
  750.997   382993   515.59   383451   514.04  38352  38356  38342  38337  38332  38354  38336  38346  38358  38338  38295  38299  38304  38293  38304  38298  38296  38296  38318  38290
  755.998   385514   514.55   385898   513.14  38582  38586  38596  38592  38587  38583  38590  38600  38589  38593  38549  38554  38559  38548  38558  38552  38551  38550  38548  38545
  760.997   388092   510.79   388469   512.50  38838  38842  38853  38850  38844  38841  38848  38858  38846  38849  38808  38810  38817  38805  38818  38810  38808  38808  38804  38804
  765.997   390664   505.79   391060   509.48  39096  39101  39112  39108  39105  39103  39106  39116  39106  39107  39067  39070  39076  39065  39052  39070  39067  39068  39066  39063
  770.997   393146   504.78   393616   505.59  39357  39360  39347  39370  39366  39364  39367  39351  39366  39368  39326  39306  39312  39326  39315  39306  39302  39304  39327  39322
  775.997   395579   505.18   396053   503.88  39611  39614  39600  39598  39596  39617  39596  39604  39620  39597  39556  39557  39566  39553  39569  39560  39552  39558  39557  39551
  780.997   398163   508.20   398584   505.25  39868  39872  39859  39857  39854  39849  39855  39863  39853  39854  39813  39816  39825  39813  39828  39819  39809  39817  39815  39808
  785.997   400825   511.01   401223   511.51  40135  40112  40126  40123  40120  40115  40121  40129  40119  40123  40080  40081  40090  40079  40095  40083  40075  40086  40083  40073
  790.997   403394   506.83   403802   509.51  40368  40374  40387  40383  40380  40377  40380  40390  40378  40385  40340  40341  40350  40338  40328  40342  40334  40345  40344  40332
  795.997   405891   504.85   406298   505.18  40622  40630  40616  40637  40635  40632  40634  40620  40633  40639  40596  40595  40580  40591  40581  40596  40590  40575  40599  40588
  800.997   408359   509.63   408871   507.55  40885  40894  40879  40873  40897  40893  40896  40883  40896  40875  40833  40832  40841  40828  40843  40832  40827  40837  40835  40851
  805.997   410896   513.12   411306   510.97  41141  41126  41134  41130  41128  41124  41127  41138  41127  41131  41090  41088  41097  41085  41099  41089  41082  41092  41092  41082
  810.997   413418   510.13   413851   509.63  41393  41382  41388  41382  41382  41380  41382  41392  41384  41386  41343  41338  41349  41337  41350  41342  41332  41345  41342  41340
  815.997   416008   504.33   416439   507.18  41652  41640  41650  41639  41641  41638  41640  41652  41642  41645  41602  41596  41608  41596  41609  41603  41590  41604  41601  41599
  820.997   418499   500.07   418899   500.57  41879  41894  41878  41893  41894  41893  41893  41881  41895  41899  41856  41850  41863  41850  41837  41857  41844  41833  41856  41853
  825.997   420981   503.99   421477   504.66  42139  42156  42139  42153  42153  42154  42153  42142  42154  42134  42092  42111  42098  42087  42098  42093  42103  42093  42117  42089
  830.997   423522   508.83   423969   505.81  42401  42391  42401  42414  42390  42390  42390  42405  42392  42395  42354  42349  42359  42349  42360  42354  42340  42354  42353  42350
  835.997   426177   511.81   426596   510.17  42669  42657  42668  42653  42654  42654  42654  42671  42656  42660  42620  42613  42626  42614  42627  42620  42605  42620  42617  42615
  840.997   428761   512.33   429188   512.16  42926  42918  42926  42914  42914  42913  42914  42929  42915  42919  42878  42874  42884  42872  42884  42878  42864  42878  42876  42873
  845.997   431395   509.06   431744   510.87  43163  43180  43163  43178  43177  43178  43178  43167  43179  43181  43141  43138  43146  43135  43149  43142  43126  43143  43139  43136
  850.997   433984   514.72   434407   514.65  43433  43446  43430  43443  43443  43442  43445  43434  43444  43447  43409  43403  43412  43399  43392  43385  43391  43384  43406  43403
  855.997   436560   519.14   437007   516.53  43696  43686  43694  43708  43708  43708  43711  43698  43711  43687  43648  43669  43652  43665  43656  43649  43656  43649  43672  43644
  860.997   439088   520.57   439511   518.93  43953  43945  43952  43965  43941  43940  43944  43956  43968  43947  43906  43902  43910  43897  43912  43907  43916  43907  43929  43902
  865.997   441667   518.12   442087   517.32  44216  44207  44214  44202  44205  44203  44207  44218  44204  44211  44170  44166  44173  44160  44175  44171  44152  44169  44166  44165
  870.997   444264   515.07   444675   516.24  44473  44466  44472  44463  44463  44460  44467  44477  44463  44471  44430  44425  44433  44419  44434  44431  44413  44429  44425  44425
  875.997   446780   511.31   447163   514.87  44706  44722  44704  44719  44719  44717  44724  44708  44718  44726  44687  44682  44687  44676  44667  44687  44670  44662  44681  44681
  880.997   449234   507.52   449668   507.82  44960  44975  44958  44971  44973  44969  44953  44962  44969  44978  44918  44935  44939  44926  44920  44917  44922  44915  44933  44909
  885.998   451755   507.30   452192   506.09  45218  45207  45216  45230  45229  45226  45210  45220  45225  45211  45175  45167  45172  45182  45177  45174  45179  45173  45189  45167
  890.998   454326   508.83   454760   508.29  45483  45471  45481  45469  45469  45465  45474  45485  45488  45475  45439  45432  45438  45421  45442  45439  45419  45437  45428  45431
  895.997   456911   507.28   457347   508.69  45742  45732  45738  45727  45727  45725  45733  45743  45746  45734  45697  45691  45696  45680  45701  45699  45677  45695  45686  45689
  900.997   459426   503.56   459812   504.46  45971  45986  45993  45981  45981  45980  45986  45972  45975  45987  45950  45944  45950  45935  45931  45953  45930  45949  45940  45944
  905.997   461887   502.62   462350   504.40  46228  46243  46223  46238  46238  46238  46242  46227  46230  46243  46179  46200  46207  46192  46187  46183  46187  46179  46199  46174
  910.998   464478   509.03   464912   509.03  46492  46483  46487  46501  46501  46502  46480  46491  46494  46481  46443  46439  46445  46457  46451  46447  46451  46444  46462  46439
  915.997   467036   511.06   467469   510.92  46755  46746  46750  46739  46739  46741  46743  46754  46757  46745  46706  46703  46708  46696  46713  46710  46690  46708  46700  46702
  920.997   469631   508.93   470065   509.83  47015  47004  47010  46998  46998  47001  47003  47014  47017  47005  46965  46963  46968  46953  46973  46970  46949  46969  46959  46962
  925.997   472244   508.44   472656   508.51  47275  47267  47270  47261  47260  47264  47265  47274  47252  47268  47225  47226  47230  47216  47233  47230  47212  47229  47221  47222
  930.998   474823   510.67   475253   512.21  47512  47528  47532  47525  47524  47524  47526  47536  47515  47531  47489  47490  47494  47479  47470  47492  47475  47463  47485  47486
  935.997   477263   513.37   477717   512.30  47771  47760  47762  47781  47780  47780  47782  47767  47772  47762  47720  47719  47723  47736  47729  47723  47732  47722  47742  47717
  940.997   479895   514.45   480292   513.21  48039  48023  48028  48020  48047  48019  48020  48032  48040  48024  47985  47983  47988  47974  47995  47989  47999  47990  48009  47983
  945.997   482422   514.56   482846   514.23  48296  48284  48286  48277  48277  48278  48279  48290  48295  48284  48242  48243  48248  48233  48252  48247  48231  48246  48239  48241
  950.997   484974   511.41   485423   512.85  48532  48543  48545  48539  48539  48538  48539  48549  48554  48545  48501  48502  48509  48493  48487  48508  48491  48482  48499  48502
  955.997   487576   508.51   487997   510.49  48792  48802  48806  48798  48799  48798  48800  48810  48788  48804  48762  48761  48767  48755  48748  48768  48752  48743  48759  48761
  960.997   490148   509.82   490593   509.35  49057  49068  49044  49064  49063  49063  49064  49048  49053  49069  49000  49025  49032  49021  49011  49008  49020  49006  49024  49001
  965.999   492619   513.59   493086   512.38  49314  49299  49301  49319  49319  49296  49320  49305  49312  49301  49258  49258  49263  49253  49270  49265  49252  49263  49280  49257
  970.997   495172   510.03   495586   511.48  49573  49558  49557  49551  49551  49555  49552  49560  49570  49559  49516  49517  49520  49511  49527  49525  49509  49519  49513  49515
  975.997   497826   513.42   498214   514.83  49814  49824  49823  49817  49815  49819  49818  49825  49834  49825  49781  49784  49785  49776  49792  49790  49774  49784  49779  49781
  980.997   500445   515.64   500877   515.97  50082  50093  50092  50085  50084  50089  50085  50094  50078  50095  50051  50054  50055  50044  50036  50035  50043  50029  50048  50050
  985.997   502989   513.39   503475   514.63  50341  50354  50352  50344  50344  50349  50346  50353  50338  50354  50285  50314  50314  50303  50296  50295  50303  50288  50308  50283
  990.997   505610   515.50   506064   514.06  50605  50592  50614  50609  50609  50612  50610  50617  50603  50593  50551  50553  50578  50566  50562  50560  50566  50555  50571  50548
  995.997   508168   518.17   508618   516.70  50869  50855  50852  50873  50872  50847  50872  50855  50867  50856  50813  50816  50817  50802  50828  50824  50803  50818  50835  50812
 1000.997   510744   520.81   511170   521.21  51132  51120  51115  51109  51109  51110  51108  51118  51131  51118  51075  51078  51080  51065  51064  51088  51065  51082  51073  51074
 1005.997   513322   518.02   513735   519.83  51367  51386  51377  51369  51369  51373  51368  51381  51366  51379  51339  51341  51345  51328  51324  51323  51327  51318  51338  51339
 1010.997   515893   514.78   516315   514.45  51627  51641  51634  51628  51628  51630  51627  51638  51625  51637  51595  51597  51601  51585  51583  51581  51584  51576  51596  51595
 1015.997   518415   513.32   518867   513.02  51885  51873  51892  51885  51885  51888  51886  51896  51881  51896  51826  51855  51859  51843  51840  51839  51841  51833  51854  51825
 1020.997   521056   515.07   521484   513.26  52154  52143  52136  52154  52154  52157  52154  52140  52151  52141  52097  52100  52104  52111  52109  52107  52109  52102  52122  52095
 1025.997   523587   513.93   524039   513.09  52413  52400  52394  52413  52413  52390  52411  52397  52410  52398  52355  52357  52362  52345  52368  52364  52366  52362  52356  52352
 1030.997   526121   513.37   526542   514.08  52647  52661  52654  52647  52647  52650  52646  52658  52672  52660  52617  52619  52623  52605  52602  52626  52601  52597  52616  52615
 1035.997   528762   514.53   529185   516.71  52914  52927  52921  52914  52914  52918  52913  52925  52912  52927  52885  52885  52891  52870  52869  52865  52868  52864  52883  52882
 1040.998   531380   517.10   531847   516.80  53180  53193  53187  53180  53180  53185  53180  53190  53178  53194  53128  53151  53156  53138  53135  53132  53133  53131  53151  53125
 1045.997   533956   516.96   534430   515.79  53444  53431  53449  53444  53444  53448  53444  53453  53443  53430  53390  53387  53392  53401  53399  53395  53397  53395  53413  53387
 1050.997   536474   514.87   536919   513.69  53700  53687  53680  53701  53701  53680  53701  53684  53698  53687  53648  53644  53650  53633  53655  53651  53653  53652  53644  53644
 1055.997   538987   514.09   539401   514.63  53934  53946  53937  53934  53936  53937  53934  53941  53956  53946  53907  53904  53910  53892  53889  53909  53888  53885  53901  53902
 1060.998   541626   515.96   542041   517.50  54198  54209  54202  54197  54200  54201  54198  54206  54219  54211  54169  54168  54175  54157  54153  54172  54153  54149  54165  54165
 1065.997   544192   514.31   544659   514.95  54463  54473  54466  54462  54465  54465  54463  54470  54458  54474  54408  54431  54439  54420  54418  54411  54418  54414  54428  54405
 1070.997   546773   511.21   547259   511.88  54723  54732  54727  54723  54726  54725  54722  54730  54718  54733  54668  54690  54673  54682  54679  54672  54678  54676  54690  54665
 1075.997   549318   512.01   549808   509.83  54983  54967  54986  54983  54985  54986  54982  54990  54978  54968  54929  54924  54933  54941  54938  54931  54937  54935  54925  54925
 1080.997   551794   511.49   552228   511.96  55215  55225  55218  55215  55216  55218  55238  55222  55235  55226  55188  55184  55190  55172  55169  55189  55170  55167  55183  55182
 1085.997   554386   513.29   554796   515.74  55475  55484  55478  55475  55477  55477  55470  55482  55493  55485  55446  55444  55449  55431  55428  55447  55429  55427  55444  55441
 1090.998   556923   509.04   557335   511.49  55731  55741  55734  55731  55733  55733  55728  55738  55725  55741  55700  55701  55704  55686  55685  55703  55685  55685  55702  55672
 1095.997   559400   506.16   559885   506.76  55986  55996  55989  55987  55987  55989  55983  55993  55981  55994  55931  55932  55958  55941  55940  55933  55941  55941  55956  55927
 1100.997   561905   504.35   562412   501.63  56241  56225  56245  56242  56242  56244  56239  56249  56237  56248  56187  56186  56189  56197  56195  56189  56197  56197  56185  56183
 1105.997   564380   504.60   564866   501.07  56496  56481  56475  56497  56497  56474  56494  56479  56493  56480  56442  56442  56444  56426  56450  56444  56427  56427  56441  56437
 1110.997   566967   505.67   567346   506.44  56729  56740  56734  56729  56729  56732  56727  56738  56750  56738  56702  56701  56702  56685  56707  56703  56686  56685  56700  56696
 1115.997   569448   503.78   569883   505.45  56985  56994  56990  56986  56986  56988  56985  56994  56981  56994  56934  56957  56957  56941  56936  56935  56942  56941  56955  56950
 1120.997   571974   500.72   572429   503.04  57239  57251  57244  57240  57240  57242  57239  57248  57237  57249  57188  57213  57212  57196  57192  57193  57195  57197  57209  57179
 1125.997   574510   502.94   574982   502.53  57495  57504  57498  57496  57496  57498  57495  57502  57495  57503  57443  57445  57469  57453  57448  57450  57449  57452  57465  57436
 1130.997   576961   502.68   577407   498.96  57750  57734  57729  57750  57750  57729  57749  57733  57750  57733  57699  57699  57700  57683  57703  57705  57679  57707  57696  57690
 1135.997   579474   503.02   579924   501.81  58004  57987  57981  57980  58004  57983  58003  57988  58005  57989  57953  57953  57952  57938  57957  57958  57934  57937  57948  57944
 1140.997   582020   502.33   582414   505.65  58236  58248  58238  58240  58238  58243  58234  58250  58237  58250  58213  58211  58211  58199  58191  58190  58196  58198  58207  58204
 1145.998   584552   502.55   585001   504.70  58494  58506  58498  58499  58497  58500  58494  58509  58496  58508  58446  58469  58467  58457  58449  58450  58454  58457  58465  58438
 1150.997   587110   503.62   587587   503.42  58752  58766  58757  58758  58754  58758  58752  58769  58754  58767  58706  58702  58726  58715  58706  58709  58711  58715  58723  58697
 1155.997   589599   502.99   590107   502.48  59011  59000  59015  59016  59014  59019  59012  59003  59013  59004  58967  58962  58960  58948  58964  58968  58944  58948  58982  58956
 1160.997   592141   506.21   592627   506.58  59268  59257  59272  59250  59271  59250  59268  59260  59272  59259  59223  59219  59217  59206  59220  59224  59202  59205  59214  59211
 1165.997   594623   504.18   595041   503.10  59514  59510  59494  59497  59494  59497  59514  59513  59496  59512  59469  59470  59466  59454  59468  59471  59451  59454  59461  59459
 1170.997   597128   501.71   597569   505.91  59747  59770  59750  59753  59752  59755  59747  59772  59753  59770  59700  59728  59726  59713  59701  59703  59710  59713  59717  59717
 1175.997   599633   501.93   600055   503.47  60006  59998  60006  60012  60008  60013  60001  60002  60009  60000  59955  59957  59981  59968  59956  59960  59966  59970  59973  59947
 1181.000   602184   504.93   602675   504.50  60270  60262  60271  60277  60272  60255  60265  60266  60273  60264  60222  60223  60221  60208  60222  60223  60206  60210  60238  60211
 1185.997   604761   506.26   605246   503.84  60527  60520  60527  60533  60528  60513  60523  60524  60529  60522  60480  60481  60480  60466  60478  60482  60463  60468  60495  60468
 1190.998   607248   503.39   607735   499.87  60780  60771  60779  60759  60780  60765  60773  60774  60781  60773  60732  60732  60730  60717  60730  60732  60716  60719  60721  60719
