Test case: 
Description: 
	10 senders: persistent queues
	10 receivers: client acknowledge every 50 messages
Timestamp: 2011.11.1 22:42:31
Version: 
Setting up JMS benchmark connections... 

Start processing messages.
Thu Dec 01 22:42:31 EST 2011

  Seconds   Send   Send/Sec   Recv   Recv/Sec   RCV0   RCV1   RCV2   RCV3   RCV4   RCV5   RCV6   RCV7   RCV8   RCV9  SND10  SND11  SND12  SND13  SND14  SND15  SND16  SND17  SND18  SND19
  ------- -------- -------- -------- -------- ------ ------ ------ ------ ------ ------ ------ ------ ------ ------ ------ ------ ------ ------ ------ ------ ------ ------ ------ ------
    1.023        0     0.00        0     0.00      0      0      0      0      0      0      0      0      0      0      0      0      0      0      0      0      0      0      0      0
    6.023     2024   440.00     2541   552.39    255    257    255    251    255    252    250    256    255    255    203    201    203    200    205    201    201    203    203    204
   11.023     4616   480.83     5119   533.23    513    515    513    508    513    510    508    514    512    513    461    461    462    461    464    460    462    462    463    460
   16.023     7093   480.48     7599   513.36    761    763    761    757    762    756    756    761    761    761    709    709    709    710    712    709    710    709    709    707
   21.023     9669   480.05    10176   505.92   1019   1021   1019   1014   1020   1014   1012   1019   1019   1019    966    966    968    967    969    966    969    969    966    963
   26.023    12274   488.50    12724   509.19   1254   1284   1282   1277   1256   1277   1276   1282   1282   1254   1230   1230   1231   1231   1205   1229   1232   1231   1229   1226
   31.023    14622   493.99    15131   511.18   1513   1515   1513   1539   1516   1509   1509   1515   1515   1515   1462   1462   1462   1462   1465   1462   1463   1464   1462   1458
   36.023    17268   511.54    17768   510.97   1778   1779   1777   1773   1781   1773   1773   1778   1778   1778   1727   1727   1726   1727   1729   1727   1727   1728   1726   1724
   41.024    19831   510.59    20328   510.39   2034   2035   2032   2031   2038   2029   2029   2034   2033   2033   1983   1984   1982   1984   1986   1983   1983   1985   1982   1979
   46.023    22508   512.87    23003   514.24   2303   2302   2301   2299   2305   2295   2295   2302   2300   2301   2250   2252   2250   2251   2254   2252   2251   2252   2249   2247
   51.023    24990   504.56    25481   504.03   2550   2551   2550   2546   2552   2542   2542   2550   2548   2550   2499   2501   2499   2499   2503   2499   2499   2501   2495   2495
   56.023    27502   505.15    28042   506.49   2808   2810   2808   2806   2785   2802   2800   2808   2807   2808   2758   2735   2757   2757   2737   2759   2758   2734   2753   2754
   61.023    30023   515.92    30512   514.31   3050   3052   3050   3047   3053   3044   3068   3049   3049   3050   2999   3002   3000   3000   3003   3002   3000   3002   3020   2995
   66.023    32672   516.91    33150   516.17   3316   3318   3316   3315   3320   3311   3308   3315   3315   3316   3266   3271   3269   3268   3270   3271   3265   3269   3261   3262
   71.023    35283   513.10    35752   516.70   3576   3578   3577   3575   3582   3571   3567   3575   3575   3576   3525   3534   3532   3529   3532   3532   3525   3532   3520   3522
   76.023    37917   511.04    38381   511.68   3839   3841   3841   3837   3846   3833   3831   3837   3837   3839   3788   3797   3796   3793   3796   3794   3787   3795   3786   3785
   81.023    40318   510.15    40880   509.18   4091   4093   4093   4089   4074   4085   4084   4091   4089   4091   4041   4025   4024   4022   4023   4045   4039   4022   4039   4038
   86.023    42767   509.66    43328   506.95   4341   4343   4316   4339   4326   4335   4333   4315   4339   4341   4290   4275   4274   4271   4273   4268   4290   4273   4290   4263
   91.024    45280   511.98    45764   510.84   4574   4577   4575   4572   4584   4568   4593   4575   4572   4574   4523   4533   4534   4530   4531   4528   4523   4533   4523   4522
   96.023    47881   506.09    48333   508.64   4835   4837   4834   4832   4842   4828   4824   4834   4832   4835   4783   4792   4794   4788   4790   4788   4786   4791   4784   4785
  101.023    50566   505.91    51012   511.21   5103   5105   5101   5100   5110   5096   5093   5101   5100   5103   5051   5060   5062   5057   5059   5055   5057   5059   5052   5054
  106.023    53080   503.71    53605   504.14   5364   5366   5363   5363   5347   5359   5353   5363   5363   5364   5313   5321   5298   5293   5295   5317   5318   5296   5314   5315
  111.024    55605   511.98    56282   507.79   5632   5635   5631   5631   5612   5627   5620   5631   5631   5632   5580   5561   5564   5557   5560   5557   5557   5561   5553   5555
  116.023    58191   517.58    58659   513.59   5866   5868   5863   5863   5871   5859   5879   5863   5863   5864   5811   5823   5823   5819   5820   5819   5820   5822   5816   5818
  121.023    60901   523.34    61349   523.00   6138   6141   6134   6134   6142   6131   6125   6134   6135   6135   6082   6094   6093   6091   6092   6088   6092   6093   6087   6089
  126.023    63572   520.44    64018   525.47   6403   6408   6401   6401   6410   6398   6391   6401   6402   6403   6350   6361   6361   6358   6359   6354   6359   6361   6352   6357
  131.023    66228   516.81    66671   516.51   6668   6673   6667   6667   6676   6663   6656   6667   6667   6667   6616   6627   6626   6624   6625   6620   6624   6626   6617   6623
  136.023    68660   520.13    69261   518.32   6930   6935   6928   6929   6910   6925   6918   6929   6928   6929   6879   6862   6860   6860   6859   6881   6862   6862   6879   6856
  141.023    71239   524.63    71767   517.11   7170   7176   7193   7170   7176   7166   7183   7170   7193   7170   7120   7128   7126   7125   7123   7121   7128   7127   7119   7122
  146.023    73903   527.27    74377   526.63   7435   7443   7433   7438   7441   7431   7448   7437   7435   7436   7387   7393   7394   7392   7390   7386   7395   7394   7384   7388
  151.023    76522   519.73    76987   523.02   7695   7705   7693   7700   7703   7691   7709   7699   7695   7697   7648   7655   7657   7654   7652   7646   7658   7656   7646   7650
  156.023    79088   513.91    79534   517.27   7953   7962   7950   7956   7960   7949   7940   7956   7953   7955   7904   7912   7912   7910   7909   7904   7914   7912   7905   7906
  161.023    81568   509.33    82117   510.17   8210   8221   8209   8215   8218   8207   8198   8215   8210   8214   8163   8171   8146   8142   8168   8161   8146   8144   8163   8164
  166.023    84042   513.57    84590   509.18   8466   8449   8466   8443   8446   8462   8454   8469   8466   8469   8418   8399   8401   8397   8394   8418   8402   8403   8418   8392
  171.023    86585   514.97    87052   512.08   8701   8710   8701   8706   8709   8697   8715   8706   8701   8706   8655   8661   8662   8660   8655   8654   8665   8664   8655   8654
  176.023    89242   512.08    89700   513.32   8965   8975   8965   8972   8974   8961   8980   8971   8965   8972   8921   8925   8928   8926   8921   8920   8930   8930   8921   8920
  181.023    91819   505.57    92242   508.42   9221   9234   9220   9232   9232   9217   9209   9225   9220   9232   9181   9183   9184   9182   9181   9178   9186   9185   9181   9178
  186.023    94411   506.95    94886   511.51   9484   9501   9485   9496   9497   9481   9473   9488   9484   9497   9446   9449   9448   9419   9445   9441   9450   9424   9445   9444
  191.023    96852   511.96    97389   508.00   9746   9734   9745   9731   9731   9743   9733   9750   9744   9732   9683   9685   9685   9680   9683   9704   9682   9687   9683   9680
  196.023    99443   516.83    99968   512.57  10007   9995  10004   9992   9992  10002   9994   9985  10004   9993   9945   9947   9946   9942   9946   9940   9943   9949   9944   9941
  201.023   102048   514.53   102494   516.44  10241  10254  10239  10252  10252  10237  10255  10247  10264  10253  10206  10208  10207  10203  10206  10201  10203  10208  10205  10201
  206.023   104643   509.19   105068   511.44  10500  10512  10499  10512  10512  10499  10514  10508  10498  10514  10465  10469  10466  10462  10465  10461  10463  10466  10465  10461
  211.023   107244   509.77   107670   513.36  10763  10775  10761  10774  10774  10762  10752  10772  10761  10776  10704  10731  10730  10724  10727  10724  10726  10728  10727  10723
  216.023   109602   508.98   110131   509.95  11019  11008  11017  11006  11006  11018  11008  11026  11017  11006  10962  10961  10960  10954  10958  10978  10957  10959  10958  10955
  221.023   112159   513.66   112693   510.07  11277  11267  11276  11265  11263  11278  11266  11260  11276  11265  11220  11218  11218  11213  11217  11211  11216  11217  11215  11214
  226.023   114755   513.83   115260   509.66  11536  11526  11535  11525  11524  11511  11525  11519  11535  11524  11478  11477  11477  11474  11477  11472  11475  11476  11474  11475
  231.023   117306   505.23   117730   507.05  11765  11781  11765  11780  11778  11765  11778  11774  11765  11779  11734  11731  11732  11728  11733  11728  11730  11732  11729  11729
  236.024   119882   503.54   120321   506.63  12023  12039  12023  12040  12038  12026  12038  12034  12023  12037  11969  11991  11992  11989  11992  11989  11990  11992  11988  11990
  241.023   122284   502.08   122849   504.23  12279  12295  12278  12293  12293  12284  12267  12289  12278  12293  12227  12247  12221  12218  12221  12246  12220  12221  12244  12219
  246.023   124791   509.68   125334   508.41  12538  12528  12537  12527  12527  12542  12525  12547  12537  12526  12487  12480  12481  12476  12479  12479  12477  12478  12477  12477
  251.023   127556   514.93   128039   512.32  12813  12803  12814  12803  12803  12791  12800  12796  12813  12803  12764  12756  12758  12751  12755  12757  12754  12755  12753  12753
  256.023   130151   514.01   130603   513.14  13072  13062  13047  13062  13062  13051  13059  13055  13070  13063  13023  13017  13019  13010  13013  13016  13014  13014  13012  13013
  261.023   132804   512.48   133225   515.74  13312  13329  13315  13330  13330  13318  13326  13322  13312  13331  13265  13285  13287  13278  13280  13283  13282  13283  13281  13280
  266.023   135344   511.80   135794   513.04  13566  13588  13573  13588  13588  13575  13582  13579  13568  13587  13521  13541  13518  13536  13537  13539  13538  13539  13538  13537
  271.023   137755   518.27   138253   515.15  13825  13822  13830  13821  13821  13833  13816  13837  13828  13820  13781  13773  13778  13769  13770  13796  13772  13773  13772  13771
  276.023   140424   523.66   140923   521.28  14095  14091  14101  14090  14090  14103  14085  14081  14098  14089  14052  14043  14048  14039  14040  14039  14041  14041  14041  14040
  281.023   143111   520.23   143580   519.77  14362  14360  14369  14358  14358  14345  14354  14351  14365  14358  14321  14312  14317  14307  14309  14308  14309  14311  14309  14308
  286.023   145748   519.41   146217   519.98  14632  14624  14607  14625  14625  14613  14618  14618  14633  14622  14558  14580  14585  14573  14576  14574  14576  14576  14573  14577
  291.023   148344   513.79   148758   515.30  14865  14883  14867  14882  14883  14875  14877  14880  14865  14881  14819  14840  14843  14833  14835  14833  14837  14835  14833  14836
  296.023   150956   517.77   151427   518.51  15130  15150  15135  15150  15150  15142  15144  15147  15131  15148  15085  15106  15083  15100  15103  15100  15102  15102  15100  15075
  301.023   153466   526.38   153906   525.27  15395  15391  15400  15390  15390  15383  15384  15388  15396  15389  15351  15347  15348  15341  15345  15366  15343  15343  15341  15341
  306.023   155970   520.81   156443   519.93  15647  15645  15652  15643  15643  15639  15639  15643  15649  15643  15604  15600  15601  15595  15595  15594  15597  15596  15594  15594
  311.023   158541   515.15   159009   515.18  15904  15903  15909  15900  15898  15894  15896  15900  15907  15898  15863  15858  15859  15851  15853  15850  15855  15852  15849  15851
  316.024   161176   512.45   161658   512.82  16170  16171  16151  16168  16165  16161  16164  16168  16174  16166  16103  16125  16124  16117  16118  16119  16121  16118  16114  16117
  321.024   163877   514.38   164333   515.89  16440  16442  16421  16439  16434  16430  16436  16439  16417  16435  16374  16395  16393  16388  16389  16388  16391  16389  16382  16388
  326.023   166402   516.53   166907   516.76  16684  16686  16692  16683  16705  16701  16680  16683  16687  16706  16647  16639  16638  16632  16633  16659  16635  16634  16653  16632
  331.023   168969   518.39   169424   519.83  16943  16945  16953  16942  16939  16935  16939  16942  16947  16939  16907  16899  16896  16890  16892  16893  16894  16892  16914  16892
  336.023   171595   523.47   172087   523.24  17210  17212  17217  17209  17205  17201  17206  17209  17213  17205  17171  17165  17160  17155  17159  17159  17161  17158  17151  17156
  341.023   174182   523.12   174705   522.28  17471  17473  17480  17470  17468  17464  17467  17470  17474  17468  17406  17427  17421  17417  17420  17422  17422  17419  17411  17417
  346.024   176779   517.77   177269   516.46  17729  17731  17717  17729  17727  17722  17727  17729  17732  17726  17668  17686  17681  17676  17680  17682  17681  17677  17671  17677
  351.024   179363   513.81   179856   513.94  17993  17995  17980  17993  17992  17987  17963  17993  17967  17993  17929  17923  17945  17942  17916  17947  17945  17940  17934  17942
  356.023   181930   517.58   182341   516.17  18230  18232  18247  18230  18230  18249  18230  18230  18233  18230  18194  18190  18183  18204  18183  18209  18182  18206  18201  18178
  361.023   184437   517.32   184898   518.39  18488  18490  18506  18488  18488  18482  18489  18488  18491  18488  18452  18446  18442  18437  18441  18443  18440  18440  18459  18437
  366.023   186958   514.66   187417   514.43  18743  18745  18734  18743  18742  18737  18743  18743  18745  18742  18707  18700  18697  18691  18696  18699  18696  18694  18687  18691
  371.023   189564   512.58   190046   511.17  19005  19007  18998  19007  19004  19000  19006  19006  19009  19004  18945  18964  18960  18954  18960  18961  18959  18958  18950  18953
  376.023   192124   508.69   192630   507.45  19263  19265  19256  19266  19262  19258  19264  19266  19268  19262  19203  19224  19220  19212  19193  19218  19219  19215  19209  19211
  381.023   194657   508.81   195146   507.84  19525  19527  19516  19502  19524  19520  19501  19502  19505  19524  19465  19460  19454  19473  19455  19478  19455  19474  19471  19472
  386.023   197253   511.58   197681   513.89  19765  19767  19783  19769  19764  19760  19767  19769  19772  19765  19731  19728  19722  19715  19722  19719  19723  19741  19739  19713
  391.023   199825   514.56   200280   516.17  20028  20030  20020  20031  20026  20022  20029  20031  20035  20028  19994  19991  19986  19977  19984  19981  19985  19978  19974  19975
  396.023   202392   513.69   202855   514.66  20285  20287  20278  20290  20284  20280  20285  20288  20293  20285  20249  20246  20243  20234  20239  20238  20243  20235  20232  20233
  401.024   204904   509.77   205396   507.55  20539  20541  20532  20544  20538  20535  20539  20543  20546  20539  20479  20501  20496  20487  20493  20490  20498  20488  20485  20487
  406.024   207398   507.32   207858   505.77  20796  20798  20790  20775  20794  20792  20795  20773  20776  20795  20736  20732  20753  20744  20724  20748  20729  20745  20742  20745
  411.023   209894   508.61   210331   507.77  21027  21029  21049  21032  21052  21023  21027  21030  21034  21028  20993  20989  20984  20976  20981  21005  20987  21003  21000  20976
  416.023   212468   509.70   212928   511.64  21292  21294  21287  21298  21290  21288  21291  21295  21301  21292  21257  21255  21249  21242  21248  21244  21252  21241  21238  21242
  421.023   215011   506.98   215474   509.87  21549  21551  21544  21554  21546  21545  21549  21553  21533  21550  21488  21512  21507  21499  21504  21502  21508  21497  21495  21499
  426.023   217614   505.57   218080   508.29  21807  21811  21805  21816  21806  21805  21809  21813  21799  21809  21749  21773  21767  21760  21764  21761  21769  21757  21754  21760
  431.023   220252   510.62   220736   508.61  22075  22078  22073  22059  22074  22073  22078  22082  22068  22076  22018  22015  22036  22031  22032  22030  22011  22027  22023  22029
  436.023   222767   512.27   223274   511.23  22334  22336  22330  22319  22335  22333  22311  22315  22327  22334  22277  22276  22269  22264  22267  22291  22270  22284  22281  22288
  441.023   225278   513.72   225708   514.30  22565  22567  22588  22574  22565  22563  22567  22571  22583  22565  22532  22534  22525  22519  22524  22522  22528  22540  22537  22517
  446.023   227931   516.28   228365   517.15  22835  22837  22830  22841  22834  22831  22833  22837  22852  22835  22799  22803  22791  22787  22791  22790  22796  22808  22780  22786
  451.023   230471   515.23   230902   516.85  23093  23095  23085  23096  23088  23088  23089  23094  23081  23093  23055  23061  23048  23044  23047  23048  23051  23038  23036  23043
  456.023   233062   512.95   233539   512.42  23358  23360  23349  23358  23351  23353  23353  23357  23344  23356  23294  23300  23312  23308  23310  23313  23313  23303  23301  23308
  461.023   235590   512.08   236123   510.20  23618  23620  23609  23594  23612  23615  23614  23617  23607  23617  23554  23561  23548  23568  23545  23573  23547  23564  23561  23569
  466.023   238060   510.50   238514   508.79  23847  23848  23863  23851  23867  23842  23843  23845  23862  23846  23812  23816  23804  23796  23798  23801  23802  23819  23815  23797
  471.024   240692   513.56   241136   515.00  24109  24110  24126  24115  24128  24104  24104  24107  24125  24108  24075  24081  24069  24058  24063  24063  24067  24081  24077  24058
  476.024   243178   511.64   243646   511.81  24368  24369  24357  24374  24360  24363  24363  24367  24357  24368  24308  24314  24327  24318  24322  24323  24325  24314  24309  24318
  481.023   245793   511.56   246257   513.54  24628  24630  24620  24635  24620  24624  24624  24628  24620  24628  24570  24577  24588  24579  24584  24583  24587  24576  24571  24578
  486.023   248351   509.56   248838   508.15  24889  24891  24880  24870  24880  24885  24885  24889  24880  24889  24830  24837  24849  24840  24819  24844  24822  24837  24834  24839
  491.023   250908   507.92   251419   505.44  25145  25148  25139  25129  25139  25144  25143  25147  25139  25146  25090  25097  25082  25098  25077  25101  25080  25095  25093  25095
  496.024   253477   513.79   253906   513.89  25384  25386  25403  25395  25404  25382  25381  25385  25403  25383  25355  25362  25346  25336  25341  25339  25344  25361  25359  25334
  501.023   255993   512.60   256502   512.16  25645  25647  25661  25656  25663  25642  25641  25645  25661  25641  25589  25621  25606  25595  25600  25598  25603  25593  25592  25596
  506.023   258540   512.90   258992   514.11  25900  25902  25893  25915  25894  25899  25898  25901  25893  25897  25846  25852  25864  25850  25857  25855  25861  25852  25850  25853
  511.024   261116   510.67   261543   510.34  26157  26160  26151  26147  26151  26157  26155  26159  26151  26155  26104  26109  26121  26106  26115  26113  26118  26111  26109  26110
  516.023   263616   507.89   264130   507.99  26416  26419  26409  26406  26409  26415  26413  26419  26409  26415  26360  26366  26352  26365  26347  26371  26350  26369  26367  26369
  521.023   266231   508.31   266696   505.82  26677  26680  26671  26669  26670  26651  26674  26656  26671  26677  26621  26628  26613  26627  26609  26632  26612  26630  26629  26630
  526.023   268650   507.48   269142   507.92  26908  26910  26925  26922  26925  26905  26904  26910  26925  26908  26874  26881  26867  26858  26864  26863  26866  26859  26858  26860
  531.023   271151   506.88   271592   505.47  27160  27163  27153  27177  27153  27157  27157  27161  27153  27158  27128  27108  27119  27109  27117  27117  27118  27111  27111  27113
  536.023   273771   507.48   274208   510.60  27425  27427  27417  27414  27417  27421  27422  27425  27417  27423  27364  27372  27383  27377  27383  27381  27384  27374  27376  27377
  541.023   276259   503.07   276727   504.35  27677  27679  27669  27665  27669  27673  27674  27678  27669  27674  27616  27623  27634  27628  27609  27634  27635  27625  27626  27629
  546.023   278730   504.65   279265   501.09  27933  27935  27925  27922  27926  27929  27930  27910  27925  27930  27873  27880  27866  27861  27865  27867  27868  27880  27883  27887
  551.023   281299   502.15   281758   501.07  28168  28170  28184  28181  28186  28162  28164  28170  28184  28189  28132  28139  28125  28120  28124  28126  28127  28142  28142  28122
  556.023   283882   508.72   284331   507.28  28431  28431  28445  28443  28425  28426  28425  28433  28446  28426  28394  28401  28389  28384  28389  28389  28389  28380  28381  28386
  561.023   286492   508.49   286885   513.19  28696  28695  28682  28680  28687  28689  28688  28696  28683  28689  28657  28638  28653  28648  28652  28653  28655  28642  28644  28650
  566.023   289031   507.82   289473   508.79  28953  28953  28941  28941  28946  28949  28946  28954  28942  28948  28890  28900  28911  28905  28886  28912  28912  28902  28905  28908
  571.023   291504   508.91   292045   507.87  29209  29211  29197  29198  29204  29206  29203  29211  29200  29206  29147  29157  29143  29161  29143  29146  29145  29159  29163  29140
  576.023   294040   511.17   294480   507.95  29440  29442  29453  29453  29461  29436  29434  29441  29457  29463  29403  29414  29399  29391  29400  29401  29401  29416  29419  29396
  581.023   296565   509.78   297013   509.35  29698  29700  29713  29712  29693  29693  29694  29699  29716  29695  29662  29671  29656  29649  29658  29659  29659  29648  29652  29651
  586.023   299172   508.72   299570   510.50  29959  29961  29948  29973  29954  29953  29955  29960  29951  29956  29922  29931  29918  29910  29917  29920  29921  29909  29912  29912
  591.024   301663   503.93   302111   506.64  30215  30217  30205  30205  30210  30211  30211  30215  30208  30214  30151  30165  30174  30165  30150  30176  30177  30167  30171  30167
  596.023   304224   504.66   304704   505.13  30474  30477  30464  30464  30469  30470  30470  30474  30467  30475  30410  30423  30433  30424  30410  30433  30410  30425  30430  30426
  601.023   306661   506.96   307095   502.57  30705  30706  30717  30718  30722  30699  30700  30703  30721  30704  30664  30676  30663  30653  30663  30661  30664  30678  30684  30655
  606.023   309165   505.03   309657   505.74  30962  30963  30973  30976  30979  30952  30957  30958  30977  30960  30919  30933  30920  30908  30919  30916  30920  30908  30913  30909
  611.023   311747   505.13   312159   507.42  31220  31220  31230  31208  31212  31212  31214  31216  31208  31219  31177  31191  31179  31166  31177  31173  31178  31168  31170  31168
  616.023   314216   503.10   314679   503.64  31473  31475  31460  31462  31468  31466  31469  31470  31463  31473  31407  31419  31434  31419  31407  31428  31434  31423  31424  31421
  621.023   316728   501.02   317244   501.49  31729  31731  31719  31719  31725  31722  31725  31726  31719  31729  31663  31676  31663  31677  31662  31684  31664  31680  31681  31678
  626.023   319287   501.98   319821   500.30  31986  31988  31976  31978  31983  31982  31983  31983  31976  31986  31922  31935  31922  31934  31920  31918  31922  31939  31938  31937
  631.023   321856   506.68   322263   505.77  32221  32221  32235  32237  32241  32216  32218  32218  32235  32221  32181  32194  32182  32170  32180  32177  32183  32197  32197  32195
  636.023   324326   505.37   324759   505.03  32474  32475  32490  32467  32470  32471  32475  32473  32490  32474  32435  32450  32436  32424  32434  32430  32439  32427  32427  32424
  641.023   326904   505.13   327317   507.79  32736  32733  32727  32727  32729  32732  32736  32734  32727  32736  32695  32684  32697  32686  32694  32691  32700  32689  32686  32682
  646.023   329383   505.57   329863   505.34  32991  32987  32980  32981  32984  32987  32991  32989  32981  32992  32925  32939  32954  32942  32925  32946  32929  32945  32942  32936
  651.023   331898   505.62   332392   504.04  33244  33239  33233  33233  33236  33241  33243  33243  33235  33245  33180  33194  33181  33195  33182  33200  33184  33199  33195  33188
  656.023   334477   507.06   334923   502.37  33484  33504  33499  33499  33503  33482  33482  33483  33501  33486  33445  33460  33446  33436  33447  33440  33449  33439  33461  33454
  661.024   337026   504.70   337457   507.25  33742  33738  33757  33757  33736  33740  33740  33743  33760  33744  33702  33718  33703  33694  33703  33700  33706  33694  33694  33712
  666.023   339591   508.56   339981   510.81  34001  33997  33992  33992  33995  34001  34001  34003  33994  34005  33967  33951  33965  33956  33966  33962  33970  33954  33953  33947
  671.023   342081   506.64   342544   507.38  34256  34253  34249  34249  34249  34259  34259  34258  34250  34262  34197  34209  34222  34214  34195  34218  34200  34210  34212  34204
  676.023   344675   509.75   345147   509.55  34518  34517  34512  34512  34512  34497  34522  34520  34513  34524  34458  34472  34459  34476  34456  34480  34462  34472  34474  34466
  681.023   347206   511.01   347678   507.58  34776  34774  34769  34770  34770  34755  34756  34779  34769  34760  34715  34730  34718  34711  34713  34713  34720  34731  34732  34723
  686.023   349771   508.49   350222   508.59  35009  35034  35028  35032  35032  35012  35016  35011  35028  35020  34974  34989  34977  34971  34973  34972  34980  34962  34991  34982
  691.023   352406   510.02   352806   511.59  35277  35273  35294  35270  35270  35278  35284  35278  35294  35288  35240  35254  35243  35237  35240  35239  35245  35230  35230  35248
  696.024   354952   513.02   355403   515.10  35542  35539  35534  35534  35534  35543  35548  35543  35534  35552  35480  35494  35508  35502  35504  35503  35484  35495  35495  35487
  701.023   357504   515.74   357978   515.23  35806  35800  35797  35797  35796  35806  35785  35806  35796  35789  35742  35757  35746  35740  35741  35767  35746  35760  35756  35749
  706.023   360026   513.42   360472   511.68  36057  36054  36049  36049  36048  36032  36037  36057  36048  36041  35995  36009  35998  35993  35993  36020  35999  36010  36008  36001
  711.025   362553   511.51   362972   508.86  36287  36309  36304  36304  36304  36287  36292  36285  36304  36296  36249  36265  36253  36249  36247  36250  36253  36266  36264  36257
  716.023   365135   509.53   365578   510.07  36550  36547  36568  36568  36567  36549  36555  36547  36568  36559  36510  36529  36517  36513  36510  36514  36516  36502  36502  36522
  721.023   367751   510.57   368146   513.02  36819  36815  36808  36808  36808  36815  36823  36815  36808  36827  36777  36769  36785  36779  36778  36780  36783  36770  36768  36762
  726.023   370275   512.28   370725   513.19  37080  37079  37069  37072  37072  37077  37060  37079  37072  37065  37012  37032  37021  37015  37041  37045  37020  37033  37030  37026
  731.023   372839   512.90   373317   511.26  37339  37337  37329  37332  37332  37335  37319  37337  37332  37325  37272  37292  37280  37273  37274  37302  37279  37291  37290  37286
  736.023   375434   513.41   375895   512.90  37577  37600  37591  37596  37596  37572  37580  37601  37594  37588  37533  37554  37543  37534  37537  37537  37542  37554  37552  37548
  741.024   378128   518.44   378561   518.11  37849  37868  37859  37864  37864  37842  37850  37844  37863  37858  37801  37823  37813  37804  37807  37806  37813  37821  37822  37818
  746.023   380675   517.99   381082   517.65  38112  38105  38121  38101  38101  38105  38111  38107  38100  38119  38064  38084  38075  38065  38069  38070  38076  38058  38059  38055
  751.024   383169   513.21   383596   515.96  38366  38358  38351  38355  38355  38357  38366  38361  38355  38372  38319  38314  38329  38320  38323  38325  38305  38313  38312  38309
  756.023   385621   514.13   386094   513.26  38621  38613  38607  38610  38610  38612  38596  38615  38610  38600  38549  38570  38559  38551  38553  38580  38560  38567  38568  38564
  761.023   388167   511.85   388650   509.50  38855  38871  38865  38868  38868  38872  38852  38874  38868  38857  38805  38826  38817  38807  38810  38813  38819  38824  38825  38821
  766.023   390764   509.19   391193   508.99  39113  39132  39123  39129  39127  39105  39110  39109  39129  39116  39063  39086  39079  39066  39071  39073  39077  39084  39084  39081
  771.023   393351   505.62   393705   507.33  39375  39368  39384  39365  39363  39367  39371  39370  39365  39377  39324  39347  39341  39326  39333  39335  39338  39320  39345  39342
  776.023   395760   502.85   396217   505.37  39628  39622  39613  39616  39617  39622  39626  39623  39620  39630  39579  39574  39570  39580  39587  39589  39567  39573  39572  39569
  781.023   398242   505.82   398801   504.14  39886  39882  39871  39874  39876  39880  39883  39882  39880  39887  39813  39831  39826  39815  39819  39824  39826  39831  39829  39828
  786.023   400909   512.11   401387   508.52  40125  40150  40139  40139  40141  40147  40122  40150  40148  40126  40079  40099  40092  40081  40086  40090  40093  40097  40096  40096
  791.023   403490   510.07   403880   508.66  40386  40383  40398  40398  40400  40379  40383  40384  40381  40388  40339  40359  40353  40342  40347  40350  40352  40334  40356  40358
  796.023   406040   507.40   406425   508.54  40641  40638  40653  40651  40655  40633  40636  40639  40636  40643  40594  40615  40607  40598  40600  40605  40609  40589  40611  40612
  801.023   408561   506.02   408995   511.33  40903  40901  40890  40913  40891  40895  40899  40899  40899  40905  40857  40852  40869  40859  40864  40867  40846  40852  40847  40848
  806.023   411048   511.29   411530   510.39  41159  41158  41147  41143  41148  41149  41155  41154  41155  41162  41113  41108  41100  41115  41095  41100  41102  41107  41104  41104
  811.023   413575   513.62   414062   505.91  41411  41411  41400  41400  41400  41401  41409  41407  41409  41414  41352  41362  41359  41352  41355  41362  41356  41361  41358  41358
  816.023   416166   504.16   416527   505.50  41644  41646  41659  41658  41657  41661  41642  41668  41644  41648  41611  41621  41616  41612  41614  41622  41615  41622  41617  41616
  821.023   418678   502.08   419011   505.20  41897  41899  41913  41911  41911  41890  41896  41897  41896  41901  41865  41875  41870  41866  41868  41875  41868  41850  41871  41870
  826.023   421121   504.45   421610   507.20  42158  42158  42174  42171  42170  42149  42155  42158  42155  42162  42102  42136  42131  42103  42105  42112  42106  42109  42109  42108
  831.023   423689   507.63   424152   507.77  42419  42421  42409  42409  42408  42410  42415  42419  42417  42425  42364  42374  42368  42365  42367  42373  42368  42371  42370  42369
  836.023   426342   513.22   426806   509.70  42683  42685  42674  42674  42672  42676  42679  42686  42684  42693  42629  42639  42633  42632  42633  42638  42633  42636  42635  42634
  841.023   428926   514.26   429367   508.39  42942  42944  42933  42933  42932  42934  42938  42943  42943  42925  42888  42898  42892  42889  42891  42896  42891  42895  42894  42892
  846.023   431534   507.55   431874   511.38  43180  43182  43197  43197  43197  43197  43176  43180  43180  43188  43152  43161  43156  43151  43154  43159  43155  43134  43157  43155
  851.023   434200   513.44   434558   518.41  43451  43453  43463  43463  43463  43462  43446  43451  43450  43456  43418  43426  43423  43417  43420  43426  43422  43404  43423  43421
  856.024   436647   520.10   437155   518.89  43715  43717  43702  43729  43729  43700  43711  43715  43715  43722  43658  43692  43663  43657  43659  43664  43661  43668  43664  43661
  861.023   439216   521.04   439683   520.30  43971  43973  43964  43962  43964  43959  43967  43972  43971  43980  43916  43925  43923  43917  43920  43926  43920  43926  43922  43921
  866.023   441848   519.50   442287   515.30  44234  44236  44228  44226  44228  44221  44229  44234  44234  44217  44179  44188  44186  44179  44183  44189  44184  44189  44187  44184
  871.023   444435   514.53   444871   514.26  44493  44494  44486  44485  44486  44479  44488  44493  44493  44474  44440  44447  44444  44438  44441  44447  44442  44446  44446  44444
  876.023   446975   510.47   447317   514.73  44726  44727  44742  44742  44742  44736  44721  44725  44725  44731  44695  44703  44700  44694  44697  44705  44698  44680  44702  44701
  881.023   449377   505.94   449814   509.40  44979  44979  44994  44970  44994  44987  44974  44977  44977  44983  44947  44955  44953  44946  44925  44934  44926  44934  44929  44928
  886.023   451849   510.15   452313   507.80  45236  45236  45226  45227  45227  45220  45232  45234  45234  45241  45179  45188  45185  45179  45182  45192  45183  45191  45185  45185
  891.024   454500   512.05   454961   507.58  45501  45501  45489  45492  45492  45484  45497  45500  45500  45505  45443  45452  45450  45444  45448  45458  45448  45456  45450  45451
  896.023   457092   509.82   457522   507.00  45760  45760  45747  45751  45751  45743  45757  45758  45757  45738  45703  45712  45710  45703  45706  45719  45706  45714  45710  45709
  901.023   459584   501.38   459985   501.95  45988  45989  46001  46004  46004  45997  45987  46011  46011  45993  45957  45967  45964  45958  45959  45948  45961  45943  45964  45963
  906.023   462097   502.23   462490   505.79  46245  46245  46256  46258  46258  46255  46243  46240  46241  46249  46213  46199  46220  46215  46216  46204  46217  46198  46195  46220
  911.023   464579   510.13   465029   509.73  46508  46509  46496  46497  46497  46493  46507  46503  46506  46513  46451  46463  46458  46453  46454  46468  46455  46461  46458  46458
  916.023   467214   514.77   467664   512.52  46772  46772  46760  46761  46761  46757  46769  46766  46769  46777  46714  46725  46722  46717  46718  46732  46719  46723  46722  46722
  921.023   469802   511.66   470233   508.74  47034  47031  47019  47021  47021  47015  47029  47025  47029  47009  46973  46984  46981  46976  46977  46991  46978  46981  46980  46981
  926.023   472422   505.67   472792   509.80  47268  47292  47280  47282  47282  47277  47263  47287  47289  47272  47236  47247  47242  47238  47239  47251  47240  47242  47243  47244
  931.023   474993   510.30   475341   511.95  47530  47528  47543  47544  47544  47539  47526  47526  47526  47535  47497  47512  47506  47498  47501  47487  47500  47479  47505  47508
  936.023   477430   511.96   477903   513.88  47788  47784  47800  47799  47799  47795  47785  47782  47782  47789  47754  47742  47737  47753  47733  47745  47757  47736  47736  47737
  941.023   479994   517.30   480458   514.85  48054  48051  48039  48037  48037  48032  48053  48049  48049  48057  47992  48007  48000  47991  47996  48011  47995  48003  47999  48000
  946.023   482583   514.87   483034   510.47  48311  48308  48297  48295  48295  48291  48310  48307  48306  48314  48251  48266  48260  48249  48256  48268  48255  48259  48259  48260
  951.023   485186   511.07   485586   511.71  48570  48569  48557  48555  48555  48551  48545  48568  48567  48549  48509  48528  48519  48509  48517  48530  48515  48518  48521  48520
  956.023   487760   508.59   488090   512.48  48804  48804  48817  48816  48816  48811  48806  48804  48802  48810  48768  48789  48779  48770  48776  48764  48776  48778  48781  48779
  961.024   490333   509.40   490738   513.05  49069  49069  49081  49080  49081  49076  49071  49068  49067  49076  49033  49027  49045  49035  49041  49029  49042  49016  49021  49044
  966.024   492795   513.86   493307   511.88  49327  49326  49337  49336  49337  49332  49328  49327  49324  49333  49290  49285  49275  49291  49272  49287  49272  49272  49277  49274
  971.023   495324   513.57   495788   510.96  49587  49583  49569  49569  49569  49565  49587  49585  49582  49592  49524  49541  49534  49523  49530  49546  49531  49530  49534  49531
  976.023   497978   515.76   498395   512.03  49852  49847  49836  49836  49835  49832  49826  49850  49849  49832  49790  49807  49801  49788  49795  49811  49796  49795  49798  49797
  981.023   500662   514.98   501035   516.70  50095  50118  50105  50104  50104  50100  50094  50095  50118  50102  50058  50076  50071  50058  50062  50080  50065  50063  50065  50064
  986.023   503229   510.40   503580   516.88  50356  50351  50365  50365  50362  50361  50354  50356  50350  50360  50319  50336  50330  50319  50321  50313  50324  50322  50323  50322
  991.023   505769   513.67   506226   514.68  50621  50616  50631  50628  50626  50624  50620  50621  50614  50625  50583  50573  50569  50582  50586  50578  50563  50561  50587  50587
  996.023   508296   519.28   508836   514.78  50885  50880  50868  50890  50890  50886  50886  50884  50877  50890  50822  50836  50832  50845  50823  50841  50825  50823  50823  50826
 1001.023   510902   521.88   511335   518.22  51148  51144  51130  51126  51126  51122  51125  51148  51140  51126  51086  51098  51095  51082  51086  51105  51087  51086  51088  51089
 1006.023   513529   519.83   513899   518.29  51384  51407  51393  51387  51386  51382  51389  51384  51401  51386  51348  51360  51361  51342  51348  51370  51348  51347  51352  51353
 1011.023   516075   510.99   516480   514.68  51642  51663  51651  51646  51645  51641  51647  51642  51658  51645  51606  51617  51616  51601  51605  51599  51607  51604  51609  51611
 1016.023   518627   510.62   519001   514.88  51898  51894  51909  51904  51903  51898  51905  51898  51889  51903  51863  51877  51849  51859  51863  51856  51864  51862  51866  51868
 1021.023   521222   515.30   521648   512.48  52168  52164  52155  52174  52171  52167  52150  52168  52159  52172  52109  52122  52119  52128  52108  52126  52110  52130  52135  52135
 1026.023   523722   516.80   524199   511.12  52426  52422  52412  52407  52427  52426  52407  52426  52415  52431  52366  52379  52376  52385  52364  52383  52368  52363  52370  52368
 1031.023   526302   514.16   526729   513.89  52688  52684  52672  52667  52663  52660  52667  52688  52675  52665  52626  52641  52637  52621  52623  52644  52629  52623  52630  52628
 1036.023   528969   514.60   529342   516.44  52927  52950  52939  52933  52930  52927  52934  52928  52942  52932  52893  52907  52905  52888  52891  52909  52895  52891  52897  52893
 1041.023   531613   514.40   531980   517.52  53194  53190  53206  53198  53198  53193  53201  53195  53207  53198  53160  53175  53145  53155  53158  53176  53162  53158  53163  53161
 1046.023   534193   516.01   534621   516.85  53462  53454  53469  53462  53462  53458  53465  53459  53469  53461  53423  53413  53407  53419  53421  53414  53424  53421  53428  53423
 1051.023   536635   515.54   537111   513.86  53719  53711  53700  53719  53719  53714  53696  53715  53700  53718  53654  53671  53666  53675  53653  53671  53655  53652  53660  53678
 1056.024   539161   517.18   539561   513.72  53951  53970  53957  53950  53952  53946  53953  53974  53957  53951  53911  53928  53924  53909  53910  53929  53912  53909  53920  53909
 1061.023   541803   516.68   542175   517.45  54215  54233  54221  54214  54216  54211  54218  54211  54221  54215  54176  54192  54188  54172  54174  54192  54177  54174  54184  54174
 1066.023   544418   512.38   544794   515.91  54480  54471  54485  54479  54481  54476  54481  54476  54485  54480  54440  54457  54427  54437  54439  54454  54440  54439  54447  54438
 1071.023   546967   509.78   547394   509.98  54741  54731  54745  54740  54740  54736  54741  54734  54745  54741  54700  54690  54687  54698  54700  54688  54700  54699  54706  54699
 1076.023   549459   509.63   549964   507.68  55001  54991  54980  55000  55000  54996  54998  54995  55002  55001  54934  54950  54948  54956  54933  54951  54934  54956  54938  54959
 1081.023   551986   513.37   552384   510.76  55233  55249  55238  55256  55232  55227  55230  55252  55234  55233  55192  55207  55206  55187  55191  55209  55192  55188  55197  55217
 1086.024   554550   513.88   554952   514.75  55492  55508  55499  55489  55492  55485  55489  55511  55494  55493  55451  55466  55466  55446  55450  55469  55451  55445  55457  55449
 1091.023   557090   510.37   557486   512.05  55746  55764  55756  55745  55747  55741  55745  55742  55751  55749  55709  55724  55696  55701  55707  55725  55707  55702  55714  55705
 1096.023   559622   505.15   560014   509.08  56001  55995  56011  56001  56003  55997  56000  55998  56005  56003  55964  55955  55954  55957  55962  55980  55962  55957  55969  55962
 1101.023   562081   503.72   562542   502.21  56257  56251  56241  56257  56257  56253  56255  56252  56260  56259  56195  56211  56210  56213  56193  56211  56218  56212  56200  56218
 1106.023   564613   505.13   565095   501.01  56511  56507  56497  56512  56512  56508  56510  56510  56514  56514  56451  56467  56468  56468  56448  56468  56448  56467  56455  56473
 1111.023   567120   505.25   567516   505.18  56768  56765  56755  56744  56744  56740  56742  56767  56746  56745  56710  56726  56726  56700  56706  56727  56707  56699  56714  56705
 1116.023   569654   505.17   570027   504.16  56998  57019  57011  57001  57001  56997  56998  56998  57001  57003  56966  56980  56956  56957  56962  56982  56964  56956  56969  56962
 1121.023   572176   501.91   572558   504.90  57252  57250  57266  57258  57258  57254  57254  57253  57255  57258  57221  57209  57213  57211  57217  57236  57219  57209  57222  57219
 1126.023   574708   502.13   575123   502.03  57508  57508  57520  57515  57515  57511  57510  57511  57511  57514  57477  57465  57469  57467  57471  57467  57475  57465  57477  57475
 1131.023   577156   502.50   577643   500.76  57762  57764  57751  57769  57769  57765  57764  57766  57765  57768  57708  57721  57722  57721  57702  57723  57705  57719  57707  57728
 1136.023   579623   501.11   580032   498.62  58016  58018  58006  57997  57997  57993  57992  58021  57996  57996  57962  57975  57976  57950  57956  57978  57959  57949  57962  57956
 1141.024   582198   504.09   582603   504.40  58277  58279  58266  58256  58254  58252  58252  58256  58255  58256  58222  58237  58209  58209  58215  58240  58220  58208  58224  58214
 1146.023   584733   503.41   585135   506.09  58510  58512  58524  58514  58513  58511  58510  58514  58513  58514  58481  58469  58468  58467  58474  58473  58479  58467  58482  58473
 1151.023   587316   504.60   587717   507.85  58768  58770  58781  58773  58773  58769  58767  58773  58771  58772  58739  58728  58726  58726  58734  58731  58737  58724  58741  58730
 1156.023   589798   503.88   590276   502.60  59027  59027  59015  59032  59032  59028  59025  59031  59030  59029  58970  58987  58985  58985  58967  58990  58968  58982  58974  58990
 1161.023   592366   506.34   592844   502.75  59285  59283  59274  59288  59288  59284  59282  59288  59286  59286  59226  59244  59241  59243  59224  59246  59226  59239  59229  59248
 1166.023   594794   505.74   595175   504.80  59532  59531  59529  59510  59510  59507  59504  59512  59532  59508  59472  59491  59488  59467  59473  59495  59475  59486  59476  59471
 1171.023   597321   504.85   597704   505.02  59764  59789  59787  59769  59768  59766  59762  59769  59764  59766  59728  59750  59720  59726  59730  59754  59735  59718  59731  59729
 1176.023   599835   501.71   600216   505.23  60020  60017  60017  60025  60025  60024  60019  60026  60020  60023  59986  59979  59977  59985  59985  59983  59990  59974  59989  59987
 1181.023   602463   503.76   602863   503.69  60284  60282  60281  60289  60290  60289  60285  60291  60284  60288  60252  60244  60241  60251  60252  60248  60230  60238  60254  60253
 1186.023   604959   505.35   605408   501.93  60542  60541  60539  60545  60545  60522  60541  60546  60542  60545  60482  60502  60500  60482  60483  60506  60489  60496  60510  60509
 1191.023   607418   501.58   607917   497.79  60792  60792  60789  60796  60796  60773  60792  60797  60792  60798  60733  60752  60751  60733  60734  60757  60741  60746  60736  60735
