Test case: 
Description: 
	10 senders: persistent queues
	10 receivers: client acknowledge every 50 messages
Timestamp: 2011.11.1 22:42:31
Version: 
Setting up JMS benchmark connections... 

Start processing messages.
Thu Dec 01 22:42:31 EST 2011

  Seconds   Send   Send/Sec   Recv   Recv/Sec   RCV0   RCV1   RCV2   RCV3   RCV4   RCV5   RCV6   RCV7   RCV8   RCV9  SND10  SND11  SND12  SND13  SND14  SND15  SND16  SND17  SND18  SND19
  ------- -------- -------- -------- -------- ------ ------ ------ ------ ------ ------ ------ ------ ------ ------ ------ ------ ------ ------ ------ ------ ------ ------ ------ ------
    1.028        0     0.00        0     0.00      0      0      0      0      0      0      0      0      0      0      0      0      0      0      0      0      0      0      0      0
    6.028     2031   441.52     2284   496.52    225    229    228    231    230    226    226    230    230    229    201    204    204    201    202    204    204    205    202    204
   11.028     4615   480.73     4863   506.56    483    487    486    489    488    484    484    488    487    487    461    461    461    461    460    460    463    466    460    462
   16.028     7096   482.47     7342   501.10    730    735    734    738    736    732    731    736    735    735    710    710    710    709    709    707    709    713    708    711
   21.028     9678   480.51     9924   493.06    988    993    992    997    994    990    988    996    993    993    967    967    968    968    966    967    969    970    966    970
   26.028    12257   488.98    12528   498.94   1251   1257   1255   1232   1257   1253   1251   1259   1256   1257   1231   1230   1231   1232   1230   1231   1205   1233   1229   1205
   31.028    14638   494.53    14959   502.47   1483   1489   1513   1494   1487   1484   1511   1493   1516   1489   1463   1462   1463   1463   1460   1463   1468   1466   1463   1467
   36.029    17279   511.68    17511   510.97   1746   1752   1749   1758   1751   1748   1747   1756   1752   1752   1728   1727   1726   1727   1724   1728   1732   1729   1727   1731
   41.028    19845   509.33    20073   508.66   2002   2008   2004   2016   2006   2004   2003   2015   2007   2008   1985   1983   1982   1983   1981   1986   1988   1986   1983   1988
   46.028    22523   514.19    22756   515.50   2271   2277   2272   2283   2274   2273   2271   2282   2276   2277   2252   2251   2251   2252   2250   2254   2255   2253   2250   2255
   51.028    24951   504.70    25235   505.94   2521   2524   2518   2532   2520   2522   2519   2531   2524   2524   2501   2500   2498   2499   2497   2503   2476   2501   2500   2476
   56.028    27493   506.26    27769   504.75   2779   2782   2778   2764   2780   2780   2777   2764   2783   2782   2759   2758   2756   2757   2755   2736   2739   2736   2758   2739
   61.028    30044   516.11    30296   512.92   3021   3025   3046   3031   3048   3021   3019   3033   3027   3025   3002   3001   2998   2999   3022   3004   3006   3005   3000   3007
   66.028    32681   515.99    32912   516.83   3288   3294   3285   3297   3289   3289   3285   3297   3294   3294   3268   3268   3265   3265   3262   3270   3271   3270   3267   3275
   71.028    35288   513.66    35520   514.73   3551   3556   3545   3557   3548   3550   3544   3557   3555   3557   3529   3529   3524   3526   3522   3531   3531   3531   3530   3535
   76.028    37895   509.78    38154   510.62   3815   3820   3809   3820   3810   3815   3806   3818   3820   3821   3794   3793   3787   3790   3785   3793   3793   3794   3794   3772
   81.028    40299   511.68    40628   509.83   4066   4072   4061   4072   4063   4044   4059   4047   4072   4072   4024   4022   4039   4041   4038   4045   4021   4021   4022   4026
   86.028    42780   510.45    43000   508.51   4290   4296   4311   4296   4313   4294   4309   4297   4298   4296   4276   4273   4290   4291   4287   4271   4271   4272   4273   4276
   91.028    45290   511.61    45511   510.57   4548   4554   4543   4554   4546   4553   4542   4557   4558   4556   4534   4533   4522   4523   4520   4532   4530   4531   4530   4535
   96.028    47879   505.81    48098   509.60   4807   4813   4802   4813   4808   4810   4801   4814   4815   4815   4792   4791   4783   4783   4779   4790   4788   4790   4789   4794
  101.028    50535   506.41    50785   506.14   5076   5082   5072   5082   5075   5079   5068   5083   5084   5084   5060   5060   5051   5051   5047   5058   5056   5058   5057   5037
  106.029    53154   504.46    53402   503.19   5336   5342   5336   5343   5338   5340   5333   5344   5346   5344   5322   5321   5313   5313   5311   5319   5317   5319   5318   5301
  111.028    55664   512.58    55884   508.93   5575   5582   5605   5583   5607   5579   5601   5583   5586   5583   5562   5561   5581   5581   5580   5559   5555   5559   5558   5568
  116.029    58188   516.17    58439   517.21   5838   5843   5836   5845   5841   5842   5858   5845   5847   5844   5821   5822   5814   5814   5812   5819   5818   5819   5821   5828
  121.028    60902   523.04    61123   523.91   6109   6114   6107   6116   6112   6113   6104   6116   6117   6115   6092   6092   6087   6085   6083   6091   6089   6091   6092   6100
  126.028    63548   520.59    63795   523.27   6376   6380   6373   6384   6378   6381   6372   6384   6385   6382   6359   6360   6354   6351   6349   6358   6357   6359   6360   6341
  131.029    66204   519.01    66446   518.74   6640   6645   6638   6650   6642   6646   6638   6650   6651   6646   6623   6626   6619   6616   6616   6624   6622   6625   6626   6607
  136.028    68743   517.90    69051   516.39   6901   6907   6900   6910   6902   6906   6899   6910   6911   6905   6886   6862   6881   6878   6877   6860   6883   6861   6885   6870
  141.028    71273   522.11    71553   522.32   7141   7147   7166   7149   7168   7145   7165   7150   7151   7171   7125   7127   7121   7144   7120   7125   7123   7126   7125   7137
  146.028    73913   526.86    74116   526.09   7408   7414   7407   7415   7409   7411   7405   7415   7419   7413   7391   7394   7387   7384   7388   7392   7388   7393   7392   7404
  151.028    76505   520.89    76732   522.90   7670   7676   7668   7677   7670   7673   7666   7677   7681   7674   7653   7656   7649   7644   7651   7654   7650   7655   7654   7639
  156.028    79073   514.16    79303   514.40   7928   7933   7926   7933   7930   7929   7922   7933   7937   7932   7910   7912   7907   7902   7908   7908   7907   7911   7911   7897
  161.028    81581   511.49    81869   510.32   8187   8193   8186   8193   8189   8189   8179   8192   8169   8192   8169   8144   8167   8159   8166   8141   8165   8143   8171   8156
  166.028    84003   510.34    84262   507.82   8415   8421   8441   8421   8445   8417   8435   8422   8425   8420   8397   8400   8394   8415   8395   8397   8394   8399   8399   8413
  171.028    86617   513.20    86828   511.69   8676   8683   8677   8682   8681   8679   8696   8685   8688   8681   8658   8660   8655   8675   8656   8658   8656   8662   8662   8675
  176.028    89224   513.79    89456   514.77   8941   8947   8943   8949   8947   8943   8936   8950   8954   8946   8923   8924   8921   8915   8923   8926   8923   8927   8926   8916
  181.028    91786   509.31    92030   508.14   9200   9205   9203   9205   9205   9201   9190   9205   9210   9206   9181   9180   9180   9170   9179   9180   9180   9182   9182   9172
  186.028    94429   507.97    94683   507.80   9467   9469   9468   9471   9470   9467   9453   9470   9475   9473   9446   9443   9446   9433   9443   9446   9445   9446   9447   9434
  191.028    96896   511.28    97073   509.33   9700   9728   9704   9705   9705   9701   9713   9705   9706   9706   9683   9705   9682   9696   9704   9680   9682   9682   9685   9697
  196.028    99452   516.66    99661   515.86   9962   9963   9965   9966   9967   9963   9973   9966   9968   9968   9945   9939   9944   9957   9939   9942   9944   9942   9945   9955
  201.028   102036   516.54   102271   517.35  10223  10225  10226  10227  10228  10224  10234  10227  10228  10229  10206  10201  10204  10192  10200  10203  10205  10203  10206  10216
  206.028   104613   511.34   104845   509.66  10482  10485  10486  10488  10488  10484  10469  10486  10489  10488  10466  10461  10464  10453  10459  10463  10464  10465  10467  10451
  211.028   107239   511.58   107469   510.23  10745  10747  10748  10751  10750  10746  10732  10748  10751  10751  10729  10724  10727  10715  10721  10726  10726  10728  10729  10714
  216.028   109694   508.15   109827   507.38  10976  11004  10978  10981  10980  10977  10988  10980  10981  10982  10959  10981  10957  10972  10976  10956  10980  10958  10984  10971
  221.028   112182   511.21   112385   512.95  11235  11239  11235  11239  11238  11235  11246  11238  11239  11241  11217  11216  11215  11230  11211  11214  11215  11216  11219  11229
  226.029   114776   512.48   114984   513.32  11496  11498  11495  11499  11497  11497  11506  11497  11498  11501  11478  11475  11474  11489  11469  11473  11474  11477  11478  11489
  231.028   117280   510.70   117508   507.95  11749  11753  11750  11755  11754  11752  11735  11752  11753  11755  11733  11731  11730  11720  11724  11728  11728  11733  11734  11719
  236.028   119878   506.14   120104   504.19  12008  12011  12009  12014  12014  12012  11996  12013  12013  12014  11993  11991  11990  11981  11983  11987  11987  11993  11994  11979
  241.028   122424   502.97   122627   502.00  12262  12267  12265  12268  12268  12242  12251  12267  12268  12269  12247  12245  12244  12237  12239  12242  12242  12246  12249  12233
  246.028   124835   505.47   125010   509.50  12496  12500  12498  12502  12502  12500  12508  12500  12501  12503  12481  12479  12478  12495  12497  12476  12475  12480  12483  12491
  251.028   127588   514.36   127766   515.27  12771  12776  12775  12778  12777  12776  12782  12776  12777  12778  12756  12754  12753  12770  12771  12751  12752  12755  12760  12766
  256.028   130100   514.23   130358   515.00  13030  13035  13035  13037  13036  13035  13041  13036  13036  13037  13015  13013  13012  13002  13003  13011  13011  13014  13020  12999
  261.028   132781   514.24   133035   512.57  13298  13304  13303  13305  13303  13303  13306  13304  13304  13305  13283  13280  13280  13270  13271  13280  13280  13282  13288  13267
  266.028   135348   512.92   135544   511.11  13553  13559  13558  13538  13559  13560  13536  13560  13560  13561  13540  13537  13537  13526  13526  13535  13538  13539  13545  13525
  271.028   137811   514.60   138087   513.56  13813  13819  13817  13800  13818  13794  13796  13818  13818  13794  13774  13794  13771  13785  13786  13793  13772  13774  13778  13784
  276.028   140450   521.16   140628   524.08  14057  14063  14060  14071  14062  14064  14065  14062  14061  14063  14043  14036  14040  14054  14056  14037  14041  14042  14046  14055
  281.028   143131   518.94   143317   520.08  14326  14332  14329  14339  14331  14334  14334  14331  14329  14332  14311  14306  14308  14322  14324  14306  14309  14310  14314  14321
  286.028   145744   523.98   145982   521.29  14592  14598  14594  14606  14595  14603  14602  14598  14596  14598  14576  14571  14574  14589  14565  14574  14575  14576  14581  14563
  291.028   148311   516.04   148550   515.44  14852  14859  14853  14865  14853  14837  14861  14857  14854  14859  14836  14829  14835  14820  14825  14834  14833  14835  14840  14824
  296.029   150981   518.46   151165   518.05  15119  15125  15120  15104  15120  15104  15101  15124  15121  15127  15104  15095  15101  15086  15093  15101  15100  15102  15108  15091
  301.028   153486   524.26   153700   522.18  15360  15367  15361  15369  15387  15370  15367  15364  15388  15367  15344  15360  15342  15351  15358  15342  15341  15344  15348  15356
  306.028   156017   519.73   156181   521.91  15613  15618  15614  15623  15616  15623  15621  15616  15617  15620  15596  15615  15595  15603  15613  15595  15594  15597  15599  15610
  311.028   158511   515.23   158754   515.44  15871  15874  15871  15881  15873  15882  15878  15873  15874  15877  15852  15846  15853  15860  15844  15853  15851  15855  15855  15842
  316.028   161172   513.29   161415   514.36  16137  16142  16137  16147  16139  16147  16145  16139  16140  16142  16118  16110  16118  16128  16109  16118  16120  16120  16123  16108
  321.028   163849   516.23   164086   513.78  16407  16413  16407  16416  16409  16390  16413  16408  16410  16413  16389  16380  16389  16371  16380  16389  16390  16390  16395  16376
  326.028   166557   516.39   166720   516.56  16652  16684  16678  16662  16680  16661  16659  16679  16681  16684  16660  16651  16659  16643  16651  16659  16661  16661  16665  16647
  331.028   168992   517.57   169154   518.61  16911  16916  16911  16921  16913  16921  16918  16913  16914  16916  16894  16912  16893  16904  16911  16891  16892  16893  16896  16906
  336.028   171637   520.74   171807   522.62  17174  17180  17177  17187  17179  17186  17185  17179  17180  17180  17158  17175  17159  17168  17174  17155  17157  17160  17161  17170
  341.028   174205   524.87   174426   523.26  17436  17441  17439  17448  17442  17448  17447  17441  17442  17442  17420  17413  17421  17431  17409  17417  17419  17421  17424  17430
  346.028   176754   518.69   177022   517.95  17697  17700  17698  17707  17702  17707  17706  17702  17703  17700  17681  17673  17681  17666  17670  17676  17679  17680  17684  17664
  351.028   179394   515.72   179625   513.51  17961  17967  17963  17972  17967  17946  17945  17968  17969  17967  17946  17936  17947  17926  17933  17943  17944  17944  17949  17926
  356.028   182012   512.52   182209   514.53  18224  18230  18225  18209  18229  18212  18211  18231  18208  18230  18208  18203  18184  18192  18200  18207  18207  18207  18212  18192
  361.028   184446   516.85   184640   519.66  18456  18462  18458  18467  18462  18469  18470  18464  18469  18463  18441  18438  18442  18451  18461  18439  18439  18439  18444  18452
  366.028   186963   512.55   187189   513.56  18710  18717  18714  18721  18717  18724  18724  18719  18725  18718  18695  18693  18697  18705  18689  18693  18694  18694  18699  18704
  371.028   189590   513.72   189790   512.11  18972  18982  18978  18983  18978  18986  18962  18982  18988  18979  18957  18958  18960  18967  18949  18956  18957  18958  18963  18965
  376.028   192128   510.67   192325   508.22  19229  19241  19239  19242  19236  19220  19220  19240  19221  19237  19214  19217  19218  19199  19207  19217  19217  19218  19222  19199
  381.028   194615   509.04   194864   507.90  19490  19478  19476  19479  19497  19481  19481  19500  19483  19499  19474  19453  19455  19461  19469  19454  19477  19454  19458  19460
  386.028   197256   509.78   197477   510.59  19757  19744  19744  19746  19764  19746  19747  19742  19748  19739  19740  19720  19723  19726  19736  19722  19719  19720  19724  19726
  391.028   199832   515.40   200052   515.37  19994  20005  20006  20009  20000  20009  20010  20005  20012  20002  19976  19981  19986  19990  19973  19985  19982  19983  19987  19989
  396.028   202406   514.80   202622   514.46  20252  20263  20262  20265  20259  20265  20267  20262  20268  20259  20233  20239  20243  20246  20232  20241  20240  20241  20246  20245
  401.028   204900   508.67   205141   509.98  20506  20517  20519  20519  20513  20519  20495  20517  20522  20514  20485  20493  20474  20502  20483  20496  20495  20497  20501  20474
  406.028   207412   509.40   207632   508.42  20764  20773  20751  20775  20770  20749  20752  20773  20754  20771  20741  20749  20732  20734  20739  20727  20751  20751  20757  20731
  411.028   209906   510.37   210125   509.40  21022  21004  21008  21005  21028  21006  21010  21003  21011  21028  21000  20980  20989  20992  20997  20984  20980  21008  20988  20988
  416.028   212529   509.90   212689   509.60  21260  21268  21272  21268  21265  21272  21275  21268  21275  21266  21265  21245  21255  21257  21260  21251  21247  21245  21251  21253
  421.029   215063   507.13   215252   506.80  21517  21525  21528  21525  21522  21528  21528  21524  21531  21524  21495  21503  21510  21513  21512  21507  21504  21501  21510  21508
  426.028   217603   505.62   217805   507.77  21777  21785  21788  21785  21782  21766  21766  21782  21791  21783  21753  21763  21750  21752  21751  21767  21764  21764  21770  21769
  431.029   220242   511.24   220491   508.89  22044  22055  22056  22055  22050  22035  22034  22050  22061  22051  22021  22033  22019  22021  22019  22011  22033  22033  22040  22012
  436.028   222760   514.16   223028   511.41  22303  22313  22289  22313  22309  22295  22293  22309  22294  22310  22281  22266  22279  22280  22279  22269  22267  22293  22274  22272
  441.028   225297   513.93   225489   513.89  22558  22545  22545  22543  22541  22550  22550  22541  22551  22565  22536  22522  22536  22535  22536  22525  22523  22523  22533  22528
  446.028   227979   514.95   228118   515.12  22802  22811  22812  22811  22809  22818  22816  22810  22821  22808  22805  22790  22806  22803  22804  22793  22789  22791  22802  22796
  451.028   230464   513.27   230690   515.35  23061  23068  23069  23068  23066  23073  23073  23067  23078  23067  23034  23048  23036  23059  23034  23048  23045  23048  23060  23052
  456.028   233079   513.96   233253   512.05  23326  23331  23331  23331  23331  23311  23311  23331  23318  23332  23300  23311  23300  23299  23297  23311  23310  23313  23322  23316
  461.028   235634   513.04   235864   509.78  23586  23592  23593  23592  23591  23574  23574  23591  23579  23592  23561  23571  23563  23560  23558  23572  23570  23572  23556  23551
  466.028   238130   512.28   238386   510.13  23841  23846  23820  23846  23845  23830  23830  23845  23836  23847  23816  23799  23820  23815  23812  23801  23824  23825  23810  23808
  471.028   240703   513.37   240858   513.04  24077  24082  24085  24082  24081  24094  24094  24081  24099  24083  24078  24064  24081  24079  24075  24064  24059  24061  24073  24069
  476.028   243267   509.31   243449   511.66  24336  24341  24344  24341  24341  24353  24353  24341  24357  24342  24336  24322  24313  24339  24335  24322  24319  24323  24331  24327
  481.028   245801   511.17   245974   512.01  24596  24600  24604  24602  24601  24588  24588  24601  24592  24602  24571  24584  24576  24573  24571  24584  24580  24584  24592  24586
  486.028   248411   509.13   248582   509.13  24857  24860  24866  24863  24861  24849  24849  24861  24853  24863  24831  24847  24836  24834  24832  24845  24840  24844  24853  24849
  491.028   250884   508.26   251135   507.21  25113  25118  25098  25119  25119  25108  25108  25119  25113  25120  25090  25079  25094  25092  25091  25077  25097  25101  25084  25079
  496.028   253538   511.61   253782   508.56  25377  25383  25362  25383  25384  25374  25373  25384  25378  25384  25355  25343  25361  25359  25358  25342  25361  25367  25348  25344
  501.029   256077   512.43   256212   512.60  25609  25615  25621  25615  25615  25634  25632  25618  25637  25616  25613  25603  25618  25619  25616  25603  25593  25601  25608  25603
  506.028   258543   509.13   258699   511.74  25865  25871  25879  25872  25870  25865  25864  25873  25869  25871  25845  25862  25849  25850  25846  25860  25849  25856  25867  25859
  511.028   261121   510.60   261282   512.82  26123  26129  26137  26131  26129  26123  26122  26131  26127  26130  26103  26118  26107  26109  26104  26117  26109  26114  26123  26117
  516.028   263675   507.87   263859   509.25  26383  26387  26395  26389  26387  26380  26379  26388  26384  26387  26361  26376  26365  26368  26361  26350  26366  26372  26381  26375
  521.028   266216   510.29   266451   507.13  26645  26649  26631  26651  26648  26643  26640  26649  26646  26649  26623  26611  26627  26630  26624  26611  26627  26634  26617  26612
  526.028   268662   505.84   268920   502.99  26876  26903  26884  26882  26902  26896  26896  26878  26900  26903  26876  26867  26857  26861  26877  26866  26856  26864  26872  26866
  531.028   271171   503.84   271318   505.99  27129  27130  27136  27134  27128  27123  27124  27131  27154  27129  27131  27123  27111  27113  27104  27119  27109  27116  27126  27119
  536.029   273793   508.12   273940   510.54  27393  27395  27402  27400  27393  27389  27388  27397  27390  27393  27366  27388  27376  27378  27370  27383  27373  27382  27391  27386
  541.028   276252   503.57   276450   506.46  27644  27647  27653  27652  27644  27639  27638  27646  27643  27644  27618  27614  27627  27629  27620  27634  27626  27633  27641  27610
  546.028   278766   503.05   278991   504.36  27899  27903  27886  27908  27900  27896  27895  27903  27900  27901  27875  27871  27883  27884  27876  27866  27882  27889  27873  27867
  551.028   281328   503.59   281568   500.27  28159  28163  28145  28142  28161  28157  28156  28162  28161  28162  28134  28129  28143  28142  28134  28124  28140  28124  28133  28125
  556.028   283905   509.09   284042   505.84  28395  28400  28410  28403  28399  28395  28418  28399  28423  28400  28396  28394  28380  28404  28396  28389  28377  28385  28398  28386
  561.028   286494   509.68   286624   512.74  28659  28662  28673  28666  28662  28658  28657  28662  28662  28663  28660  28657  28643  28642  28636  28653  28639  28651  28662  28651
  566.028   289048   508.54   289215   511.76  28916  28921  28932  28925  28923  28919  28916  28921  28922  28920  28892  28915  28900  28902  28896  28910  28898  28908  28919  28908
  571.028   291549   509.77   291766   510.34  29173  29181  29164  29182  29181  29177  29173  29178  29179  29178  29150  29147  29159  29160  29152  29142  29156  29167  29151  29165
  576.028   294089   509.83   294328   506.91  29431  29437  29420  29437  29437  29433  29429  29435  29436  29433  29407  29402  29415  29417  29410  29399  29414  29423  29407  29395
  581.028   296586   510.30   296732   507.15  29663  29670  29679  29671  29669  29665  29688  29668  29669  29690  29663  29661  29648  29650  29667  29657  29671  29653  29665  29651
  586.028   299137   507.67   299284   510.62  29923  29931  29939  29931  29929  29926  29923  29927  29930  29925  29923  29921  29908  29910  29903  29916  29905  29913  29925  29913
  591.028   301704   506.11   301855   510.23  30181  30187  30197  30187  30187  30184  30179  30184  30187  30182  30179  30178  30166  30167  30159  30173  30162  30170  30181  30169
  596.028   304193   504.77   304424   505.13  30442  30447  30432  30447  30446  30443  30438  30442  30446  30441  30413  30410  30426  30426  30418  30406  30420  30430  30415  30429
  601.028   306710   504.58   306959   503.14  30696  30701  30685  30701  30700  30696  30692  30695  30699  30694  30668  30665  30680  30682  30673  30660  30673  30684  30667  30658
  606.028   309247   505.12   309365   501.90  30925  30931  30941  30930  30930  30926  30949  30951  30932  30950  30924  30922  30934  30914  30930  30915  30929  30939  30925  30915
  611.028   311722   506.21   311894   507.08  31183  31189  31199  31189  31188  31184  31181  31184  31190  31207  31180  31181  31166  31171  31162  31173  31161  31171  31183  31174
  616.029   314273   503.64   314421   507.13  31440  31443  31454  31444  31442  31439  31437  31439  31446  31437  31435  31435  31421  31425  31418  31429  31416  31428  31438  31428
  621.028   316763   502.65   316966   502.55  31696  31700  31685  31700  31700  31697  31696  31695  31704  31693  31666  31666  31678  31681  31675  31660  31672  31686  31694  31685
  626.029   319297   502.48   319543   500.37  31955  31957  31943  31956  31958  31954  31954  31955  31961  31950  31925  31925  31935  31939  31935  31918  31933  31943  31927  31917
  631.028   321894   505.50   322083   501.88  32191  32216  32202  32215  32216  32212  32213  32213  32195  32210  32184  32186  32194  32197  32194  32180  32191  32201  32188  32179
  636.028   324344   503.22   324513   505.70  32446  32446  32459  32445  32446  32443  32442  32469  32450  32467  32439  32441  32423  32427  32424  32435  32446  32430  32443  32436
  641.029   326919   505.60   327060   508.05  32707  32705  32719  32703  32704  32704  32703  32702  32711  32702  32700  32702  32681  32688  32685  32695  32679  32689  32704  32696
  646.028   329449   505.89   329583   507.13  32961  32961  32948  32957  32960  32958  32957  32957  32966  32958  32956  32932  32936  32942  32943  32950  32935  32945  32959  32951
  651.029   331881   506.44   332111   503.93  33216  33215  33203  33209  33212  33210  33210  33208  33219  33209  33187  33187  33188  33194  33195  33181  33187  33197  33186  33179
  656.028   334536   508.78   334720   505.69  33455  33482  33468  33474  33479  33478  33477  33473  33460  33474  33453  33452  33452  33460  33461  33446  33451  33462  33453  33446
  661.028   337112   504.56   337289   504.16  33712  33737  33724  33732  33737  33733  33733  33731  33718  33732  33710  33710  33710  33719  33717  33702  33709  33722  33710  33703
  666.029   339656   507.33   339797   509.18  33973  33971  33988  33994  33971  33966  33966  33994  33979  33995  33972  33974  33972  33954  33950  33966  33971  33955  33975  33967
  671.028   342080   507.03   342248   508.78  34227  34227  34219  34223  34226  34223  34219  34223  34237  34224  34203  34203  34202  34212  34204  34195  34199  34211  34230  34221
  676.028   344649   510.07   344869   511.28  34489  34489  34479  34486  34489  34486  34481  34485  34498  34487  34464  34465  34465  34475  34467  34456  34460  34475  34465  34457
  681.028   347230   513.34   347419   510.15  34749  34746  34736  34743  34747  34743  34738  34740  34734  34743  34721  34724  34723  34734  34725  34713  34720  34733  34722  34715
  686.028   349827   507.35   349982   506.41  34981  35006  34994  35002  35006  35002  34997  34999  34993  35002  34981  34984  34983  34994  34984  34971  34980  34993  34981  34976
  691.028   352480   508.76   352636   508.02  35248  35271  35260  35268  35270  35266  35263  35264  35258  35268  35246  35249  35247  35258  35249  35238  35245  35258  35247  35243
  696.028   355023   510.82   355136   512.30  35512  35511  35526  35508  35511  35507  35502  35528  35523  35508  35510  35512  35487  35498  35488  35503  35508  35498  35512  35507
  701.028   357547   517.28   357710   517.05  35776  35772  35764  35770  35772  35768  35764  35766  35788  35770  35747  35750  35749  35759  35750  35766  35746  35759  35776  35745
  706.028   360019   515.77   360206   513.79  36028  36024  36017  36022  36024  36020  36016  36019  36014  36022  36001  36002  36000  36011  36002  35992  35998  36013  36002  35998
  711.028   362570   511.28   362731   509.46  36257  36278  36271  36278  36279  36275  36272  36273  36270  36278  36256  36257  36256  36265  36258  36247  36252  36268  36257  36254
  716.029   365205   509.08   365357   509.85  36520  36540  36532  36542  36540  36538  36535  36535  36533  36542  36519  36520  36521  36529  36522  36510  36516  36530  36520  36518
  721.029   367795   507.82   367967   508.36  36786  36806  36798  36782  36806  36778  36802  36801  36800  36808  36785  36787  36761  36769  36788  36778  36784  36771  36787  36785
  726.028   370327   510.74   370494   512.55  37048  37043  37062  37043  37043  37041  37039  37066  37063  37046  37049  37024  37024  37033  37026  37041  37022  37035  37051  37022
  731.028   372861   513.05   373005   512.38  37306  37303  37294  37302  37302  37301  37298  37298  37295  37306  37280  37284  37284  37292  37286  37272  37281  37293  37308  37281
  736.028   375459   517.18   375631   514.80  37571  37565  37555  37561  37565  37566  37560  37560  37558  37570  37541  37547  37546  37554  37548  37535  37543  37557  37544  37544
  741.029   378154   517.82   378299   518.09  37815  37834  37824  37831  37833  37837  37829  37829  37827  37840  37810  37815  37815  37823  37818  37806  37812  37827  37816  37812
  746.028   380749   516.39   380867   516.12  38077  38095  38085  38093  38096  38074  38091  38091  38089  38076  38073  38076  38076  38085  38081  38068  38073  38065  38077  38075
  751.028   383219   512.57   383385   512.37  38332  38349  38340  38348  38325  38328  38344  38345  38345  38329  38328  38331  38304  38316  38310  38323  38327  38319  38333  38328
  756.028   385663   512.94   385806   512.13  38586  38579  38593  38578  38580  38582  38573  38576  38575  38584  38558  38560  38560  38571  38563  38577  38556  38573  38588  38557
  761.028   388188   512.65   388359   513.56  38845  38835  38827  38835  38839  38840  38830  38833  38833  38842  38815  38817  38818  38830  38822  38808  38813  38831  38819  38815
  766.028   390784   510.75   390926   510.62  39078  39096  39087  39096  39097  39099  39088  39091  39092  39102  39074  39079  39076  39090  39081  39067  39073  39091  39078  39075
  771.028   393344   505.40   393509   506.95  39339  39356  39348  39356  39359  39335  39349  39352  39353  39362  39335  39342  39338  39326  39341  39328  39333  39327  39339  39335
  776.029   395839   501.31   395988   502.38  39590  39610  39602  39610  39588  39586  39602  39605  39606  39589  39591  39571  39567  39580  39596  39584  39587  39581  39594  39588
  781.028   398349   505.12   398497   503.64  39851  39843  39861  39843  39845  39845  39836  39863  39864  39846  39849  39829  39824  39840  39829  39843  39821  39840  39853  39847
  786.028   400936   510.67   401077   511.51  40119  40109  40100  40109  40111  40110  40102  40102  40103  40112  40088  40096  40092  40108  40096  40083  40087  40106  40093  40087
  791.028   403532   512.42   403651   512.32  40354  40367  40362  40368  40370  40371  40361  40364  40362  40372  40348  40356  40351  40367  40355  40345  40345  40364  40354  40347
  796.029   406057   509.03   406197   509.83  40607  40622  40617  40622  40625  40625  40617  40619  40617  40626  40604  40611  40604  40596  40609  40601  40600  40619  40611  40602
  801.028   408657   506.88   408794   508.56  40870  40885  40878  40886  40887  40862  40880  40880  40878  40888  40867  40873  40866  40858  40873  40864  40862  40855  40874  40865
  806.028   411114   509.11   411278   508.74  41125  41140  41135  41117  41117  41118  41137  41136  41135  41118  41123  41103  41096  41113  41102  41121  41117  41113  41105  41121
  811.029   413600   510.02   413748   510.05  41378  41374  41372  41374  41374  41372  41369  41374  41386  41375  41358  41361  41354  41369  41361  41356  41354  41368  41364  41355
  816.028   416189   510.10   416310   509.46  41637  41632  41631  41631  41633  41632  41628  41633  41620  41633  41617  41620  41612  41630  41619  41616  41611  41628  41623  41613
  821.028   418701   501.38   418820   503.15  41865  41883  41885  41885  41887  41887  41881  41887  41874  41886  41871  41874  41865  41858  41873  41869  41865  41882  41877  41867
  826.028   421290   504.61   421413   504.78  42125  42144  42148  42147  42150  42123  42143  42150  42135  42148  42134  42137  42126  42119  42137  42130  42125  42118  42138  42126
  831.028   423756   505.00   423926   505.27  42387  42407  42385  42384  42386  42384  42403  42386  42396  42408  42370  42374  42363  42380  42374  42367  42387  42379  42373  42389
  836.028   426356   511.48   426502   509.90  42653  42646  42650  42648  42651  42650  42642  42652  42663  42647  42636  42639  42628  42645  42639  42632  42626  42646  42637  42628
  841.028   428945   513.24   429085   512.97  42912  42906  42907  42907  42909  42908  42901  42909  42920  42906  42894  42897  42887  42903  42897  42893  42884  42906  42896  42888
  846.028   431582   511.04   431717   514.23  43176  43169  43170  43171  43172  43172  43164  43172  43182  43169  43157  43160  43152  43168  43161  43155  43146  43172  43161  43150
  851.028   434201   515.17   434325   516.21  43418  43434  43436  43436  43438  43438  43429  43437  43425  43434  43425  43427  43420  43411  43428  43424  43412  43414  43426  43414
  856.028   436728   515.27   436956   515.13  43684  43699  43701  43702  43704  43678  43695  43703  43689  43701  43664  43666  43661  43677  43667  43664  43678  43678  43692  43681
  861.028   439284   518.42   439443   517.99  43942  43959  43934  43934  43937  43937  43955  43937  43948  43960  43922  43925  43919  43936  43924  43923  43936  43934  43924  43941
  866.028   441869   518.89   441988   517.99  44206  44194  44197  44196  44199  44199  44191  44199  44211  44196  44186  44188  44183  44199  44189  44186  44173  44199  44188  44178
  871.028   444457   516.24   444557   517.45  44440  44454  44456  44454  44459  44459  44450  44459  44471  44455  44445  44447  44442  44457  44448  44446  44431  44459  44447  44435
  876.028   446973   511.48   447099   512.75  44697  44711  44712  44711  44717  44716  44706  44716  44702  44711  44702  44703  44698  44689  44704  44703  44689  44692  44703  44690
  881.028   449453   507.58   449598   506.51  44948  44963  44965  44963  44970  44944  44958  44970  44954  44963  44931  44955  44951  44943  44956  44932  44941  44946  44956  44942
  886.028   451924   508.17   452097   504.58  45205  45222  45197  45222  45201  45202  45214  45201  45211  45222  45188  45188  45182  45199  45189  45190  45198  45204  45187  45199
  891.028   454577   509.82   454693   508.37  45471  45462  45462  45462  45466  45467  45477  45466  45476  45484  45452  45455  45450  45465  45455  45455  45461  45470  45451  45463
  896.028   457111   509.78   457232   508.98  45730  45721  45722  45721  45725  45725  45711  45725  45733  45719  45710  45713  45709  45722  45715  45712  45695  45729  45710  45696
  901.028   459598   503.72   459721   505.37  45959  45975  45976  45976  45978  45979  45964  45978  45962  45974  45964  45967  45962  45951  45969  45965  45948  45958  45964  45950
  906.028   462157   504.33   462263   503.69  46215  46230  46234  46232  46236  46211  46222  46234  46219  46230  46220  46224  46217  46206  46224  46220  46206  46213  46219  46208
  911.029   464664   507.92   464824   507.58  46479  46493  46472  46496  46474  46476  46485  46472  46484  46493  46458  46462  46455  46468  46461  46458  46469  46477  46484  46472
  916.028   467273   512.48   467429   510.20  46741  46756  46735  46735  46737  46739  46748  46736  46747  46755  46722  46724  46718  46731  46725  46722  46732  46740  46723  46736
  921.028   469815   509.46   469946   509.03  47002  46990  46994  46994  46996  47000  46981  46996  47005  46988  46980  46982  46977  46991  46985  46981  46965  47001  46983  46970
  926.028   472441   509.19   472568   511.14  47263  47253  47255  47258  47257  47262  47244  47259  47267  47250  47242  47245  47240  47253  47248  47244  47229  47261  47245  47234
  931.028   475018   512.35   475114   513.19  47498  47516  47516  47519  47518  47500  47507  47521  47505  47514  47502  47509  47502  47490  47512  47506  47492  47498  47509  47498
  936.029   477531   511.64   477680   512.21  47756  47771  47772  47777  47774  47758  47762  47777  47763  47770  47759  47739  47758  47749  47743  47762  47748  47756  47763  47754
  941.028   480084   514.55   480235   512.30  48022  48040  48010  48015  48012  48026  48029  48014  48031  48036  47998  48004  47997  48014  48010  47999  48013  48025  48003  48021
  946.028   482632   512.79   482734   510.94  48279  48270  48269  48275  48271  48282  48261  48273  48288  48266  48256  48262  48258  48271  48266  48258  48269  48281  48261  48250
  951.028   485208   513.96   485337   513.86  48539  48531  48529  48536  48531  48543  48521  48533  48548  48526  48516  48523  48518  48531  48526  48517  48504  48541  48521  48511
  956.028   487761   511.48   487863   511.51  48773  48790  48789  48795  48790  48780  48782  48793  48784  48787  48777  48783  48779  48765  48786  48777  48764  48778  48780  48772
  961.028   490387   510.35   490511   512.16  49038  49055  49053  49060  49055  49044  49046  49059  49048  49053  49042  49048  49043  49030  49025  49043  49028  49043  49047  49038
  966.028   492884   512.63   493051   510.72  49295  49311  49309  49316  49311  49301  49302  49291  49305  49310  49297  49279  49274  49288  49282  49277  49284  49301  49305  49297
  971.028   495394   511.14   495559   508.99  49554  49569  49541  49549  49543  49560  49561  49548  49565  49569  49529  49537  49531  49547  49542  49537  49544  49560  49536  49531
  976.028   498019   514.60   498087   514.33  49819  49810  49807  49814  49809  49800  49801  49813  49805  49809  49795  49802  49796  49812  49806  49802  49809  49800  49801  49796
  981.029   500678   517.38   500752   517.28  50063  50078  50075  50084  50078  50071  50069  50083  50074  50077  50063  50070  50064  50081  50076  50070  50051  50069  50069  50065
  986.028   503250   515.00   503349   517.75  50324  50338  50335  50343  50337  50330  50329  50342  50334  50337  50323  50329  50324  50315  50338  50329  50310  50329  50328  50325
  991.028   505866   514.40   505990   513.52  50590  50602  50599  50606  50599  50595  50593  50607  50598  50601  50586  50593  50589  50581  50575  50593  50575  50594  50591  50589
  996.028   508420   516.83   508576   513.71  50855  50864  50862  50842  50864  50860  50859  50844  50862  50864  50849  50830  50827  50843  50839  50854  50838  50859  50854  50827
 1001.028   510950   520.27   511103   518.12  51118  51103  51100  51104  51102  51098  51121  51106  51125  51126  51087  51092  51089  51105  51101  51091  51103  51098  51093  51091
 1006.028   513562   519.58   513621   521.29  51352  51367  51362  51367  51366  51362  51356  51368  51360  51361  51351  51354  51353  51372  51367  51355  51340  51361  51356  51353
 1011.028   516107   515.96   516201   518.44  51610  51625  51619  51624  51624  51620  51615  51625  51619  51620  51609  51611  51610  51601  51623  51613  51599  51619  51613  51609
 1016.028   518655   510.87   518776   512.45  51866  51883  51878  51882  51881  51877  51872  51882  51877  51878  51866  51868  51868  51858  51854  51871  51857  51877  51870  51866
 1021.028   521326   513.05   521468   511.98  52136  52152  52148  52150  52151  52146  52141  52151  52146  52147  52135  52138  52113  52129  52124  52141  52125  52147  52139  52135
 1026.028   523762   513.05   523901   510.74  52394  52384  52383  52385  52383  52379  52399  52385  52404  52405  52368  52372  52370  52387  52382  52374  52384  52381  52375  52369
 1031.028   526345   514.85   526456   513.37  52656  52644  52643  52646  52643  52639  52661  52646  52639  52639  52629  52632  52631  52649  52645  52634  52620  52641  52635  52629
 1036.029   528987   515.84   529069   518.39  52896  52912  52910  52914  52908  52904  52900  52913  52906  52906  52897  52900  52899  52889  52909  52900  52888  52908  52902  52895
 1041.028   531656   514.80   531733   517.72  53163  53179  53177  53181  53173  53170  53166  53179  53171  53174  53164  53169  53167  53156  53175  53167  53153  53175  53169  53161
 1046.028   534242   516.69   534368   516.86  53429  53442  53439  53443  53438  53434  53430  53440  53435  53438  53427  53433  53405  53421  53414  53430  53417  53438  53432  53425
 1051.028   536657   512.80   536881   510.52  53686  53674  53695  53674  53694  53689  53687  53696  53692  53694  53658  53665  53663  53677  53672  53661  53673  53669  53663  53656
 1056.028   539214   516.74   539311   515.37  53920  53931  53927  53931  53926  53922  53947  53929  53951  53927  53918  53924  53922  53936  53932  53918  53906  53926  53919  53913
 1061.028   541832   517.95   541903   518.36  54183  54196  54192  54196  54190  54187  54185  54195  54189  54190  54183  54188  54186  54174  54195  54182  54169  54192  54185  54178
 1066.028   544478   514.68   544542   519.25  54448  54458  54455  54459  54455  54452  54449  54458  54454  54454  54447  54455  54450  54439  54460  54447  54433  54454  54451  54442
 1071.028   547028   510.44   547157   511.24  54710  54720  54715  54720  54715  54713  54711  54719  54717  54717  54707  54714  54685  54697  54694  54708  54693  54715  54711  54704
 1076.029   549599   510.07   549754   507.48  54970  54980  54974  54981  54975  54973  54971  54978  54976  54976  54964  54948  54945  54956  54956  54967  54953  54976  54971  54963
 1081.029   552047   514.68   552204   509.72  55228  55212  55206  55213  55233  55204  55229  55211  55234  55234  55196  55206  55203  55212  55214  55200  55210  55208  55203  55195
 1086.028   554613   514.16   554666   515.27  55461  55471  55465  55473  55466  55463  55462  55472  55467  55466  55456  55465  55461  55471  55473  55459  55443  55467  55462  55456
 1091.028   557131   511.64   557226   514.19  55717  55727  55721  55729  55722  55718  55718  55728  55723  55723  55712  55723  55718  55703  55707  55714  55700  55724  55718  55712
 1096.028   559686   505.32   559782   508.91  55972  55982  55976  55985  55978  55974  55974  55983  55979  55979  55969  55977  55972  55960  55964  55968  55956  55979  55974  55967
 1101.028   562196   503.89   562333   500.60  56227  56238  56231  56239  56233  56229  56229  56239  56234  56234  56224  56208  56201  56217  56221  56225  56212  56235  56230  56223
 1106.028   564647   501.59   564813   499.45  56483  56469  56486  56471  56488  56484  56484  56470  56489  56489  56454  56464  56457  56472  56475  56480  56466  56466  56460  56453
 1111.028   567207   506.12   567363   503.47  56740  56728  56718  56729  56745  56741  56741  56729  56746  56746  56712  56723  56716  56730  56735  56712  56724  56725  56719  56711
 1116.028   569688   505.03   569773   506.95  56971  56985  56974  56985  56976  56972  56972  56984  56977  56977  56969  56976  56972  56960  56967  56968  56954  56981  56974  56967
 1121.028   572218   503.69   572319   503.86  57225  57241  57228  57240  57230  57226  57226  57239  57232  57232  57224  57232  57204  57216  57222  57222  57212  57236  57229  57221
 1126.028   574775   500.55   574877   504.01  57481  57496  57484  57496  57486  57482  57482  57494  57488  57488  57480  57486  57461  57472  57480  57478  57467  57492  57484  57475
 1131.028   577277   500.02   577353   498.10  57736  57727  57739  57727  57740  57736  57737  57724  57742  57745  57735  57716  57718  57727  57734  57733  57721  57722  57740  57731
 1136.028   579737   502.15   579885   499.87  57989  57980  57992  57980  57994  57990  57990  57977  57995  57998  57963  57970  57973  57979  57988  57985  57975  57975  57969  57960
 1141.028   582255   503.09   582299   501.21  58224  58241  58228  58241  58225  58221  58221  58239  58226  58233  58223  58230  58233  58239  58221  58217  58206  58234  58231  58221
 1146.028   584790   503.34   584894   504.88  58484  58499  58488  58499  58485  58481  58481  58498  58486  58493  58480  58488  58465  58472  58481  58475  58466  58493  58490  58480
 1151.028   587379   504.41   587472   505.05  58741  58758  58748  58757  58742  58738  58739  58756  58743  58750  58739  58747  58723  58730  58740  58734  58723  58753  58750  58740
 1156.028   589906   504.36   590006   504.33  58999  58992  59006  58989  59000  58996  58999  59013  59004  59008  58997  59003  58981  58987  58998  58991  58981  59011  58983  58974
 1161.028   592400   503.52   592531   504.36  59256  59250  59263  59246  59258  59254  59257  59245  59260  59242  59230  59234  59238  59244  59255  59247  59238  59243  59241  59230
 1166.028   594866   502.65   594940   501.85  59480  59503  59486  59496  59504  59500  59481  59494  59507  59489  59479  59483  59486  59491  59477  59494  59486  59491  59494  59485
 1171.028   597393   504.51   597444   505.62  59738  59761  59742  59755  59737  59733  59739  59753  59741  59745  59738  59740  59744  59748  59734  59725  59718  59750  59753  59743
 1176.029   599876   502.90   599987   504.85  59997  59990  60000  60011  59993  59989  59998  60007  59998  60004  59996  59996  59973  60002  59991  59981  59975  60007  59983  59972
 1181.028   602478   504.87   602612   503.52  60263  60254  60266  60251  60256  60252  60264  60275  60262  60269  60264  60262  60238  60242  60256  60245  60240  60246  60247  60238
 1186.028   605004   505.79   605158   504.31  60518  60513  60523  60509  60514  60510  60520  60507  60519  60525  60495  60494  60497  60501  60511  60503  60498  60504  60505  60496
 1191.028   607514   502.73   607567   501.90  60744  60763  60749  60759  60765  60761  60746  60760  60770  60750  60747  60745  60748  60751  60763  60753  60748  60756  60757  60746
