Test case: 
Description: 
	10 senders: persistent queues
	10 receivers: client acknowledge every 50 messages
Timestamp: 2011.11.1 20:17:49
Version: 
Setting up JMS benchmark connections... 

Start processing messages.
Thu Dec 01 20:17:49 EST 2011

  Seconds   Send   Send/Sec   Recv   Recv/Sec   RCV0   RCV1   RCV2   RCV3   RCV4   RCV5   RCV6   RCV7   RCV8   RCV9  SND10  SND11  SND12  SND13  SND14  SND15  SND16  SND17  SND18  SND19
  ------- -------- -------- -------- -------- ------ ------ ------ ------ ------ ------ ------ ------ ------ ------ ------ ------ ------ ------ ------ ------ ------ ------ ------ ------
    0.951        0     0.00        0     0.00      0      0      0      0      0      0      0      0      0      0      0      0      0      0      0      0      0      0      0      0
    5.950     4479   973.70     4798  1043.04    475    487    480    486    484    475    476    484    476    475    455    447    446    447    449    452    441    450    447    445
   10.951     9264   965.00     9542   993.96    950    961    954    961    959    949    950    958    950    950    934    924    926    929    926    927    920    927    925    926
   15.950    14446   989.45    14703  1007.05   1464   1476   1471   1476   1476   1465   1467   1475   1467   1466   1454   1444   1445   1449   1442   1442   1439   1443   1443   1445
   20.950    19770  1008.67    20023  1021.58   1997   2008   2002   2009   2007   1999   1999   2006   1999   1997   1986   1975   1978   1981   1974   1973   1974   1977   1977   1975
   25.950    25148  1022.28    25401  1032.56   2534   2547   2540   2545   2545   2536   2537   2544   2537   2536   2523   2513   2517   2519   2511   2511   2512   2515   2514   2513
   30.950    30309  1023.92    30556  1032.26   3051   3063   3056   3060   3060   3052   3052   3060   3051   3051   3039   3030   3032   3035   3025   3028   3029   3033   3028   3030
   35.950    35768  1035.47    36016  1031.48   3597   3608   3602   3606   3607   3597   3599   3606   3597   3597   3584   3576   3578   3580   3573   3573   3574   3579   3574   3577
   40.950    41220  1055.61    41465  1054.50   4142   4153   4147   4151   4152   4141   4144   4151   4142   4142   4129   4122   4123   4125   4118   4118   4119   4125   4119   4122
   45.950    46742  1067.65    46976  1066.88   4692   4705   4698   4704   4702   4691   4695   4702   4694   4693   4682   4671   4675   4678   4670   4670   4673   4678   4671   4674
   50.950    52061  1062.02    52291  1061.28   5222   5238   5231   5236   5234   5221   5226   5235   5225   5223   5215   5202   5207   5211   5200   5204   5204   5210   5200   5208
   55.950    56858  1060.81    57134  1059.90   5740   5708   5700   5704   5704   5740   5696   5704   5695   5743   5685   5672   5677   5680   5721   5673   5674   5679   5721   5676
   60.950    61897  1058.35    62074  1057.62   6200   6217   6209   6213   6213   6200   6205   6212   6204   6201   6194   6181   6186   6189   6181   6182   6183   6188   6228   6185
   65.950    66904  1044.87    67130  1044.13   6706   6723   6714   6719   6719   6705   6710   6718   6710   6706   6700   6687   6692   6695   6686   6687   6689   6693   6684   6691
   70.950    71887  1029.09    72114  1028.49   7205   7221   7212   7217   7217   7205   7208   7216   7208   7205   7198   7185   7190   7193   7185   7186   7187   7191   7183   7189
   75.950    76929  1012.99    77152  1012.62   7709   7725   7716   7720   7721   7709   7712   7720   7711   7709   7702   7689   7695   7697   7689   7690   7691   7696   7687   7693
   80.950    82450  1019.77    82667  1019.33   8260   8277   8268   8273   8272   8259   8264   8272   8263   8259   8253   8241   8246   8251   8241   8242   8243   8248   8239   8246
   85.951    87767  1037.21    87975  1034.93   8791   8808   8799   8805   8802   8791   8794   8801   8794   8790   8785   8773   8778   8782   8772   8774   8774   8779   8772   8778
   90.950    92817  1024.70    93026  1028.96   9296   9314   9305   9310   9307   9295   9298   9307   9299   9295   9290   9277   9283   9287   9277   9279   9279   9284   9278   9283
   95.950    97752  1019.09    97961  1018.52   9789   9808   9798   9802   9801   9789   9791   9800   9794   9789   9783   9771   9776   9779   9770   9772   9773   9778   9772   9778
  100.950   103030  1028.46   103233  1027.75  10316  10334  10325  10329  10329  10317  10319  10327  10321  10316  10313  10299  10303  10306  10298  10299  10301  10305  10301  10305
  105.950   108005  1026.58   108202  1025.84  10815  10831  10821  10825  10825  10814  10815  10825  10817  10814  10811  10796  10799  10804  10797  10796  10798  10801  10800  10803
  110.950   112839  1010.81   113086  1010.23  11324  11287  11278  11282  11335  11323  11324  11282  11327  11324  11267  11306  11310  11261  11306  11253  11255  11311  11311  11259
  115.951   117688  1004.09   117872  1003.29  11782  11799  11787  11791  11793  11782  11782  11791  11783  11782  11778  11764  11769  11772  11765  11766  11766  11769  11768  11771
  120.950   123142  1017.65   123306  1016.14  12325  12343  12330  12335  12336  12326  12325  12334  12327  12325  12323  12308  12313  12318  12311  12313  12314  12313  12312  12317
  125.950   128310  1025.47   128467  1023.73  12840  12860  12845  12851  12853  12843  12842  12849  12843  12841  12840  12826  12828  12836  12829  12831  12831  12828  12827  12834
  130.950   133449  1020.77   133595  1018.86  13354  13373  13358  13363  13365  13355  13355  13363  13355  13354  13357  13340  13340  13349  13343  13344  13344  13342  13341  13349
  135.950   138503  1023.42   138639  1021.38  13859  13878  13862  13867  13869  13859  13860  13867  13859  13859  13863  13843  13845  13854  13847  13850  13850  13848  13846  13857
  140.950   143603  1030.64   143739  1026.95  14369  14388  14372  14377  14379  14369  14370  14377  14369  14369  14373  14353  14355  14364  14357  14360  14360  14358  14356  14367
  145.950   148571  1029.93   148706  1029.90  14866  14885  14869  14874  14876  14865  14867  14874  14865  14865  14871  14850  14852  14858  14853  14858  14855  14855  14853  14866
  150.950   153799  1014.23   153932  1011.61  15388  15408  15391  15397  15400  15387  15390  15396  15388  15387  15394  15373  15375  15381  15376  15380  15378  15378  15376  15388
  155.951   159136  1017.85   159264  1016.98  15921  15943  15923  15932  15935  15920  15922  15929  15920  15919  15928  15907  15908  15914  15909  15916  15911  15912  15910  15921
  160.950   164147  1017.01   164319  1016.24  16431  16405  16434  16442  16445  16430  16432  16440  16430  16430  16391  16418  16419  16425  16420  16379  16423  16422  16419  16431
  165.950   169224  1018.29   169449  1017.72  16944  16913  16949  16957  16958  16942  16945  16954  16945  16942  16900  16933  16932  16941  16934  16888  16935  16938  16934  16889
  170.950   174262  1025.60   174516  1024.73  17469  17443  17473  17434  17435  17469  17423  17432  17470  17468  17431  17411  17458  17419  17461  17420  17412  17416  17412  17422
  175.950   179377  1033.76   179490  1033.02  17943  17964  17946  17957  17955  17943  17944  17954  17944  17940  17952  17932  17931  17941  17934  17941  17933  17937  17933  17943
  180.951   184359  1025.50   184466  1024.63  18440  18463  18443  18454  18452  18439  18443  18452  18443  18437  18450  18430  18429  18438  18433  18440  18432  18435  18431  18441
  185.950   189420  1016.24   189527  1015.54  18945  18970  18947  18961  18959  18943  18951  18958  18951  18942  18957  18936  18934  18944  18939  18946  18937  18942  18937  18948
  190.950   194665  1020.74   194764  1019.97  19468  19493  19470  19484  19483  19469  19475  19482  19474  19466  19482  19461  19458  19469  19463  19471  19463  19465  19461  19472
  195.950   199942  1025.77   200037  1023.09  19994  20021  19996  20012  20011  19996  20002  20010  20002  19993  20010  19988  19986  19998  19988  19999  19990  19992  19991  20000
  200.950   204991  1018.32   205078  1016.04  20499  20525  20500  20515  20517  20501  20506  20513  20506  20496  20515  20492  20490  20503  20493  20503  20494  20498  20497  20506
  205.950   209906  1009.66   209995  1010.54  20991  21017  20993  21005  21008  20993  20997  21005  20997  20989  21007  20983  20982  20994  20985  20994  20985  20991  20988  20997
  210.950   214956  1012.52   215043  1011.81  21501  21479  21502  21514  21517  21502  21508  21514  21506  21500  21470  21493  21493  21503  21494  21502  21495  21501  21498  21507
  215.950   220088  1017.18   220281  1016.64  22025  21998  22029  22038  22041  22026  22032  22037  22030  22025  21989  22017  22017  22027  22018  21974  22020  22024  22022  21980
  220.950   225018  1013.56   225209  1013.29  22540  22511  22542  22501  22502  22538  22493  22549  22493  22540  22503  22481  22531  22491  22533  22486  22532  22485  22485  22491
  225.950   229911  1005.67   230046  1005.37  22994  23014  23045  23004  23008  22992  22996  23003  22996  22994  23007  22983  22987  22995  22987  22988  22986  22993  22991  22994
  230.950   235020  1007.72   235107  1007.72  23506  23526  23508  23514  23518  23504  23507  23513  23506  23505  23519  23495  23498  23507  23498  23499  23496  23503  23501  23504
  235.950   240204  1016.75   240291  1016.68  24025  24043  24027  24033  24036  24022  24025  24032  24025  24023  24036  24014  24016  24026  24017  24018  24015  24020  24019  24023
  240.950   245339  1019.56   245424  1019.50  24538  24557  24540  24546  24549  24535  24538  24546  24538  24537  24549  24529  24529  24539  24531  24532  24527  24533  24532  24538
  245.950   250302  1012.25   250380  1008.39  25033  25053  25037  25041  25046  25031  25033  25041  25033  25032  25045  25026  25027  25034  25026  25029  25024  25030  25027  25034
  250.950   255394  1012.68   255465  1013.66  25542  25560  25545  25549  25554  25541  25543  25549  25541  25541  25555  25534  25536  25543  25535  25538  25534  25539  25537  25543
  255.950   260637  1014.26   260700  1011.91  26065  26083  26069  26073  26077  26065  26065  26073  26065  26065  26079  26058  26060  26067  26059  26062  26059  26064  26062  26067
  260.950   265693  1013.26   265756  1012.48  26570  26589  26575  26579  26581  26570  26571  26579  26571  26571  26584  26563  26565  26574  26564  26566  26565  26568  26570  26574
  265.950   270609  1005.81   270715  1004.83  27066  27085  27071  27075  27076  27066  27067  27075  27067  27067  27033  27059  27061  27070  27060  27064  27062  27063  27066  27071
  270.950   275456  1000.77   275667   999.97  27567  27534  27571  27575  27577  27566  27567  27575  27567  27568  27529  27560  27562  27570  27560  27513  27561  27564  27516  27521
  275.950   280314  1007.11   280380  1006.71  28034  28049  28039  28041  28043  28032  28033  28041  28034  28034  28043  28025  28030  28035  28028  28029  28028  28029  28031  28036
  280.951   285456  1008.79   285515  1008.39  28547  28562  28553  28555  28557  28545  28547  28554  28548  28547  28558  28538  28544  28550  28543  28543  28542  28543  28546  28549
  285.950   290536  1003.32   290595  1003.19  29054  29070  29061  29063  29065  29054  29055  29062  29056  29055  29068  29045  29052  29057  29050  29051  29049  29052  29054  29058
  290.950   295438   998.19   295502   998.22  29545  29559  29552  29555  29556  29545  29546  29553  29546  29545  29556  29536  29543  29549  29541  29541  29539  29542  29544  29547
  295.950   300534  1004.23   300595  1002.72  30053  30068  30061  30065  30065  30055  30056  30062  30056  30054  30067  30046  30053  30059  30049  30051  30048  30052  30052  30057
  300.950   305473  1005.64   305533  1002.21  30546  30562  30555  30560  30560  30548  30549  30556  30549  30548  30562  30539  30547  30553  30542  30545  30542  30545  30546  30552
  305.950   310566  1006.64   310627  1008.19  31054  31072  31065  31069  31069  31056  31059  31067  31058  31058  31073  31048  31056  31062  31050  31054  31053  31055  31054  31061
  310.950   315900  1002.92   315957  1000.77  31587  31605  31599  31602  31603  31588  31592  31600  31590  31591  31608  31580  31589  31595  31583  31589  31586  31588  31587  31595
  315.950   321102  1010.64   321210  1010.60  32112  32131  32125  32127  32128  32113  32117  32125  32115  32117  32083  32105  32114  32122  32108  32114  32111  32113  32112  32120
  320.950   326412  1024.26   326502  1023.49  32640  32660  32653  32657  32657  32642  32646  32655  32645  32647  32618  32637  32642  32654  32640  32646  32640  32642  32642  32651
  325.950   331613  1031.11   331650  1030.37  33170  33141  33134  33185  33138  33171  33177  33184  33174  33176  33149  33165  33171  33133  33172  33176  33169  33172  33173  33133
  330.950   336854  1044.73   336799  1042.95  33712  33673  33666  33666  33670  33714  33658  33666  33717  33657  33689  33708  33655  33669  33716  33659  33715  33717  33657  33669
  335.950   341867  1048.69   341822  1046.78  34170  34191  34184  34188  34188  34173  34180  34188  34180  34180  34204  34171  34178  34186  34224  34181  34178  34180  34179  34186
  340.950   347349  1055.34   347348  1053.39  34722  34744  34737  34741  34741  34725  34733  34740  34733  34732  34757  34724  34732  34739  34729  34733  34731  34733  34732  34739
  345.950   352556  1053.93   352553  1051.81  35243  35265  35258  35261  35262  35244  35253  35260  35254  35253  35278  35244  35253  35260  35250  35253  35252  35254  35253  35259
  350.950   357547  1043.05   357540  1041.54  35740  35765  35757  35760  35761  35743  35750  35758  35754  35752  35777  35745  35753  35760  35748  35751  35750  35753  35753  35757
  355.950   362491  1032.85   362485  1033.09  36235  36259  36251  36253  36256  36240  36245  36252  36248  36246  36270  36240  36247  36255  36245  36245  36243  36247  36248  36251
  360.950   367486  1014.87   367478  1016.44  36737  36757  36750  36753  36755  36738  36745  36752  36746  36745  36769  36739  36747  36753  36746  36744  36743  36747  36747  36751
  365.950   372446  1011.21   372479  1013.93  37236  37258  37250  37254  37255  37238  37245  37252  37246  37245  37222  37239  37248  37254  37246  37245  37245  37248  37247  37252
  370.950   377857  1008.59   377887  1007.95  37776  37799  37791  37795  37796  37778  37786  37793  37787  37786  37761  37781  37789  37795  37788  37786  37786  37790  37788  37793
  375.950   382892  1000.81   382931  1000.34  38278  38303  38296  38300  38300  38284  38291  38297  38292  38290  38257  38285  38293  38299  38293  38291  38291  38294  38292  38297
  380.950   387518  1004.13   387600  1003.83  38781  38756  38748  38752  38752  38786  38743  38798  38743  38741  38765  38738  38745  38751  38793  38744  38742  38746  38745  38749
  385.950   392711  1014.09   392744  1013.69  39307  39280  39272  39277  39277  39261  39266  39271  39267  39266  39291  39262  39269  39275  39268  39268  39266  39271  39269  39272
  390.950   397724  1014.70   397706  1014.36  39758  39780  39773  39778  39777  39763  39768  39772  39769  39768  39791  39763  39770  39777  39770  39770  39768  39772  39770  39773
  395.950   402644  1013.36   402622  1011.51  40252  40272  40264  40269  40268  40256  40258  40263  40261  40259  40284  40254  40262  40269  40261  40261  40261  40264  40263  40265
  400.951   407638   999.36   407615   997.58  40751  40771  40764  40767  40767  40756  40758  40763  40760  40758  40783  40753  40761  40769  40760  40762  40760  40763  40762  40765
  405.951   413060  1010.77   413041  1010.44  41293  41314  41306  41310  41310  41299  41301  41305  41302  41301  41325  41296  41303  41311  41302  41305  41302  41305  41304  41307
  410.950   418609  1041.68   418576  1039.46  41847  41869  41858  41863  41864  41854  41854  41857  41856  41854  41880  41852  41857  41866  41855  41860  41857  41861  41859  41862
  415.950   423612  1025.20   423583  1021.44  42347  42369  42359  42364  42365  42355  42355  42358  42356  42355  42380  42352  42358  42366  42356  42359  42358  42361  42359  42363
  420.950   428498  1018.15   428469  1017.82  42836  42856  42848  42852  42854  42844  42844  42847  42844  42844  42867  42840  42846  42854  42846  42848  42847  42849  42848  42853
  425.950   433528  1020.64   433499  1020.37  43338  43359  43351  43355  43357  43347  43347  43351  43347  43347  43370  43343  43349  43357  43349  43351  43350  43352  43351  43356
  430.950   438934  1035.14   438956  1034.97  43883  43905  43897  43901  43903  43892  43893  43897  43893  43892  43866  43889  43895  43902  43895  43897  43895  43897  43897  43901
  435.950   443788  1021.34   443661  1020.97  44382  44355  44348  44353  44353  44392  44344  44398  44344  44392  44367  44388  44347  44355  44394  44397  44394  44396  44348  44402
  440.950   448686  1007.42   448649  1007.32  44902  44868  44860  44866  44867  44855  44857  44862  44856  44856  44882  44853  44862  44869  44916  44861  44857  44860  44861  44865
  445.950   453733  1010.81   453742  1010.47  45403  45379  45369  45377  45377  45365  45368  45371  45367  45366  45392  45365  45372  45380  45370  45371  45366  45370  45372  45375
  450.950   458676  1012.72   458628  1012.08  45847  45873  45862  45871  45871  45858  45862  45865  45861  45858  45887  45860  45866  45875  45865  45865  45859  45863  45867  45869
  455.950   464065  1024.73   464013  1023.96  46386  46412  46401  46410  46410  46396  46399  46404  46398  46397  46425  46399  46405  46412  46405  46405  46398  46403  46405  46408
  460.951   469231  1014.97   469177  1014.13  46902  46929  46918  46926  46926  46912  46915  46921  46914  46914  46943  46916  46920  46929  46921  46921  46915  46920  46921  46925
  465.951   474385  1025.17   474318  1028.76  47416  47444  47432  47440  47440  47426  47428  47435  47427  47430  47458  47431  47436  47445  47437  47437  47429  47437  47436  47439
  470.950   479404  1020.33   479327  1022.45  47915  47945  47933  47941  47942  47927  47929  47936  47928  47931  47960  47933  47939  47947  47939  47938  47931  47939  47938  47940
  475.950   484437  1013.89   484359  1012.62  48419  48447  48436  48443  48444  48431  48433  48440  48432  48434  48464  48435  48441  48451  48443  48441  48435  48442  48441  48444
  480.950   489634  1024.03   489605  1024.73  48945  48971  48960  48967  48969  48956  48958  48964  48956  48959  48941  48960  48967  48975  48967  48966  48959  48966  48965  48968
  485.950   494606  1010.30   494578  1009.43  49445  49468  49457  49464  49466  49453  49455  49462  49454  49454  49439  49456  49464  49471  49465  49463  49457  49463  49462  49466
  490.950   499766  1010.37   499786  1009.26  49963  49989  49978  49986  49987  49974  49976  49983  49975  49975  49955  49978  49933  49992  49986  49983  49980  49984  49984  49991
  495.950   504723  1013.05   504645  1012.68  50487  50460  50499  50456  50458  50492  50448  50454  50446  50445  50479  50448  50456  50464  50503  50503  50498  50457  50453  50462
  500.950   509656  1013.56   509590  1013.89  50990  50964  50954  50960  50964  50946  50953  50958  50951  50950  50982  50952  50960  50968  50956  50955  50998  50961  50958  50966
  505.950   514670  1014.53   514607  1015.03  51448  51471  51460  51466  51470  51452  51461  51464  51458  51457  51489  51457  51466  51474  51463  51462  51456  51466  51464  51473
  510.950   519703  1007.42   519632  1007.62  51952  51974  51963  51967  51973  51956  51962  51967  51959  51959  51994  51960  51969  51977  51967  51966  51960  51967  51967  51976
  515.950   524661  1006.85   524582  1006.81  52447  52469  52458  52462  52469  52451  52456  52462  52454  52454  52490  52456  52465  52472  52462  52462  52456  52464  52462  52472
  520.950   529606   999.80   529530   996.58  52943  52962  52953  52957  52962  52946  52950  52958  52950  52949  52983  52952  52957  52967  52958  52957  52951  52958  52956  52967
  525.950   534591   994.26   534519   992.85  53441  53461  53452  53456  53461  53445  53449  53457  53449  53448  53481  53451  53454  53466  53457  53456  53450  53456  53454  53466
  530.950   539589   988.32   539514   989.63  53941  53959  53951  53955  53962  53944  53949  53957  53949  53947  53982  53950  53955  53967  53956  53955  53949  53955  53953  53967
  535.950   544607   987.48   544584   986.98  54448  54466  54457  54462  54469  54452  54456  54464  54456  54454  54436  54457  54462  54474  54464  54462  54456  54462  54460  54474
  540.950   549612   988.86   549584   988.66  54948  54967  54958  54963  54968  54951  54956  54964  54955  54954  54940  54956  54961  54974  54965  54963  54956  54963  54959  54975
  545.950   554837  1002.95   554806  1002.95  55486  55456  55494  55499  55456  55488  55492  55453  55491  55491  55476  55492  55450  55512  55501  55500  55493  55453  55496  55464
  550.950   559702  1006.61   559574  1006.54  55991  55963  55952  55956  55963  55944  55949  55960  55948  55948  55981  55950  55954  55968  55960  55958  55999  55960  56001  55971
  555.950   565144  1025.27   565062  1024.93  56495  56517  56506  56509  56516  56498  56503  56514  56502  56502  56534  56506  56508  56522  56514  56513  56503  56514  56505  56525
  560.951   570091  1023.56   570012  1023.42  56993  57011  57000  57005  57010  56996  56997  57006  56997  56997  57028  57001  57004  57016  57008  57007  57000  57008  57001  57018
  565.951   575093  1023.02   575008  1020.94  57493  57510  57500  57505  57509  57496  57497  57505  57497  57496  57526  57500  57504  57517  57509  57507  57502  57508  57502  57518
  570.950   580107  1021.68   580017  1021.24  57994  58011  58000  58006  58010  57997  57998  58006  57998  57997  58028  58001  58006  58017  58011  58009  58002  58010  58003  58020
  575.950   585152  1013.89   585057  1013.46  58498  58515  58504  58510  58514  58501  58502  58510  58502  58501  58533  58506  58511  58522  58515  58513  58507  58513  58507  58525
  580.950   590122  1007.65   590027  1008.76  58995  59013  59001  59007  59011  58998  58998  59007  58999  58998  59030  59003  59008  59019  59011  59009  59004  59011  59004  59023
  585.950   595201   992.11   595107   991.75  59502  59520  59508  59515  59519  59507  59507  59515  59507  59507  59540  59510  59515  59528  59520  59518  59510  59518  59512  59530
  590.950   600557  1006.04   600459  1005.44  60040  60056  60044  60050  60053  60042  60040  60050  60042  60042  60073  60045  60050  60064  60056  60054  60047  60053  60050  60065
  595.951   605469  1006.48   605463  1005.91  60540  60557  60545  60550  60554  60542  60540  60551  60542  60542  60527  60546  60550  60564  60557  60554  60548  60553  60550  60520
  600.950   610427  1005.00   610374  1004.23  61048  61006  61053  61060  61003  61052  61049  61061  61051  60991  61026  61057  61061  61073  61006  61064  61059  61002  61060  61019
  605.950   615371  1014.06   615306  1013.46  61519  61538  61524  61529  61534  61522  61519  61531  61567  61523  61556  61526  61531  61544  61537  61534  61529  61534  61530  61550
  610.950   620896  1032.68   620777  1031.88  62070  62092  62075  62081  62089  62072  62071  62082  62070  62075  62111  62077  62085  62095  62090  62085  62081  62086  62082  62104
  615.950   626364  1045.74   626240  1044.73  62616  62638  62621  62629  62634  62619  62617  62629  62616  62621  62656  62624  62631  62643  62638  62633  62628  62632  62628  62651
  620.950   631433  1036.14   631306  1035.17  63123  63144  63128  63136  63142  63124  63124  63135  63122  63128  63164  63131  63137  63151  63145  63140  63135  63138  63136  63156
  625.950   636699  1046.41   636577  1044.13  63650  63670  63654  63664  63669  63650  63651  63664  63649  63656  63689  63656  63665  63679  63671  63665  63664  63667  63661  63682
  630.951   642034  1057.42   641917  1055.27  64185  64203  64188  64198  64202  64185  64185  64198  64184  64189  64222  64190  64199  64211  64204  64199  64197  64201  64195  64216
  635.950   647510  1070.10   647392  1068.32  64732  64753  64735  64747  64749  64732  64732  64745  64731  64736  64770  64738  64745  64758  64751  64746  64745  64750  64743  64764
  640.951   652523  1044.60   652403  1047.89  65233  65254  65236  65248  65250  65233  65233  65247  65232  65237  65269  65240  65247  65259  65253  65248  65247  65251  65245  65264
  645.950   657440  1028.32   657359  1028.12  65729  65751  65731  65743  65748  65730  65728  65742  65726  65731  65719  65736  65742  65754  65750  65745  65742  65748  65741  65763
  650.951   662788  1038.79   662652  1038.49  66267  66240  66270  66284  66238  66269  66266  66283  66264  66271  66257  66276  66283  66294  66291  66285  66282  66289  66279  66252
  655.950   668106  1045.54   668022  1045.13  66816  66787  66817  66780  66785  66816  66813  66779  66810  66819  66803  66823  66830  66840  66787  66832  66780  66786  66826  66799
  660.950   673006  1037.28   673045  1036.28  67333  67296  67336  67288  67294  67273  67331  67288  67328  67278  67313  67279  67291  67299  67296  67289  67291  67294  67344  67310
  665.950   678348  1034.87   678259  1034.13  67813  67835  67816  67828  67833  67815  67812  67828  67860  67819  67852  67821  67831  67840  67836  67830  67832  67833  67824  67849
  670.950   683737  1047.48   683598  1046.85  68353  68373  68355  68368  68373  68353  68351  68367  68348  68357  68390  68360  68370  68380  68375  68368  68372  68373  68363  68386
  675.950   689175  1064.97   689030  1062.82  68896  68915  68898  68911  68916  68897  68896  68909  68892  68900  68933  68904  68913  68924  68919  68913  68916  68917  68907  68929
  680.951   694399  1060.81   694238  1059.97  69417  69438  69417  69434  69438  69418  69414  69430  69411  69421  69457  69426  69435  69446  69442  69434  69440  69439  69427  69453
  685.950   699654  1053.86   699505  1054.90  69944  69962  69945  69959  69961  69947  69941  69957  69941  69948  69980  69953  69962  69971  69967  69960  69963  69965  69956  69977
  690.950   705232  1069.63   705084  1068.39  70503  70520  70502  70517  70521  70505  70498  70515  70498  70505  70538  70511  70521  70528  70525  70518  70521  70522  70514  70534
  695.950   710596  1067.79   710446  1068.93  71040  71056  71038  71054  71056  71040  71036  71052  71034  71040  71074  71047  71057  71065  71062  71055  71057  71060  71049  71070
  700.950   715634  1052.25   715470  1056.88  71542  71559  71538  71559  71561  71542  71536  71556  71535  71542  71580  71548  71561  71567  71566  71557  71562  71566  71552  71575
  705.950   720755  1043.63   720589  1042.85  72053  72069  72053  72069  72071  72054  72052  72067  72047  72054  72092  72061  72073  72078  72078  72071  72074  72077  72065  72086
  710.950   725955  1050.87   725932  1050.67  72597  72613  72597  72565  72567  72598  72596  72611  72590  72598  72588  72606  72569  72622  72622  72615  72569  72574  72608  72582
  715.950   731307  1055.64   731234  1054.87  73136  73104  73138  73104  73106  73139  73136  73102  73130  73139  73127  73147  73110  73163  73114  73155  73108  73113  73149  73121
  720.950   736247  1039.20   736170  1038.32  73596  73613  73646  73612  73616  73598  73642  73611  73638  73598  73635  73606  73620  73623  73622  73615  73616  73623  73656  73631
  725.950   741186  1026.54   741007  1025.57  74093  74112  74096  74111  74114  74096  74092  74108  74089  74096  74134  74104  74119  74122  74120  74113  74115  74123  74154  74130
  730.950   746564  1037.92   746382  1037.32  74630  74650  74634  74649  74652  74633  74629  74645  74627  74633  74672  74641  74657  74660  74659  74650  74653  74661  74643  74668
  735.950   751511  1032.08   751322  1031.31  75123  75144  75127  75143  75147  75128  75122  75140  75120  75128  75167  75136  75152  75155  75154  75145  75148  75155  75136  75163
  740.950   756456  1015.47   756256  1014.36  75617  75638  75620  75637  75642  75621  75616  75632  75612  75621  75663  75631  75646  75649  75647  75638  75643  75649  75631  75659
  745.950   761363   998.86   761160   999.33  76109  76129  76111  76127  76132  76111  76105  76121  76103  76112  76155  76120  76137  76140  76137  76128  76134  76140  76122  76150
  750.950   766337   995.20   766126   995.57  76604  76624  76609  76624  76627  76609  76603  76619  76597  76610  76653  76618  76633  76638  76634  76625  76631  76638  76619  76648
  755.950   771324   997.31   771161   999.46  77108  77128  77113  77126  77131  77112  77105  77123  77101  77114  77109  77122  77138  77142  77138  77129  77132  77141  77122  77151
  760.950   776049   979.56   775989   980.37  77597  77616  77602  77613  77569  77600  77593  77610  77588  77601  77596  77609  77576  77629  77625  77616  77619  77579  77610  77590
  765.950   780916   980.07   780864   979.63  78095  78065  78100  78061  78066  78097  78090  78107  78085  78098  78092  78106  78072  78127  78073  78113  78067  78074  78107  78085
  770.950   785937   985.97   785870   985.37  78605  78577  78610  78571  78576  78607  78601  78568  78596  78559  78603  78616  78583  78590  78588  78576  78579  78584  78621  78597
  775.950   791016   993.36   790822   991.91  79064  79089  79070  79082  79085  79068  79113  79079  79105  79067  79114  79078  79095  79102  79099  79091  79095  79095  79136  79111
  780.950   796134   999.90   795929   998.36  79579  79605  79586  79598  79600  79584  79577  79595  79622  79583  79628  79596  79615  79618  79616  79610  79611  79612  79602  79626
  785.950   801240  1003.89   801017  1000.30  80090  80114  80094  80109  80110  80092  80087  80104  80126  80091  80140  80105  80123  80129  80127  80122  80120  80124  80115  80135
  790.950   806210  1012.11   805921  1004.43  80586  80608  80588  80604  80606  80588  80581  80601  80573  80586  80639  80604  80620  80626  80622  80618  80618  80621  80610  80632
  795.950   811260  1010.84   810948  1003.99  81088  81112  81088  81109  81111  81090  81084  81107  81071  81088  81146  81109  81127  81130  81127  81125  81124  81125  81109  81138
  800.950   816323  1005.77   816020  1004.76  81596  81617  81599  81613  81617  81598  81592  81611  81581  81596  81651  81614  81632  81637  81633  81629  81631  81633  81619  81644
  805.951   821338  1002.72   821026  1003.69  82095  82118  82100  82114  82118  82098  82094  82111  82081  82097  82152  82114  82134  82137  82134  82131  82133  82135  82122  82146
  810.951   826237   997.25   825967   993.29  82589  82612  82595  82608  82612  82591  82588  82605  82576  82591  82647  82609  82628  82632  82629  82626  82627  82583  82616  82640
  815.950   831009   989.53   830829   987.82  83079  83103  83086  83099  83056  83082  83079  83097  83066  83082  83091  83101  83072  83122  83121  83119  83119  83075  83105  83084
  820.950   835847   991.21   835712   991.41  83582  83557  83590  83554  83556  83585  83582  83552  83568  83586  83594  83556  83575  83626  83576  83574  83574  83576  83609  83587
  825.950   840911   991.81   840778   991.34  84088  84063  84097  84061  84062  84092  84089  84059  84075  84092  84100  84064  84081  84133  84082  84081  84080  84082  84113  84095
  830.950   845827   988.39   845574   986.78  84579  84562  84539  84559  84560  84536  84579  84559  84565  84536  84597  84564  84577  84575  84583  84580  84583  84576  84603  84589
  835.951   850584   981.44   850236   980.23  85010  85042  85017  85038  85040  85014  85011  85039  85011  85014  85078  85044  85057  85054  85063  85061  85063  85057  85038  85069
  840.950   855531   973.39   855185   977.28  85506  85537  85512  85532  85534  85509  85507  85533  85507  85508  85573  85538  85551  85550  85557  85555  85558  85552  85534  85563
  845.950   860421   973.66   860072   974.70  85995  86026  86001  86021  86022  85999  85994  86022  85994  85998  86062  86027  86039  86040  86048  86044  86047  86039  86023  86052
  850.951   865472   980.74   865120   980.13  86499  86531  86506  86526  86527  86504  86498  86527  86499  86503  86568  86531  86543  86545  86556  86548  86551  86545  86528  86557
  855.950   870410   977.32   870062   976.38  86992  87025  87000  87020  87021  86998  86994  87021  86994  86997  87061  87026  87036  87039  87049  87042  87046  87039  87021  87051
  860.950   875232   981.74   875131   980.07  87503  87487  87511  87532  87533  87512  87507  87533  87506  87507  87524  87538  87547  87549  87512  87505  87509  87503  87532  87513
  865.951   880208   989.16   880004   989.06  88004  87990  88011  87986  87985  88015  88009  87986  88008  88010  88028  87991  88048  88052  88016  88008  88012  88005  88033  88015
  870.950   885057   987.58   884891   987.18  88494  88479  88500  88474  88474  88502  88497  88476  88497  88498  88517  88480  88490  88541  88506  88497  88501  88495  88524  88506
  875.950   890015   989.90   889838   989.23  88988  88975  88994  88968  88969  88996  88991  88973  88991  88993  89014  88974  88985  89036  89001  88994  88998  88992  89019  89002
  880.950   894831   983.46   894619   982.89  89478  89460  89484  89453  89455  89433  89482  89459  89483  89432  89500  89461  89470  89475  89487  89479  89482  89479  89511  89487
  885.950   899924   990.40   899549   989.50  89940  89975  89946  89965  89968  89946  89944  89975  89945  89945  90014  89976  89983  89988  90001  89995  89996  89995  89973  90003
  890.950   904978   991.38   904593   986.95  90442  90480  90450  90470  90473  90452  90447  90480  90450  90449  90519  90484  90489  90495  90507  90499  90500  90501  90478  90506
  895.950   910050   989.63   909660   991.88  90948  90987  90956  90977  90979  90960  90953  90989  90956  90955  91025  90992  90995  91004  91016  91006  91006  91009  90984  91013
  900.950   915089   996.98   914710   994.40  91454  91489  91462  91480  91482  91466  91459  91493  91462  91463  91529  91495  91499  91509  91521  91509  91510  91511  91490  91516
  905.950   920270  1002.38   919885  1001.81  91971  92007  91979  91998  91999  91982  91977  92011  91980  91981  92049  92013  92017  92026  92039  92027  92028  92029  92008  92034
  910.950   925246  1010.57   924961  1009.80  92484  92519  92491  92511  92511  92494  92491  92473  92493  92494  92513  92525  92529  92539  92501  92540  92540  92491  92521  92547
  915.950   930227  1010.03   930039  1012.89  92999  92982  93005  93024  93022  93006  93003  92987  93005  93006  93027  92988  93041  93051  93016  93004  93051  93005  93034  93010
  920.950   935261  1010.87   935127  1010.40  93507  93490  93513  93533  93531  93516  93511  93495  93515  93516  93536  93496  93550  93561  93525  93512  93508  93514  93542  93517
  925.950   940431  1016.38   940239  1016.71  94026  94012  94034  94005  94004  94037  94032  94017  94035  94037  94057  94018  94024  94081  94046  94034  94033  94035  94063  94040
  930.950   945578  1021.54   945293  1021.41  94545  94533  94554  94526  94522  94509  94551  94537  94507  94509  94578  94537  94542  94553  94565  94552  94553  94556  94582  94560
  935.950   950404  1011.21   950076  1011.51  95033  95020  94995  95014  95010  94996  94992  95024  94996  94996  95065  95024  95030  95041  95051  95041  95039  95042  95024  95047
  940.950   955584  1018.05   955242  1012.99  95547  95537  95511  95532  95526  95513  95508  95542  95513  95513  95581  95542  95548  95559  95568  95559  95558  95560  95542  95567
  945.950   960575  1014.40   960189  1009.80  95997  96036  96010  96030  96026  96013  96007  96046  96012  96012  96080  96041  96047  96058  96069  96059  96055  96060  96041  96065
  950.950   965948  1021.34   965563  1017.99  96538  96572  96549  96567  96562  96550  96546  96580  96549  96550  96618  96578  96583  96595  96605  96597  96593  96596  96580  96603
  955.951   970974  1013.39   970592  1013.66  97042  97075  97051  97070  97065  97053  97048  97082  97052  97054  97120  97081  97086  97097  97105  97100  97097  97099  97082  97107
  960.951   976078  1011.21   975635  1012.92  97551  97584  97561  97582  97574  97562  97555  97541  97562  97563  97632  97592  97597  97607  97615  97611  97607  97610  97590  97617
  965.950   981147  1016.31   980676  1015.54  98053  98090  98065  98088  98078  98067  98058  98042  98067  98068  98142  98098  98101  98112  98122  98121  98115  98115  98095  98126
  970.950   986128  1016.81   985919  1016.31  98580  98610  98591  98608  98600  98592  98585  98571  98590  98592  98613  98621  98625  98638  98594  98593  98636  98636  98622  98598
  975.950   991442  1028.96   991189  1028.29  99118  99098  99126  99095  99139  99129  99122  99107  99126  99129  99148  99159  99161  99175  99129  99129  99124  99123  99159  99135
  980.951   996698  1026.85   996444  1026.21  99651  99630  99656  99627  99619  99659  99652  99637  99655  99658  99679  99640  99691  99706  99661  99659  99655  99653  99688  99666
  985.950  1001859  1030.10  1001501  1028.79 100173 100143 100179 100140 100128 100118 100174 100151 100177 100118 100192 100152 100214 100230 100175 100172 100169 100166 100210 100179
  990.950  1007023  1038.46  1006616  1039.67 100650 100676 100655 100673 100667 100655 100650 100682 100653 100655 100724 100687 100691 100707 100709 100705 100702 100699 100687 100712
  995.951  1012353  1047.18  1011942  1047.58 101182 101208 101187 101205 101198 101189 101183 101215 101186 101189 101257 101220 101226 101241 101242 101237 101234 101232 101220 101244
 1000.950  1017250  1042.79  1016841  1036.01 101672 101698 101676 101695 101688 101679 101672 101705 101677 101679 101746 101709 101716 101731 101733 101726 101723 101720 101711 101735
 1005.950  1022183  1023.05  1021768  1021.04 102165 102193 102169 102190 102180 102170 102165 102197 102169 102170 102241 102202 102206 102223 102227 102219 102218 102213 102205 102229
 1010.950  1027172  1011.17  1026756  1012.32 102665 102692 102669 102689 102678 102667 102665 102695 102668 102668 102740 102701 102706 102723 102725 102717 102717 102711 102705 102727
 1015.950  1032067  1002.28  1031653  1006.95 103155 103181 103159 103178 103167 103156 103155 103187 103158 103157 103228 103190 103196 103212 103217 103207 103206 103202 103194 103215
 1020.950  1037350   996.88  1036872  1000.50 103682 103710 103686 103707 103696 103683 103681 103656 103687 103684 103758 103718 103723 103740 103745 103737 103736 103729 103721 103743
 1025.950  1042327   992.78  1041858   992.55 104188 104168 104193 104165 104203 104191 104189 104175 104194 104192 104264 104223 104233 104249 104203 104196 104242 104237 104230 104250
 1030.950  1047072   994.33  1046792   993.83 104682 104661 104687 104659 104697 104683 104683 104668 104688 104684 104711 104716 104726 104743 104698 104689 104688 104682 104722 104697
 1035.950  1051914   992.52  1051638   991.98 105172 105149 105177 105147 105138 105173 105173 105158 105177 105174 105200 105156 105214 105233 105186 105178 105179 105171 105212 105185
 1040.950  1056953   999.40  1056584   999.03 105698 105667 105645 105665 105658 105641 105699 105681 105646 105642 105718 105675 105682 105702 105706 105699 105699 105689 105680 105703
 1045.950  1062115  1008.32  1061680  1005.94 106155 106182 106161 106180 106175 106157 106156 106192 106164 106158 106233 106191 106198 106218 106222 106214 106215 106207 106197 106220
 1050.950  1067188  1001.28  1066750  1000.94 106661 106688 106668 106688 106683 106664 106662 106699 106671 106666 106739 106698 106705 106725 106729 106722 106723 106715 106704 106728
 1055.950  1072560  1007.55  1072111  1013.46 107197 107225 107204 107225 107217 107199 107199 107237 107207 107201 107276 107235 107241 107263 107267 107260 107260 107252 107240 107266
 1060.950  1077501  1013.39  1077056  1010.97 107692 107719 107699 107718 107710 107694 107696 107730 107701 107697 107770 107730 107738 107758 107761 107753 107753 107743 107736 107759
 1065.950  1082542  1014.19  1082042  1015.13 108194 108224 108200 108223 108215 108195 108197 108186 108206 108202 108274 108234 108240 108263 108266 108258 108256 108248 108239 108264
 1070.950  1087599  1016.78  1087143  1015.30 108704 108733 108710 108733 108726 108705 108708 108695 108716 108713 108784 108743 108749 108770 108731 108769 108769 108759 108749 108776
 1075.950  1092574  1008.39  1092176  1012.95 109207 109237 109214 109234 109230 109208 109213 109196 109220 109217 109287 109245 109254 109275 109232 109220 109269 109262 109254 109276
 1080.950  1097621  1010.94  1097225  1010.57 109723 109701 109730 109698 109745 109724 109728 109711 109734 109731 109802 109759 109770 109789 109746 109735 109733 109777 109769 109741
 1085.950  1102602  1001.38  1102252  1001.28 110231 110209 110237 110207 110202 110233 110235 110219 110241 110238 110258 110266 110277 110297 110255 110246 110242 110235 110276 110250
 1090.950  1107310  1000.30  1106967  1000.00 110722 110698 110684 110696 110691 110724 110682 110708 110682 110680 110748 110709 110724 110740 110743 110734 110729 110723 110723 110737
 1095.950  1112724  1012.82  1112361  1014.23 111254 111239 111224 111238 111233 111259 111223 111247 111223 111221 111289 111250 111265 111283 111284 111275 111271 111263 111266 111278
 1100.950  1117581  1006.11  1117173  1006.14 111740 111724 111712 111725 111718 111696 111709 111732 111709 111708 111775 111736 111751 111768 111769 111761 111758 111750 111751 111762
 1105.950  1122720  1011.61  1122267  1008.12 112207 112236 112227 112239 112232 112210 112223 112249 112222 112222 112288 112250 112265 112282 112283 112276 112272 112264 112264 112276
 1110.950  1127760  1007.82  1127302  1005.81 112708 112739 112730 112745 112736 112712 112726 112756 112726 112724 112791 112753 112769 112786 112789 112783 112774 112768 112767 112780
 1115.950  1132729  1004.36  1132273  1004.09 113206 113236 113228 113240 113232 113210 113224 113252 113224 113221 113289 113251 113267 113283 113284 113278 113272 113265 113263 113277
 1120.950  1138031  1016.31  1137520  1017.11 113738 113764 113758 113768 113763 113740 113752 113732 113752 113753 113820 113782 113797 113813 113815 113807 113802 113795 113793 113807
 1125.951  1143519  1016.41  1143006  1016.44 114288 114313 114306 114316 114312 114289 114301 114279 114301 114301 114369 114331 114346 114361 114362 114357 114349 114345 114342 114357
 1130.950  1148850  1033.02  1148441  1034.93 114831 114857 114851 114859 114855 114832 114847 114817 114845 114847 114914 114876 114891 114906 114848 114845 114892 114890 114888 114900
 1135.950  1153849  1031.07  1153378  1033.89 115328 115356 115348 115309 115356 115328 115344 115319 115343 115347 115414 115375 115387 115405 115353 115350 115391 115388 115387 115399
 1140.950  1158929  1042.69  1158602  1042.08 115866 115844 115885 115847 115843 115866 115881 115855 115881 115834 115902 115864 115925 115942 115891 115887 115879 115876 115876 115887
 1145.950  1163957  1047.92  1163571  1047.28 116376 116357 116350 116357 116355 116373 116345 116366 116346 116346 116415 116376 116391 116407 116402 116398 116390 116388 116391 116399
 1150.950  1169070  1041.58  1168685  1042.48 116889 116869 116860 116868 116867 116885 116854 116879 116857 116857 116926 116887 116901 116917 116915 116910 116902 116900 116901 116911
 1155.951  1173941  1020.91  1173566  1019.73 117381 117356 117347 117354 117354 117378 117340 117369 117343 117344 117412 117374 117387 117403 117403 117397 117389 117388 117390 117398
 1160.950  1179277  1021.01  1178785  1016.51 117856 117891 117882 117887 117887 117854 117873 117899 117878 117878 117947 117908 117922 117935 117936 117930 117922 117921 117924 117932
 1165.950  1184477  1024.60  1183990  1025.64 118379 118410 118402 118406 118406 118379 118394 118419 118397 118398 118467 118429 118441 118457 118455 118450 118443 118441 118443 118451
 1170.950  1189808  1025.97  1189287  1019.56 118908 118940 118932 118936 118936 118908 118925 118947 118927 118928 118999 118960 118977 118989 118989 118986 118974 118973 118976 118985
 1175.950  1194819  1018.93  1194286  1017.38 119408 119440 119433 119435 119435 119408 119425 119447 119427 119428 119500 119462 119479 119490 119492 119486 119476 119474 119476 119484
 1180.950  1199839  1017.11  1199288  1015.03 119913 119945 119938 119941 119939 119913 119930 119904 119931 119934 120004 119970 119985 119999 119999 119943 119983 119981 119985 119990
 1185.950  1205340  1038.69  1204760  1035.24 120463 120492 120486 120487 120485 120460 120476 120454 120477 120480 120554 120517 120538 120553 120547 120494 120531 120531 120534 120541
 1190.950  1210638  1040.54  1210080  1038.39 121000 121028 120974 121025 121022 120997 121012 120991 121014 121017 121093 121056 121078 121097 121035 121032 121022 121072 121073 121080
 1195.950  1215389  1037.32  1214918  1032.35 121510 121487 121483 121484 121480 121504 121522 121501 121471 121476 121553 121517 121535 121557 121544 121543 121534 121531 121534 121541
