Test case: 
Description: 
	10 senders: persistent queues
	10 receivers: client acknowledge every 50 messages
Timestamp: 2011.11.1 20:17:49
Version: 
Setting up JMS benchmark connections... 

Start processing messages.
Thu Dec 01 20:17:49 EST 2011

  Seconds   Send   Send/Sec   Recv   Recv/Sec   RCV0   RCV1   RCV2   RCV3   RCV4   RCV5   RCV6   RCV7   RCV8   RCV9  SND10  SND11  SND12  SND13  SND14  SND15  SND16  SND17  SND18  SND19
  ------- -------- -------- -------- -------- ------ ------ ------ ------ ------ ------ ------ ------ ------ ------ ------ ------ ------ ------ ------ ------ ------ ------ ------ ------
    1.092        0     0.00        0     0.00      0      0      0      0      0      0      0      0      0      0      0      0      0      0      0      0      0      0      0      0
    6.092     4460   969.57     4611  1001.96    461    462    462    461    461    461    457    462    465    459    446    448    448    446    443    445    447    444    446    447
   11.092     9223   960.73     9340   972.71    934    935    937    933    933    934    929    935    938    932    919    929    927    919    920    923    924    918    920    924
   16.092    14397   986.03    14515   993.97   1453   1453   1454   1450   1450   1453   1445   1452   1456   1449   1434   1449   1441   1438   1440   1441   1443   1434   1434   1443
   21.092    19714  1005.82    19822  1011.22   1983   1984   1984   1980   1982   1983   1976   1983   1987   1980   1965   1981   1973   1972   1971   1972   1974   1964   1966   1976
   26.092    25077  1019.39    25189  1023.86   2519   2520   2520   2517   2518   2519   2513   2520   2526   2517   2501   2517   2509   2509   2507   2509   2510   2501   2502   2512
   31.092    30278  1022.91    30399  1024.76   3039   3041   3041   3039   3039   3039   3034   3041   3048   3038   3021   3038   3029   3031   3026   3029   3030   3021   3022   3031
   36.093    35664  1037.55    35769  1029.67   3575   3579   3579   3575   3576   3575   3571   3578   3586   3575   3559   3574   3570   3567   3567   3568   3570   3559   3561   3569
   41.092    41121  1053.15    41221  1052.52   4121   4125   4124   4119   4121   4121   4116   4123   4131   4120   4107   4117   4116   4113   4113   4113   4115   4105   4107   4115
   46.092    46633  1065.30    46721  1064.30   4671   4675   4674   4669   4671   4671   4666   4673   4680   4671   4659   4666   4669   4662   4664   4664   4665   4657   4659   4668
   51.092    51993  1061.51    52022  1061.14   5207   5212   5210   5206   5207   5207   5202   5210   5154   5207   5195   5201   5205   5198   5200   5200   5202   5193   5196   5203
   56.092    57158  1059.80    57140  1058.76   5722   5676   5726   5722   5722   5722   5718   5726   5683   5723   5712   5718   5722   5714   5717   5717   5718   5709   5711   5720
   61.092    61938  1055.67    61809  1053.99   6179   6182   6183   6179   6179   6179   6176   6183   6189   6180   6170   6226   6179   6172   6174   6226   6176   6217   6169   6229
   66.092    66802  1044.93    66869  1043.66   6685   6689   6688   6685   6685   6685   6682   6689   6695   6686   6678   6681   6685   6678   6680   6683   6683   6672   6676   6686
   71.092    71794  1029.33    71856  1028.05   7184   7187   7187   7184   7184   7184   7181   7188   7192   7185   7176   7180   7184   7177   7179   7183   7181   7173   7175   7186
   76.092    76834  1013.46    76897  1012.62   7689   7691   7691   7688   7688   7688   7685   7692   7696   7689   7680   7684   7689   7680   7683   7686   7685   7677   7679   7691
   81.092    82357  1018.93    82411  1019.77   8241   8242   8243   8239   8239   8239   8236   8243   8249   8240   8232   8235   8242   8233   8235   8238   8237   8230   8231   8244
   86.093    87649  1023.19    87717  1024.43   8770   8771   8773   8770   8769   8770   8766   8773   8785   8770   8763   8765   8771   8763   8765   8769   8758   8760   8760   8775
   91.092    92710  1032.62    92777  1037.52   9276   9277   9279   9276   9276   9276   9272   9279   9290   9276   9270   9270   9277   9270   9271   9274   9265   9268   9265   9280
   96.092    97640  1020.10    97711  1020.24   9771   9769   9772   9771   9768   9771   9765   9771   9784   9769   9763   9765   9770   9764   9763   9766   9758   9761   9758   9772
  101.092   102921  1027.42   102985  1027.48  10299  10297  10300  10298  10296  10298  10292  10299  10310  10296  10290  10293  10299  10292  10291  10294  10287  10290  10286  10299
  106.092   107901  1025.84   107916  1025.87  10797  10795  10797  10796  10796  10795  10790  10797  10760  10793  10788  10793  10797  10790  10789  10792  10785  10788  10783  10796
  111.092   112986  1009.83   113000  1010.23  11305  11305  11306  11304  11304  11304  11299  11306  11266  11301  11295  11301  11306  11298  11299  11301  11293  11297  11293  11303
  116.092   117761  1004.26   117756  1003.93  11763  11763  11825  11762  11762  11762  11757  11765  11777  11820  11754  11761  11765  11755  11758  11821  11753  11758  11813  11823
  121.093   123020  1017.11   123066  1016.41  12305  12308  12308  12305  12304  12305  12301  12308  12320  12302  12298  12305  12309  12301  12300  12302  12301  12302  12296  12306
  126.092   128208  1025.81   128245  1024.67  12823  12825  12827  12823  12821  12823  12820  12827  12837  12819  12817  12826  12830  12819  12818  12820  12822  12820  12812  12824
  131.092   133337  1020.71   133363  1019.43  13335  13338  13338  13334  13332  13335  13331  13338  13351  13331  13333  13339  13341  13333  13330  13332  13334  13334  13326  13335
  136.092   138388  1023.09   138393  1022.75  13838  13842  13840  13836  13836  13837  13835  13840  13854  13835  13838  13843  13846  13840  13835  13838  13838  13839  13830  13841
  141.092   143478  1023.22   143474  1020.97  14346  14350  14348  14345  14345  14345  14343  14348  14360  14344  14346  14351  14355  14351  14344  14347  14346  14348  14340  14350
  146.093   148454  1025.07   148443  1028.05  14843  14846  14845  14841  14841  14842  14840  14845  14859  14841  14845  14850  14851  14848  14842  14845  14844  14845  14837  14847
  151.093   153677  1014.40   153667  1017.35  15367  15366  15368  15363  15365  15365  15363  15367  15379  15364  15366  15372  15374  15371  15363  15367  15366  15368  15359  15371
  156.092   159029  1017.52   159021  1016.01  15902  15901  15904  15898  15901  15900  15898  15903  15914  15900  15900  15908  15909  15906  15898  15902  15901  15903  15896  15906
  161.092   164133  1016.68   164121  1015.40  16413  16411  16414  16408  16411  16410  16407  16414  16422  16411  16410  16420  16418  16416  16409  16412  16412  16413  16407  16416
  166.092   169118  1018.12   169208  1017.22  16929  16925  16928  16921  16925  16924  16921  16928  16882  16925  16926  16882  16933  16877  16924  16925  16872  16928  16921  16930
  171.092   174189  1025.67   174404  1024.80  17404  17449  17451  17446  17449  17448  17445  17451  17412  17449  17402  17414  17409  17409  17399  17449  17403  17405  17445  17454
  176.092   179304  1033.56   179369  1032.62  17925  17922  17972  17968  17920  17920  17916  17972  17935  17919  17923  17937  17929  17931  17920  17971  17926  17926  17915  17926
  181.092   184225  1025.10   184193  1024.36  18422  18418  18420  18415  18418  18418  18414  18418  18433  18417  18419  18435  18425  18429  18416  18417  18423  18424  18413  18424
  186.092   189307  1016.04   189259  1014.70  18930  18924  18926  18920  18923  18924  18920  18923  18945  18924  18927  18947  18933  18939  18922  18922  18933  18933  18920  18931
  191.092   194517  1019.60   194479  1018.72  19450  19447  19450  19443  19446  19447  19442  19446  19462  19446  19448  19463  19454  19458  19445  19446  19451  19454  19444  19454
  196.092   199788  1029.19   199757  1023.49  19976  19975  19978  19971  19974  19975  19970  19974  19990  19974  19975  19990  19980  19985  19972  19973  19978  19981  19972  19982
  201.092   204841  1022.05   204799  1018.32  20481  20479  20482  20476  20478  20479  20474  20478  20494  20478  20480  20498  20484  20490  20477  20476  20486  20486  20477  20487
  206.092   209757  1010.27   209711  1013.26  20973  20969  20974  20968  20969  20970  20965  20969  20985  20969  20973  20989  20975  20981  20969  20967  20977  20978  20969  20979
  211.092   214847  1013.12   214798  1012.68  21481  21478  21482  21476  21477  21480  21474  21477  21495  21478  21481  21498  21485  21490  21477  21476  21487  21486  21479  21488
  216.092   220073  1015.23   220026  1015.23  22003  22001  22005  22000  22001  22003  21996  22001  22016  22000  22005  22021  22007  22013  21999  22000  22009  22008  22001  22010
  221.092   225096  1012.65   225090  1012.11  22515  22511  22516  22510  22512  22515  22508  22512  22479  22512  22517  22484  22519  22525  22510  22512  22472  22521  22512  22524
  226.092   229980  1004.87   230121  1003.86  23017  23015  23017  23014  23015  23017  23011  23017  22983  23015  22972  22987  23021  22979  23014  23017  22976  22974  23014  23026
  231.092   235028  1006.58   235211  1006.04  23526  23524  23525  23523  23524  23526  23520  23525  23494  23524  23482  23496  23530  23489  23523  23525  23486  23485  23524  23488
  236.092   240058  1015.13   240054  1014.87  23995  23994  24045  23993  23993  23995  23990  24044  24011  23994  23999  24014  23999  24006  23992  24045  24003  24002  23993  24005
  241.093   245148  1016.81   245088  1016.44  24508  24507  24508  24507  24507  24509  24503  24507  24525  24507  24513  24528  24513  24521  24507  24508  24517  24518  24505  24518
  246.092   250105  1007.79   250048  1007.45  25005  25003  25005  25002  25002  25005  25000  25002  25020  25004  25008  25023  25010  25017  25004  25002  25012  25013  25002  25014
  251.092   255189  1009.87   255131  1008.12  25513  25512  25514  25510  25511  25513  25507  25511  25529  25511  25515  25532  25517  25525  25512  25511  25522  25524  25510  25521
  256.092   260429  1018.46   260368  1013.36  26037  26035  26038  26034  26036  26035  26031  26034  26053  26035  26040  26055  26040  26048  26035  26036  26046  26047  26036  26046
  261.092   265484  1013.89   265422  1012.15  26543  26539  26542  26541  26542  26541  26536  26541  26557  26540  26545  26560  26547  26553  26541  26541  26551  26552  26542  26552
  266.092   270451  1006.88   270381  1009.60  27039  27034  27038  27037  27038  27037  27031  27036  27055  27036  27042  27058  27043  27050  27037  27037  27049  27048  27038  27049
  271.092   275385   999.70   275320   999.66  27537  27534  27537  27535  27537  27535  27530  27536  27504  27535  27539  27558  27542  27547  27536  27537  27498  27545  27536  27547
  276.092   280494  1006.07   280483  1005.91  28052  28050  28053  28052  28053  28052  28046  28053  28019  28053  28054  28022  28059  28062  28053  28055  28013  28060  28054  28062
  281.092   285615  1008.26   285650  1007.82  28568  28567  28570  28568  28570  28568  28562  28570  28536  28571  28572  28538  28578  28580  28570  28571  28530  28525  28571  28580
  286.092   290556  1002.79   290629  1002.48  29071  29069  29072  29070  29073  29071  29064  29072  29042  29025  29026  29045  29080  29034  29073  29072  29035  29034  29074  29083
  291.092   295260   997.55   295145   997.42  29513  29512  29515  29512  29513  29512  29507  29515  29532  29514  29517  29536  29520  29524  29513  29564  29525  29524  29514  29523
  296.092   300309  1001.95   300235  1001.81  30021  30021  30024  30021  30022  30021  30017  30024  30042  30022  30029  30047  30028  30034  30023  30023  30037  30033  30023  30032
  301.092   305243  1001.95   305177  1001.91  30516  30514  30518  30516  30516  30516  30511  30518  30537  30515  30522  30541  30523  30527  30516  30516  30531  30525  30516  30526
  306.092   310344   998.29   310269   997.85  31025  31022  31027  31025  31025  31026  31020  31027  31048  31024  31033  31051  31033  31039  31026  31024  31041  31036  31025  31036
  311.092   315692  1005.07   315606  1003.12  31558  31555  31560  31558  31559  31559  31553  31560  31587  31557  31568  31589  31567  31574  31560  31558  31578  31570  31558  31570
  316.092   320928  1011.04   320843  1012.32  32082  32080  32084  32083  32082  32085  32080  32085  32101  32081  32090  32107  32093  32097  32085  32083  32096  32096  32085  32096
  321.092   326240  1029.40   326140  1038.42  32611  32610  32613  32613  32613  32613  32609  32615  32633  32610  32621  32639  32623  32631  32616  32613  32628  32628  32618  32623
  326.092   331484  1032.79   331440  1030.37  33142  33140  33144  33144  33142  33144  33139  33145  33161  33139  33149  33164  33154  33160  33147  33145  33106  33159  33146  33154
  331.092   336761  1045.27   336810  1043.05  33686  33683  33686  33687  33685  33687  33682  33686  33647  33681  33699  33650  33702  33648  33689  33689  33645  33645  33692  33702
  336.092   341815  1047.72   341903  1046.51  34194  34195  34197  34194  34194  34194  34190  34197  34161  34187  34152  34166  34208  34163  34198  34197  34160  34162  34202  34207
  341.092   347287  1053.66   347421  1052.85  34746  34745  34749  34746  34746  34746  34742  34749  34714  34738  34705  34718  34711  34714  34750  34749  34713  34715  34753  34759
  346.093   352348  1052.72   352277  1051.55  35217  35265  35220  35217  35217  35217  35212  35220  35234  35258  35226  35240  35231  35236  35221  35269  35235  35235  35224  35231
  351.092   357291  1041.98   357212  1040.97  35716  35715  35717  35714  35716  35716  35710  35717  35733  35758  35726  35741  35730  35736  35720  35718  35734  35735  35721  35730
  356.092   362232  1031.81   362105  1029.03  36210  36209  36214  36208  36210  36210  36204  36212  36226  36202  36218  36235  36224  36229  36215  36215  36227  36229  36216  36224
  361.092   367227  1020.70   367102  1016.51  36709  36708  36713  36709  36710  36709  36704  36711  36725  36704  36716  36733  36723  36728  36715  36716  36729  36729  36715  36723
  366.092   372228  1013.99   372105  1011.85  37210  37210  37213  37209  37210  37210  37206  37210  37224  37203  37215  37233  37223  37227  37216  37216  37228  37228  37217  37225
  371.092   377623  1011.51   377513  1008.15  37752  37751  37754  37750  37751  37752  37746  37751  37763  37743  37754  37772  37763  37766  37756  37756  37766  37766  37758  37766
  376.092   382674  1000.60   382561  1000.94  38256  38256  38259  38255  38256  38256  38251  38256  38267  38249  38260  38279  38266  38270  38260  38262  38273  38271  38263  38270
  381.092   387641  1003.59   387570  1003.93  38758  38756  38760  38756  38757  38758  38751  38757  38768  38749  38762  38781  38767  38772  38762  38763  38726  38773  38764  38771
  386.092   392807  1013.99   392835  1014.09  39284  39283  39286  39282  39283  39284  39278  39285  39295  39275  39287  39261  39293  39299  39288  39290  39252  39250  39290  39297
  391.092   397758  1014.53   397784  1014.70  39784  39783  39785  39783  39783  39784  39778  39785  39744  39775  39785  39762  39794  39748  39788  39790  39752  39750  39791  39798
  396.092   402630  1011.85   402705  1011.81  40276  40275  40277  40274  40275  40276  40270  40277  40237  40268  40229  40255  40285  40240  40280  40281  40245  40243  40282  40290
  401.092   407415   998.22   407294   997.85  40725  40724  40726  40723  40724  40725  40720  40726  40737  40764  40729  40754  40734  40739  40729  40775  40742  40743  40731  40739
  406.093   412802  1011.01   412671  1010.40  41267  41266  41269  41265  41266  41267  41262  41268  41279  41262  41270  41299  41277  41280  41273  41273  41286  41288  41274  41282
  411.093   418359  1029.16   418215  1028.36  41822  41819  41822  41821  41821  41823  41816  41821  41834  41816  41826  41854  41834  41837  41828  41828  41842  41843  41828  41839
  416.093   423367  1020.47   423220  1019.63  42322  42320  42323  42321  42321  42323  42317  42322  42334  42317  42327  42356  42334  42338  42328  42329  42343  42345  42328  42339
  421.093   428243  1018.12   428103  1017.42  42809  42810  42813  42809  42809  42810  42804  42811  42821  42807  42815  42843  42822  42825  42816  42818  42830  42831  42817  42826
  426.092   433274  1021.98   433136  1019.60  43312  43313  43318  43312  43312  43314  43307  43314  43324  43310  43318  43345  43326  43328  43319  43321  43333  43334  43320  43330
  431.092   438730  1038.93   438590  1045.17  43857  43858  43864  43857  43857  43860  43853  43860  43868  43856  43863  43890  43871  43874  43865  43866  43880  43879  43866  43876
  436.092   443627  1021.21   443586  1021.01  44356  44357  44364  44356  44356  44359  44353  44360  44368  44357  44362  44339  44370  44374  44365  44367  44329  44380  44365  44376
  441.093   448787  1007.68   448800  1007.22  44877  44877  44887  44877  44877  44882  44874  44881  44890  44878  44885  44861  44892  44897  44888  44887  44851  44843  44885  44898
  446.092   453771  1010.34   453824  1010.47  45380  45379  45389  45379  45379  45383  45379  45386  45390  45380  45387  45368  45393  45348  45390  45389  45359  45352  45386  45399
  451.092   458609  1012.48   458660  1012.15  45875  45872  45833  45872  45872  45876  45873  45880  45834  45873  45830  45863  45886  45842  45885  45881  45853  45847  45879  45843
  456.092   463908  1024.56   463742  1023.69  46362  46411  46370  46361  46410  46365  46362  46367  46372  46362  46368  46404  46375  46381  46373  46422  46394  46387  46422  46382
  461.092   468975  1011.58   468806  1013.99  46879  46877  46886  46878  46876  46881  46878  46883  46889  46879  46884  46920  46892  46898  46890  46889  46911  46905  46888  46898
  466.092   474122  1020.10   473946  1018.79  47394  47391  47399  47392  47390  47395  47393  47397  47402  47393  47401  47435  47407  47412  47405  47403  47425  47419  47403  47412
  471.092   479137  1015.13   478959  1012.08  47895  47892  47901  47893  47891  47897  47894  47899  47904  47893  47903  47936  47909  47914  47907  47903  47926  47921  47904  47914
  476.092   484176  1015.30   483986  1012.18  48398  48396  48403  48396  48395  48399  48396  48401  48406  48396  48407  48442  48412  48417  48410  48407  48431  48426  48407  48417
  481.092   489377  1027.48   489237  1026.11  48923  48921  48927  48921  48920  48925  48921  48926  48933  48920  48932  48917  48936  48944  48934  48932  48955  48953  48932  48942
  486.092   494300  1015.00   494204  1020.60  49420  49418  49424  49418  49418  49422  49417  49422  49429  49416  49430  49413  49433  49441  49431  49430  49404  49451  49429  49438
  491.092   499445  1013.72   499414  1014.66  49941  49940  49945  49939  49939  49942  49938  49944  49949  49937  49951  49930  49955  49959  49950  49950  49921  49920  49950  49959
  496.092   504665  1013.05   504624  1012.55  50460  50460  50467  50460  50460  50464  50459  50467  50470  50457  50474  50453  50475  50481  50471  50468  50445  50444  50472  50482
  501.092   509633  1013.59   509640  1013.29  50962  50964  50969  50961  50962  50965  50961  50968  50971  50957  50975  50954  50977  50934  50975  50969  50946  50946  50973  50984
  506.092   514730  1014.23   514770  1014.50  51475  51477  51485  51473  51475  51479  51473  51483  51485  51465  51488  51460  51489  51440  51487  51480  51451  51452  51485  51498
  511.093   519628  1008.49   519540  1006.91  51973  51974  51931  51971  51973  51924  51969  51929  51931  51965  51934  51963  51988  51943  51983  51980  51954  51956  51983  51944
  516.092   524388  1007.99   524240  1006.24  52418  52419  52426  52417  52419  52418  52414  52423  52425  52461  52429  52461  52435  52439  52428  52426  52449  52453  52430  52438
  521.092   529327  1001.17   529139   997.48  52913  52914  52920  52912  52914  52913  52909  52918  52919  52907  52924  52955  52929  52933  52922  52921  52941  52945  52925  52932
  526.092   534322   990.37   534128   990.07  53412  53413  53418  53412  53413  53412  53408  53417  53418  53405  53422  53455  53428  53433  53421  53421  53442  53444  53425  53431
  531.092   539323   991.34   539126   989.46  53912  53913  53918  53912  53913  53912  53907  53918  53916  53905  53922  53956  53928  53934  53919  53920  53943  53945  53925  53931
  536.092   544388   988.42   544195   987.42  54419  54420  54425  54419  54419  54418  54414  54425  54423  54413  54429  54461  54435  54439  54426  54427  54449  54452  54432  54438
  541.092   549294   990.60   549194   995.13  54918  54921  54924  54920  54918  54918  54914  54924  54924  54913  54928  54912  54935  54940  54926  54926  54903  54955  54931  54938
  546.092   554607  1006.01   554563  1003.05  55455  55458  55461  55457  55455  55455  55451  55461  55459  55451  55465  55448  55471  55475  55463  55464  55439  55440  55468  55474
  551.092   559674  1006.64   559639  1006.75  55962  55966  55969  55966  55962  55963  55959  55969  55966  55957  55974  55955  55979  55981  55968  55969  55944  55945  55976  55983
  556.092   565216  1024.90   565179  1025.13  56515  56521  56522  56520  56515  56518  56514  56522  56520  56512  56528  56510  56532  56535  56523  56524  56498  56498  56531  56537
  561.092   570067  1023.25   570127  1023.49  57011  57015  57017  57014  57010  57012  57009  57017  57014  57008  57022  57005  57028  56979  57020  57020  56994  56992  57026  56981
  566.092   574906  1020.87   574675  1021.21  57461  57465  57467  57464  57460  57461  57459  57467  57464  57507  57472  57502  57477  57479  57519  57518  57492  57490  57476  57481
  571.092   579825  1022.92   579639  1021.68  57962  57966  57969  57965  57960  57962  57961  57969  57966  57959  57973  58006  57979  57981  57971  57971  57993  57990  57978  57983
  576.092   584870  1012.18   584680  1010.64  58466  58470  58473  58468  58464  58466  58466  58473  58470  58464  58477  58511  58484  58486  58475  58475  58497  58494  58483  58488
  581.092   589839  1008.89   589652  1007.11  58963  58968  58969  58966  58961  58963  58962  58972  58967  58961  58975  59009  58981  58982  58972  58972  58993  58990  58980  58985
  586.092   594918   991.68   594723   991.41  59471  59474  59476  59472  59468  59471  59468  59480  59475  59468  59482  59517  59488  59490  59480  59481  59503  59497  59487  59493
  591.092   600221  1007.08   600075  1004.97  60006  60009  60011  60006  60005  60006  60003  60014  60010  60005  60016  60003  60023  60026  60017  60019  60036  60031  60022  60028
  596.092   605229  1009.56   605078  1017.05  60507  60510  60511  60506  60505  60507  60503  60514  60510  60505  60517  60504  60523  60525  60519  60519  60537  60532  60523  60530
  601.092   610269  1007.01   610180  1006.24  61017  61020  61022  61015  61016  61018  61013  61026  61021  61012  61028  61007  61034  61036  61030  61026  60988  61045  61033  61042
  606.092   615465  1013.59   615362  1013.42  61535  61538  61540  61533  61535  61535  61531  61545  61540  61530  61548  61531  61553  61555  61549  61546  61512  61562  61550  61559
  611.092   620961  1032.55   620903  1031.81  62089  62092  62094  62087  62090  62088  62086  62099  62094  62084  62101  62086  62108  62109  62103  62101  62068  62067  62104  62114
  616.092   626365  1045.40   626350  1044.87  62634  62637  62638  62631  62634  62633  62631  62643  62639  62630  62645  62633  62653  62654  62647  62646  62615  62612  62650  62610
  621.092   631401  1035.91   631303  1035.47  63154  63095  63097  63152  63154  63153  63149  63101  63098  63150  63164  63148  63172  63112  63168  63166  63125  63120  63110  63116
  626.092   636451  1044.50   636244  1044.23  63620  63621  63623  63615  63620  63616  63616  63627  63624  63662  63627  63668  63639  63639  63632  63678  63649  63644  63634  63641
  631.092   641740  1054.53   641529  1052.02  64153  64154  64156  64149  64153  64150  64150  64159  64157  64148  64161  64201  64172  64173  64166  64166  64181  64178  64167  64175
  636.093   647219  1062.25   647007  1061.95  64701  64701  64704  64696  64701  64698  64699  64707  64704  64696  64709  64751  64719  64721  64714  64713  64729  64726  64714  64723
  641.092   652227  1045.97   652022  1044.26  65203  65203  65206  65197  65202  65200  65200  65208  65206  65197  65211  65250  65221  65221  65215  65215  65228  65226  65216  65224
  646.093   657137  1026.07   656978  1027.82  65699  65699  65702  65692  65697  65696  65696  65703  65702  65692  65707  65698  65715  65719  65710  65711  65723  65723  65710  65721
  651.092   662532  1037.99   662376  1032.69  66239  66240  66243  66230  66237  66235  66236  66243  66243  66230  66247  66235  66256  66259  66249  66249  66262  66264  66250  66261
  656.092   668007  1047.22   667840  1046.91  66786  66787  66789  66776  66784  66781  66783  66789  66788  66777  66794  66784  66803  66806  66796  66797  66810  66811  66798  66808
  661.092   673203  1037.28   673041  1038.93  67307  67308  67310  67292  67306  67300  67303  67310  67310  67295  67312  67300  67324  67327  67315  67314  67332  67331  67321  67327
  666.092   678405  1034.56   678338  1034.36  67837  67836  67840  67824  67836  67830  67832  67839  67838  67826  67842  67836  67855  67855  67846  67846  67810  67809  67850  67856
  671.092   683642  1047.52   683675  1047.11  68375  68376  68329  68361  68375  68368  68371  68377  68378  68365  68381  68375  68393  68343  68384  68385  68350  68348  68390  68343
  676.092   689016  1063.42   688798  1063.02  68867  68868  68873  68902  68868  68909  68864  68870  68870  68907  68922  68917  68887  68886  68925  68928  68891  68890  68883  68887
  681.092   694105  1057.38   694002  1057.05  69390  69390  69397  69436  69391  69382  69386  69393  69394  69443  69395  69447  69408  69409  69398  69401  69417  69413  69406  69411
  686.092   699349  1050.07   699182  1050.07  69914  69914  69920  69952  69914  69910  69912  69919  69918  69909  69923  69967  69934  69933  69925  69928  69939  69936  69929  69935
  691.092   704928  1062.95   704709  1062.68  70472  70472  70478  70459  70472  70468  70470  70477  70475  70466  70482  70523  70492  70491  70483  70486  70497  70494  70486  70494
  696.092   710251  1067.08   710079  1065.17  71010  71010  71014  70997  71009  71005  71006  71013  71013  71002  71018  71013  71029  71028  71020  71022  71036  71031  71024  71030
  701.092   715290  1058.39   715119  1055.17  71515  71515  71519  71498  71514  71507  71511  71518  71518  71504  71520  71515  71530  71533  71522  71524  71545  71536  71529  71536
  706.092   720405  1048.52   720234  1053.29  72026  72026  72029  72012  72026  72018  72022  72029  72029  72017  72032  72031  72040  72044  72035  72037  72053  72046  72040  72047
  711.092   725844  1057.01   725676  1051.61  72570  72570  72573  72557  72570  72562  72566  72573  72573  72562  72577  72574  72584  72589  72579  72581  72597  72589  72584  72590
  716.092   731254  1059.13   731073  1058.66  73110  73110  73114  73096  73110  73101  73106  73113  73113  73100  73119  73116  73124  73128  73120  73123  73138  73130  73124  73132
  721.092   736289  1039.33   736157  1040.57  73619  73618  73622  73604  73619  73610  73616  73620  73621  73608  73628  73624  73632  73636  73627  73631  73597  73640  73633  73641
  726.093   741124  1026.31   741039  1026.04  74069  74116  74120  74101  74116  74108  74066  74118  74119  74106  74126  74124  74130  74133  74126  74128  74094  74089  74083  74091
  731.093   746404  1037.55   746178  1037.38  74607  74606  74611  74639  74605  74646  74604  74608  74609  74643  74617  74660  74668  74623  74664  74666  74631  74626  74620  74629
  736.092   751203  1031.84   751073  1031.64  75102  75101  75106  75132  75099  75092  75098  75103  75104  75136  75112  75154  75115  75117  75110  75113  75126  75120  75113  75123
  741.093   756138  1015.00   755965  1014.83  75597  75595  75600  75626  75592  75587  75591  75597  75598  75582  75605  75646  75608  75612  75603  75606  75619  75614  75607  75618
  746.092   761045   998.12   760827   998.46  76088  76086  76091  76070  76083  76077  76082  76088  76089  76073  76094  76137  76098  76103  76095  76096  76110  76105  76098  76109
  751.092   765969   994.36   765795   994.60  76586  76584  76586  76567  76580  76574  76577  76585  76586  76570  76591  76586  76594  76599  76591  76594  76608  76602  76595  76609
  756.093   771000   999.43   770825   996.41  77089  77088  77088  77070  77082  77078  77081  77088  77088  77073  77094  77090  77096  77101  77095  77098  77110  77105  77099  77112
  761.092   775875   979.16   775697   980.70  77576  77575  77574  77561  77569  77565  77567  77574  77574  77562  77583  77578  77584  77589  77583  77585  77597  77591  77586  77599
  766.092   780848   984.70   780673   981.54  78072  78072  78073  78058  78067  78062  78065  78072  78073  78059  78082  78075  78081  78087  78080  78082  78094  78089  78083  78095
  771.092   785956   985.57   785779   983.86  78582  78581  78584  78569  78577  78572  78577  78584  78584  78569  78593  78588  78592  78597  78590  78594  78605  78598  78595  78604
  776.092   791027   992.38   790895   991.85  79094  79093  79095  79081  79088  79083  79088  79095  79096  79082  79108  79099  79103  79109  79102  79104  79068  79112  79108  79114
  781.092   796166   999.19   795806   998.29  79560  79559  79559  79598  79606  79600  79605  79559  79562  79598  79626  79619  79621  79630  79621  79626  79585  79631  79627  79580
  786.092   801031  1001.34   800779  1000.37  80068  80069  80069  80103  80062  80103  80061  80069  80072  80103  80082  80125  80130  80085  80128  80132  80092  80086  80083  80088
  791.092   805858  1004.53   805731  1003.12  80562  80564  80565  80599  80558  80598  80556  80565  80567  80597  80579  80622  80577  80583  80579  80581  80589  80583  80581  80584
  796.092   810863  1007.21   810631  1005.30  81067  81070  81070  81054  81063  81052  81061  81070  81071  81053  81082  81080  81081  81090  81084  81085  81094  81089  81089  81089
  801.092   815918  1005.47   815688  1003.69  81572  81576  81576  81562  81568  81559  81565  81575  81576  81559  81587  81587  81589  81594  81589  81591  81600  81595  81592  81594
  806.092   820927  1003.39   820697  1000.10  82073  82076  82077  82062  82070  82060  82066  82077  82076  82060  82087  82088  82088  82095  82091  82091  82101  82097  82094  82095
  811.092   825873   995.34   825641   993.19  82567  82570  82572  82556  82565  82554  82560  82572  82571  82554  82582  82583  82583  82590  82586  82586  82594  82590  82589  82590
  816.092   830789   989.13   830551   988.02  83058  83062  83063  83047  83056  83045  83051  83063  83062  83044  83073  83073  83077  83081  83078  83078  83086  83081  83081  83081
  821.092   835823   992.38   835581   990.17  83561  83565  83566  83549  83560  83546  83556  83567  83564  83547  83577  83577  83580  83585  83582  83580  83589  83584  83585  83584
  826.092   840757   991.48   840425   992.79  84019  84024  84061  84056  84018  84053  84054  84061  84022  84057  84077  84085  84084  84084  84041  84087  84048  84085  84084  84082
  831.092   845450   989.36   845255   987.21  84516  84517  84518  84548  84515  84543  84512  84519  84519  84548  84536  84543  84542  84542  84541  84579  84542  84543  84542  84540
  836.092   850253   982.35   850063   980.23  84996  84997  84998  85029  84996  85026  84992  84999  84999  85031  85016  85022  85022  85022  85022  85060  85022  85024  85023  85020
  841.092   855197   982.42   855003   980.40  85491  85491  85493  85521  85491  85519  85487  85494  85493  85523  85510  85517  85517  85517  85518  85552  85516  85518  85517  85515
  846.092   860039   981.54   859798   979.73  85980  85981  85983  85961  85981  86008  85976  85983  85983  85962  86000  86007  86006  86006  86007  85992  86006  86008  86005  86002
  851.092   865094   982.28   864793   980.30  86486  86484  86487  86467  86487  86462  86480  86486  86487  86467  86505  86511  86510  86512  86514  86498  86513  86516  86508  86507
  856.092   870025   978.99   869729   980.20  86979  86978  86981  86961  86980  86955  86974  86980  86981  86960  86999  87005  87004  87004  87005  86991  87006  87008  87002  87001
  861.092   875141   981.54   874842   981.34  87490  87490  87492  87472  87492  87464  87486  87492  87493  87471  87510  87517  87516  87515  87517  87502  87516  87520  87514  87514
  866.092   880166   989.03   879867   988.66  87993  87991  87994  87975  87996  87966  87989  87995  87995  87973  88012  88019  88019  88018  88019  88004  88019  88024  88016  88016
  871.092   885061   987.42   884767   987.38  88484  88481  88485  88464  88486  88456  88477  88486  88485  88463  88503  88508  88508  88508  88509  88492  88508  88513  88506  88506
  876.092   889884   991.17   889641   990.97  88972  88972  88976  88959  88932  88951  88969  88976  88976  88958  88994  88999  88999  88998  88958  88986  88999  88959  88996  88996
  881.092   894439   982.99   894242   984.60  89412  89414  89417  89451  89417  89438  89409  89416  89417  89451  89436  89441  89441  89439  89444  89476  89441  89445  89439  89437
  886.092   899578   989.90   899385   991.41  89927  89929  89930  89965  89932  89951  89923  89930  89932  89966  89951  89954  89954  89953  89957  89991  89954  89960  89953  89951
  891.092   904626   987.75   904413   987.32  90432  90433  90436  90462  90435  90452  90428  90436  90436  90463  90455  90462  90461  90457  90464  90488  90459  90464  90459  90457
  896.093   909694   989.23   909483   988.89  90940  90941  90944  90968  90941  90959  90935  90943  90943  90969  90961  90969  90968  90964  90970  90994  90966  90973  90966  90963
  901.093   914726   993.96   914420   993.56  91442  91444  91447  91425  91443  91462  91439  91446  91446  91426  91465  91472  91472  91467  91472  91497  91469  91477  91469  91466
  906.093   919906  1004.19   919601  1003.72  91960  91962  91966  91942  91961  91982  91957  91964  91963  91944  91983  91990  91990  91985  91990  92016  91986  91995  91987  91984
  911.092   924978  1021.48   924670  1017.75  92472  92473  92479  92454  92473  92447  92468  92475  92474  92455  92494  92502  92502  92498  92503  92480  92498  92506  92499  92496
  916.092   930108  1009.43   929801  1008.96  92984  92986  92993  92967  92986  92961  92981  92988  92988  92967  93007  93015  93015  93011  93015  92995  93011  93020  93011  93008
  921.092   935193  1010.27   934886  1010.60  93493  93494  93502  93475  93494  93470  93490  93496  93497  93475  93516  93524  93523  93520  93524  93504  93520  93527  93519  93516
  926.092   940377  1015.67   940074  1015.70  94011  94012  94020  93997  94011  93991  94008  94014  94015  93995  94034  94042  94041  94037  94042  94023  94038  94045  94039  94036
  931.092   945533  1021.18   945223  1022.62  94530  94532  94494  94517  94530  94510  94527  94533  94535  94515  94554  94563  94560  94557  94564  94543  94558  94518  94560  94556
  936.092   950130  1011.04   949912  1010.74  95018  95019  94981  95005  94971  94998  94967  94975  94974  95004  94995  95004  95001  95045  95004  95031  94999  95005  95049  94997
  941.092   955205  1012.79   954979  1012.52  95488  95489  95497  95520  95487  95512  95485  95493  95492  95516  95513  95523  95519  95514  95520  95545  95515  95521  95520  95515
  946.092   960210  1008.29   960001  1007.82  95988  95987  95997  96031  95988  96019  95984  95991  95990  96026  96014  96024  96018  96012  96020  96052  96015  96020  96021  96014
  951.092   965580  1018.09   965305  1017.52  96525  96524  96535  96512  96525  96551  96521  96528  96527  96557  96551  96562  96555  96550  96558  96585  96552  96558  96558  96551
  956.092   970617  1013.15   970285  1012.18  97029  97027  97035  97016  97028  97054  97024  97031  97030  97011  97056  97066  97057  97054  97062  97088  97055  97061  97063  97055
  961.092   975667  1011.21   975333  1010.40  97537  97538  97546  97523  97537  97515  97534  97541  97541  97521  97565  97577  97567  97566  97572  97548  97563  97570  97573  97566
  966.093   980735  1019.36   980386  1019.09  98041  98045  98055  98027  98043  98020  98039  98046  98046  98024  98072  98083  98073  98074  98080  98047  98069  98078  98084  98075
  971.093   985950  1018.86   985606  1018.12  98562  98565  98573  98552  98563  98548  98560  98566  98567  98550  98593  98603  98594  98597  98601  98576  98590  98597  98603  98596
  976.092   991324  1029.09   990979  1027.85  99099  99102  99110  99089  99101  99085  99097  99104  99105  99087  99130  99141  99131  99136  99140  99113  99127  99135  99139  99132
  981.092   996633  1027.11   996282  1027.82  99631  99632  99641  99618  99631  99614  99628  99634  99636  99617  99661  99672  99662  99666  99672  99643  99658  99665  99671  99663
  986.092  1001819  1030.60  1001459  1029.60 100155 100157 100106 100140 100156 100134 100153 100158 100161 100139 100185 100198 100186 100191 100137 100164 100184 100190 100196 100188
  991.092  1006805  1040.00  1006555  1037.89 100677 100631 100639 100666 100677 100660 100627 100680 100634 100664 100705 100671 100706 100664 100670 100692 100706 100662 100668 100661
  996.092  1012024  1046.71  1011731  1046.95 101160 101164 101171 101198 101160 101194 101158 101163 101167 101196 101189 101202 101237 101196 101201 101224 101189 101195 101199 101192
 1001.092  1016874  1036.14  1016628  1036.21 101650 101654 101661 101687 101650 101682 101649 101654 101657 101684 101678 101693 101677 101686 101692 101712 101679 101685 101690 101682
 1006.092  1021808  1021.24  1021516  1021.31 102144 102146 102153 102132 102145 102177 102142 102147 102150 102180 102171 102187 102169 102179 102185 102206 102173 102179 102183 102176
 1011.092  1026783  1010.13  1026403  1010.77 102643 102645 102650 102631 102644 102625 102641 102646 102649 102629 102670 102684 102667 102677 102681 102701 102672 102676 102681 102674
 1016.092  1031642   999.16  1031300  1001.41 103133 103134 103142 103120 103134 103116 103130 103135 103137 103119 103161 103177 103157 103166 103173 103145 103161 103166 103171 103165
 1021.092  1036918  1006.44  1036574  1005.37 103661 103662 103669 103646 103662 103642 103658 103663 103665 103646 103688 103706 103684 103694 103701 103667 103689 103695 103701 103693
 1026.092  1041993   994.36  1041633   993.76 104166 104166 104175 104153 104168 104150 104164 104168 104169 104154 104195 104211 104192 104203 104207 104181 104195 104201 104207 104201
 1031.092  1046919   995.54  1046562   993.36 104660 104659 104666 104647 104661 104642 104658 104660 104662 104647 104688 104701 104686 104696 104699 104673 104688 104694 104700 104694
 1036.092  1051829   992.01  1051468   993.15 105151 105151 105158 105137 105153 105129 105149 105151 105154 105135 105180 105192 105175 105187 105190 105160 105181 105186 105192 105186
 1041.092  1057002   999.40  1056756   999.93 105680 105681 105688 105663 105683 105655 105680 105681 105684 105661 105710 105661 105704 105718 105658 105686 105711 105716 105722 105716
 1046.092  1061805  1008.83  1061500  1006.74 106133 106135 106141 106170 106135 106163 106132 106185 106138 106168 106213 106175 106210 106169 106173 106194 106162 106168 106173 106168
 1051.092  1066837  1000.60  1066519   999.90 106641 106642 106649 106677 106642 106668 106639 106643 106646 106672 106672 106684 106720 106676 106681 106702 106669 106676 106681 106676
 1056.092  1072161  1010.71  1071889  1010.30 107178 107179 107186 107212 107179 107206 107176 107180 107182 107211 107209 107222 107205 107213 107218 107242 107206 107214 107218 107214
 1061.092  1077097  1011.14  1076819  1010.70 107672 107672 107677 107704 107672 107699 107670 107674 107676 107703 107702 107716 107699 107706 107712 107736 107700 107708 107710 107708
 1066.092  1082142  1015.67  1081759  1014.93 108177 108176 108181 108160 108177 108198 108174 108178 108179 108159 108208 108221 108204 108212 108217 108236 108204 108213 108214 108213
 1071.092  1087204  1011.78  1086809  1008.49 108686 108686 108691 108670 108685 108662 108683 108689 108689 108668 108720 108735 108714 108722 108729 108700 108713 108724 108723 108724
 1076.092  1092228  1014.16  1091834  1017.95 109190 109188 109193 109174 109188 109163 109186 109191 109191 109170 109224 109236 109219 109225 109229 109203 109215 109226 109225 109226
 1081.092  1097377  1014.60  1096981  1010.24 109705 109703 109707 109689 109702 109678 109699 109705 109707 109686 109737 109751 109732 109739 109745 109722 109730 109740 109741 109740
 1086.092  1102439  1002.89  1102048  1000.57 110211 110208 110215 110196 110208 110186 110205 110211 110214 110194 110242 110258 110239 110245 110252 110230 110236 110245 110246 110246
 1091.092  1107371   999.97  1107027   999.70 110711 110708 110715 110689 110709 110678 110706 110709 110715 110687 110742 110698 110740 110746 110752 110720 110735 110745 110746 110747
 1096.092  1112685  1011.98  1112336  1013.12 111239 111236 111245 111223 111238 111215 111235 111240 111246 111219 111272 111239 111271 111274 111281 111255 111265 111274 111277 111277
 1101.092  1117390  1005.20  1117079  1004.90 111722 111720 111681 111707 111721 111699 111718 111723 111683 111705 111757 111725 111756 111758 111719 111740 111750 111711 111761 111713
 1106.092  1122344  1007.42  1122028  1008.46 112188 112187 112195 112220 112189 112212 112184 112237 112197 112219 112225 112242 112271 112225 112232 112252 112217 112226 112229 112225
 1111.092  1127340  1003.76  1127026  1003.02 112691 112692 112699 112726 112692 112718 112687 112692 112703 112726 112729 112748 112726 112728 112737 112758 112721 112731 112732 112730
 1116.092  1132314  1000.77  1132006   999.97 113188 113190 113195 113226 113190 113216 113186 113190 113199 113226 113226 113243 113222 113225 113234 113258 113220 113228 113231 113227
 1121.092  1137611  1011.51  1137189  1010.54 113715 113719 113725 113703 113719 113742 113715 113719 113728 113704 113756 113773 113753 113754 113763 113787 113749 113758 113762 113756
 1126.092  1143048  1017.21  1142678  1016.51 114265 114268 114272 114253 114269 114291 114263 114268 114275 114254 114304 114323 114303 114303 114311 114286 114298 114305 114310 114305
 1131.092  1148483  1041.48  1148117  1039.73 114809 114811 114815 114796 114813 114834 114808 114814 114818 114799 114849 114868 114848 114848 114854 114825 114842 114849 114852 114848
 1136.092  1153474  1034.26  1153041  1033.89 115307 115308 115313 115293 115312 115279 115306 115311 115317 115295 115349 115368 115346 115345 115354 115326 115340 115347 115352 115347
 1141.092  1158848  1042.48  1158417  1041.91 115844 115846 115850 115833 115850 115816 115844 115848 115851 115835 115886 115901 115884 115883 115892 115865 115877 115886 115890 115884
 1146.092  1163879  1047.32  1163496  1046.38 116352 116353 116359 116341 116356 116326 116352 116356 116359 116342 116394 116362 116391 116391 116399 116373 116386 116393 116398 116392
 1151.092  1168968  1041.21  1168628  1042.32 116864 116867 116873 116854 116870 116838 116865 116870 116873 116854 116907 116875 116905 116905 116867 116885 116899 116906 116912 116907
 1156.092  1173624  1022.21  1173352  1019.80 117359 117362 117313 117347 117310 117331 117305 117365 117313 117347 117345 117364 117400 117401 117354 117377 117340 117347 117350 117346
 1161.092  1178845  1018.86  1178498  1016.14 117836 117840 117846 117873 117844 117859 117837 117843 117848 117872 117880 117897 117876 117878 117890 117902 117875 117881 117886 117880
 1166.092  1184049  1024.46  1183697  1025.57 118356 118360 118365 118393 118363 118379 118357 118363 118368 118393 118400 118418 118396 118400 118410 118424 118395 118399 118406 118401
 1171.093  1189362  1022.38  1188997  1021.44 118886 118889 118895 118922 118895 118908 118888 118893 118898 118923 118934 118948 118927 118932 118940 118956 118923 118931 118938 118933
 1176.092  1194356  1019.46  1193888  1018.26 119383 119387 119395 119374 119393 119406 119386 119392 119397 119375 119433 119449 119426 119432 119439 119456 119424 119429 119435 119433
 1181.092  1199372  1018.59  1198937  1015.44 119888 119891 119901 119878 119898 119912 119891 119897 119902 119879 119942 119954 119935 119938 119945 119915 119929 119937 119939 119938
 1186.093  1204857  1044.83  1204404  1037.11 120436 120437 120449 120424 120445 120457 120437 120443 120448 120428 120490 120501 120489 120486 120493 120463 120479 120485 120486 120485
 1191.092  1210243  1045.20  1209785  1043.19 120974 120975 120988 120963 120984 120996 120974 120980 120985 120966 121028 121040 121026 121024 121029 121005 121018 121022 121025 121026
 1196.092  1215360  1034.97  1214835  1034.46 121482 121484 121500 121472 121496 121455 121484 121491 121497 121474 121539 121555 121538 121536 121542 121516 121529 121533 121534 121538
